-0 0.0010204081632653062 2.953172659135195
-1 0.007142857142857143 2.4423470353692043
-10 0.003061224489795918 2.665490586683414
-11 0.004081632653061225 2.953172659135195
-12 0.003061224489795918 2.953172659135195
-13 0.0020408163265306124 2.953172659135195
-14 0.0020408163265306124 2.953172659135195
-15 0.0010204081632653062 2.953172659135195
-16 0.0010204081632653062 2.953172659135195
-17 0.0010204081632653062 2.953172659135195
-2 0.009183673469387756 2.665490586683414
-20 0.0010204081632653062 2.953172659135195
-21 0.0010204081632653062 2.953172659135195
-22 0.0010204081632653062 2.7990219793079367
-238 0.0010204081632653062 2.953172659135195
-28 0.0010204081632653062 2.953172659135195
-3 0.006122448979591836 2.7990219793079367
-4 0.0020408163265306124 2.7990219793079367
-5 0.003061224489795918 2.953172659135195
-6 0.004081632653061225 2.953172659135195
-7 0.0020408163265306124 2.953172659135195
-8 0.0020408163265306124 2.953172659135195
-8-i 0.0010204081632653062 2.953172659135195
-9 0.0020408163265306124 2.953172659135195
0-89791-472-4 0.0010204081632653062 4.74493212836325
08:31 0.0010204081632653062 4.74493212836325
1 0.003061224489795918 0.05358424613410626
10 0.0010204081632653062 0.540239508972284
1000 0.0010204081632653062 1.9723434061234688
10000–19999 0.0010204081632653062 2.953172659135195
10006 0.0010204081632653062 2.953172659135195
10007 0.0010204081632653062 2.953172659135195
10021 0.0010204081632653062 3.3586377672433594
1004 0.0010204081632653062 2.953172659135195
1007 0.0010204081632653062 2.953172659135195
10116 0.0020408163265306124 2.953172659135195
10118-3 0.0010204081632653062 2.953172659135195
10160 0.0010204081632653062 2.953172659135195
10161 0.0010204081632653062 2.953172659135195
10165 0.0020408163265306124 2.953172659135195
10179 0.0020408163265306124 2.953172659135195
10206 0.0010204081632653062 2.953172659135195
10218 0.0010204081632653062 2.953172659135195
10303 0.0010204081632653062 2.953172659135195
10383 0.0010204081632653062 2.953172659135195
10487 0.0010204081632653062 2.953172659135195
10585 0.0010204081632653062 2.953172659135195
10589 0.0010204081632653062 2.953172659135195
10628 0.0010204081632653062 2.953172659135195
10646 0.0020408163265306124 2.953172659135195
10664 0.0010204081632653062 2.953172659135195
1073-1 0.0010204081632653062 2.953172659135195
1073-2 0.0010204081632653062 2.953172659135195
10746 0.0010204081632653062 2.953172659135195
10861 0.0010204081632653062 2.953172659135195
10957 0.0010204081632653062 2.953172659135195
10962 0.0010204081632653062 2.953172659135195
10967 0.0020408163265306124 2.953172659135195
11073 0.0010204081632653062 2.953172659135195
11170 0.0010204081632653062 2.953172659135195
11172 0.0010204081632653062 3.3586377672433594
11179 0.0020408163265306124 2.953172659135195
11404 0.0020408163265306124 2.953172659135195
11544 0.0020408163265306124 2.953172659135195
1155 0.0010204081632653062 2.953172659135195
11783 0.0010204081632653062 2.953172659135195
11784 0.0010204081632653062 2.953172659135195
11785 0.0010204081632653062 2.953172659135195
11801 0.0020408163265306124 2.953172659135195
11889 0.0010204081632653062 2.953172659135195
11898 0.0010204081632653062 2.953172659135195
11940 0.0010204081632653062 2.953172659135195
11941 0.0020408163265306124 2.953172659135195
11992 0.0010204081632653062 2.953172659135195
12 0.0010204081632653062 0.6844891178168307
12006 0.0010204081632653062 2.953172659135195
12182 0.0010204081632653062 2.953172659135195
12207 0.0020408163265306124 2.953172659135195
12234-2 0.0010204081632653062 2.953172659135195
12620 0.0010204081632653062 2.953172659135195
128 0.0010204081632653062 2.4423470353692043
131214.131232 0.0010204081632653062 4.74493212836325
13211 0.0010204081632653062 2.953172659135195
13216 0.0010204081632653062 2.953172659135195
13250 0.0020408163265306124 2.953172659135195
13346 0.0010204081632653062 3.3586377672433594
13399 0.0010204081632653062 2.953172659135195
13406-2 0.0010204081632653062 2.953172659135195
13450 0.0010204081632653062 2.953172659135195
13485 0.0010204081632653062 2.953172659135195
13490 0.0010204081632653062 2.953172659135195
13522-5 0.0010204081632653062 3.3586377672433594
13567 0.0010204081632653062 2.953172659135195
13568 0.0020408163265306124 2.953172659135195
13584 0.0010204081632653062 2.953172659135195
13616 0.0010204081632653062 2.953172659135195
13816 0.0020408163265306124 2.953172659135195
13818 0.0010204081632653062 3.3586377672433594
139–147 0.0010204081632653062 4.74493212836325
14000 0.0010204081632653062 2.953172659135195
14031 0.0010204081632653062 2.953172659135195
1413 0.0010204081632653062 2.953172659135195
14224 0.0010204081632653062 2.953172659135195
14289 0.0010204081632653062 2.953172659135195
14396 0.0010204081632653062 2.953172659135195
14443 0.0020408163265306124 2.953172659135195
14496 0.0020408163265306124 2.953172659135195
14617 0.0010204081632653062 2.953172659135195
14644 0.0010204081632653062 2.953172659135195
14649 0.0010204081632653062 2.953172659135195
14651 0.0020408163265306124 2.953172659135195
14698 0.0010204081632653062 2.953172659135195
14764 0.0010204081632653062 2.953172659135195
14882 0.0020408163265306124 2.953172659135195
14971 0.0010204081632653062 2.953172659135195
15022 0.0010204081632653062 2.953172659135195
15189 0.0010204081632653062 2.953172659135195
15288 0.0020408163265306124 2.953172659135195
15291 0.0020408163265306124 2.7990219793079367
15292 0.0010204081632653062 2.953172659135195
1538 0.0010204081632653062 2.953172659135195
15398 0.0010204081632653062 2.953172659135195
15408 0.0020408163265306124 2.953172659135195
15438 0.0010204081632653062 2.953172659135195
15444 0.0020408163265306124 2.953172659135195
15445 0.0020408163265306124 2.953172659135195
15504 0.0020408163265306124 2.953172659135195
15511 0.0020408163265306124 2.953172659135195
15686 0.0010204081632653062 2.953172659135195
15693 0.0020408163265306124 2.953172659135195
15706 0.0010204081632653062 2.953172659135195
15707 0.0010204081632653062 2.953172659135195
15897 0.0020408163265306124 2.953172659135195
15919 0.0010204081632653062 2.953172659135195
15924 0.0010204081632653062 2.953172659135195
15926 0.0020408163265306124 2.953172659135195
15930 0.0010204081632653062 2.953172659135195
15938 0.0010204081632653062 3.3586377672433594
16 0.0010204081632653062 0.8947845266531914
16023 0.0010204081632653062 2.953172659135195
16262 0.0020408163265306124 2.953172659135195
1629 0.0010204081632653062 2.953172659135195
16355-1 0.0010204081632653062 2.953172659135195
16485 0.0020408163265306124 2.953172659135195
16612-2 0.0010204081632653062 2.953172659135195
16750 0.0010204081632653062 2.953172659135195
16949 0.0010204081632653062 2.953172659135195
17 0.0010204081632653062 0.9837320126696876
17024 0.0020408163265306124 2.953172659135195
17025 0.0020408163265306124 2.953172659135195
17100 0.0010204081632653062 2.953172659135195
17203 0.0010204081632653062 2.953172659135195
17369 0.0010204081632653062 2.953172659135195
17442 0.0010204081632653062 2.953172659135195
1745 0.0010204081632653062 2.953172659135195
17506 0.0010204081632653062 2.953172659135195
17799 0.0010204081632653062 2.953172659135195
18004 0.0020408163265306124 2.953172659135195
18014 0.0020408163265306124 2.953172659135195
18245 0.0010204081632653062 2.953172659135195
18629 0.0010204081632653062 2.953172659135195
18916 0.0010204081632653062 2.953172659135195
19005 0.0010204081632653062 2.953172659135195
19011 0.0010204081632653062 2.953172659135195
19092 0.0010204081632653062 2.953172659135195
19114 0.0010204081632653062 2.953172659135195
19115 0.0010204081632653062 2.953172659135195
19125 0.0010204081632653062 2.953172659135195
19136 0.0010204081632653062 2.953172659135195
19407 0.0010204081632653062 2.953172659135195
19439 0.0010204081632653062 2.953172659135195
19500 0.0010204081632653062 2.953172659135195
19501 0.0010204081632653062 2.953172659135195
19502 0.0010204081632653062 2.953172659135195
19503 0.0010204081632653062 2.953172659135195
19505 0.0010204081632653062 2.953172659135195
19506 0.0010204081632653062 2.953172659135195
19507 0.0010204081632653062 2.953172659135195
19508 0.0010204081632653062 2.953172659135195
19509 0.0010204081632653062 2.953172659135195
19510 0.0010204081632653062 2.953172659135195
19600 0.0010204081632653062 2.953172659135195
19752 0.0020408163265306124 2.953172659135195
19757 0.0020408163265306124 2.953172659135195
19770 0.0020408163265306124 2.953172659135195
19775-1 0.0010204081632653062 2.953172659135195
19788 0.0010204081632653062 3.3586377672433594
19794-5 0.0010204081632653062 2.953172659135195
1980 0.0010204081632653062 2.1058747987479913
1980programming 0.0010204081632653062 4.051784947803305
19831 0.0010204081632653062 2.953172659135195
1989 0.0010204081632653062 1.749199854809259
1992 0.0020408163265306124 1.6538896750049343
1999 0.0010204081632653062 1.4127276181880462
1see 0.0010204081632653062 3.6463198396951406
2 0.0010204081632653062 0.08149303425118301
2.95 0.0010204081632653062 4.74493212836325
20 0.0010204081632653062 0.8131064956389242
20000 0.0020408163265306124 2.7990219793079367
20000–29999 0.0010204081632653062 2.953172659135195
20022 0.0010204081632653062 2.953172659135195
2003 0.0020408163265306124 1.3109449238781037
2008-12-30 0.0010204081632653062 4.74493212836325
20121 0.0010204081632653062 2.953172659135195
2014 0.0010204081632653062 1.2185716037470886
2015 0.0010204081632653062 1.1340142157190256
2022 0.0020408163265306124 0.48225225132193467
2023 0.0010204081632653062 0.7195804376281008
2033 0.0010204081632653062 2.953172659135195
20400 0.0010204081632653062 2.953172659135195
2047 0.0010204081632653062 2.953172659135195
20802 0.0020408163265306124 2.953172659135195
21000 0.0020408163265306124 2.953172659135195
21047 0.0010204081632653062 2.953172659135195
2108 0.0010204081632653062 2.953172659135195
21122 0.0010204081632653062 2.953172659135195
2145 0.0010204081632653062 2.953172659135195
2146 0.0010204081632653062 2.953172659135195
21500 0.0010204081632653062 2.953172659135195
216 0.0010204081632653062 2.7990219793079367
217 0.0010204081632653062 2.953172659135195
21827 0.0020408163265306124 2.953172659135195
22000 0.0010204081632653062 2.953172659135195
22300 0.0010204081632653062 2.953172659135195
22395 0.0010204081632653062 2.953172659135195
2240 0.0010204081632653062 2.953172659135195
226 0.0010204081632653062 2.953172659135195
228 0.0010204081632653062 2.7990219793079367
2281 0.0010204081632653062 2.953172659135195
23000 0.0010204081632653062 3.3586377672433594
23003 0.0010204081632653062 3.3586377672433594
23008 0.0010204081632653062 3.3586377672433594
23090-3 0.0010204081632653062 2.953172659135195
23270 0.0020408163265306124 2.953172659135195
23271 0.0010204081632653062 2.953172659135195
233 0.0010204081632653062 2.953172659135195
23360 0.0020408163265306124 2.953172659135195
24517 0.0010204081632653062 2.953172659135195
24613 0.0010204081632653062 2.953172659135195
24617 0.0010204081632653062 2.953172659135195
24707 0.0020408163265306124 2.953172659135195
24727 0.0010204081632653062 3.3586377672433594
24744 0.0010204081632653062 3.3586377672433594
24752 0.0010204081632653062 3.3586377672433594
25178 0.0010204081632653062 2.953172659135195
2533 0.0010204081632653062 2.953172659135195
259 0.0010204081632653062 2.7990219793079367
25964 0.0010204081632653062 2.953172659135195
26000 0.0010204081632653062 2.953172659135195
261 0.0010204081632653062 2.953172659135195
262 0.0010204081632653062 2.953172659135195
26262 0.0010204081632653062 2.953172659135195
26300 0.0020408163265306124 2.953172659135195
26324 0.0010204081632653062 2.953172659135195
27000 0.003061224489795918 2.953172659135195
27000-series 0.0010204081632653062 3.3586377672433594
27001 0.0010204081632653062 2.953172659135195
27002 0.0020408163265306124 2.953172659135195
27005 0.0010204081632653062 2.953172659135195
27006 0.0010204081632653062 2.953172659135195
27040 0.0010204081632653062 3.3586377672433594
2709 0.0010204081632653062 2.953172659135195
2711 0.0010204081632653062 2.953172659135195
2720 0.0010204081632653062 2.953172659135195
27729 0.0010204081632653062 2.953172659135195
2788 0.0010204081632653062 2.953172659135195
28000 0.0010204081632653062 2.953172659135195
2848 0.0010204081632653062 2.953172659135195
2852 0.0010204081632653062 2.953172659135195
29110 0.0020408163265306124 2.953172659135195
29119 0.0010204081632653062 3.3586377672433594
29148 0.0010204081632653062 2.953172659135195
29199-2 0.0010204081632653062 2.953172659135195
29500 0.0010204081632653062 2.953172659135195
2references 0.0010204081632653062 2.5477075510270306
3 0.0010204081632653062 0.1599646496926782
3.0 0.0010204081632653062 0.0
30 0.0010204081632653062 1.16141318990714
30000+ 0.0010204081632653062 2.953172659135195
30170 0.0010204081632653062 2.953172659135195
302 0.0010204081632653062 2.953172659135195
3029 0.0010204081632653062 2.953172659135195
306 0.0010204081632653062 2.953172659135195
31 0.0010204081632653062 1.3437347467010947
31000 0.0010204081632653062 2.953172659135195
3103 0.0010204081632653062 2.953172659135195
3166 0.0010204081632653062 2.953172659135195
32000 0.0010204081632653062 2.953172659135195
3297 0.0010204081632653062 2.953172659135195
33001 0.0010204081632653062 3.3586377672433594
3307 0.0010204081632653062 2.953172659135195
3601 0.0010204081632653062 2.953172659135195
3602 0.0010204081632653062 2.953172659135195
361 0.0010204081632653062 2.953172659135195
37001 0.0010204081632653062 2.953172659135195
38500 0.0020408163265306124 2.953172659135195
3864 0.0010204081632653062 2.953172659135195
3901 0.0010204081632653062 2.7990219793079367
3950 0.0010204081632653062 2.953172659135195
3977 0.0010204081632653062 2.953172659135195
3external 0.0010204081632653062 2.5477075510270306
4 0.0010204081632653062 0.3022808718729337
4031 0.0010204081632653062 2.953172659135195
40500 0.0010204081632653062 2.953172659135195
4157 0.0010204081632653062 2.953172659135195
4165 0.0010204081632653062 2.953172659135195
42010 0.0020408163265306124 2.953172659135195
4217 0.0010204081632653062 2.953172659135195
45001 0.0010204081632653062 2.953172659135195
4909 0.0020408163265306124 2.953172659135195
500 0.0010204081632653062 2.4423470353692043
50001 0.0010204081632653062 2.953172659135195
518 0.0010204081632653062 2.953172659135195
519 0.0010204081632653062 2.953172659135195
5218 0.0020408163265306124 2.953172659135195
5426 0.0010204081632653062 2.953172659135195
5427 0.0010204081632653062 2.953172659135195
5428 0.0010204081632653062 2.953172659135195
55000 0.0010204081632653062 2.953172659135195
56000 0.0010204081632653062 2.953172659135195
5725 0.0010204081632653062 2.953172659135195
5775 0.0010204081632653062 2.953172659135195
5776 0.0010204081632653062 2.953172659135195
5800 0.0010204081632653062 2.953172659135195
5807 0.0010204081632653062 2.953172659135195
5964 0.0010204081632653062 2.953172659135195
6 0.0010204081632653062 0.40112670650956617
60027 0.0010204081632653062 3.3586377672433594
60034 0.0010204081632653062 3.3586377672433594
60038 0.0010204081632653062 3.3586377672433594
60062 0.0010204081632653062 3.3586377672433594
60063 0.0010204081632653062 3.3586377672433594
60068 0.0010204081632653062 3.3586377672433594
60112 0.0010204081632653062 3.3586377672433594
60228 0.0010204081632653062 3.3586377672433594
60269 0.0010204081632653062 3.3586377672433594
60297 0.0010204081632653062 3.3586377672433594
60309 0.0010204081632653062 3.3586377672433594
60320 0.0010204081632653062 3.3586377672433594
60364 0.0010204081632653062 3.3586377672433594
60446 0.0010204081632653062 3.3586377672433594
60559 0.0010204081632653062 3.3586377672433594
60601 0.0010204081632653062 3.3586377672433594
60870 0.0010204081632653062 3.3586377672433594
60870-5 0.0010204081632653062 3.3586377672433594
60870-6 0.0010204081632653062 3.3586377672433594
60906-1 0.0010204081632653062 3.3586377672433594
60908 0.0010204081632653062 3.3586377672433594
60929 0.0010204081632653062 3.3586377672433594
60958 0.0010204081632653062 3.3586377672433594
61030 0.0010204081632653062 3.3586377672433594
61131 0.0010204081632653062 3.3586377672433594
61131-3 0.0010204081632653062 3.3586377672433594
61131-9 0.0010204081632653062 3.3586377672433594
61158 0.0010204081632653062 3.3586377672433594
61162 0.0010204081632653062 3.3586377672433594
61334 0.0010204081632653062 3.3586377672433594
61355 0.0010204081632653062 3.3586377672433594
61360 0.0010204081632653062 3.3586377672433594
61400 0.0010204081632653062 3.3586377672433594
61499 0.0010204081632653062 3.3586377672433594
61508 0.0010204081632653062 3.3586377672433594
61511 0.0010204081632653062 3.3586377672433594
6166 0.0010204081632653062 2.953172659135195
61784 0.0010204081632653062 3.3586377672433594
61850 0.0010204081632653062 3.3586377672433594
61851 0.0010204081632653062 3.3586377672433594
61883 0.0010204081632653062 3.3586377672433594
61960 0.0010204081632653062 3.3586377672433594
61968 0.0010204081632653062 3.3586377672433594
61970 0.0010204081632653062 3.3586377672433594
62014-4 0.0010204081632653062 3.3586377672433594
62026 0.0010204081632653062 3.3586377672433594
62056 0.0010204081632653062 3.3586377672433594
62061 0.0010204081632653062 3.3586377672433594
62196 0.0010204081632653062 3.3586377672433594
62262 0.0010204081632653062 3.3586377672433594
62264 0.0010204081632653062 3.3586377672433594
62304 0.0010204081632653062 3.3586377672433594
62325 0.0010204081632653062 3.3586377672433594
62351 0.0010204081632653062 3.3586377672433594
62365 0.0010204081632653062 3.3586377672433594
62366 0.0010204081632653062 3.3586377672433594
62379 0.0010204081632653062 3.3586377672433594
62386 0.0010204081632653062 3.3586377672433594
62455 0.0010204081632653062 3.3586377672433594
62680 0.0010204081632653062 3.3586377672433594
62682 0.0010204081632653062 3.3586377672433594
62700 0.0010204081632653062 3.3586377672433594
63110 0.0010204081632653062 3.3586377672433594
63119 0.0010204081632653062 3.3586377672433594
63382 0.0010204081632653062 3.3586377672433594
6344 0.0010204081632653062 2.953172659135195
6346 0.0010204081632653062 2.953172659135195
6385 0.0010204081632653062 2.953172659135195
639 0.0010204081632653062 2.7990219793079367
6425 0.0010204081632653062 2.953172659135195
6429 0.0020408163265306124 2.953172659135195
6438 0.0010204081632653062 2.953172659135195
646 0.0020408163265306124 2.953172659135195
6523 0.0020408163265306124 2.953172659135195
657 0.0010204081632653062 2.953172659135195
668 0.0010204081632653062 2.953172659135195
6709 0.0010204081632653062 2.953172659135195
68-1 0.0010204081632653062 2.953172659135195
690 0.0010204081632653062 2.953172659135195
6943 0.0010204081632653062 2.953172659135195
7 0.0010204081632653062 0.42744401482693967
7001 0.0010204081632653062 2.953172659135195
7002 0.0010204081632653062 2.953172659135195
7010 0.0010204081632653062 2.953172659135195
7027 0.0010204081632653062 2.953172659135195
704 0.0010204081632653062 2.953172659135195
7064 0.0010204081632653062 2.953172659135195
7098 0.0010204081632653062 2.953172659135195
7185 0.0010204081632653062 2.953172659135195
7200 0.0010204081632653062 2.953172659135195
732 0.0010204081632653062 2.953172659135195
7498 0.0010204081632653062 2.953172659135195
7637 0.0010204081632653062 2.953172659135195
764 0.0010204081632653062 2.953172659135195
7736 0.0010204081632653062 2.953172659135195
7810 0.0020408163265306124 2.953172659135195
7811 0.0020408163265306124 2.953172659135195
7812 0.0020408163265306124 2.953172659135195
7813 0.0020408163265306124 2.953172659135195
7816 0.0020408163265306124 2.953172659135195
7942 0.0020408163265306124 2.953172659135195
8000 0.0010204081632653062 2.7990219793079367
80000 0.0020408163265306124 2.953172659135195
8093 0.0010204081632653062 2.953172659135195
81346 0.0010204081632653062 3.3586377672433594
8178 0.0010204081632653062 2.953172659135195
8217 0.0010204081632653062 2.953172659135195
8373 0.0010204081632653062 2.953172659135195
838 0.0010204081632653062 2.953172659135195
843 0.0010204081632653062 2.953172659135195
8501-1 0.0010204081632653062 2.953172659135195
8571 0.0010204081632653062 2.953172659135195
8583 0.0010204081632653062 2.953172659135195
860 0.0010204081632653062 2.953172659135195
8601 0.0010204081632653062 2.953172659135195
8613 0.0020408163265306124 2.953172659135195
8632 0.0020408163265306124 2.953172659135195
8651 0.0010204081632653062 2.953172659135195
8652 0.0020408163265306124 2.7990219793079367
8691 0.0010204081632653062 2.953172659135195
8805 0.0010204081632653062 2.953172659135195
8806 0.0010204081632653062 2.953172659135195
8807 0.0010204081632653062 2.953172659135195
8820-5 0.0010204081632653062 2.953172659135195
8859 0.0020408163265306124 2.953172659135195
8879 0.0010204081632653062 2.953172659135195
898 0.0010204081632653062 2.953172659135195
9 0.0010204081632653062 0.5552773863368246
9000 0.0010204081632653062 2.7990219793079367
9001 0.0010204081632653062 2.953172659135195
9036 0.0010204081632653062 2.953172659135195
9075 0.0010204081632653062 2.953172659135195
9126 0.0020408163265306124 2.953172659135195
9141 0.0010204081632653062 2.953172659135195
9227 0.0010204081632653062 2.953172659135195
9241 0.0010204081632653062 2.953172659135195
9293 0.0020408163265306124 2.953172659135195
9314 0.0010204081632653062 2.953172659135195
9362 0.0010204081632653062 2.953172659135195
9407 0.0010204081632653062 2.953172659135195
9496 0.0020408163265306124 2.953172659135195
9496:2003 0.0010204081632653062 4.74493212836325
9506 0.0010204081632653062 2.953172659135195
9529 0.0020408163265306124 2.953172659135195
9564 0.0010204081632653062 2.953172659135195
9592 0.0020408163265306124 2.953172659135195
9593 0.0020408163265306124 2.953172659135195
9594 0.0010204081632653062 2.953172659135195
965 0.0010204081632653062 2.953172659135195
9660 0.0010204081632653062 2.953172659135195
9797-1 0.0010204081632653062 2.953172659135195
9897 0.0010204081632653062 2.953172659135195
9899 0.0020408163265306124 2.7990219793079367
9945 0.0020408163265306124 2.953172659135195
9984 0.0010204081632653062 2.953172659135195
9985 0.0010204081632653062 2.953172659135195
999 0.0010204081632653062 2.7990219793079367
9995 0.0020408163265306124 2.953172659135195
a 0.0010204081632653062 0.1599646496926782
about 0.0010204081632653062 0.0
account 0.0010204081632653062 0.0
accountlog 0.0010204081632653062 0.0
acm 0.0010204081632653062 1.2185716037470886
acronym 0.0010204081632653062 2.4423470353692043
across 0.0010204081632653062 0.0
ada 0.0020408163265306124 1.4127276181880462
additional 0.0010204081632653062 0.0
ago 0.0010204081632653062 0.5108256237659907
agree 0.0010204081632653062 0.0
alcatel 0.0010204081632653062 4.74493212836325
also 0.003061224489795918 0.19105523676270922
an 0.0010204081632653062 0.8131064956389242
annual 0.0010204081632653062 2.953172659135195
appeared1980stable 0.0010204081632653062 4.74493212836325
apply 0.0010204081632653062 0.0
articleabout 0.0010204081632653062 0.0
articles 0.0010204081632653062 0.1599646496926782
articletalk 0.0010204081632653062 0.0
association 0.0010204081632653062 1.377636298376776
attribution-sharealike 0.0010204081632653062 0.0
authority 0.0010204081632653062 1.16141318990714
available 0.0010204081632653062 0.0
bokmålpolskiportuguêsрусскийукраїнська 0.0010204081632653062 4.74493212836325
box 0.0010204081632653062 2.26002547857525
bundled 0.0010204081632653062 3.6463198396951406
by 0.0010204081632653062 0.0
byccittfirst 0.0010204081632653062 4.74493212836325
bycobol 0.0010204081632653062 4.74493212836325
called 0.0010204081632653062 0.7375989431307791
categories 0.0020408163265306124 0.02643325706815543
category 0.0010204081632653062 0.7018808605286999
ccitt 0.0020408163265306124 4.74493212836325
changesupload 0.0020408163265306124 0.0
chill 0.015306122448979591 4.74493212836325
chillinfluenced 0.0010204081632653062 4.74493212836325
chillparadigmproceduraldesigned 0.0010204081632653062 4.74493212836325
chill—an 0.0010204081632653062 4.74493212836325
city 0.0010204081632653062 2.953172659135195
commission 0.0010204081632653062 2.7990219793079367
commons 0.0010204081632653062 0.0
communications 0.0010204081632653062 1.7004096906398272
companies 0.0010204081632653062 1.9723434061234688
compiler 0.0020408163265306124 0.6340582641899388
complexity 0.0010204081632653062 2.665490586683414
computing 0.0020408163265306124 0.7559480817989758
conference 0.0010204081632653062 1.16141318990714
confused 0.0010204081632653062 1.911718784307034
contact 0.0010204081632653062 0.0
content 0.0010204081632653062 0.0
contents 0.003061224489795918 0.0
contribute 0.0010204081632653062 0.0
contributionstalk 0.0010204081632653062 0.0
control 0.0010204081632653062 0.48225225132193467
cookie 0.0010204081632653062 0.0
create 0.0020408163265306124 0.0
created 0.0010204081632653062 0.44086703515908027
creative 0.0010204081632653062 0.0
description 0.0010204081632653062 0.3382128810989969
descriptionshort 0.0010204081632653062 0.454472687214859
designed 0.0020408163265306124 0.8329091229351039
developed 0.0010204081632653062 0.540239508972284
developers 0.0010204081632653062 0.0
dießl 0.0010204081632653062 4.74493212836325
disambiguation 0.0010204081632653062 2.4423470353692043
disciplinestatic 0.0010204081632653062 1.6094379124341003
disclaimers 0.0010204081632653062 0.0
documentation 0.0010204081632653062 1.486835590341768
documents 0.0010204081632653062 1.8545603704670854
doi:10.1145 0.0010204081632653062 1.4127276181880462
download 0.0010204081632653062 0.0
downloadable 0.0010204081632653062 3.6463198396951406
edit 0.004081632653061225 0.0
editcommunity 0.0010204081632653062 0.0
edited 0.0010204081632653062 0.0
editors 0.0010204081632653062 0.0
electrotechnical 0.0010204081632653062 3.1354942159291497
en.wikipedia.org 0.0010204081632653062 0.0
encyclopedia 0.0010204081632653062 0.0
english 0.0010204081632653062 0.0
equivalent 0.0010204081632653062 1.6538896750049343
ericsson 0.0010204081632653062 4.74493212836325
erlang 0.0010204081632653062 1.8545603704670854
eventsrandom 0.0010204081632653062 0.0
ewsd 0.0010204081632653062 4.74493212836325
example 0.0010204081632653062 0.48225225132193467
exchanges 0.0020408163265306124 4.74493212836325
export 0.0010204081632653062 0.0
external 0.0010204081632653062 0.18058393689541388
f. 0.0010204081632653062 2.03688192726104
file 0.0010204081632653062 0.0
filespecial 0.0010204081632653062 0.0
first 0.0010204081632653062 0.5108256237659907
foundation 0.0010204081632653062 0.0
free 0.0020408163265306124 0.0
freely 0.0010204081632653062 2.1058747987479913
from 0.0010204081632653062 0.0
gcc 0.0010204081632653062 2.5477075510270306
georg 0.0010204081632653062 4.74493212836325
gnu 0.0010204081632653062 1.377636298376776
h. 0.0010204081632653062 1.7004096906398272
hardware 0.0010204081632653062 1.4127276181880462
helplearn 0.0010204081632653062 0.0
hererelated 0.0010204081632653062 0.0
hide 0.0010204081632653062 0.0
high 0.0010204081632653062 1.4127276181880462
history 0.0020408163265306124 0.0
homepage 0.0010204081632653062 2.7990219793079367
however 0.0010204081632653062 1.0313600616589422
https 0.0010204081632653062 0.0
identifiers 0.0010204081632653062 1.1340142157190256
identifiersarticles 0.0010204081632653062 1.2185716037470886
iec 0.003061224489795918 2.5477075510270306
implementation 0.0010204081632653062 0.6844891178168307
in 0.0020408163265306124 0.3629054936893685
inc. 0.0010204081632653062 0.0
index.php 0.0010204081632653062 0.0
informationcite 0.0010204081632653062 0.0
inside 0.0010204081632653062 1.5260563034950492
international 0.0010204081632653062 1.0813704822336037
isbn 0.0010204081632653062 0.6673946844575306
iso 0.006122448979591836 2.1799827709017134
israel 0.0010204081632653062 1.3437347467010947
item 0.0010204081632653062 0.0
itu 0.003061224489795918 4.74493212836325
itu-t 0.0010204081632653062 4.74493212836325
j9u 0.0010204081632653062 1.3437347467010947
january 0.0010204081632653062 0.6673946844575306
jump 0.0010204081632653062 0.0
jürgen 0.0010204081632653062 4.051784947803305
kansas 0.0010204081632653062 3.6463198396951406
known 0.0010204081632653062 1.1340142157190256
language 0.011224489795918367 0.0
languages 0.004081632653061225 0.0
languagesitu-t 0.0010204081632653062 4.74493212836325
last 0.0010204081632653062 0.0
late 0.0010204081632653062 1.749199854809259
later 0.0010204081632653062 0.9162907318741551
lccn 0.0010204081632653062 1.3109449238781037
learn 0.0010204081632653062 0.0
legacy 0.0010204081632653062 2.5477075510270306
level 0.0010204081632653062 1.377636298376776
license 0.0010204081632653062 0.0
linkpage 0.0010204081632653062 0.0
links 0.00510204081632653 0.0
log 0.0010204081632653062 0.0
logged 0.0010204081632653062 0.0
machinery 0.0010204081632653062 1.8545603704670854
main 0.0010204081632653062 0.0
maintaining 0.0010204081632653062 2.7990219793079367
matches 0.0010204081632653062 1.2791962255635234
may 0.0010204081632653062 0.0
melayu日本語norsk 0.0010204081632653062 4.74493212836325
missouri 0.0010204081632653062 4.051784947803305
mobile 0.0010204081632653062 0.0
more 0.0010204081632653062 0.0
move 0.0010204081632653062 0.0
national 0.0010204081632653062 0.9162907318741551
navigation 0.0010204081632653062 0.0
non-profit 0.0010204081632653062 0.0
not 0.0010204081632653062 1.4127276181880462
numberlist 0.0010204081632653062 2.953172659135195
object 0.003061224489795918 0.7746402148111283
object-oriented 0.0010204081632653062 1.1073459686368643
oldid=1136436774 0.0010204081632653062 4.74493212836325
organization 0.0010204081632653062 0.0
oriented 0.0010204081632653062 1.8004931491968095
original 0.0010204081632653062 0.38822330167365837
originally 0.0010204081632653062 0.9607424944449889
page 0.003061224489795918 0.0
pagecontentscurrent 0.0010204081632653062 0.0
pages 0.0010204081632653062 0.0
pagespermanent 0.0010204081632653062 0.0
pagewikidata 0.0010204081632653062 0.0
pdfprintable 0.0010204081632653062 0.0
personal 0.0010204081632653062 0.0
pl 0.0010204081632653062 2.4423470353692043
plex 0.0010204081632653062 3.1354942159291497
policy 0.0020408163265306124 0.0
portalrecent 0.0010204081632653062 0.0
pp 0.0010204081632653062 0.9382696385929302
print 0.0010204081632653062 0.0
privacy 0.0020408163265306124 0.0
procedural 0.0020408163265306124 1.2791962255635234
proceedings 0.0010204081632653062 1.2791962255635234
programming 0.00510204081632653 0.0
provides 0.0010204081632653062 0.9162907318741551
published 0.0010204081632653062 1.449095262358921
readeditview 0.0020408163265306124 0.0
rec 0.0010204081632653062 4.051784947803305
recommendationslegacy 0.0010204081632653062 4.74493212836325
references 0.0010204081632653062 0.02643325706815543
registered 0.0010204081632653062 0.0
related 0.0010204081632653062 1.0813704822336037
release3.0 0.0010204081632653062 4.051784947803305
removed 0.0010204081632653062 1.911718784307034
responsible 0.0010204081632653062 2.5477075510270306
retrieved 0.0020408163265306124 0.0
romanizations 0.0010204081632653062 2.953172659135195
search 0.0010204081632653062 0.0
see 0.0010204081632653062 0.44086703515908027
series 0.0010204081632653062 1.486835590341768
short 0.0010204081632653062 0.42744401482693967
sidebar 0.0020408163265306124 0.0
siemens 0.0010204081632653062 3.3586377672433594
signal 0.0010204081632653062 2.1058747987479913
similar 0.0010204081632653062 0.9382696385929302
site 0.0010204081632653062 0.0
size 0.0010204081632653062 1.8545603704670854
spec 0.0010204081632653062 2.953172659135195
specification 0.0010204081632653062 1.4127276181880462
standard 0.006122448979591836 0.7018808605286999
standardhidden 0.0010204081632653062 4.051784947803305
standards 0.004081632653061225 1.6538896750049343
standards1–9999 0.0010204081632653062 2.953172659135195
standardsiec 0.0010204081632653062 3.3586377672433594
statement 0.0010204081632653062 0.0
states 0.0010204081632653062 1.0313600616589422
statistics 0.0010204081632653062 0.0
still 0.0010204081632653062 1.1895840668738364
stopped 0.0010204081632653062 3.1354942159291497
strongostelecommunication 0.0010204081632653062 4.74493212836325
switches 0.0020408163265306124 3.3586377672433594
switchesdialectsobject 0.0010204081632653062 4.74493212836325
system 0.0010204081632653062 0.21233263520999412
systems 0.003061224489795918 0.540239508972284
systemsprogramming 0.0010204081632653062 4.74493212836325
table 0.0020408163265306124 0.0
telecommunication 0.003061224489795918 4.051784947803305
telephone 0.0010204081632653062 3.1354942159291497
terms 0.0020408163265306124 0.0
text 0.0020408163265306124 0.0
the 0.006122448979591836 0.035401927050916
this 0.0010204081632653062 0.0
title 0.0010204081632653062 0.0
title=chill 0.0010204081632653062 4.74493212836325
toggle 0.003061224489795918 0.0
tools 0.0020408163265306124 0.0
top 0.0020408163265306124 0.0
tr 0.0010204081632653062 2.665490586683414
trademark 0.0010204081632653062 0.0
ts 0.0010204081632653062 2.953172659135195
two 0.0010204081632653062 0.6844891178168307
typing 0.0010204081632653062 0.7936884097818228
united 0.0010204081632653062 1.0560526742493137
usa 0.0010204081632653062 2.1058747987479913
usdonate 0.0010204081632653062 0.0
use 0.0020408163265306124 0.0
used 0.003061224489795918 0.19105523676270922
using 0.0010204081632653062 0.0
utc 0.0010204081632653062 0.0
version 0.003061224489795918 0.0
versions 0.0010204081632653062 1.1340142157190256
view 0.0010204081632653062 0.0
vteiec 0.0010204081632653062 3.3586377672433594
vteiso 0.0010204081632653062 2.953172659135195
w 0.0010204081632653062 0.0
what 0.0010204081632653062 0.0
wikidataarticles 0.0010204081632653062 1.2484245668967697
wikimedia 0.0010204081632653062 0.0
wikipedia 0.004081632653061225 0.0
wikipediacontact 0.0010204081632653062 0.0
wikipedia® 0.0010204081632653062 0.0
winkler 0.0010204081632653062 4.74493212836325
wip 0.0010204081632653062 2.953172659135195
years 0.0020408163265306124 0.4682660093471948
z.200 0.0020408163265306124 4.74493212836325
češtinadeutschfrançaisbahasa 0.0010204081632653062 4.74493212836325
