+ 0.0005507618872774004 0.9837320126696876
-25 0.00018358729575913347 4.74493212836325
-encoded 0.00018358729575913347 4.74493212836325
-style 0.00018358729575913347 4.051784947803305
... 0.0005507618872774004 1.0313600616589422
.applescript 0.00018358729575913347 4.74493212836325
.applescriptwebsitedeveloper.apple.com 0.00018358729575913347 4.74493212836325
.getpixel 0.00018358729575913347 4.74493212836325
.getrow 0.00018358729575913347 4.74493212836325
.scpt 0.00018358729575913347 4.74493212836325
.scptd 0.00018358729575913347 4.74493212836325
0 0.0005507618872774004 0.9162907318741551
0-596-00850-3 0.00018358729575913347 4.74493212836325
0-596-10211-9 0.00018358729575913347 4.74493212836325
0596008503 0.00018358729575913347 4.74493212836325
0596102119 0.00018358729575913347 4.74493212836325
1 0.005507618872774004 0.05358424613410626
1-2-3 0.00018358729575913347 4.051784947803305
1.0 0.00018358729575913347 2.1058747987479913
10 0.0012851110703139342 0.540239508972284
10.0 0.00018358729575913347 4.051784947803305
10.1 0.00018358729575913347 3.6463198396951406
10.1.1.86.2218. 0.00018358729575913347 4.74493212836325
10.10 0.0009179364787956673 4.74493212836325
10.11 0.00018358729575913347 4.74493212836325
10.12 0.00018358729575913347 4.74493212836325
10.13 0.00018358729575913347 4.74493212836325
10.14 0.00018358729575913347 4.74493212836325
10.15 0.00018358729575913347 4.74493212836325
10.1classes 0.00018358729575913347 4.74493212836325
10.2 0.00036717459151826694 4.74493212836325
10.2.1conditionals 0.00018358729575913347 4.74493212836325
10.2.2loops 0.00018358729575913347 4.74493212836325
10.2language 0.00018358729575913347 4.74493212836325
10.3 0.00018358729575913347 4.74493212836325
10.3miscellaneous 0.00018358729575913347 4.74493212836325
10.4 0.0005507618872774004 4.74493212836325
10.5 0.0007343491830365339 4.74493212836325
10.6 0.0007343491830365339 4.051784947803305
10.6.3 0.00018358729575913347 4.74493212836325
10.6.x 0.00036717459151826694 4.74493212836325
10.7 0.00036717459151826694 4.74493212836325
10.8 0.00036717459151826694 4.74493212836325
10.9 0.0005507618872774004 4.74493212836325
100 0.0005507618872774004 1.9723434061234688
1000 0.00018358729575913347 1.9723434061234688
10language 0.00018358729575913347 4.74493212836325
11 0.0009179364787956673 0.7375989431307791
11.1javascript 0.00018358729575913347 4.74493212836325
11open 0.00018358729575913347 4.74493212836325
12 0.0007343491830365339 0.6844891178168307
1238844.1238845 0.00036717459151826694 4.74493212836325
12see 0.00018358729575913347 4.051784947803305
13 0.00036717459151826694 0.8531118302526235
13references 0.00018358729575913347 4.74493212836325
14 0.0005507618872774004 0.8329091229351039
14further 0.00018358729575913347 4.74493212836325
15 0.0005507618872774004 0.8131064956389242
15external 0.00018358729575913347 3.6463198396951406
16 0.0009179364787956673 0.8947845266531914
16-bit 0.00018358729575913347 2.665490586683414
17 0.0009179364787956673 0.9837320126696876
17:59 0.00018358729575913347 4.74493212836325
18 0.00018358729575913347 1.1340142157190256
19 0.00018358729575913347 0.9162907318741551
1980s 0.00018358729575913347 1.8004931491968095
1987 0.00018358729575913347 1.7004096906398272
1989 0.00018358729575913347 1.749199854809259
1993 0.00036717459151826694 1.449095262358921
19931993 0.00018358729575913347 4.74493212836325
1overview 0.00018358729575913347 2.26002547857525
1st 0.00018358729575913347 2.665490586683414
1–21 0.00036717459151826694 4.74493212836325
2 0.002386634844868735 0.08149303425118301
2.0 0.0005507618872774004 1.749199854809259
2.11 0.00018358729575913347 4.74493212836325
2.3 0.00018358729575913347 3.1354942159291497
2.5 0.00018358729575913347 2.953172659135195
20 0.00018358729575913347 0.8131064956389242
2000 0.0005507618872774004 1.3437347467010947
2002 0.00018358729575913347 1.377636298376776
2004 0.00018358729575913347 1.3437347467010947
2005 0.0005507618872774004 1.1073459686368643
2006 0.0005507618872774004 1.3109449238781037
2007 0.0007343491830365339 1.1895840668738364
2009 0.00036717459151826694 1.1073459686368643
2010 0.0007343491830365339 1.0072625100798818
2011 0.00018358729575913347 0.9162907318741551
2012 0.00018358729575913347 1.3109449238781037
2013 0.0009179364787956673 0.8947845266531914
2014 0.0009179364787956673 1.2185716037470886
2014-10-16 0.00018358729575913347 4.74493212836325
2015 0.00036717459151826694 1.1340142157190256
2016 0.0009179364787956673 1.2185716037470886
2017 0.006058380760051404 1.1895840668738364
2017. 0.00018358729575913347 3.6463198396951406
2017all 0.00018358729575913347 2.7990219793079367
2018 0.00036717459151826694 1.1895840668738364
2019 0.0007343491830365339 1.1895840668738364
2020 0.00018358729575913347 1.1340142157190256
2020articles 0.00018358729575913347 2.5477075510270306
2022 0.0005507618872774004 0.48225225132193467
2023 0.00018358729575913347 0.7195804376281008
21 0.0005507618872774004 0.9607424944449889
22 0.00036717459151826694 1.16141318990714
220938191 0.00036717459151826694 4.74493212836325
23 0.00036717459151826694 1.0813704822336037
24 0.00018358729575913347 1.16141318990714
25 0.0005507618872774004 1.0072625100798818
26 0.0005507618872774004 1.0813704822336037
27 0.00036717459151826694 1.1340142157190256
28 0.00018358729575913347 1.2185716037470886
29 0.00036717459151826694 1.1895840668738364
298560807 0.00018358729575913347 4.74493212836325
2history 0.00018358729575913347 2.1799827709017134
2nd 0.0007343491830365339 2.26002547857525
3 0.0012851110703139342 0.1599646496926782
3.0 0.00018358729575913347 0.0
3.2 0.00018358729575913347 3.3586377672433594
30 0.0012851110703139342 1.16141318990714
308193726 0.00036717459151826694 4.74493212836325
31 0.00036717459151826694 1.3437347467010947
32 0.00018358729575913347 1.5668782980153044
33 0.00018358729575913347 1.749199854809259
34 0.00018358729575913347 2.03688192726104
35 0.00018358729575913347 1.8545603704670854
36 0.00036717459151826694 1.749199854809259
37 0.00018358729575913347 1.9723434061234688
38 0.00018358729575913347 1.8545603704670854
39 0.00018358729575913347 2.03688192726104
3basic 0.00018358729575913347 4.74493212836325
3rd 0.0005507618872774004 2.5477075510270306
4 0.002019460253350468 0.3022808718729337
40 0.00018358729575913347 1.8545603704670854
41 0.00018358729575913347 2.26002547857525
416 0.00018358729575913347 4.74493212836325
438 0.00018358729575913347 4.74493212836325
468969567 0.00018358729575913347 4.74493212836325
4comments 0.00018358729575913347 4.74493212836325
5 0.003304571323664402 0.3504829736908114
50 0.00036717459151826694 2.1058747987479913
516 0.00018358729575913347 4.74493212836325
56500506 0.00018358729575913347 4.74493212836325
56912218 0.00036717459151826694 4.74493212836325
5hello 0.00018358729575913347 4.74493212836325
6 0.0007343491830365339 0.40112670650956617
60 0.00018358729575913347 1.5260563034950492
68694976 0.00036717459151826694 4.74493212836325
69 0.00018358729575913347 2.665490586683414
6natural 0.00018358729575913347 4.74493212836325
7 0.002019460253350468 0.42744401482693967
7.1.1 0.00018358729575913347 4.74493212836325
716 0.00018358729575913347 4.74493212836325
75 0.00018358729575913347 2.5477075510270306
76910522 0.00018358729575913347 4.74493212836325
7examples 0.00018358729575913347 4.051784947803305
7th 0.00018358729575913347 3.3586377672433594
8 0.00477326968973747 0.48225225132193467
8.1.1from 0.00018358729575913347 4.74493212836325
8.1.2from 0.00018358729575913347 4.74493212836325
8.1script 0.00018358729575913347 4.74493212836325
8.2script 0.00018358729575913347 4.74493212836325
863 0.00018358729575913347 4.74493212836325
8development 0.00018358729575913347 4.74493212836325
9 0.0022030475491096016 0.5552773863368246
9. 0.00018358729575913347 4.74493212836325
9.1applescript 0.00018358729575913347 4.74493212836325
9.2applescript 0.00018358729575913347 4.74493212836325
9.3applescriptobjc 0.00018358729575913347 4.74493212836325
9.4automator 0.00018358729575913347 4.74493212836325
9.5scriptable 0.00018358729575913347 4.74493212836325
9.6scripting 0.00018358729575913347 4.74493212836325
969 0.00018358729575913347 4.74493212836325
978-0-321-14931-2 0.00018358729575913347 4.74493212836325
978-0-470-56229-1 0.00018358729575913347 4.74493212836325
978-0-7645-7494-8 0.00018358729575913347 4.74493212836325
978-1-4302-2361-0 0.00018358729575913347 4.74493212836325
978-1-4302-2362-7 0.00018358729575913347 4.74493212836325
978-1-4302-2362-7_27 0.00018358729575913347 4.74493212836325
978-1-59863-384-9 0.00018358729575913347 4.74493212836325
9781430223610 0.00018358729575913347 4.74493212836325
9781595937667 0.00036717459151826694 4.74493212836325
9applescript 0.00018358729575913347 4.74493212836325
9to5mac.com 0.00018358729575913347 4.74493212836325
< 0.00018358729575913347 1.0072625100798818
> 0.00018358729575913347 0.8531118302526235
a 0.003304571323664402 0.1599646496926782
abilities 0.00018358729575913347 2.665490586683414
ability 0.0005507618872774004 1.486835590341768
able 0.00018358729575913347 1.911718784307034
about 0.00018358729575913347 0.0
absolute 0.00018358729575913347 2.953172659135195
abstract 0.00018358729575913347 1.6094379124341003
accept 0.0007343491830365339 2.665490586683414
access 0.001652285661832201 0.9382696385929302
accessible 0.00018358729575913347 2.7990219793079367
accessing 0.00018358729575913347 2.7990219793079367
accomplished 0.00036717459151826694 4.051784947803305
according 0.00018358729575913347 1.749199854809259
account 0.00018358729575913347 0.0
accountlog 0.00018358729575913347 0.0
achieved 0.00018358729575913347 2.4423470353692043
acm 0.0005507618872774004 1.2185716037470886
across 0.0007343491830365339 0.0
act 0.00036717459151826694 2.665490586683414
action 0.0005507618872774004 1.9723434061234688
actions 0.0022030475491096016 2.1058747987479913
actions—like 0.00018358729575913347 4.74493212836325
activate 0.00036717459151826694 4.74493212836325
activated 0.00018358729575913347 4.74493212836325
activity 0.00018358729575913347 2.953172659135195
actually 0.00036717459151826694 2.3470368555648795
adam 0.00036717459151826694 3.3586377672433594
adapted 0.00018358729575913347 3.6463198396951406
add 0.0011015237745548008 1.1895840668738364
add-ons 0.00018358729575913347 3.3586377672433594
added 0.00018358729575913347 1.0560526742493137
adding 0.0007343491830365339 0.8947845266531914
addition 0.0009179364787956673 1.16141318990714
additional 0.00018358729575913347 0.0
additions 0.0018358729575913347 2.1058747987479913
addressable 0.00018358729575913347 4.74493212836325
adds 0.00018358729575913347 1.7004096906398272
administrator 0.00018358729575913347 4.051784947803305
adopted 0.00018358729575913347 2.1799827709017134
advanced 0.0005507618872774004 1.5668782980153044
advantages 0.00018358729575913347 2.7990219793079367
aeom 0.0005507618872774004 4.74493212836325
after 0.00036717459151826694 1.8004931491968095
ago 0.00036717459151826694 0.5108256237659907
agree 0.00018358729575913347 0.0
aims 0.00018358729575913347 2.665490586683414
airdrop 0.00018358729575913347 4.74493212836325
airport 0.00018358729575913347 4.74493212836325
alert 0.0011015237745548008 3.1354942159291497
alerts 0.00036717459151826694 3.3586377672433594
alfred 0.00036717459151826694 3.3586377672433594
alias 0.00036717459151826694 3.1354942159291497
all 0.00018358729575913347 1.2185716037470886
alldritt 0.00018358729575913347 4.74493212836325
allow 0.0007343491830365339 1.0313600616589422
allowed 0.0007343491830365339 1.7004096906398272
allowing 0.0005507618872774004 1.377636298376776
allows 0.0005507618872774004 0.8329091229351039
almost 0.00018358729575913347 1.8004931491968095
along 0.00018358729575913347 1.6094379124341003
also 0.003488158619423536 0.19105523676270922
alternative 0.00018358729575913347 1.7004096906398272
alternatively 0.00018358729575913347 3.1354942159291497
among 0.00018358729575913347 1.5668782980153044
an 0.0005507618872774004 0.8131064956389242
analogous 0.00018358729575913347 3.6463198396951406
analysis 0.00018358729575913347 1.6094379124341003
andy 0.00018358729575913347 2.953172659135195
animation 0.00018358729575913347 3.3586377672433594
another 0.00036717459151826694 0.9607424944449889
ans 0.0022030475491096016 3.6463198396951406
answer 0.0022030475491096016 2.953172659135195
anynumber 0.00018358729575913347 4.74493212836325
anyone 0.00018358729575913347 2.7990219793079367
anywhere 0.00018358729575913347 2.5477075510270306
apis 0.00018358729575913347 2.26002547857525
app 0.0009179364787956673 2.1058747987479913
app123 0.00036717459151826694 4.74493212836325
appear 0.00018358729575913347 2.26002547857525
appeared1993 0.00018358729575913347 4.74493212836325
apple 0.00844501560492014 1.911718784307034
appleevent 0.00018358729575913347 4.74493212836325
applescript 0.02533504681476042 4.74493212836325
applescriptlangguideinfluenced 0.00018358729575913347 4.74493212836325
applescriptlibraries 0.00018358729575913347 4.74493212836325
applescriptobjc 0.0022030475491096016 4.74493212836325
applescriptparadigmnatural 0.00018358729575913347 4.74493212836325
applescripts 0.0029373967321461355 4.74493212836325
applescript—run 0.00018358729575913347 4.74493212836325
applet 0.0007343491830365339 4.051784947803305
applets 0.0012851110703139342 3.3586377672433594
application 0.008628602900679273 0.8131064956389242
applications 0.008261428309161005 0.7746402148111283
applicationscore 0.00018358729575913347 4.74493212836325
apply 0.0005507618872774004 0.0
apps 0.0005507618872774004 2.3470368555648795
app—the 0.00018358729575913347 4.74493212836325
apress 0.00036717459151826694 2.953172659135195
apsl 0.00018358729575913347 4.74493212836325
aqua 0.00018358729575913347 4.74493212836325
architecture 0.0014686983660730677 1.6094379124341003
archive 0.00036717459151826694 1.911718784307034
archived 0.00036717459151826694 0.6017974019717174
arexx 0.00018358729575913347 3.6463198396951406
arguments 0.00018358729575913347 1.449095262358921
around 0.0005507618872774004 1.449095262358921
arrow 0.00018358729575913347 3.3586377672433594
ars 0.00036717459151826694 3.3586377672433594
article 0.0005507618872774004 0.26759531388504365
articleabout 0.00018358729575913347 0.0
articles 0.00036717459151826694 0.1599646496926782
articletalk 0.00018358729575913347 0.0
as 0.00036717459151826694 0.8131064956389242
asciiwwdc.com 0.00018358729575913347 4.74493212836325
ask 0.00018358729575913347 3.6463198396951406
asobjc 0.0005507618872774004 4.74493212836325
asobjcextras 0.00018358729575913347 4.74493212836325
asoc 0.00018358729575913347 4.74493212836325
aspect 0.00018358729575913347 3.3586377672433594
assigned 0.0005507618872774004 2.1058747987479913
assistant 0.00018358729575913347 2.665490586683414
associate 0.00018358729575913347 2.953172659135195
association 0.00018358729575913347 1.377636298376776
assortment 0.00018358729575913347 4.74493212836325
assuage 0.00018358729575913347 4.74493212836325
asterisks 0.00018358729575913347 4.051784947803305
at 0.00018358729575913347 1.3437347467010947
attaching 0.00018358729575913347 4.74493212836325
attribution-sharealike 0.00018358729575913347 0.0
audio 0.0007343491830365339 2.7990219793079367
auditory 0.00018358729575913347 4.74493212836325
aurelio.net 0.00018358729575913347 4.74493212836325
authority 0.00018358729575913347 1.16141318990714
automate 0.00018358729575913347 2.953172659135195
automated 0.00018358729575913347 2.26002547857525
automatically 0.00018358729575913347 1.486835590341768
automation 0.003120984027905269 1.9723434061234688
automator 0.0014686983660730677 3.6463198396951406
availability 0.00018358729575913347 2.1058747987479913
available 0.0012851110703139342 0.0
available—alfred 0.00018358729575913347 4.74493212836325
avfoundation 0.00018358729575913347 4.74493212836325
b 0.0014686983660730677 0.5705448584676129
back 0.00018358729575913347 1.8004931491968095
background 0.00018358729575913347 2.3470368555648795
background-only 0.00018358729575913347 4.74493212836325
bar 0.00018358729575913347 2.953172659135195
based 0.00036717459151826694 0.6177977433181585
basic 0.002386634844868735 0.7746402148111283
bbedit 0.00018358729575913347 4.74493212836325
beam 0.00018358729575913347 2.953172659135195
became 0.00018358729575913347 1.6094379124341003
becomes 0.00018358729575913347 2.5477075510270306
beep 0.00018358729575913347 4.74493212836325
begin 0.0005507618872774004 1.749199854809259
beginner 0.00018358729575913347 3.6463198396951406
beginners 0.00018358729575913347 3.1354942159291497
beginning 0.00018358729575913347 1.749199854809259
begins 0.00018358729575913347 3.3586377672433594
behaved 0.00018358729575913347 4.74493212836325
behavior 0.00018358729575913347 2.03688192726104
beijing 0.00036717459151826694 4.74493212836325
being 0.00018358729575913347 3.6463198396951406
ben 0.00036717459151826694 3.3586377672433594
berkeley 0.0005507618872774004 2.7990219793079367
best 0.00018358729575913347 2.1058747987479913
beta 0.00018358729575913347 2.1058747987479913
better 0.00018358729575913347 1.8545603704670854
big 0.00018358729575913347 2.7990219793079367
bill 0.00018358729575913347 2.953172659135195
bin 0.00018358729575913347 3.1354942159291497
binary 0.00018358729575913347 1.8004931491968095
bitmap 0.0005507618872774004 3.6463198396951406
block 0.0022030475491096016 1.7004096906398272
blocks 0.0011015237745548008 1.5668782980153044
blog.latenightsw.com 0.00018358729575913347 4.74493212836325
bluetooth 0.00018358729575913347 4.74493212836325
bokmåloʻzbekcha 0.00018358729575913347 3.3586377672433594
bonjour 0.00018358729575913347 4.051784947803305
book 0.00036717459151826694 1.5260563034950492
boolean 0.00036717459151826694 1.5668782980153044
boot 0.00018358729575913347 3.3586377672433594
booth 0.00018358729575913347 4.051784947803305
bootx 0.00018358729575913347 4.74493212836325
border 0.00018358729575913347 4.051784947803305
born 0.00018358729575913347 4.051784947803305
boston 0.00018358729575913347 3.1354942159291497
bottom 0.00036717459151826694 3.1354942159291497
box 0.00036717459151826694 2.26002547857525
boxesarticles 0.00018358729575913347 4.74493212836325
braille 0.00018358729575913347 4.051784947803305
breakpoints 0.00018358729575913347 4.051784947803305
breen 0.00036717459151826694 4.74493212836325
brian 0.00018358729575913347 1.7004096906398272
broadening 0.00018358729575913347 4.74493212836325
browser 0.00036717459151826694 1.8004931491968095
browserify 0.00018358729575913347 4.74493212836325
brushed 0.00018358729575913347 4.74493212836325
build 0.00036717459151826694 1.911718784307034
builder 0.00018358729575913347 2.26002547857525
building 0.00018358729575913347 1.6538896750049343
built 0.00036717459151826694 1.2791962255635234
built-in 0.0014686983660730677 1.5260563034950492
bundle 0.00036717459151826694 4.051784947803305
bundles 0.00036717459151826694 4.74493212836325
business 0.00018358729575913347 1.2791962255635234
button 0.005324031577014871 3.1354942159291497
buttons 0.003855333210941803 3.3586377672433594
by 0.00018358729575913347 0.0
bynatural 0.00018358729575913347 4.74493212836325
bytecode 0.00018358729575913347 2.26002547857525
c 0.0009179364787956673 0.37548427589622857
ca 0.00036717459151826694 2.5477075510270306
calculations 0.00018358729575913347 2.3470368555648795
calculator 0.0005507618872774004 2.953172659135195
calendar 0.00018358729575913347 3.3586377672433594
called 0.002386634844868735 0.7375989431307791
calls 0.00018358729575913347 1.6538896750049343
camp 0.00018358729575913347 4.051784947803305
can 0.0007343491830365339 2.953172659135195
cancel 0.0011015237745548008 4.051784947803305
cancelled 0.00018358729575913347 4.74493212836325
capable 0.00018358729575913347 2.26002547857525
capacity 0.00018358729575913347 3.3586377672433594
capitan 0.00018358729575913347 4.74493212836325
capsule 0.0005507618872774004 4.051784947803305
capture 0.00018358729575913347 3.3586377672433594
carbon 0.00018358729575913347 2.953172659135195
cardinal 0.00018358729575913347 4.051784947803305
cards 0.00018358729575913347 2.4423470353692043
cases 0.00036717459151826694 1.911718784307034
casting 0.00018358729575913347 2.953172659135195
catalina 0.00018358729575913347 4.74493212836325
categories 0.00036717459151826694 0.02643325706815543
center 0.0005507618872774004 1.7004096906398272
central 0.00018358729575913347 2.1799827709017134
certain 0.00036717459151826694 1.749199854809259
certainly 0.00018358729575913347 3.6463198396951406
changed 0.0005507618872774004 1.7004096906398272
changes 0.00036717459151826694 1.1895840668738364
changesupload 0.00036717459151826694 0.0
character 0.00018358729575913347 1.5668782980153044
characters 0.00018358729575913347 1.3437347467010947
chart 0.00018358729575913347 3.6463198396951406
check 0.0005507618872774004 2.4423470353692043
cheeseman 0.00018358729575913347 4.74493212836325
cheetah 0.00018358729575913347 4.74493212836325
chess 0.00018358729575913347 3.3586377672433594
choices 0.00018358729575913347 4.051784947803305
choose 0.00036717459151826694 2.953172659135195
choosing 0.00018358729575913347 3.1354942159291497
chosen 0.00018358729575913347 2.26002547857525
chosenlistitem 0.00018358729575913347 4.74493212836325
christopher 0.00036717459151826694 2.953172659135195
citeseerx 0.00018358729575913347 2.26002547857525
class 0.0009179364787956673 1.3437347467010947
classes 0.0022030475491096016 1.6094379124341003
classic 0.00036717459151826694 1.7004096906398272
clear 0.00018358729575913347 2.665490586683414
clicked 0.00036717459151826694 4.051784947803305
clicking 0.00018358729575913347 3.3586377672433594
client 0.00036717459151826694 2.1058747987479913
clock 0.00036717459151826694 4.051784947803305
close 0.0007343491830365339 2.03688192726104
cloudkit 0.00018358729575913347 4.74493212836325
cocoa 0.0014686983660730677 4.051784947803305
cocoa-applescript 0.00018358729575913347 4.74493212836325
cocoa-object 0.00018358729575913347 4.74493212836325
code 0.0012851110703139342 0.3504829736908114
code-completion 0.00018358729575913347 4.74493212836325
coding 0.00018358729575913347 2.1058747987479913
collection 0.00018358729575913347 1.449095262358921
color 0.0009179364787956673 2.4423470353692043
colors 0.00018358729575913347 3.3586377672433594
colorsync 0.00036717459151826694 4.74493212836325
combinations 0.00018358729575913347 2.7990219793079367
combined 0.00036717459151826694 1.8545603704670854
comes 0.00018358729575913347 2.3470368555648795
command 0.0025702221406278683 1.5260563034950492
commands 0.005507618872774004 1.8004931491968095
comment 0.0005507618872774004 1.8545603704670854
commentator 0.00018358729575913347 4.74493212836325
comments 0.0005507618872774004 2.1799827709017134
commercial 0.0009179364787956673 1.4127276181880462
commitment 0.00018358729575913347 4.051784947803305
committing 0.00018358729575913347 4.74493212836325
common 0.00018358729575913347 0.9162907318741551
commonjs 0.00018358729575913347 3.6463198396951406
commons 0.00018358729575913347 0.0
communication 0.00036717459151826694 1.7004096906398272
community 0.0007343491830365339 1.6094379124341003
company 0.00036717459151826694 1.377636298376776
compared 0.00018358729575913347 1.9723434061234688
comparison 0.00036717459151826694 0.8329091229351039
competitive 0.00018358729575913347 3.6463198396951406
compile-time 0.00018358729575913347 2.3470368555648795
compiled 0.0007343491830365339 1.1073459686368643
compiling 0.00036717459151826694 2.03688192726104
completed 0.00018358729575913347 2.5477075510270306
complex 0.0011015237745548008 1.2185716037470886
component 0.0005507618872774004 1.749199854809259
components 0.0009179364787956673 1.449095262358921
composer 0.00018358729575913347 4.051784947803305
composing 0.00018358729575913347 4.051784947803305
compound 0.00036717459151826694 2.7990219793079367
comprehensive 0.00036717459151826694 2.5477075510270306
computer 0.00036717459151826694 0.37548427589622857
computerworld.com 0.00018358729575913347 4.74493212836325
computing 0.00018358729575913347 0.7559480817989758
concept 0.00036717459151826694 1.8545603704670854
concepts 0.00036717459151826694 1.5668782980153044
conceptual 0.00018358729575913347 3.3586377672433594
concern 0.00018358729575913347 4.051784947803305
concluded 0.00018358729575913347 3.3586377672433594
condition 0.0005507618872774004 2.03688192726104
conditional 0.0005507618872774004 1.9723434061234688
conditionals 0.00036717459151826694 2.5477075510270306
conference 0.00036717459151826694 1.16141318990714
configurator 0.00018358729575913347 4.74493212836325
conform 0.00018358729575913347 3.3586377672433594
congratulations 0.00018358729575913347 4.051784947803305
considered 0.00018358729575913347 1.5668782980153044
console 0.00018358729575913347 2.1799827709017134
constant 0.0007343491830365339 2.03688192726104
constants 0.00018358729575913347 2.26002547857525
construct 0.00018358729575913347 2.1799827709017134
construction 0.00018358729575913347 2.26002547857525
contact 0.00018358729575913347 0.0
contacts 0.00018358729575913347 3.6463198396951406
contain 0.0012851110703139342 1.749199854809259
contained 0.00018358729575913347 2.1799827709017134
containers 0.00036717459151826694 3.1354942159291497
containing 0.00018358729575913347 1.4127276181880462
contains 0.00018358729575913347 1.4127276181880462
content 0.00018358729575913347 0.0
contents 0.0007343491830365339 0.0
contextual 0.00018358729575913347 4.74493212836325
continuation 0.00018358729575913347 2.953172659135195
continue 0.0011015237745548008 2.3470368555648795
continues 0.00018358729575913347 2.4423470353692043
contrast 0.00018358729575913347 1.911718784307034
contribute 0.00018358729575913347 0.0
contributionstalk 0.00018358729575913347 0.0
control 0.0014686983660730677 0.48225225132193467
convenient 0.00018358729575913347 2.4423470353692043
converted 0.00036717459151826694 1.8545603704670854
converts 0.00036717459151826694 3.3586377672433594
conway 0.00018358729575913347 3.3586377672433594
cook 0.00036717459151826694 3.6463198396951406
cookie 0.00018358729575913347 0.0
copy 0.00036717459151826694 2.5477075510270306
core 0.002386634844868735 1.3109449238781037
correct 0.00018358729575913347 2.03688192726104
corresponding 0.00018358729575913347 1.4127276181880462
could 0.0012851110703139342 1.0813704822336037
counting 0.00018358729575913347 3.6463198396951406
course 0.00018358729575913347 2.03688192726104
cover 0.00018358729575913347 2.4423470353692043
covers 0.00018358729575913347 4.051784947803305
craig 0.00018358729575913347 3.1354942159291497
crash 0.00018358729575913347 3.6463198396951406
create 0.0014686983660730677 0.0
created 0.0007343491830365339 0.44086703515908027
creates 0.00018358729575913347 2.4423470353692043
creating 0.00036717459151826694 1.449095262358921
creation 0.00018358729575913347 1.8545603704670854
creative 0.00018358729575913347 0.0
credit 0.00018358729575913347 3.1354942159291497
cups 0.00018358729575913347 4.74493212836325
current 0.00018358729575913347 1.3437347467010947
currently 0.00036717459151826694 1.749199854809259
cut 0.00018358729575913347 2.953172659135195
czech 0.00018358729575913347 2.3470368555648795
dan 0.00036717459151826694 2.665490586683414
darwin 0.00018358729575913347 4.74493212836325
dashboard 0.00018358729575913347 3.3586377672433594
dashcode 0.00018358729575913347 4.74493212836325
data 0.003120984027905269 0.41419878807691896
database 0.00036717459151826694 1.6538896750049343
date 0.0011015237745548008 1.6538896750049343
dates 0.00018358729575913347 1.6094379124341003
day 0.00018358729575913347 2.03688192726104
debug 0.00018358729575913347 2.5477075510270306
debugger 0.0007343491830365339 2.665490586683414
debugging 0.0007343491830365339 2.26002547857525
december 0.0005507618872774004 0.7375989431307791
declared 0.00018358729575913347 1.6538896750049343
decline 0.00018358729575913347 3.3586377672433594
default 0.00477326968973747 1.6094379124341003
defaults 0.00018358729575913347 3.6463198396951406
define 0.00036717459151826694 1.449095262358921
defined 0.0009179364787956673 1.2185716037470886
defines 0.0005507618872774004 1.911718784307034
definitive 0.00036717459151826694 3.3586377672433594
delay 0.00018358729575913347 3.1354942159291497
demand 0.00018358729575913347 2.7990219793079367
denote 0.00018358729575913347 2.953172659135195
denotes 0.00018358729575913347 3.3586377672433594
dependent 0.00036717459151826694 2.3470368555648795
deprecated 0.00036717459151826694 2.4423470353692043
described 0.00018358729575913347 1.7004096906398272
description 0.00018358729575913347 0.3382128810989969
descriptionshort 0.00018358729575913347 0.454472687214859
designate 0.00018358729575913347 4.051784947803305
designed 0.002019460253350468 0.8329091229351039
desktop 0.00018358729575913347 1.9723434061234688
determine 0.00018358729575913347 2.4423470353692043
developed 0.0005507618872774004 0.540239508972284
developer 0.0009179364787956673 1.486835590341768
developer.apple.com 0.0025702221406278683 4.74493212836325
developers 0.0005507618872774004 0.0
developing 0.00018358729575913347 2.1058747987479913
development 0.0009179364787956673 0.44086703515908027
developmentmacos 0.00018358729575913347 4.74493212836325
developmentproprietary 0.00018358729575913347 4.74493212836325
dialog 0.004589682393978336 2.5477075510270306
dialogreply 0.00018358729575913347 4.74493212836325
dialogs 0.0007343491830365339 4.051784947803305
dialogs—for 0.00018358729575913347 4.74493212836325
dictionaries 0.0009179364787956673 4.051784947803305
dictionary 0.002019460253350468 1.9723434061234688
different 0.0014686983660730677 0.38822330167365837
differently 0.00018358729575913347 2.7990219793079367
differs 0.00018358729575913347 2.5477075510270306
digital 0.00018358729575913347 1.5668782980153044
direct 0.00018358729575913347 1.5668782980153044
directly 0.0014686983660730677 1.1895840668738364
directory 0.00018358729575913347 2.4423470353692043
disciplineweak 0.00018358729575913347 4.051784947803305
disclaimers 0.00018358729575913347 0.0
discontinued 0.0009179364787956673 1.911718784307034
discover 0.00018358729575913347 3.6463198396951406
disk 0.00018358729575913347 2.5477075510270306
diskimagemounter 0.00018358729575913347 4.74493212836325
dispatch 0.00018358729575913347 2.665490586683414
display 0.004406095098219203 1.8004931491968095
displaying 0.00018358729575913347 2.665490586683414
displays 0.00036717459151826694 2.665490586683414
distinct 0.00036717459151826694 2.26002547857525
distributed 0.00018358729575913347 1.2484245668967697
divide 0.00036717459151826694 2.7990219793079367
dock 0.00036717459151826694 4.74493212836325
document 0.002386634844868735 2.03688192726104
documentation 0.00018358729575913347 1.486835590341768
documents 0.0005507618872774004 1.8545603704670854
does 0.00018358729575913347 3.3586377672433594
doi:10.1007 0.00036717459151826694 2.1058747987479913
doi:10.1145 0.00036717459151826694 1.4127276181880462
dominant 0.00018358729575913347 3.3586377672433594
doubleday 0.00018358729575913347 4.74493212836325
doubt 0.00018358729575913347 4.74493212836325
doug 0.00018358729575913347 2.953172659135195
dougscripts.com 0.00018358729575913347 4.74493212836325
download 0.00018358729575913347 0.0
drag 0.00018358729575913347 4.051784947803305
drop 0.00018358729575913347 3.6463198396951406
droplet 0.0012851110703139342 4.74493212836325
droplets 0.0005507618872774004 4.74493212836325
dropped 0.0005507618872774004 2.665490586683414
dummies 0.00036717459151826694 4.74493212836325
duplicate 0.00036717459151826694 3.3586377672433594
dvd 0.00018358729575913347 4.051784947803305
dynamicossystem 0.00018358729575913347 4.74493212836325
e 0.00018358729575913347 1.6538896750049343
e.g 0.00018358729575913347 1.5668782980153044
each 0.00018358729575913347 1.6538896750049343
earlier 0.00036717459151826694 2.1058747987479913
ease-of-use 0.00018358729575913347 4.051784947803305
easier 0.00018358729575913347 2.1058747987479913
easily 0.00018358729575913347 1.749199854809259
ed. 0.0009179364787956673 1.749199854809259
edit 0.006058380760051404 0.0
editcommunity 0.00018358729575913347 0.0
edited 0.00036717459151826694 0.0
editing 0.0007343491830365339 2.1799827709017134
editor 0.00477326968973747 1.486835590341768
editors 0.0007343491830365339 0.0
effect 0.00018358729575913347 2.1058747987479913
effort 0.00036717459151826694 2.03688192726104
either 0.00018358729575913347 1.377636298376776
el 0.00018358729575913347 4.74493212836325
elements 0.0009179364787956673 1.2791962255635234
eliminated 0.00018358729575913347 3.1354942159291497
eliminates 0.00018358729575913347 3.3586377672433594
else 0.0014686983660730677 1.486835590341768
email 0.00018358729575913347 3.1354942159291497
empty 0.00018358729575913347 1.911718784307034
en.wikipedia.org 0.00018358729575913347 0.0
enabled 0.0005507618872774004 2.7990219793079367
encapsulate 0.00018358729575913347 4.051784947803305
encapsulates 0.00018358729575913347 4.051784947803305
enclosed 0.00018358729575913347 2.7990219793079367
encyclopedia 0.00018358729575913347 0.0
end 0.007527079126124472 0.8947845266531914
end-user 0.00036717459151826694 3.3586377672433594
ending 0.00036717459151826694 4.051784947803305
ends 0.00018358729575913347 2.5477075510270306
engine 0.00036717459151826694 1.377636298376776
engineered 0.00018358729575913347 4.74493212836325
engineering 0.00018358729575913347 1.486835590341768
engineers 0.00018358729575913347 2.665490586683414
english 0.00018358729575913347 0.0
englishsuomisvenskaукраїнська粵語中文 0.00018358729575913347 4.74493212836325
enhance 0.00018358729575913347 2.665490586683414
enough 0.00018358729575913347 2.4423470353692043
entered 0.00018358729575913347 2.7990219793079367
entire 0.00018358729575913347 1.7004096906398272
entirely 0.00018358729575913347 1.9723434061234688
enumerate 0.00018358729575913347 4.74493212836325
environment 0.0009179364787956673 0.7936884097818228
equal 0.00018358729575913347 2.3470368555648795
equivalent 0.00018358729575913347 1.6538896750049343
error 0.0011015237745548008 1.7004096906398272
errors 0.00018358729575913347 1.6094379124341003
especially 0.00018358729575913347 1.8004931491968095
essential 0.00018358729575913347 2.953172659135195
essentially 0.00018358729575913347 2.953172659135195
essentials 0.0005507618872774004 3.6463198396951406
etc 0.00036717459151826694 1.5260563034950492
evaluated 0.00018358729575913347 2.1799827709017134
evaluates 0.00036717459151826694 2.665490586683414
evangelist 0.00018358729575913347 4.74493212836325
evans 0.00018358729575913347 3.3586377672433594
even 0.00036717459151826694 1.3437347467010947
event 0.0007343491830365339 1.8545603704670854
events 0.0036717459151826694 1.8545603704670854
eventsrandom 0.00018358729575913347 0.0
every 0.00036717459151826694 1.5260563034950492
example 0.0012851110703139342 0.48225225132193467
examples 0.0005507618872774004 1.2484245668967697
except 0.00018358729575913347 1.9723434061234688
exceptional 0.00018358729575913347 3.6463198396951406
exchange 0.00036717459151826694 2.1058747987479913
executable 0.00018358729575913347 1.6538896750049343
execute 0.0005507618872774004 1.7004096906398272
executed 0.0007343491830365339 1.449095262358921
executes 0.00018358729575913347 2.1058747987479913
executing 0.00036717459151826694 2.3470368555648795
execution 0.0009179364787956673 0.9837320126696876
exemplifies 0.00018358729575913347 4.74493212836325
exist 0.00018358729575913347 1.911718784307034
exit 0.00018358729575913347 2.03688192726104
expanded 0.00018358729575913347 1.911718784307034
expandedarticles 0.00018358729575913347 4.051784947803305
expanding 0.00018358729575913347 1.6538896750049343
expansion 0.00018358729575913347 2.953172659135195
explicit 0.00018358729575913347 1.6094379124341003
explicitly 0.00018358729575913347 1.8545603704670854
explorer 0.0005507618872774004 2.5477075510270306
export 0.00018358729575913347 0.0
expressed 0.0007343491830365339 2.4423470353692043
extend 0.00036717459151826694 2.1058747987479913
extended 0.00018358729575913347 1.377636298376776
extensible 0.00018358729575913347 2.1058747987479913
extension 0.00018358729575913347 1.0560526742493137
extensions.scpt 0.00018358729575913347 4.74493212836325
extensive 0.00018358729575913347 2.1058747987479913
external 0.0005507618872774004 0.18058393689541388
extra 0.00018358729575913347 2.4423470353692043
f 0.00018358729575913347 1.3437347467010947
facespan 0.00036717459151826694 4.74493212836325
facetime 0.00018358729575913347 4.74493212836325
facilitates 0.00018358729575913347 3.3586377672433594
fact 0.00018358729575913347 1.7004096906398272
factor 0.00018358729575913347 3.3586377672433594
failsafe 0.00018358729575913347 4.74493212836325
fairly 0.00018358729575913347 3.1354942159291497
false 0.0007343491830365339 1.8545603704670854
farnham 0.00036717459151826694 4.74493212836325
fastscripts 0.00036717459151826694 4.74493212836325
favor 0.00018358729575913347 2.26002547857525
feature 0.0005507618872774004 1.4127276181880462
features 0.0009179364787956673 0.42744401482693967
february 0.0005507618872774004 0.6340582641899388
federighi 0.00018358729575913347 4.74493212836325
feet 0.00018358729575913347 4.74493212836325
fifth 0.00018358729575913347 3.3586377672433594
file 0.004406095098219203 0.0
filemerge 0.00018358729575913347 4.74493212836325
filename 0.00018358729575913347 2.1799827709017134
files 0.002019460253350468 1.0813704822336037
filespecial 0.00018358729575913347 0.0
files—these 0.00018358729575913347 4.74493212836325
filevault 0.00018358729575913347 4.74493212836325
finally 0.00018358729575913347 1.8545603704670854
finder 0.0018358729575913347 3.6463198396951406
first 0.0011015237745548008 0.5108256237659907
five 0.00018358729575913347 2.1799827709017134
flavors 0.00018358729575913347 2.7990219793079367
fleishman 0.00018358729575913347 4.74493212836325
flexibility 0.00018358729575913347 2.7990219793079367
floating-point 0.00018358729575913347 2.1058747987479913
flow 0.00036717459151826694 1.449095262358921
flynn 0.00018358729575913347 3.6463198396951406
focused 0.00018358729575913347 2.953172659135195
folder 0.0029373967321461355 4.74493212836325
folders 0.0005507618872774004 4.051784947803305
following 0.0005507618872774004 0.8131064956389242
follows 0.00018358729575913347 1.7004096906398272
font 0.00036717459151826694 3.1354942159291497
fonts 0.00018358729575913347 2.665490586683414
for 0.001652285661832201 0.5705448584676129
ford 0.00018358729575913347 4.051784947803305
foreground 0.00018358729575913347 3.3586377672433594
foreign 0.00018358729575913347 3.3586377672433594
forever 0.00018358729575913347 3.3586377672433594
form 0.00036717459151826694 0.7936884097818228
format 0.00036717459151826694 1.449095262358921
formats 0.00036717459151826694 1.911718784307034
former 0.00036717459151826694 2.03688192726104
forms 0.00018358729575913347 1.5668782980153044
forth 0.00018358729575913347 1.8545603704670854
foundation 0.00036717459151826694 0.0
four 0.00018358729575913347 1.9723434061234688
frakes 0.00018358729575913347 4.74493212836325
framework 0.0007343491830365339 1.449095262358921
frameworks 0.00018358729575913347 2.26002547857525
free 0.00036717459151826694 0.0
freeware 0.00018358729575913347 2.7990219793079367
from 0.0005507618872774004 0.0
front 0.00036717459151826694 2.1799827709017134
frontier 0.00018358729575913347 4.74493212836325
ftp 0.00036717459151826694 3.3586377672433594
full 0.00036717459151826694 1.2185716037470886
full-fledged 0.00018358729575913347 4.74493212836325
function 0.0009179364787956673 0.7746402148111283
function-like 0.00018358729575913347 4.74493212836325
functional 0.00036717459151826694 1.2791962255635234
functionality 0.0007343491830365339 1.7004096906398272
functioning 0.00018358729575913347 4.051784947803305
functionname 0.00036717459151826694 4.74493212836325
functions 0.0011015237745548008 0.7018808605286999
further 0.00018358729575913347 1.2185716037470886
future 0.0005507618872774004 1.911718784307034
g 0.00018358729575913347 2.1799827709017134
gallery 0.00018358729575913347 4.74493212836325
game 0.00018358729575913347 1.911718784307034
gamet 0.00036717459151826694 4.74493212836325
gatekeeper 0.00018358729575913347 4.74493212836325
gems 0.00018358729575913347 3.6463198396951406
general 0.00036717459151826694 0.9162907318741551
generally 0.0007343491830365339 2.03688192726104
generation 0.00018358729575913347 1.7004096906398272
generic 0.00018358729575913347 2.03688192726104
genius 0.00018358729575913347 4.051784947803305
gets 0.00036717459151826694 3.1354942159291497
gettiff 0.00018358729575913347 4.74493212836325
github 0.00018358729575913347 1.449095262358921
given 0.0005507618872774004 1.4127276181880462
gives 0.00018358729575913347 2.1058747987479913
giving 0.00036717459151826694 2.4423470353692043
glenn 0.00018358729575913347 4.051784947803305
goldstein 0.00036717459151826694 3.6463198396951406
good 0.00036717459151826694 1.9723434061234688
grab 0.00018358729575913347 4.74493212836325
grand 0.00018358729575913347 3.3586377672433594
granted 0.00018358729575913347 2.7990219793079367
grapher 0.00018358729575913347 4.74493212836325
graphic 0.00018358729575913347 2.7990219793079367
graphical 0.0005507618872774004 1.9723434061234688
graphing 0.00018358729575913347 3.1354942159291497
great 0.00018358729575913347 2.3470368555648795
greater 0.00036717459151826694 2.665490586683414
greatest 0.00018358729575913347 2.7990219793079367
greatly 0.00018358729575913347 2.953172659135195
grouped 0.00018358729575913347 2.953172659135195
gruber 0.0005507618872774004 4.74493212836325
gui 0.00018358729575913347 1.749199854809259
guide 0.002019460253350468 1.16141318990714
guru 0.00018358729575913347 3.3586377672433594
h 0.00018358729575913347 2.26002547857525
hamish 0.00036717459151826694 4.74493212836325
hanaan 0.00036717459151826694 4.74493212836325
handle 0.00018358729575913347 2.03688192726104
handled 0.00018358729575913347 2.7990219793079367
handler 0.003855333210941803 2.665490586683414
handlers 0.0011015237745548008 3.1354942159291497
handling 0.00036717459151826694 1.486835590341768
happily 0.00036717459151826694 4.74493212836325
hazel 0.00036717459151826694 4.74493212836325
heart 0.00018358729575913347 3.6463198396951406
hello 0.0012851110703139342 1.1340142157190256
help 0.0005507618872774004 0.6340582641899388
helplearn 0.00018358729575913347 0.0
helpviewer 0.00018358729575913347 4.74493212836325
here 0.00018358729575913347 1.9723434061234688
hererelated 0.00018358729575913347 0.0
hfs+ 0.00018358729575913347 4.74493212836325
hidden 0.00036717459151826694 2.5477075510270306
hide 0.00018358729575913347 0.0
hierarchy 0.00036717459151826694 2.953172659135195
high 0.00036717459151826694 1.4127276181880462
highlighting 0.00018358729575913347 2.7990219793079367
highly 0.00018358729575913347 2.665490586683414
history 0.0014686983660730677 0.0
hits 0.00018358729575913347 3.3586377672433594
hoboken 0.00018358729575913347 4.74493212836325
hold 0.00018358729575913347 1.911718784307034
home 0.00036717459151826694 1.6094379124341003
hopl 0.00036717459151826694 3.1354942159291497
host 0.00018358729575913347 2.3470368555648795
hotkey 0.00018358729575913347 4.051784947803305
however 0.00018358729575913347 1.0313600616589422
html 0.00036717459151826694 2.26002547857525
https 0.00018358729575913347 0.0
human 0.00036717459151826694 2.7990219793079367
human-readable 0.00036717459151826694 3.6463198396951406
hundreds 0.00036717459151826694 3.1354942159291497
hypercard 0.0009179364787956673 4.051784947803305
hypertalk 0.0009179364787956673 4.051784947803305
hyphens 0.00018358729575913347 4.051784947803305
iac 0.00018358729575913347 4.051784947803305
ibm 0.00018358729575913347 1.3437347467010947
ichat 0.00018358729575913347 4.74493212836325
icloud 0.00018358729575913347 3.6463198396951406
icns 0.00018358729575913347 4.74493212836325
icon 0.0011015237745548008 3.6463198396951406
ide 0.0007343491830365339 1.486835590341768
identical 0.00018358729575913347 2.953172659135195
identified 0.00018358729575913347 2.665490586683414
identifier 0.00018358729575913347 2.4423470353692043
identifiers 0.00036717459151826694 1.1340142157190256
identifiersarticles 0.00036717459151826694 1.2185716037470886
idle 0.0014686983660730677 3.3586377672433594
if 0.00018358729575913347 0.8947845266531914
ihnatko 0.00018358729575913347 4.74493212836325
iii 0.00036717459151826694 2.953172659135195
image 0.0014686983660730677 2.03688192726104
images 0.00018358729575913347 2.5477075510270306
implement 0.00018358729575913347 1.5260563034950492
implementation 0.00018358729575913347 0.6844891178168307
implemented 0.00018358729575913347 1.0072625100798818
implicit 0.00018358729575913347 1.8545603704670854
important 0.0005507618872774004 1.5668782980153044
importing 0.00018358729575913347 4.051784947803305
improve 0.00018358729575913347 0.9382696385929302
in 0.003120984027905269 0.3629054936893685
inc. 0.0005507618872774004 0.0
inc.first 0.00018358729575913347 4.051784947803305
include 0.0005507618872774004 0.9162907318741551
included 0.0005507618872774004 1.1340142157190256
includes 0.0007343491830365339 1.1340142157190256
including 0.0012851110703139342 0.7375989431307791
incorrect 0.00036717459151826694 3.3586377672433594
increased 0.00018358729575913347 2.7990219793079367
index.php 0.00018358729575913347 0.0
indianapolis 0.00018358729575913347 4.051784947803305
indicating 0.00018358729575913347 3.1354942159291497
individual 0.00018358729575913347 2.1058747987479913
infinitive 0.00018358729575913347 4.74493212836325
informally 0.00018358729575913347 3.3586377672433594
information 0.0011015237745548008 1.0072625100798818
informationcite 0.00018358729575913347 0.0
infoworld 0.00018358729575913347 2.4423470353692043
inherit 0.00018358729575913347 3.1354942159291497
inkwell 0.00018358729575913347 4.74493212836325
input 0.00036717459151826694 1.0313600616589422
inside 0.0005507618872774004 1.5260563034950492
inspired 0.00018358729575913347 1.8545603704670854
install 0.00018358729575913347 3.3586377672433594
installer 0.00018358729575913347 2.953172659135195
instance 0.00036717459151826694 1.449095262358921
instructions 0.00018358729575913347 1.7004096906398272
instruments 0.00018358729575913347 2.953172659135195
insufficient 0.00018358729575913347 3.3586377672433594
integer 0.0011015237745548008 1.486835590341768
integrity 0.00018358729575913347 3.1354942159291497
intelligent 0.00018358729575913347 3.3586377672433594
intended 0.00018358729575913347 1.449095262358921
intent 0.00036717459151826694 2.7990219793079367
inter-application 0.00018358729575913347 4.74493212836325
interaction 0.0005507618872774004 2.3470368555648795
interface 0.0011015237745548008 0.9382696385929302
interfaces 0.00036717459151826694 1.486835590341768
interfaces—called 0.00018358729575913347 4.74493212836325
interfacing 0.00018358729575913347 3.1354942159291497
interprocess 0.00018358729575913347 4.051784947803305
introduced 0.00036717459151826694 1.1895840668738364
introducing 0.00018358729575913347 1.749199854809259
introduction 0.00018358729575913347 1.486835590341768
intuitively 0.00018358729575913347 4.74493212836325
ios 0.00018358729575913347 2.5477075510270306
iphoto 0.00018358729575913347 4.74493212836325
isbn 0.0022030475491096016 0.6673946844575306
israel 0.00018358729575913347 1.3437347467010947
isync 0.00018358729575913347 4.74493212836325
it 0.00036717459151826694 0.18058393689541388
italics 0.00018358729575913347 3.1354942159291497
item 0.00036717459151826694 0.0
items 0.001652285661832201 2.1799827709017134
iteration 0.00018358729575913347 2.665490586683414
itunes 0.00036717459151826694 4.74493212836325
j9u 0.00018358729575913347 1.3437347467010947
jaguar 0.00018358729575913347 4.74493212836325
january 0.00018358729575913347 0.6673946844575306
javascript 0.0011015237745548008 1.449095262358921
javascriptcore 0.00018358729575913347 4.051784947803305
jeff 0.00036717459151826694 2.953172659135195
jerry 0.00018358729575913347 4.74493212836325
jobs 0.00018358729575913347 2.5477075510270306
john 0.0012851110703139342 1.2185716037470886
jonny 0.00018358729575913347 4.74493212836325
journal 0.00018358729575913347 1.2185716037470886
jr. 0.00018358729575913347 2.3470368555648795
july 0.00036717459151826694 0.9382696385929302
jump 0.00018358729575913347 0.0
june 0.0007343491830365339 0.7559480817989758
jxa 0.0007343491830365339 4.74493212836325
jxa-cookbook 0.00018358729575913347 4.74493212836325
keeping 0.00018358729575913347 3.3586377672433594
kernel 0.00018358729575913347 2.3470368555648795
key 0.0007343491830365339 1.3437347467010947
keyboard 0.0007343491830365339 2.1799827709017134
keychain 0.00036717459151826694 4.74493212836325
keyed 0.00036717459151826694 4.74493212836325
keys 0.00018358729575913347 2.665490586683414
keywords 0.00018358729575913347 1.8545603704670854
key–value 0.00018358729575913347 4.74493212836325
kill 0.00018358729575913347 3.3586377672433594
kinds 0.00036717459151826694 2.4423470353692043
knowledge 0.00018358729575913347 1.911718784307034
knows 0.00018358729575913347 3.1354942159291497
labeled 0.0005507618872774004 4.051784947803305
language 0.006792729943087938 0.0
language-defined 0.00018358729575913347 4.74493212836325
languages 0.0014686983660730677 0.0
languagesdynamically 0.00018358729575913347 3.1354942159291497
languageshidden 0.00018358729575913347 1.377636298376776
languageshigh-level 0.00018358729575913347 3.6463198396951406
languagesprogramming 0.00036717459151826694 0.9162907318741551
large 0.00018358729575913347 1.4127276181880462
largely 0.00018358729575913347 2.1058747987479913
last 0.00036717459151826694 0.0
late 0.0005507618872774004 1.749199854809259
later 0.0009179364787956673 0.9162907318741551
launchd 0.0005507618872774004 4.74493212836325
launched 0.00036717459151826694 2.7990219793079367
launcher 0.00018358729575913347 4.74493212836325
launchers 0.0007343491830365339 4.051784947803305
launches 0.00018358729575913347 3.3586377672433594
launchpad 0.00018358729575913347 4.74493212836325
laurie 0.00018358729575913347 3.6463198396951406
lccn 0.00018358729575913347 1.3109449238781037
learn 0.0005507618872774004 0.0
learning 0.00018358729575913347 1.9723434061234688
led 0.00018358729575913347 1.9723434061234688
lee 0.00018358729575913347 2.665490586683414
left 0.00018358729575913347 1.6538896750049343
legally 0.00018358729575913347 4.051784947803305
length 0.00018358729575913347 1.911718784307034
leopard 0.0011015237745548008 4.74493212836325
less 0.00036717459151826694 1.911718784307034
libraries 0.0014686983660730677 1.0313600616589422
library 0.0005507618872774004 0.6844891178168307
license 0.00018358729575913347 0.0
like 0.0007343491830365339 0.5254244231871433
likewise 0.00018358729575913347 3.1354942159291497
line 0.0012851110703139342 0.9382696385929302
line-by-line 0.00018358729575913347 4.74493212836325
linefeed 0.00018358729575913347 4.74493212836325
lines 0.0005507618872774004 1.749199854809259
link 0.00036717459151826694 1.377636298376776
linkpage 0.00018358729575913347 0.0
links 0.0009179364787956673 0.0
lion 0.00036717459151826694 4.74493212836325
list 0.002386634844868735 0.5705448584676129
listing 0.00018358729575913347 2.5477075510270306
lists 0.00018358729575913347 1.1340142157190256
little 0.00018358729575913347 2.26002547857525
loaded 0.00018358729575913347 2.4423470353692043
loading 0.00018358729575913347 2.5477075510270306
location 0.00018358729575913347 1.911718784307034
locations 0.00018358729575913347 2.665490586683414
log 0.00018358729575913347 0.0
logged 0.00036717459151826694 0.0
logging 0.00018358729575913347 4.051784947803305
long 0.00036717459151826694 1.6538896750049343
longtime 0.00018358729575913347 4.74493212836325
look 0.00018358729575913347 1.749199854809259
looks 0.00018358729575913347 2.4423470353692043
loop 0.0009179364787956673 1.377636298376776
looping 0.00018358729575913347 2.665490586683414
loops 0.00036717459151826694 2.1799827709017134
loopvariable 0.0005507618872774004 4.74493212836325
loose 0.00018358729575913347 4.051784947803305
lovejoy 0.00018358729575913347 4.74493212836325
mac 0.006241968055810538 2.4423470353692043
mach-o 0.00018358729575913347 4.74493212836325
machine 0.00036717459151826694 0.7375989431307791
machinery 0.00018358729575913347 1.8545603704670854
macintosh 0.0011015237745548008 2.7990219793079367
macobserver.com 0.00018358729575913347 4.74493212836325
macos 0.0025702221406278683 1.9723434061234688
macosautomation.com 0.00036717459151826694 4.74493212836325
macoslicenseproprietary 0.00018358729575913347 4.74493212836325
macosxautomation.com 0.00018358729575913347 4.74493212836325
macscripter 0.00018358729575913347 4.74493212836325
macscripter.net 0.00018358729575913347 4.74493212836325
macworld 0.0005507618872774004 4.74493212836325
macworld.com 0.0012851110703139342 4.74493212836325
made 0.00018358729575913347 1.0313600616589422
maestro 0.00036717459151826694 3.3586377672433594
mail 0.00018358729575913347 3.6463198396951406
main 0.0007343491830365339 0.0
mainly 0.00018358729575913347 2.5477075510270306
maintain 0.00018358729575913347 2.3470368555648795
major 0.00036717459151826694 1.1073459686368643
making 0.00036717459151826694 1.5668782980153044
managed 0.00018358729575913347 2.665490586683414
manager 0.00018358729575913347 1.9723434061234688
manipulate 0.00018358729575913347 2.03688192726104
manipulated 0.00036717459151826694 3.1354942159291497
manipulation 0.00018358729575913347 1.8545603704670854
manner 0.00018358729575913347 2.3470368555648795
manual 0.0007343491830365339 1.1895840668738364
many 0.0011015237745548008 0.6673946844575306
march 0.00036717459151826694 0.6673946844575306
mark 0.00036717459151826694 1.7004096906398272
mathematical 0.0005507618872774004 1.749199854809259
matt 0.00036717459151826694 2.7990219793079367
matter 0.00018358729575913347 3.3586377672433594
mavericks 0.0007343491830365339 4.74493212836325
may 0.00899577749219754 0.0
mdy 0.00018358729575913347 2.7990219793079367
means 0.00018358729575913347 1.5260563034950492
meant 0.00036717459151826694 2.4423470353692043
mechanism 0.00018358729575913347 1.6538896750049343
mechanisms 0.00018358729575913347 2.26002547857525
media 0.0007343491830365339 1.5668782980153044
melayunederlands日本語norsk 0.00018358729575913347 2.665490586683414
menu 0.0022030475491096016 2.7990219793079367
menus 0.00036717459151826694 3.1354942159291497
message 0.0005507618872774004 0.6844891178168307
messages 0.00036717459151826694 1.6538896750049343
meta-object 0.00018358729575913347 4.051784947803305
metal 0.00036717459151826694 3.6463198396951406
metaphor 0.0007343491830365339 4.74493212836325
meter 0.00018358729575913347 4.74493212836325
method 0.00036717459151826694 1.449095262358921
methods 0.00036717459151826694 1.449095262358921
michael 0.00018358729575913347 1.3109449238781037
microsoft 0.0009179364787956673 1.1073459686368643
midi 0.00018358729575913347 3.6463198396951406
might 0.00036717459151826694 1.749199854809259
migration 0.00018358729575913347 3.3586377672433594
miller 0.00018358729575913347 2.7990219793079367
minimal 0.00036717459151826694 2.1799827709017134
miscellaneous 0.00036717459151826694 2.7990219793079367
missing 0.0005507618872774004 1.9723434061234688
mission 0.00018358729575913347 3.6463198396951406
mjtsai.com 0.00018358729575913347 4.74493212836325
mobile 0.00018358729575913347 0.0
modal 0.00036717459151826694 3.6463198396951406
model 0.00018358729575913347 1.0560526742493137
modernize 0.00018358729575913347 4.74493212836325
modified 0.00018358729575913347 2.4423470353692043
modify 0.00018358729575913347 2.5477075510270306
modular 0.00018358729575913347 2.26002547857525
module 0.00018358729575913347 1.5260563034950492
modules 0.00036717459151826694 1.911718784307034
mojave 0.00018358729575913347 4.74493212836325
monitor 0.00018358729575913347 2.4423470353692043
monterey 0.00018358729575913347 4.051784947803305
more 0.00018358729575913347 0.0
mostly 0.00018358729575913347 1.9723434061234688
mountain 0.00018358729575913347 3.3586377672433594
mouse 0.00018358729575913347 2.953172659135195
move 0.00036717459151826694 0.0
moved 0.00018358729575913347 2.7990219793079367
much 0.0005507618872774004 1.2484245668967697
multiple 0.0012851110703139342 0.8329091229351039
multiply 0.00036717459151826694 2.953172659135195
munro 0.00018358729575913347 4.74493212836325
music 0.00018358729575913347 2.4423470353692043
must 0.00036717459151826694 1.2185716037470886
myapp 0.00018358729575913347 4.051784947803305
myfunction 0.00036717459151826694 4.74493212836325
myhandler 0.0007343491830365339 4.74493212836325
myscript 0.00018358729575913347 4.74493212836325
naganoya 0.00018358729575913347 4.74493212836325
name 0.00036717459151826694 0.8131064956389242
national 0.00018358729575913347 0.9162907318741551
native 0.00018358729575913347 1.3437347467010947
natural 0.0005507618872774004 2.26002547857525
navigation 0.00018358729575913347 0.0
necessity 0.00018358729575913347 4.051784947803305
need 0.00018358729575913347 1.377636298376776
needs 0.00018358729575913347 1.3437347467010947
nested 0.00036717459151826694 1.9723434061234688
network 0.00018358729575913347 1.749199854809259
neuburg 0.00036717459151826694 4.74493212836325
new 0.0005507618872774004 0.5860490450035782
news 0.00018358729575913347 1.0560526742493137
next 0.00018358729575913347 1.3437347467010947
night 0.0005507618872774004 4.74493212836325
nj 0.00018358729575913347 3.3586377672433594
nkc 0.00018358729575913347 2.3470368555648795
no 0.0007343491830365339 1.3437347467010947
non-apple 0.00018358729575913347 4.74493212836325
non-profit 0.00018358729575913347 0.0
non-scriptable 0.00018358729575913347 4.74493212836325
nope 0.00018358729575913347 4.74493212836325
normal 0.00018358729575913347 1.8545603704670854
normally 0.00018358729575913347 2.1799827709017134
not 0.00018358729575913347 1.4127276181880462
notation 0.00018358729575913347 2.03688192726104
note 0.00036717459151826694 1.6538896750049343
notes 0.0005507618872774004 1.3109449238781037
notification 0.00036717459151826694 2.953172659135195
noting 0.00018358729575913347 4.051784947803305
nouns 0.00018358729575913347 4.051784947803305
november 0.0011015237745548008 0.8531118302526235
novices 0.00018358729575913347 4.051784947803305
number 0.0029373967321461355 0.8947845266531914
numbers 0.00036717459151826694 1.2185716037470886
numerical 0.00018358729575913347 2.1058747987479913
numerically 0.00018358729575913347 3.6463198396951406
numerous 0.00018358729575913347 2.5477075510270306
o 0.0007343491830365339 1.1895840668738364
object 0.0036717459151826694 0.7746402148111283
object-oriented 0.00036717459151826694 1.1073459686368643
objective 0.00018358729575913347 3.1354942159291497
objective-c 0.00036717459151826694 2.4423470353692043
objects 0.003855333210941803 1.16141318990714
objects—for 0.00018358729575913347 4.74493212836325
objects—like 0.00018358729575913347 4.74493212836325
objects—they 0.00018358729575913347 4.74493212836325
observer 0.00018358729575913347 4.74493212836325
occur 0.00018358729575913347 2.03688192726104
oclc 0.0018358729575913347 2.5477075510270306
october 0.0011015237745548008 0.7746402148111283
odbc 0.00018358729575913347 4.051784947803305
offering 0.00018358729575913347 2.5477075510270306
offers 0.00018358729575913347 1.911718784307034
often 0.00018358729575913347 1.486835590341768
ok 0.002019460253350468 4.051784947803305
okay 0.0005507618872774004 4.74493212836325
oldid=1138799598 0.00018358729575913347 4.74493212836325
omitted 0.00018358729575913347 2.3470368555648795
on 0.00018358729575913347 0.49643688631389105
on-demand 0.00018358729575913347 4.74493212836325
one 0.0018358729575913347 0.454472687214859
one-line 0.00018358729575913347 3.6463198396951406
ones 0.00018358729575913347 2.5477075510270306
onto 0.00036717459151826694 2.4423470353692043
open 0.004038920506700936 1.0813704822336037
opencl 0.00018358729575913347 3.6463198396951406
opened 0.00018358729575913347 2.953172659135195
opengl 0.00018358729575913347 3.6463198396951406
opening 0.00036717459151826694 2.665490586683414
operating 0.0007343491830365339 1.0072625100798818
operation 0.00018358729575913347 1.8004931491968095
operations 0.0005507618872774004 1.4127276181880462
operator 0.00018358729575913347 1.5260563034950492
operators 0.00036717459151826694 1.2484245668967697
opined 0.00018358729575913347 4.74493212836325
option 0.00018358729575913347 2.1799827709017134
option+return 0.00018358729575913347 4.74493212836325
optional 0.00036717459151826694 1.6094379124341003
options 0.00036717459151826694 2.3470368555648795
order 0.00036717459151826694 1.4127276181880462
ordered 0.00018358729575913347 3.1354942159291497
ordinal 0.00018358729575913347 4.051784947803305
ordinary 0.00036717459151826694 2.953172659135195
organization 0.00018358729575913347 0.0
organized 0.00018358729575913347 2.953172659135195
original 0.0005507618872774004 0.38822330167365837
originally 0.00018358729575913347 0.9607424944449889
os 0.006058380760051404 1.377636298376776
osa 0.0012851110703139342 4.74493212836325
osascript 0.0007343491830365339 4.74493212836325
osax 0.0007343491830365339 4.74493212836325
otherwise 0.00018358729575913347 2.03688192726104
output 0.00018358729575913347 1.0813704822336037
overview 0.0005507618872774004 1.5668782980153044
p. 0.00018358729575913347 1.0313600616589422
package 0.0007343491830365339 1.5260563034950492
packaged 0.00036717459151826694 4.051784947803305
packages 0.00018358729575913347 2.03688192726104
page 0.0014686983660730677 0.0
pagecontentscurrent 0.00018358729575913347 0.0
pages 0.0009179364787956673 0.0
pagespermanent 0.00018358729575913347 0.0
pagewikidata 0.00018358729575913347 0.0
pairs 0.00018358729575913347 2.4423470353692043
pane 0.00036717459151826694 4.74493212836325
panes 0.00018358729575913347 4.051784947803305
panic 0.00018358729575913347 4.74493212836325
panther 0.00018358729575913347 4.74493212836325
paradigms 0.00018358729575913347 2.665490586683414
paragraph 0.0007343491830365339 3.1354942159291497
paragraphs 0.00018358729575913347 3.6463198396951406
parameter 0.00018358729575913347 1.7004096906398272
parameters 0.0007343491830365339 1.2791962255635234
parens 0.00018358729575913347 4.74493212836325
parent 0.00018358729575913347 2.953172659135195
parentheses 0.00018358729575913347 2.5477075510270306
part 0.001652285661832201 0.7936884097818228
particular 0.0009179364787956673 1.749199854809259
particularly 0.00018358729575913347 2.03688192726104
parties 0.0005507618872774004 4.74493212836325
parts 0.00036717459151826694 1.9723434061234688
passans 0.00036717459151826694 4.74493212836325
passed 0.00036717459151826694 1.6094379124341003
passing 0.00018358729575913347 1.8545603704670854
password 0.0007343491830365339 3.6463198396951406
path 0.00018358729575913347 2.7990219793079367
pause 0.00018358729575913347 4.051784947803305
pdf 0.0007343491830365339 0.6505875661411494
pdfprintable 0.00018358729575913347 0.0
peachpit 0.00018358729575913347 4.74493212836325
peachpit.com 0.00018358729575913347 4.74493212836325
perform 0.00036717459151826694 1.5260563034950492
performance 0.00018358729575913347 1.486835590341768
performing 0.00018358729575913347 2.665490586683414
periodically 0.00018358729575913347 4.74493212836325
perl 0.00018358729575913347 1.5668782980153044
permits 0.00018358729575913347 3.1354942159291497
persistence 0.00036717459151826694 3.6463198396951406
personal 0.00018358729575913347 0.0
photo 0.0007343491830365339 4.74493212836325
photo-editing 0.0005507618872774004 4.74493212836325
photos 0.0005507618872774004 3.6463198396951406
phrases 0.00018358729575913347 2.953172659135195
pi 0.00018358729575913347 2.4423470353692043
piffle 0.00018358729575913347 4.74493212836325
pixel 0.00036717459151826694 2.7990219793079367
piyocast.com 0.00018358729575913347 4.74493212836325
place 0.00036717459151826694 1.5668782980153044
placing 0.00018358729575913347 4.051784947803305
plain 0.0005507618872774004 2.953172659135195
player 0.00036717459151826694 2.665490586683414
plug-ins 0.00018358729575913347 3.6463198396951406
plugins 0.00018358729575913347 3.1354942159291497
podcasts 0.00018358729575913347 3.6463198396951406
point 0.00036717459151826694 1.1340142157190256
policy 0.00036717459151826694 0.0
ponders 0.00018358729575913347 4.74493212836325
portal 0.00018358729575913347 1.486835590341768
portalrecent 0.00018358729575913347 0.0
ported 0.00018358729575913347 2.03688192726104
position 0.0005507618872774004 2.3470368555648795
posix 0.0007343491830365339 2.3470368555648795
possessives 0.00018358729575913347 4.74493212836325
possibility 0.00018358729575913347 3.1354942159291497
possible 0.00018358729575913347 1.3109449238781037
practice 0.00018358729575913347 2.1799827709017134
predefined 0.00018358729575913347 2.4423470353692043
preference 0.00036717459151826694 4.74493212836325
preferences 0.0007343491830365339 4.74493212836325
prematurely 0.00018358729575913347 4.74493212836325
prepositional 0.00018358729575913347 4.74493212836325
prepress 0.00036717459151826694 4.74493212836325
present 0.00018358729575913347 1.7004096906398272
president 0.00018358729575913347 3.3586377672433594
press 0.00018358729575913347 1.4127276181880462
preview 0.00018358729575913347 2.26002547857525
prewritten 0.00036717459151826694 4.74493212836325
primarily 0.00036717459151826694 1.911718784307034
print 0.001652285661832201 0.0
printdocument 0.00018358729575913347 4.74493212836325
printer 0.00018358729575913347 2.7990219793079367
printpage 0.00018358729575913347 4.74493212836325
printrange 0.00018358729575913347 4.74493212836325
prior 0.00018358729575913347 1.6094379124341003
privacy 0.00036717459151826694 0.0
pro 0.0005507618872774004 2.5477075510270306
procedural 0.00018358729575913347 1.2791962255635234
proceedings 0.00036717459151826694 1.2791962255635234
processes 0.00036717459151826694 1.911718784307034
processing 0.0005507618872774004 0.9382696385929302
produced 0.00018358729575913347 1.9723434061234688
product 0.00018358729575913347 1.5668782980153044
production 0.00018358729575913347 2.5477075510270306
products 0.0009179364787956673 1.6538896750049343
program 0.0005507618872774004 0.4682660093471948
programing 0.00018358729575913347 4.051784947803305
programmers 0.00036717459151826694 1.5260563034950492
programming 0.0025702221406278683 0.0
project 0.00018358729575913347 0.8329091229351039
prompt 0.00036717459151826694 2.7990219793079367
properties 0.0005507618872774004 1.911718784307034
property 0.00036717459151826694 2.3470368555648795
protection 0.00018358729575913347 2.953172659135195
provide 0.0007343491830365339 0.9382696385929302
provided 0.00036717459151826694 1.0560526742493137
provides 0.0007343491830365339 0.9162907318741551
pseudocode 0.00018358729575913347 4.051784947803305
public 0.0005507618872774004 1.1073459686368643
publish 0.00018358729575913347 3.6463198396951406
publishing 0.0005507618872774004 1.911718784307034
puma 0.00018358729575913347 4.74493212836325
purposes 0.00018358729575913347 1.9723434061234688
push 0.00018358729575913347 3.1354942159291497
python 0.00036717459151826694 1.377636298376776
qsapp.com 0.00018358729575913347 4.74493212836325
quarkxpress 0.0005507618872774004 4.74493212836325
quartz 0.00036717459151826694 4.051784947803305
queries 0.00018358729575913347 2.953172659135195
questioning 0.00018358729575913347 4.74493212836325
quick 0.00018358729575913347 2.1799827709017134
quickeys 0.0005507618872774004 4.74493212836325
quicksilver 0.00036717459151826694 4.74493212836325
quicktime 0.00036717459151826694 4.74493212836325
quit 0.002019460253350468 3.6463198396951406
quits 0.00018358729575913347 4.74493212836325
quitting 0.00018358729575913347 4.74493212836325
quit—each 0.00018358729575913347 4.74493212836325
random 0.00036717459151826694 2.1058747987479913
range 0.00036717459151826694 1.7004096906398272
rankings 0.00018358729575913347 4.74493212836325
rarely 0.00018358729575913347 3.1354942159291497
rather 0.00036717459151826694 1.3109449238781037
re-evaluated 0.00018358729575913347 4.051784947803305
re-run 0.00018358729575913347 4.74493212836325
re-usable 0.00036717459151826694 4.74493212836325
read 0.00036717459151826694 1.486835590341768
readability 0.00018358729575913347 2.5477075510270306
readeditview 0.00036717459151826694 0.0
reader 0.00018358729575913347 2.4423470353692043
reading 0.0005507618872774004 1.16141318990714
real 0.0007343491830365339 2.03688192726104
really 0.00018358729575913347 2.953172659135195
reasons 0.00018358729575913347 2.1799827709017134
receives 0.00018358729575913347 4.051784947803305
receiving 0.00036717459151826694 3.6463198396951406
recognized 0.00036717459151826694 3.1354942159291497
record 0.00036717459151826694 2.03688192726104
recordability 0.00018358729575913347 4.74493212836325
recordable 0.00018358729575913347 4.74493212836325
recording 0.0005507618872774004 3.6463198396951406
reduce 0.00036717459151826694 2.3470368555648795
reduced 0.00036717459151826694 3.1354942159291497
refer 0.0007343491830365339 2.26002547857525
reference 0.0018358729575913347 0.9607424944449889
references 0.00036717459151826694 0.02643325706815543
referred 0.00036717459151826694 1.9723434061234688
reflection 0.00018358729575913347 2.665490586683414
registered 0.00018358729575913347 0.0
reilly 0.0007343491830365339 2.1799827709017134
related 0.00036717459151826694 1.0813704822336037
relationships 0.00018358729575913347 3.1354942159291497
release 0.0005507618872774004 0.8737311174553593
release2.8 0.00018358729575913347 4.74493212836325
released 0.0007343491830365339 1.0072625100798818
relies 0.00018358729575913347 1.911718784307034
remains 0.00036717459151826694 2.4423470353692043
reminders 0.00018358729575913347 4.74493212836325
remote 0.00036717459151826694 2.5477075510270306
removing 0.00018358729575913347 2.5477075510270306
renamed 0.00018358729575913347 2.1799827709017134
reopen 0.00018358729575913347 4.74493212836325
repeat 0.0049568569854966035 2.5477075510270306
repeated 0.0007343491830365339 3.1354942159291497
repetitive 0.00036717459151826694 3.1354942159291497
reporter 0.00018358729575913347 4.74493212836325
representing 0.00018358729575913347 2.3470368555648795
republic 0.00018358729575913347 2.3470368555648795
request 0.00018358729575913347 2.7990219793079367
required 0.00018358729575913347 1.3437347467010947
research 0.00018358729575913347 0.9837320126696876
resolution 0.00018358729575913347 2.7990219793079367
resources 0.0005507618872774004 1.911718784307034
responded 0.00036717459151826694 4.051784947803305
result 0.00018358729575913347 1.0072625100798818
resultalertreply 0.00018358729575913347 4.74493212836325
resulting 0.00018358729575913347 1.8004931491968095
results 0.00018358729575913347 1.486835590341768
retaining 0.00018358729575913347 4.74493212836325
retrieved 0.007710666421883606 0.0
return 0.0009179364787956673 1.16141318990714
returned 0.001652285661832201 2.26002547857525
review 0.0011015237745548008 2.26002547857525
revised 0.00018358729575913347 2.1799827709017134
rexx 0.00018358729575913347 3.3586377672433594
rgb 0.00036717459151826694 4.74493212836325
rock 0.0005507618872774004 4.051784947803305
rosenthal 0.00036717459151826694 4.74493212836325
rosetta 0.00018358729575913347 4.051784947803305
roughly 0.00018358729575913347 3.1354942159291497
row 0.0005507618872774004 2.7990219793079367
ruby 0.00018358729575913347 1.749199854809259
rudely 0.00018358729575913347 4.74493212836325
run 0.0049568569854966035 0.7936884097818228
running 0.0009179364787956673 1.4127276181880462
runtime 0.0005507618872774004 1.2185716037470886
s2cid 0.00036717459151826694 1.377636298376776
safari 0.0005507618872774004 4.051784947803305
sal 0.0005507618872774004 4.74493212836325
sanderson 0.00036717459151826694 4.74493212836325
satimage.fr 0.00018358729575913347 4.74493212836325
save 0.0007343491830365339 2.3470368555648795
saved 0.0012851110703139342 2.3470368555648795
saving 0.0005507618872774004 3.1354942159291497
say 0.0012851110703139342 2.3470368555648795
saying 0.00018358729575913347 3.6463198396951406
says 0.00018358729575913347 2.953172659135195
scheduled 0.00018358729575913347 3.1354942159291497
scored 0.00018358729575913347 4.74493212836325
screen 0.00018358729575913347 1.9723434061234688
script 0.013952634477694143 1.7004096906398272
scriptability 0.00018358729575913347 4.74493212836325
scriptable 0.0036717459151826694 4.74493212836325
scripting 0.006792729943087938 1.486835590341768
scriptingdeveloperapple 0.00018358729575913347 4.74493212836325
scriptname 0.00018358729575913347 4.74493212836325
scripts 0.003855333210941803 2.4423470353692043
sdef 0.00036717459151826694 4.74493212836325
search 0.00018358729575913347 0.0
sebastopol 0.00036717459151826694 3.3586377672433594
seconds 0.0005507618872774004 2.7990219793079367
section 0.00018358729575913347 1.8004931491968095
see 0.0007343491830365339 0.44086703515908027
selected 0.00018358729575913347 2.4423470353692043
selecting 0.00018358729575913347 3.6463198396951406
selection 0.00018358729575913347 2.26002547857525
selections 0.00018358729575913347 3.6463198396951406
self-contained 0.00018358729575913347 2.953172659135195
send 0.0007343491830365339 2.26002547857525
sending 0.0011015237745548008 3.6463198396951406
sends 0.00018358729575913347 4.74493212836325
senior 0.00018358729575913347 3.6463198396951406
separate 0.00018358729575913347 1.3437347467010947
september 0.0007343491830365339 0.9162907318741551
sequence 0.00018358729575913347 1.8545603704670854
sequential 0.00018358729575913347 2.4423470353692043
series 0.0009179364787956673 1.486835590341768
serious 0.00018358729575913347 3.1354942159291497
server 0.00036717459151826694 1.5260563034950492
service 0.00018358729575913347 2.4423470353692043
services 0.00036717459151826694 1.3437347467010947
session 0.00018358729575913347 2.7990219793079367
set 0.006792729943087938 0.6844891178168307
settings 0.00018358729575913347 2.665490586683414
setup 0.0005507618872774004 3.6463198396951406
several 0.00036717459151826694 0.7195804376281008
shane 0.00018358729575913347 4.051784947803305
share 0.00018358729575913347 1.9723434061234688
shebang 0.00018358729575913347 3.6463198396951406
shell 0.0005507618872774004 1.449095262358921
shells 0.00018358729575913347 3.3586377672433594
sherlock 0.00018358729575913347 4.74493212836325
shift 0.00036717459151826694 3.1354942159291497
shine 0.00018358729575913347 4.74493212836325
shock 0.00018358729575913347 4.051784947803305
shockwaves 0.00018358729575913347 4.74493212836325
short 0.00018358729575913347 0.42744401482693967
shortcuts 0.0005507618872774004 3.6463198396951406
showing 0.00018358729575913347 2.665490586683414
shown 0.00018358729575913347 1.7004096906398272
shows 0.00018358729575913347 2.953172659135195
sidebar 0.00036717459151826694 0.0
sierra 0.00036717459151826694 4.051784947803305
sign 0.00018358729575913347 2.4423470353692043
significant 0.00036717459151826694 1.377636298376776
sigplan 0.00036717459151826694 1.8004931491968095
similar 0.00018358729575913347 0.9382696385929302
simple 0.0007343491830365339 1.1340142157190256
simplified 0.00018358729575913347 2.26002547857525
simultaneously 0.00018358729575913347 4.051784947803305
since 0.0007343491830365339 0.9162907318741551
single 0.0009179364787956673 1.2791962255635234
siracusa 0.00018358729575913347 4.74493212836325
siri 0.00018358729575913347 4.74493212836325
site 0.00018358729575913347 0.0
situations 0.00036717459151826694 2.5477075510270306
size 0.00036717459151826694 1.8545603704670854
skip 0.0005507618872774004 2.5477075510270306
slash 0.00018358729575913347 4.051784947803305
slightly 0.00036717459151826694 2.665490586683414
small 0.00018358729575913347 0.9162907318741551
smart 0.00018358729575913347 2.953172659135195
smile 0.0007343491830365339 4.051784947803305
smilelab 0.0007343491830365339 4.74493212836325
snippets 0.00036717459151826694 3.6463198396951406
snow 0.0005507618872774004 4.74493212836325
so 0.00018358729575913347 2.5477075510270306
software 0.0018358729575913347 0.37548427589622857
softwaredynamic 0.00018358729575913347 3.3586377672433594
softwarescripting 0.00018358729575913347 3.6463198396951406
soghoian 0.0005507618872774004 4.74493212836325
something 0.00018358729575913347 2.4423470353692043
somewhat 0.00036717459151826694 2.4423470353692043
somewhere 0.00018358729575913347 4.74493212836325
spaces 0.00018358729575913347 1.9723434061234688
speakable 0.00018358729575913347 4.74493212836325
specialized 0.00018358729575913347 2.7990219793079367
specific 0.00036717459151826694 1.377636298376776
specifically 0.00018358729575913347 1.9723434061234688
specifier 0.00036717459151826694 3.3586377672433594
specifies 0.0005507618872774004 2.7990219793079367
specs 0.00018358729575913347 4.74493212836325
spin-off 0.00018358729575913347 3.6463198396951406
spotlight 0.00036717459151826694 4.74493212836325
sqlite3 0.00018358729575913347 4.74493212836325
square 0.00036717459151826694 2.665490586683414
stable 0.00018358729575913347 0.9162907318741551
stack 0.00036717459151826694 1.5668782980153044
stacks 0.00036717459151826694 3.1354942159291497
standard 0.0009179364787956673 0.7018808605286999
standardadditions.osax 0.00018358729575913347 4.74493212836325
standardized 0.00018358729575913347 2.4423470353692043
standardizing 0.00018358729575913347 4.051784947803305
stanley 0.00018358729575913347 3.1354942159291497
start 0.00018358729575913347 1.5668782980153044
starting 0.00018358729575913347 2.03688192726104
statement 0.0007343491830365339 0.0
statements 0.00018358729575913347 0.9382696385929302
states 0.00018358729575913347 1.0313600616589422
static 0.00018358729575913347 1.377636298376776
statistics 0.00018358729575913347 0.0
status 0.00018358729575913347 2.1799827709017134
stay-open 0.00018358729575913347 4.74493212836325
step 0.00036717459151826694 2.03688192726104
stepping 0.00036717459151826694 4.051784947803305
steps 0.00036717459151826694 2.5477075510270306
stickies 0.00018358729575913347 4.74493212836325
stopped 0.00018358729575913347 3.1354942159291497
store 0.00018358729575913347 1.5260563034950492
stored 0.00018358729575913347 1.7004096906398272
strictly 0.00036717459151826694 2.5477075510270306
string 0.00036717459151826694 1.0813704822336037
structure 0.00018358729575913347 1.2791962255635234
structured 0.00036717459151826694 1.486835590341768
structures 0.0007343491830365339 1.16141318990714
studio 0.0005507618872774004 1.7004096906398272
subclass 0.00018358729575913347 4.051784947803305
subroutine 0.0005507618872774004 2.5477075510270306
subroutines 0.0005507618872774004 2.4423470353692043
subsection 0.0007343491830365339 0.7195804376281008
subsequent 0.00018358729575913347 2.1799827709017134
subtract 0.00036717459151826694 3.1354942159291497
such 0.00018358729575913347 1.9723434061234688
suite 0.0005507618872774004 1.911718784307034
suites 0.00036717459151826694 4.051784947803305
suite—commands 0.00018358729575913347 4.74493212836325
superclass 0.00018358729575913347 3.6463198396951406
supplied 0.00018358729575913347 2.5477075510270306
support 0.0007343491830365339 0.5254244231871433
supported 0.0007343491830365339 0.9382696385929302
supports 0.00036717459151826694 0.8531118302526235
sur 0.00018358729575913347 4.74493212836325
sync 0.00018358729575913347 3.3586377672433594
synonyms 0.00036717459151826694 4.051784947803305
syntax 0.0007343491830365339 0.5552773863368246
synthesized 0.00018358729575913347 4.74493212836325
system 0.005324031577014871 0.21233263520999412
system-wide 0.0005507618872774004 4.051784947803305
systems 0.00018358729575913347 0.540239508972284
systemwide 0.00018358729575913347 4.74493212836325
tab 0.00018358729575913347 3.6463198396951406
table 0.0007343491830365339 0.0
takaaki 0.00018358729575913347 4.74493212836325
take 0.00036717459151826694 1.7004096906398272
target 0.00018358729575913347 1.8004931491968095
targeting 0.00018358729575913347 3.3586377672433594
task 0.00036717459151826694 1.8545603704670854
tasks 0.0012851110703139342 1.749199854809259
tcl 0.00018358729575913347 3.1354942159291497
team 0.00018358729575913347 1.6538896750049343
technica 0.00036717459151826694 3.3586377672433594
technical 0.00018358729575913347 1.377636298376776
technique 0.00018358729575913347 3.1354942159291497
technologies 0.0005507618872774004 1.7004096906398272
technology 0.00036717459151826694 0.7936884097818228
tell 0.006058380760051404 2.7990219793079367
tend 0.00018358729575913347 2.7990219793079367
tendencies 0.00018358729575913347 4.74493212836325
term 0.00018358729575913347 1.911718784307034
terminal 0.00018358729575913347 2.1799827709017134
terminals 0.00018358729575913347 3.6463198396951406
termination 0.00018358729575913347 3.1354942159291497
terms 0.0009179364787956673 0.0
tested 0.00018358729575913347 2.7990219793079367
testing 0.00018358729575913347 2.1799827709017134
text 0.005874793464292271 0.0
textedit 0.00018358729575913347 4.74493212836325
textexpander 0.00036717459151826694 4.74493212836325
texts—and 0.00018358729575913347 4.74493212836325
that 0.00018358729575913347 2.3470368555648795
the 0.005874793464292271 0.035401927050916
the1 0.0012851110703139342 4.74493212836325
the2 0.0012851110703139342 4.74493212836325
theanswer 0.00036717459151826694 4.74493212836325
theitems 0.0005507618872774004 4.74493212836325
theoretically 0.00018358729575913347 3.6463198396951406
theory 0.00018358729575913347 1.911718784307034
there 0.0007343491830365339 1.16141318990714
these 0.0005507618872774004 1.16141318990714
theseitems 0.00018358729575913347 4.74493212836325
they 0.0005507618872774004 1.5668782980153044
thing 0.00018358729575913347 2.4423470353692043
third 0.0011015237745548008 1.749199854809259
third-party 0.001652285661832201 2.4423470353692043
this 0.002386634844868735 0.0
thisfolder 0.00018358729575913347 4.74493212836325
thisitem 0.00036717459151826694 4.74493212836325
thomson 0.00018358729575913347 3.6463198396951406
though 0.0007343491830365339 1.5668782980153044
thousands 0.00036717459151826694 3.3586377672433594
three 0.00036717459151826694 1.1895840668738364
thru 0.0005507618872774004 3.6463198396951406
thus 0.00018358729575913347 1.0313600616589422
tiff 0.00036717459151826694 4.74493212836325
tiger 0.00018358729575913347 4.74493212836325
time 0.0012851110703139342 0.6673946844575306
times 0.0009179364787956673 1.8545603704670854
tinkerers 0.00018358729575913347 4.74493212836325
title 0.0018358729575913347 0.0
title=applescript 0.00018358729575913347 4.74493212836325
tn1164 0.00018358729575913347 4.74493212836325
to 0.0005507618872774004 1.0072625100798818
together 0.00018358729575913347 1.8004931491968095
toggle 0.0012851110703139342 0.0
tom 0.00018358729575913347 1.9723434061234688
tool 0.0007343491830365339 1.16141318990714
toolbar 0.00018358729575913347 3.1354942159291497
tools 0.001652285661832201 0.0
toolsxcode 0.00018358729575913347 4.74493212836325
top 0.0007343491830365339 0.0
topic 0.00018358729575913347 1.486835590341768
total 0.0005507618872774004 2.26002547857525
tracking 0.00018358729575913347 3.1354942159291497
trademark 0.00018358729575913347 0.0
traditional 0.00018358729575913347 2.1058747987479913
training 0.00036717459151826694 3.1354942159291497
transitive 0.00018358729575913347 4.74493212836325
translation 0.00018358729575913347 2.1799827709017134
trinko 0.00018358729575913347 4.74493212836325
triplet 0.00018358729575913347 4.74493212836325
true 0.0005507618872774004 1.449095262358921
try 0.0009179364787956673 2.3470368555648795
tsai 0.00018358729575913347 4.74493212836325
turn 0.00018358729575913347 2.03688192726104
tutorial 0.00018358729575913347 1.8545603704670854
two 0.00036717459151826694 0.6844891178168307
tying 0.00018358729575913347 4.74493212836325
type 0.0007343491830365339 0.6505875661411494
typed 0.00036717459151826694 1.16141318990714
types 0.0011015237745548008 0.7375989431307791
typing 0.00036717459151826694 0.7936884097818228
uncertainty 0.00018358729575913347 4.051784947803305
under 0.00018358729575913347 2.953172659135195
underlies 0.00018358729575913347 4.74493212836325
underpinnings 0.00018358729575913347 4.74493212836325
understood 0.00018358729575913347 3.3586377672433594
unevaluated 0.00018358729575913347 4.74493212836325
unicode 0.0005507618872774004 2.1058747987479913
unified 0.00018358729575913347 2.1799827709017134
uniform 0.00018358729575913347 3.3586377672433594
unit 0.00036717459151826694 1.7004096906398272
united 0.00018358729575913347 1.0560526742493137
units 0.00036717459151826694 2.5477075510270306
universal 0.00036717459151826694 2.4423470353692043
universally 0.00018358729575913347 3.3586377672433594
unix 0.0014686983660730677 1.6094379124341003
unless 0.00036717459151826694 2.5477075510270306
unlikely 0.00036717459151826694 3.6463198396951406
unsupported 0.00018358729575913347 4.051784947803305
upcoming 0.00018358729575913347 3.6463198396951406
update 0.00036717459151826694 1.8545603704670854
upgrade 0.00018358729575913347 3.3586377672433594
upload 0.00018358729575913347 4.051784947803305
usdonate 0.00018358729575913347 0.0
use 0.0018358729575913347 0.0
used 0.0029373967321461355 0.19105523676270922
useful 0.0005507618872774004 1.5668782980153044
usefulness 0.00018358729575913347 3.3586377672433594
user 0.002019460253350468 0.8131064956389242
userans 0.00036717459151826694 4.74493212836325
userland 0.00018358729575913347 4.74493212836325
username 0.0009179364787956673 4.74493212836325
users 0.0011015237745548008 1.0313600616589422
uses 0.0011015237745548008 0.7746402148111283
using 0.004406095098219203 0.0
usr 0.00018358729575913347 3.6463198396951406
usually 0.0005507618872774004 1.6538896750049343
utc 0.00018358729575913347 0.0
utf-16 0.00018358729575913347 4.051784947803305
utilities 0.0007343491830365339 2.4423470353692043
utility 0.0018358729575913347 2.3470368555648795
valid 0.00018358729575913347 2.26002547857525
validating 0.00018358729575913347 4.74493212836325
value 0.0011015237745548008 0.9382696385929302
values 0.0005507618872774004 0.9837320126696876
variable 0.0014686983660730677 1.0072625100798818
variable1 0.00036717459151826694 4.74493212836325
variable2 0.00036717459151826694 4.74493212836325
variable3 0.0007343491830365339 4.74493212836325
variable4 0.00036717459151826694 4.74493212836325
variable5 0.00036717459151826694 4.74493212836325
variable6 0.00018358729575913347 4.74493212836325
variables 0.0009179364787956673 1.0072625100798818
variables—as 0.00018358729575913347 4.74493212836325
variation 0.00018358729575913347 4.051784947803305
various 0.0005507618872774004 1.377636298376776
ventura 0.00018358729575913347 4.74493212836325
ver 0.00018358729575913347 4.74493212836325
verb 0.00036717459151826694 2.953172659135195
verbs 0.00018358729575913347 3.6463198396951406
verisions 0.00018358729575913347 4.74493212836325
version 0.0007343491830365339 0.0
versions 0.0014686983660730677 1.1340142157190256
versionsmac 0.00018358729575913347 4.74493212836325
veteran 0.00036717459151826694 4.051784947803305
veterans 0.00018358729575913347 4.74493212836325
via 0.0007343491830365339 1.0313600616589422
vice 0.00018358729575913347 2.4423470353692043
video 0.00018358729575913347 1.911718784307034
view 0.00018358729575913347 0.0
viewed 0.00036717459151826694 2.4423470353692043
viewer 0.00018358729575913347 3.6463198396951406
viewing 0.00018358729575913347 4.051784947803305
visible 0.00036717459151826694 2.5477075510270306
voice 0.00018358729575913347 3.3586377672433594
voiceover 0.00036717459151826694 4.74493212836325
vol 0.00018358729575913347 1.5260563034950492
vtemacos 0.00018358729575913347 4.74493212836325
w 0.00018358729575913347 0.0
wait 0.00018358729575913347 2.953172659135195
waldie 0.00018358729575913347 4.74493212836325
want 0.00018358729575913347 4.051784947803305
warning 0.00018358729575913347 3.3586377672433594
watch 0.00018358729575913347 3.1354942159291497
way 0.0005507618872774004 0.9162907318741551
ways 0.0005507618872774004 1.449095262358921
we 0.00018358729575913347 2.03688192726104
web 0.0007343491830365339 0.9382696385929302
webkit 0.00036717459151826694 4.051784947803305
website 0.00018358729575913347 0.9837320126696876
well 0.00036717459151826694 1.16141318990714
well-written 0.00018358729575913347 4.051784947803305
what 0.00018358729575913347 0.0
when 0.0009179364787956673 1.16141318990714
whenever 0.00018358729575913347 2.7990219793079367
where 0.00018358729575913347 2.3470368555648795
whereas 0.00018358729575913347 2.1058747987479913
while 0.00018358729575913347 1.3437347467010947
whole 0.00018358729575913347 2.26002547857525
widely 0.00018358729575913347 1.6538896750049343
wiki 0.00018358729575913347 2.26002547857525
wikibooks 0.00018358729575913347 2.1799827709017134
wikidatause 0.00018358729575913347 2.26002547857525
wikimedia 0.00018358729575913347 0.0
wikipedia 0.0007343491830365339 0.0
wikipediacontact 0.00018358729575913347 0.0
wikipedia® 0.00018358729575913347 0.0
wiley 0.00036717459151826694 2.5477075510270306
william 0.00036717459151826694 1.8545603704670854
window 0.0012851110703139342 2.1799827709017134
windows 0.0014686983660730677 0.8947845266531914
windows—applescript 0.00018358729575913347 4.74493212836325
within 0.0005507618872774004 1.0072625100798818
without 0.0009179364787956673 0.9162907318741551
word 0.0011015237745548008 1.6094379124341003
words 0.00018358729575913347 1.7004096906398272
work 0.0005507618872774004 1.1073459686368643
workflows 0.00036717459151826694 3.6463198396951406
working 0.00036717459151826694 1.1895840668738364
works 0.00018358729575913347 1.911718784307034
world 0.002019460253350468 0.9162907318741551
would 0.0005507618872774004 1.1895840668738364
write 0.00036717459151826694 1.1895840668738364
writer 0.00018358729575913347 2.665490586683414
writing 0.00018358729575913347 1.3437347467010947
written 0.0014686983660730677 0.454472687214859
wwdc 0.00018358729575913347 4.74493212836325
x 0.008261428309161005 0.8329091229351039
xcode 0.0014686983660730677 4.051784947803305
xgrid 0.00018358729575913347 4.74493212836325
xml 0.00018358729575913347 1.9723434061234688
xml-rpc 0.00018358729575913347 4.74493212836325
xnu 0.00018358729575913347 4.74493212836325
xpath 0.00018358729575913347 3.3586377672433594
xquartz 0.00018358729575913347 4.74493212836325
xxvi 0.00036717459151826694 4.74493212836325
yards 0.00018358729575913347 4.74493212836325
years 0.00036717459151826694 0.4682660093471948
yes 0.0014686983660730677 3.1354942159291497
yosemite 0.0011015237745548008 4.74493212836325
you 0.0007343491830365339 1.3437347467010947
yournumber 0.0005507618872774004 4.74493212836325
§ 0.00018358729575913347 2.7990219793079367
¬ 0.003855333210941803 3.3586377672433594
» 0.00018358729575913347 3.6463198396951406
ўзбекчаpolskiportuguêsromânăрусскийshqipsimple 0.00018358729575913347 4.74493212836325
العربيةčeštinadeutschελληνικάespañolفارسیfrançais한국어italianoעבריתbahasa 0.00018358729575913347 4.74493212836325
—and 0.00018358729575913347 4.74493212836325
—end 0.00018358729575913347 4.74493212836325
—which 0.00018358729575913347 4.74493212836325
“ 0.00018358729575913347 2.665490586683414
” 0.00018358729575913347 2.5477075510270306
… 0.00018358729575913347 3.3586377672433594
→ 0.00018358729575913347 2.1799827709017134
≤ 0.0005507618872774004 3.1354942159291497
⌥ 0.00018358729575913347 4.74493212836325
