+ 0.0023304591004427873 0.9837320126696876
-main 0.00046609182008855747 4.74493212836325
... 0.00046609182008855747 1.0313600616589422
.add 0.0006991377301328362 4.74493212836325
.clj 0.00023304591004427873 4.74493212836325
.cljc 0.00023304591004427873 4.74493212836325
.cljs 0.00023304591004427873 4.74493212836325
.edn 0.00023304591004427873 4.74493212836325
.net 0.0013982754602656724 1.8004931491968095
.put 0.00046609182008855747 4.74493212836325
.touppercase 0.00023304591004427873 4.74493212836325
0 0.00046609182008855747 0.9162907318741551
1 0.0065252854812398045 0.05358424613410626
1,060 0.00023304591004427873 4.74493212836325
1.0 0.0006991377301328362 2.1058747987479913
1.1 0.00046609182008855747 2.953172659135195
1.10 0.00046609182008855747 4.74493212836325
1.10.1 0.00046609182008855747 4.74493212836325
1.10.2 0.00046609182008855747 4.74493212836325
1.10.3 0.00046609182008855747 4.74493212836325
1.11.0 0.00046609182008855747 4.051784947803305
1.11.1 0.00046609182008855747 4.74493212836325
1.2 0.00046609182008855747 2.7990219793079367
1.3 0.00046609182008855747 3.6463198396951406
1.4 0.00046609182008855747 3.6463198396951406
1.5 0.0006991377301328362 2.665490586683414
1.5.1 0.00046609182008855747 4.74493212836325
1.6 0.00046609182008855747 3.6463198396951406
1.7 0.0006991377301328362 3.6463198396951406
1.8 0.00046609182008855747 4.051784947803305
1.9 0.0009321836401771149 4.74493212836325
10 0.003961780470752739 0.540239508972284
100 0.0006991377301328362 1.9723434061234688
1000 0.00046609182008855747 1.9723434061234688
100000 0.00023304591004427873 4.74493212836325
101 0.00023304591004427873 2.953172659135195
102 0.00023304591004427873 3.1354942159291497
103 0.00023304591004427873 3.1354942159291497
104 0.00023304591004427873 3.1354942159291497
105 0.00023304591004427873 3.1354942159291497
106 0.00023304591004427873 3.1354942159291497
107 0.00023304591004427873 3.3586377672433594
108 0.00023304591004427873 3.3586377672433594
109 0.00023304591004427873 3.3586377672433594
10references 0.00023304591004427873 3.6463198396951406
10th 0.00023304591004427873 2.7990219793079367
11 0.0006991377301328362 0.7375989431307791
110 0.00023304591004427873 3.3586377672433594
111 0.00023304591004427873 2.7990219793079367
112 0.00023304591004427873 3.3586377672433594
113 0.00023304591004427873 3.3586377672433594
114 0.00023304591004427873 3.1354942159291497
115 0.00023304591004427873 3.3586377672433594
116 0.00023304591004427873 3.3586377672433594
117 0.00023304591004427873 3.1354942159291497
118 0.00023304591004427873 3.3586377672433594
119 0.00023304591004427873 3.3586377672433594
11further 0.00023304591004427873 4.74493212836325
12 0.00046609182008855747 0.6844891178168307
12+33 0.00023304591004427873 4.74493212836325
120 0.00023304591004427873 2.665490586683414
121 0.00023304591004427873 3.3586377672433594
122 0.00023304591004427873 2.953172659135195
123 0.00046609182008855747 3.1354942159291497
124 0.00023304591004427873 3.3586377672433594
125 0.00023304591004427873 3.1354942159291497
126 0.00023304591004427873 3.3586377672433594
127 0.00023304591004427873 3.3586377672433594
128 0.00023304591004427873 2.4423470353692043
129 0.00023304591004427873 3.3586377672433594
12:59 0.00023304591004427873 4.74493212836325
12external 0.00023304591004427873 4.051784947803305
13 0.00046609182008855747 0.8531118302526235
130 0.00023304591004427873 3.3586377672433594
131 0.00023304591004427873 3.3586377672433594
132 0.00023304591004427873 3.3586377672433594
133 0.00023304591004427873 3.3586377672433594
134 0.00023304591004427873 3.3586377672433594
139 0.00023304591004427873 3.1354942159291497
14 0.00046609182008855747 0.8329091229351039
15 0.0009321836401771149 0.8131064956389242
16 0.0016313213703099511 0.8947845266531914
17 0.0011652295502213937 0.9837320126696876
18 0.0006991377301328362 1.1340142157190256
19 0.0013982754602656724 0.9162907318741551
1955 0.00023304591004427873 3.1354942159291497
1960 0.00023304591004427873 2.5477075510270306
1965 0.00023304591004427873 2.5477075510270306
1970 0.00023304591004427873 2.3470368555648795
1975 0.00023304591004427873 2.03688192726104
1980 0.00023304591004427873 2.1058747987479913
1985 0.00023304591004427873 1.449095262358921
1990 0.00023304591004427873 1.6538896750049343
1995 0.00023304591004427873 1.449095262358921
1history 0.00023304591004427873 1.486835590341768
1–46 0.00023304591004427873 4.051784947803305
2 0.0032626427406199023 0.08149303425118301
2,445 0.00023304591004427873 4.74493212836325
20 0.0006991377301328362 0.8131064956389242
2000 0.00023304591004427873 1.3437347467010947
2002-10-16 0.00023304591004427873 4.74493212836325
2005 0.00023304591004427873 1.1073459686368643
2007 0.0009321836401771149 1.1895840668738364
2007-07-12 0.00023304591004427873 4.74493212836325
2007-10-17 0.00023304591004427873 4.74493212836325
2007scripting 0.00023304591004427873 4.74493212836325
2009 0.00046609182008855747 1.1073459686368643
2009-01-05 0.00023304591004427873 4.74493212836325
2009-02-11 0.00023304591004427873 4.74493212836325
2009-05-04 0.00046609182008855747 4.74493212836325
2009-08-10 0.00023304591004427873 4.74493212836325
2009-10-06 0.00023304591004427873 4.74493212836325
2009-12-31 0.00046609182008855747 4.74493212836325
2010 0.0009321836401771149 1.0072625100798818
2010-04-01 0.00023304591004427873 4.74493212836325
2010-08-19 0.00046609182008855747 4.74493212836325
2011 0.00046609182008855747 0.9162907318741551
2011-09-23 0.00046609182008855747 4.74493212836325
2012 0.0009321836401771149 1.3109449238781037
2012-03-22 0.00023304591004427873 4.74493212836325
2012-04-15 0.00023304591004427873 4.74493212836325
2012-04-17 0.00023304591004427873 4.74493212836325
2012-06-28 0.00023304591004427873 4.74493212836325
2013 0.0011652295502213937 0.8947845266531914
2013-03-01 0.00046609182008855747 4.74493212836325
2013-03-07 0.00023304591004427873 4.74493212836325
2013-03-10 0.00046609182008855747 4.74493212836325
2013-04-03 0.00023304591004427873 4.74493212836325
2013-04-15 0.00023304591004427873 4.74493212836325
2013-04-30 0.00023304591004427873 4.74493212836325
2013-06-28 0.00023304591004427873 4.74493212836325
2013-11-18 0.00023304591004427873 4.74493212836325
2014 0.0011652295502213937 1.2185716037470886
2014-01-17 0.00023304591004427873 4.74493212836325
2014-03-25 0.00046609182008855747 4.051784947803305
2014-04-11 0.00023304591004427873 4.74493212836325
2014-08-03 0.00023304591004427873 4.74493212836325
2014-08-06 0.00023304591004427873 4.74493212836325
2014-09-17 0.00023304591004427873 4.74493212836325
2014-11-20 0.00046609182008855747 4.051784947803305
2014-11-21 0.00023304591004427873 4.74493212836325
2015 0.0020974131903985084 1.1340142157190256
2015-05-06 0.00023304591004427873 4.74493212836325
2015-06-30 0.00046609182008855747 4.74493212836325
2015-07-07 0.00023304591004427873 4.74493212836325
2015-07-14 0.00023304591004427873 4.74493212836325
2015-09-17 0.00023304591004427873 4.74493212836325
2016 0.00023304591004427873 1.2185716037470886
2016-01-19 0.00046609182008855747 4.74493212836325
2016-01-28 0.00023304591004427873 4.74493212836325
2016-05-06 0.00023304591004427873 4.74493212836325
2016-10-04 0.00023304591004427873 4.74493212836325
2016-10-11 0.00023304591004427873 4.74493212836325
2016-12-13 0.00023304591004427873 4.74493212836325
2017 0.00023304591004427873 1.1895840668738364
2017-01-11 0.00023304591004427873 4.74493212836325
2017-04-26 0.00023304591004427873 4.74493212836325
2017-07-11 0.00023304591004427873 4.74493212836325
2017-10-03 0.00023304591004427873 4.74493212836325
2017-12-08 0.0006991377301328362 4.74493212836325
2017-12-17 0.00023304591004427873 4.74493212836325
2018 0.0013982754602656724 1.1895840668738364
2018-02-04 0.00023304591004427873 4.74493212836325
2018-08-01 0.00023304591004427873 4.74493212836325
2018-08-14 0.00023304591004427873 4.74493212836325
2018-10-17 0.00023304591004427873 4.74493212836325
2018-10-27 0.00023304591004427873 4.74493212836325
2018-10-29 0.00023304591004427873 4.74493212836325
2018-11-26 0.00023304591004427873 4.74493212836325
2018-11-29 0.00023304591004427873 4.74493212836325
2018-12-04 0.00023304591004427873 4.74493212836325
2018-12-17 0.00046609182008855747 4.74493212836325
2019 0.00046609182008855747 1.1895840668738364
2019-02-04 0.00023304591004427873 4.74493212836325
2019-02-10 0.00046609182008855747 4.051784947803305
2019-06-06 0.00046609182008855747 4.74493212836325
2019-07-05 0.0011652295502213937 4.74493212836325
2019-07-06 0.0037287345607084597 4.74493212836325
2019-07-07 0.005826147751106968 4.74493212836325
2019-07-08 0.00046609182008855747 4.74493212836325
2019-08-19 0.00023304591004427873 4.74493212836325
2019-08-22 0.00023304591004427873 4.74493212836325
2019-08-26 0.00023304591004427873 4.74493212836325
2019-11-06 0.00023304591004427873 4.74493212836325
2019-11-09 0.00023304591004427873 4.74493212836325
2020 0.00046609182008855747 1.1340142157190256
2020-03-13 0.00023304591004427873 4.74493212836325
2020-03-20 0.00023304591004427873 4.051784947803305
2020-05-24 0.0006991377301328362 4.74493212836325
2020-06-12 0.00023304591004427873 4.74493212836325
2020-08-06 0.00023304591004427873 4.74493212836325
2021 0.00046609182008855747 0.8947845266531914
2021-01-26 0.00046609182008855747 4.051784947803305
2021-01-28 0.00023304591004427873 4.74493212836325
2021-03-04 0.00046609182008855747 4.74493212836325
2022 0.0006991377301328362 0.48225225132193467
2022-03-17 0.00023304591004427873 4.74493212836325
2022-03-22 0.00046609182008855747 4.74493212836325
2022-04-05 0.0006991377301328362 4.74493212836325
2022-04-27 0.00023304591004427873 4.051784947803305
2022-05-06 0.00023304591004427873 4.74493212836325
2022-05-07 0.00023304591004427873 4.74493212836325
2022-08-17 0.00023304591004427873 4.74493212836325
2022-12-16 0.0009321836401771149 4.74493212836325
2023 0.00023304591004427873 0.7195804376281008
2023-02-18 0.0006991377301328362 4.74493212836325
21 0.0006991377301328362 0.9607424944449889
216 0.00023304591004427873 2.7990219793079367
219603760 0.00023304591004427873 4.74493212836325
22 0.0011652295502213937 1.16141318990714
228 0.00023304591004427873 2.7990219793079367
23 0.0006991377301328362 1.0813704822336037
24 0.00046609182008855747 1.16141318990714
242 0.00023304591004427873 4.74493212836325
25 0.00046609182008855747 1.0072625100798818
26 0.00046609182008855747 1.0813704822336037
27 0.00023304591004427873 1.1340142157190256
273 0.00023304591004427873 4.051784947803305
28 0.00023304591004427873 1.2185716037470886
289 0.00023304591004427873 4.051784947803305
29 0.00046609182008855747 1.1895840668738364
2design 0.00023304591004427873 4.74493212836325
2nd 0.0009321836401771149 2.26002547857525
3 0.002563505010487066 0.1599646496926782
3.0 0.00023304591004427873 0.0
3.14 0.00023304591004427873 4.74493212836325
30 0.0006991377301328362 1.16141318990714
31 0.00046609182008855747 1.3437347467010947
318 0.00023304591004427873 4.74493212836325
32 0.00023304591004427873 1.5668782980153044
33 0.00023304591004427873 1.749199854809259
3386321 0.00023304591004427873 4.74493212836325
34 0.00023304591004427873 2.03688192726104
35 0.00023304591004427873 1.8545603704670854
355 0.00023304591004427873 4.051784947803305
36 0.00023304591004427873 1.749199854809259
37 0.00023304591004427873 1.9723434061234688
379 0.00023304591004427873 3.6463198396951406
38 0.00023304591004427873 1.8545603704670854
382 0.00023304591004427873 4.74493212836325
39 0.00023304591004427873 2.03688192726104
394 0.00023304591004427873 4.74493212836325
3language 0.00023304591004427873 4.74493212836325
3rd 0.00046609182008855747 2.5477075510270306
4 0.0018643672803542299 0.3022808718729337
40 0.00023304591004427873 1.8545603704670854
41 0.00023304591004427873 2.26002547857525
42 0.0013982754602656724 2.26002547857525
43 0.00023304591004427873 2.1799827709017134
44 0.00046609182008855747 2.1058747987479913
45 0.00046609182008855747 2.1799827709017134
46 0.00023304591004427873 2.26002547857525
466 0.00023304591004427873 4.74493212836325
47 0.00046609182008855747 2.26002547857525
471 0.00023304591004427873 4.74493212836325
48 0.00046609182008855747 2.03688192726104
484 0.00023304591004427873 4.74493212836325
49 0.00023304591004427873 2.26002547857525
4extensible 0.00023304591004427873 4.74493212836325
5 0.0009321836401771149 0.3504829736908114
5.1other 0.00023304591004427873 4.74493212836325
50 0.00046609182008855747 2.1058747987479913
51 0.00023304591004427873 2.26002547857525
52 0.00046609182008855747 2.3470368555648795
53 0.00023304591004427873 2.3470368555648795
54 0.0006991377301328362 2.26002547857525
55 0.00046609182008855747 2.1799827709017134
56 0.00023304591004427873 2.4423470353692043
57 0.00023304591004427873 2.26002547857525
58 0.00023304591004427873 2.03688192726104
59 0.00023304591004427873 2.4423470353692043
592 0.00023304591004427873 4.74493212836325
596 0.00023304591004427873 4.74493212836325
5alternative 0.00023304591004427873 4.74493212836325
6 0.0013982754602656724 0.40112670650956617
60 0.00023304591004427873 1.5260563034950492
61 0.00023304591004427873 2.5477075510270306
619 0.00023304591004427873 4.74493212836325
62 0.00023304591004427873 2.3470368555648795
622 0.00023304591004427873 4.74493212836325
63 0.00023304591004427873 2.3470368555648795
639 0.00023304591004427873 2.7990219793079367
64 0.00023304591004427873 1.9723434061234688
65 0.00023304591004427873 2.4423470353692043
651 0.00023304591004427873 4.74493212836325
66 0.00046609182008855747 2.1799827709017134
67 0.00023304591004427873 2.4423470353692043
68 0.00023304591004427873 1.8004931491968095
69 0.00023304591004427873 2.665490586683414
6popularity 0.00023304591004427873 4.74493212836325
7 0.0006991377301328362 0.42744401482693967
70 0.00023304591004427873 2.26002547857525
71 0.00023304591004427873 2.5477075510270306
72 0.00023304591004427873 2.3470368555648795
73 0.00023304591004427873 2.7990219793079367
74 0.00023304591004427873 2.665490586683414
75 0.00046609182008855747 2.5477075510270306
76 0.00023304591004427873 2.5477075510270306
77 0.00023304591004427873 2.7990219793079367
778 0.00023304591004427873 4.74493212836325
78 0.00023304591004427873 2.7990219793079367
79 0.00023304591004427873 2.953172659135195
7tools 0.00023304591004427873 4.74493212836325
8 0.0016313213703099511 0.48225225132193467
8.1simplicity 0.00023304591004427873 4.74493212836325
8.2programming 0.00023304591004427873 4.74493212836325
8.3names 0.00023304591004427873 4.74493212836325
8.4code 0.00023304591004427873 4.74493212836325
8.5expressive 0.00023304591004427873 4.74493212836325
8.6thread-safe 0.00023304591004427873 4.74493212836325
8.7macros 0.00023304591004427873 4.74493212836325
8.8language 0.00023304591004427873 4.74493212836325
8.9software 0.00023304591004427873 4.74493212836325
80 0.00023304591004427873 2.1799827709017134
804 0.00023304591004427873 4.74493212836325
808 0.00023304591004427873 4.74493212836325
81 0.00023304591004427873 2.953172659135195
82 0.00023304591004427873 2.4423470353692043
83 0.00023304591004427873 2.5477075510270306
84 0.00023304591004427873 2.5477075510270306
85 0.00023304591004427873 2.7990219793079367
86 0.00023304591004427873 2.665490586683414
87 0.00023304591004427873 2.3470368555648795
88 0.00023304591004427873 2.7990219793079367
89 0.00023304591004427873 2.953172659135195
8features 0.00023304591004427873 4.74493212836325
9 0.00046609182008855747 0.5552773863368246
90 0.00023304591004427873 2.4423470353692043
904 0.00023304591004427873 4.74493212836325
91 0.00023304591004427873 2.7990219793079367
92 0.00023304591004427873 2.665490586683414
93 0.00023304591004427873 2.953172659135195
94 0.00023304591004427873 2.665490586683414
95 0.00023304591004427873 2.1799827709017134
952 0.00023304591004427873 4.74493212836325
96 0.00023304591004427873 2.5477075510270306
963 0.00023304591004427873 4.74493212836325
97 0.00023304591004427873 2.665490586683414
978-0-32192-773-6 0.00023304591004427873 4.74493212836325
978-1-4302-7231-1 0.00023304591004427873 4.74493212836325
978-1-4493-9470-7 0.00023304591004427873 4.74493212836325
978-1-59327-591-4 0.00023304591004427873 4.74493212836325
978-1-61729-152-4 0.00023304591004427873 4.74493212836325
978-1-617291-41-8 0.00023304591004427873 4.74493212836325
978-1-68050-074-5 0.00023304591004427873 4.74493212836325
978-1-68050-246-6 0.00023304591004427873 4.74493212836325
978-1-68050-300-5 0.00023304591004427873 4.74493212836325
978-1-68050-682-2 0.00023304591004427873 4.74493212836325
978-1-78216-650-4 0.00023304591004427873 4.74493212836325
978-1-78328-413-9 0.00023304591004427873 4.74493212836325
978-1-78439-029-7 0.00023304591004427873 4.74493212836325
98 0.00023304591004427873 2.665490586683414
99 0.00023304591004427873 2.5477075510270306
990 0.00023304591004427873 4.74493212836325
991 0.00023304591004427873 4.74493212836325
992 0.00023304591004427873 4.74493212836325
993 0.00023304591004427873 4.74493212836325
994 0.00023304591004427873 4.74493212836325
995 0.00023304591004427873 4.74493212836325
996 0.00023304591004427873 4.74493212836325
997 0.00023304591004427873 4.74493212836325
998 0.00023304591004427873 4.74493212836325
999 0.00023304591004427873 2.7990219793079367
9see 0.00023304591004427873 3.6463198396951406
= 0.0065252854812398045 0.6177977433181585
> 0.00908879049172687 0.8531118302526235
\c 0.00023304591004427873 4.74493212836325
\tab 0.00023304591004427873 4.051784947803305
` 0.008855744581682591 3.1354942159291497
a 0.0023304591004427873 0.1599646496926782
a-z 0.00023304591004427873 3.3586377672433594
aaron 0.00023304591004427873 3.6463198396951406
abandoned 0.00023304591004427873 2.665490586683414
abcl 0.00023304591004427873 3.3586377672433594
abelson 0.00023304591004427873 2.3470368555648795
able 0.00023304591004427873 1.911718784307034
about 0.00046609182008855747 0.0
abstraction 0.00023304591004427873 2.1799827709017134
abstractions 0.00023304591004427873 2.665490586683414
according 0.00023304591004427873 1.749199854809259
account 0.00023304591004427873 0.0
accountlog 0.00023304591004427873 0.0
achieved 0.00023304591004427873 2.4423470353692043
acm 0.00023304591004427873 1.2185716037470886
across 0.00023304591004427873 0.0
action 0.00023304591004427873 1.9723434061234688
actions 0.00023304591004427873 2.1058747987479913
actionscript 0.00023304591004427873 3.6463198396951406
add 0.0006991377301328362 1.1895840668738364
added 0.0006991377301328362 1.0560526742493137
addition 0.0006991377301328362 1.16141318990714
additional 0.00046609182008855747 0.0
adobe 0.00023304591004427873 2.665490586683414
adopt 0.00023304591004427873 4.74493212836325
adoption 0.00023304591004427873 2.7990219793079367
adquire 0.00023304591004427873 4.74493212836325
adrian 0.00023304591004427873 4.051784947803305
advanced 0.00023304591004427873 1.5668782980153044
advocates 0.00023304591004427873 3.3586377672433594
aemon 0.00023304591004427873 4.74493212836325
agencies 0.00023304591004427873 3.1354942159291497
agent 0.00023304591004427873 3.1354942159291497
agent-oriented 0.00023304591004427873 4.74493212836325
agents 0.00023304591004427873 3.1354942159291497
ago 0.00046609182008855747 0.5108256237659907
agree 0.00023304591004427873 0.0
aims 0.00023304591004427873 2.665490586683414
akkaya 0.00023304591004427873 4.74493212836325
al 0.00046609182008855747 1.9723434061234688
alan 0.00023304591004427873 1.8545603704670854
alex 0.0037287345607084597 3.1354942159291497
algorithms 0.00023304591004427873 1.6538896750049343
aliasing 0.00023304591004427873 4.051784947803305
all 0.00023304591004427873 1.2185716037470886
allegro 0.00023304591004427873 3.3586377672433594
allow 0.00046609182008855747 1.0313600616589422
allowing 0.00023304591004427873 1.377636298376776
also 0.0018643672803542299 0.19105523676270922
alter 0.00046609182008855747 2.953172659135195
alternative 0.00046609182008855747 1.7004096906398272
amazon.com 0.00023304591004427873 4.051784947803305
ambrose 0.00023304591004427873 4.74493212836325
amit 0.00023304591004427873 3.6463198396951406
an 0.00046609182008855747 0.8131064956389242
analysis 0.00046609182008855747 1.6094379124341003
andrew 0.00023304591004427873 2.1058747987479913
android 0.00046609182008855747 2.03688192726104
ann 0.0011652295502213937 3.3586377672433594
announcing 0.00023304591004427873 3.1354942159291497
anonymous 0.00023304591004427873 2.3470368555648795
another 0.00023304591004427873 0.9607424944449889
ansi 0.00023304591004427873 1.9723434061234688
anyone 0.00023304591004427873 2.7990219793079367
anything 0.00023304591004427873 2.5477075510270306
apache 0.00023304591004427873 2.03688192726104
api 0.00023304591004427873 1.749199854809259
appeared2007 0.00023304591004427873 4.051784947803305
apple 0.0018643672803542299 1.911718784307034
apple.com 0.00023304591004427873 4.74493212836325
applets 0.00023304591004427873 3.3586377672433594
application 0.00023304591004427873 0.8131064956389242
applications 0.00023304591004427873 0.7746402148111283
applied 0.00023304591004427873 1.8004931491968095
apply 0.00046609182008855747 0.0
approach 0.00046609182008855747 1.7004096906398272
appropriate 0.00023304591004427873 2.3470368555648795
approved 0.00023304591004427873 2.5477075510270306
apps 0.00023304591004427873 2.3470368555648795
apress 0.00023304591004427873 2.953172659135195
april 0.0009321836401771149 0.7375989431307791
arc 0.00046609182008855747 3.1354942159291497
archived 0.0009321836401771149 0.6017974019717174
arglists 0.00023304591004427873 4.74493212836325
args 0.00023304591004427873 3.6463198396951406
argument 0.00023304591004427873 1.8004931491968095
armed 0.00023304591004427873 3.1354942159291497
around 0.00023304591004427873 1.449095262358921
art 0.00023304591004427873 2.4423470353692043
arthur 0.00023304591004427873 3.3586377672433594
articleabout 0.00023304591004427873 0.0
articles 0.00023304591004427873 0.1599646496926782
articletalk 0.00023304591004427873 0.0
artificial 0.00046609182008855747 1.9723434061234688
as 0.00046609182008855747 0.8131064956389242
ashe 0.00023304591004427873 4.74493212836325
ask 0.00023304591004427873 3.6463198396951406
ask.clojure.org 0.00023304591004427873 4.74493212836325
asked 0.00023304591004427873 2.7990219793079367
assembly 0.00023304591004427873 1.2185716037470886
assessing 0.00023304591004427873 4.74493212836325
assoc 0.00046609182008855747 4.74493212836325
associated 0.00023304591004427873 1.7004096906398272
asynchronous 0.00023304591004427873 3.1354942159291497
at 0.00023304591004427873 1.3437347467010947
atlassian 0.00023304591004427873 4.74493212836325
atlassian.net 0.00023304591004427873 4.74493212836325
atom 0.00023304591004427873 2.5477075510270306
atop 0.00046609182008855747 4.051784947803305
attempts 0.00023304591004427873 2.3470368555648795
attribution-sharealike 0.00023304591004427873 0.0
august 0.00023304591004427873 0.9162907318741551
australia 0.00023304591004427873 3.6463198396951406
authority 0.00023304591004427873 1.16141318990714
autolisp 0.00046609182008855747 3.3586377672433594
automatic 0.00046609182008855747 1.449095262358921
automation 0.00023304591004427873 1.9723434061234688
available 0.0016313213703099511 0.0
avila 0.00023304591004427873 4.74493212836325
avoid 0.00023304591004427873 2.03688192726104
avoids 0.00023304591004427873 3.6463198396951406
away 0.00023304591004427873 3.3586377672433594
b 0.004427872290841296 0.5705448584676129
babashka 0.00046609182008855747 4.74493212836325
babashka.org 0.00023304591004427873 4.74493212836325
back 0.00023304591004427873 1.8004931491968095
backquote 0.00023304591004427873 4.051784947803305
baldridge 0.0006991377301328362 4.74493212836325
banana 0.00046609182008855747 4.74493212836325
bank 0.00023304591004427873 2.665490586683414
bar 0.00046609182008855747 2.953172659135195
base 0.00023304591004427873 1.6094379124341003
based 0.0006991377301328362 0.6177977433181585
bataev 0.00023304591004427873 4.74493212836325
batsov 0.00023304591004427873 4.74493212836325
bbn 0.00023304591004427873 3.3586377672433594
beam 0.00023304591004427873 2.953172659135195
beanshell 0.00023304591004427873 4.051784947803305
bear 0.00023304591004427873 3.1354942159291497
because 0.00023304591004427873 1.8004931491968095
beckman 0.00023304591004427873 4.74493212836325
become 0.00023304591004427873 1.9723434061234688
becomes 0.00023304591004427873 2.5477075510270306
bedra 0.00023304591004427873 4.74493212836325
before 0.00023304591004427873 2.953172659135195
ben 0.00023304591004427873 3.3586377672433594
benevolent 0.00023304591004427873 4.74493212836325
beranek 0.00023304591004427873 3.3586377672433594
berkeley 0.00046609182008855747 2.7990219793079367
bigloo 0.00023304591004427873 3.3586377672433594
binary 0.00023304591004427873 1.8004931491968095
binding 0.00046609182008855747 2.1058747987479913
binstock 0.00023304591004427873 3.6463198396951406
bit-bucket-writer 0.00046609182008855747 4.74493212836325
blackdown 0.00023304591004427873 4.74493212836325
blogspot.com 0.00046609182008855747 4.74493212836325
bob 0.00023304591004427873 2.1799827709017134
bobrow 0.00023304591004427873 3.3586377672433594
body 0.00023304591004427873 2.1058747987479913
bokmålpolskiportuguêsromânăрусскийсрпски 0.00023304591004427873 4.74493212836325
bollay 0.00023304591004427873 3.3586377672433594
bolt 0.00023304591004427873 3.3586377672433594
bonnaire-sergeant 0.00023304591004427873 4.74493212836325
bookshelf 0.0011652295502213937 3.6463198396951406
booleans 0.00023304591004427873 2.953172659135195
borges 0.00023304591004427873 4.74493212836325
borkent 0.00023304591004427873 4.74493212836325
bozhidar 0.00023304591004427873 4.74493212836325
brave 0.00023304591004427873 4.74493212836325
brian 0.002563505010487066 1.7004096906398272
bruce 0.00023304591004427873 2.3470368555648795
buf 0.00023304591004427873 4.051784947803305
built 0.00023304591004427873 1.2791962255635234
built-in 0.00046609182008855747 1.5260563034950492
by 0.00023304591004427873 0.0
byrich 0.00023304591004427873 4.74493212836325
c 0.0018643672803542299 0.37548427589622857
c++ 0.00046609182008855747 0.8947845266531914
c++11 0.00023304591004427873 3.6463198396951406
caldwell 0.00046609182008855747 4.74493212836325
california 0.00023304591004427873 2.1799827709017134
call 0.0020974131903985084 1.2484245668967697
called 0.00023304591004427873 0.7375989431307791
calling 0.00023304591004427873 1.7004096906398272
calls 0.00046609182008855747 1.6538896750049343
calva 0.00046609182008855747 4.74493212836325
calvin 0.00023304591004427873 4.74493212836325
cannon 0.00023304591004427873 4.74493212836325
capture 0.00023304591004427873 3.3586377672433594
capturing 0.00023304591004427873 4.74493212836325
card 0.00023304591004427873 2.3470368555648795
carin 0.00023304591004427873 4.74493212836325
carper 0.00023304591004427873 4.74493212836325
case 0.00023304591004427873 1.1073459686368643
cat 0.00023304591004427873 2.7990219793079367
categories 0.00046609182008855747 0.02643325706815543
category 0.0006991377301328362 0.7018808605286999
cemerick.com 0.00023304591004427873 4.74493212836325
change 0.00046609182008855747 1.6094379124341003
changes 0.00046609182008855747 1.1895840668738364
changesupload 0.00046609182008855747 0.0
channel-based 0.00023304591004427873 4.051784947803305
channels 0.00046609182008855747 2.953172659135195
character 0.00023304591004427873 1.5668782980153044
characterized 0.00023304591004427873 4.051784947803305
characters 0.00023304591004427873 1.3437347467010947
charles 0.00023304591004427873 1.5260563034950492
chas 0.00046609182008855747 4.74493212836325
chez 0.00046609182008855747 3.3586377672433594
chicken 0.00023304591004427873 3.3586377672433594
chris 0.00046609182008855747 2.5477075510270306
christophe 0.00023304591004427873 4.74493212836325
christopher 0.00023304591004427873 2.953172659135195
cider 0.00046609182008855747 4.74493212836325
cider.mx 0.00023304591004427873 4.74493212836325
circle 0.00046609182008855747 4.051784947803305
cl 0.00023304591004427873 2.7990219793079367
claimed 0.00023304591004427873 2.665490586683414
classpath 0.00023304591004427873 4.74493212836325
cleancoder.com 0.00046609182008855747 4.74493212836325
cleancoders.com 0.00023304591004427873 4.74493212836325
cli 0.0011652295502213937 2.5477075510270306
clinger 0.00023304591004427873 3.1354942159291497
clisp 0.00023304591004427873 3.1354942159291497
cljperl 0.00023304591004427873 4.74493212836325
clojerl 0.00046609182008855747 4.74493212836325
clojure 0.03565602423677464 2.7990219793079367
clojure-inspired 0.00023304591004427873 4.74493212836325
clojure-kit 0.00046609182008855747 4.74493212836325
clojure-py 0.00046609182008855747 4.74493212836325
clojure.core 0.0006991377301328362 4.74493212836325
clojure.lang.arrayseq 0.00023304591004427873 4.74493212836325
clojure.lang.keyword 0.00023304591004427873 4.74493212836325
clojure.lang.numbers 0.00046609182008855747 4.74493212836325
clojure.main 0.00023304591004427873 4.74493212836325
clojure.math 0.00023304591004427873 4.74493212836325
clojure.org 0.007923560941505477 4.74493212836325
clojureclr 0.0006991377301328362 4.74493212836325
clojuredart 0.00046609182008855747 4.74493212836325
clojureparadigmmulti-paradigm 0.00023304591004427873 4.74493212836325
clojurers 0.00046609182008855747 4.74493212836325
clojurescript 0.002796550920531345 4.051784947803305
clojurescript.org 0.00046609182008855747 4.74493212836325
clos 0.00023304591004427873 3.3586377672433594
close 0.00023304591004427873 2.03688192726104
closure 0.0009321836401771149 3.1354942159291497
clover 0.00046609182008855747 4.74493212836325
clozure 0.00023304591004427873 3.3586377672433594
clr 0.00046609182008855747 3.1354942159291497
cmu 0.00023304591004427873 2.7990219793079367
cmucl 0.00023304591004427873 3.3586377672433594
cockcroft 0.00023304591004427873 4.74493212836325
code 0.003495688650664181 0.3504829736908114
code-compatible 0.00023304591004427873 4.051784947803305
codecross-platform 0.00023304591004427873 4.74493212836325
codequarterly.com 0.00023304591004427873 4.74493212836325
cognitect 0.00023304591004427873 4.74493212836325
cognitect.com 0.0009321836401771149 4.74493212836325
colin 0.00023304591004427873 3.3586377672433594
collaboration 0.00046609182008855747 2.5477075510270306
collection 0.00023304591004427873 1.449095262358921
column 0.00023304591004427873 2.5477075510270306
coming 0.00023304591004427873 3.6463198396951406
command-line 0.00023304591004427873 2.5477075510270306
comment 0.00023304591004427873 1.8545603704670854
common 0.004893964110929853 0.9162907318741551
common-metadata-repository 0.00023304591004427873 4.74493212836325
commonloops 0.00023304591004427873 3.3586377672433594
commons 0.00023304591004427873 0.0
commonswikibooks 0.00023304591004427873 3.6463198396951406
community 0.0016313213703099511 1.6094379124341003
communityconferences 0.00023304591004427873 4.74493212836325
communityof 0.00023304591004427873 3.3586377672433594
comp 0.0006991377301328362 3.3586377672433594
comparison 0.00023304591004427873 0.8329091229351039
compatibility 0.00046609182008855747 1.9723434061234688
compatible 0.00046609182008855747 1.6094379124341003
compilation 0.00023304591004427873 1.8004931491968095
compiled 0.0006991377301328362 1.1073459686368643
compiler 0.0006991377301328362 0.6340582641899388
compilershidden 0.00023304591004427873 3.6463198396951406
compiles 0.00046609182008855747 2.1799827709017134
composing 0.00023304591004427873 4.051784947803305
computer 0.0009321836401771149 0.37548427589622857
computerworld.com.au 0.00023304591004427873 4.74493212836325
computing 0.00046609182008855747 0.7559480817989758
concept 0.00046609182008855747 1.8545603704670854
concurrency 0.00046609182008855747 1.8545603704670854
concurrent 0.0011652295502213937 1.749199854809259
conditionals 0.0009321836401771149 2.5477075510270306
conducted 0.00023304591004427873 3.3586377672433594
configured 0.00023304591004427873 3.6463198396951406
conjure 0.00046609182008855747 4.74493212836325
connor 0.00023304591004427873 4.74493212836325
consist 0.00046609182008855747 2.7990219793079367
consists 0.00023304591004427873 1.911718784307034
constrained 0.00023304591004427873 3.6463198396951406
constructs 0.00023304591004427873 1.5668782980153044
contact 0.00023304591004427873 0.0
containing 0.00023304591004427873 1.4127276181880462
content 0.00023304591004427873 0.0
contents 0.0006991377301328362 0.0
context 0.00023304591004427873 2.03688192726104
continued 0.00046609182008855747 1.911718784307034
continues 0.00023304591004427873 2.4423470353692043
contribute 0.00023304591004427873 0.0
contributionstalk 0.00023304591004427873 0.0
contributors 0.0006991377301328362 2.953172659135195
control 0.00023304591004427873 0.48225225132193467
convention 0.00023304591004427873 2.3470368555648795
convey 0.00023304591004427873 4.74493212836325
cookbook 0.00023304591004427873 3.6463198396951406
cookie 0.00023304591004427873 0.0
core 0.00046609182008855747 1.3109449238781037
core.async 0.00046609182008855747 4.74493212836325
core.logic 0.00023304591004427873 4.74493212836325
corman 0.00023304591004427873 3.3586377672433594
corporation 0.00023304591004427873 1.4127276181880462
corresponding 0.00023304591004427873 1.4127276181880462
could 0.00023304591004427873 1.0813704822336037
count 0.00023304591004427873 2.5477075510270306
coupland 0.00023304591004427873 4.74493212836325
create 0.0009321836401771149 0.0
created 0.0006991377301328362 0.44086703515908027
creative 0.0006991377301328362 0.0
creator 0.0006991377301328362 2.26002547857525
csail 0.00023304591004427873 3.1354942159291497
current 0.00023304591004427873 1.3437347467010947
curriculum 0.00023304591004427873 2.953172659135195
cursive 0.00046609182008855747 4.74493212836325
cynthia 0.00023304591004427873 3.1354942159291497
daniel 0.0006991377301328362 2.1058747987479913
dart 0.00023304591004427873 2.7990219793079367
data 0.006758331391284083 0.41419878807691896
datatypes 0.00023304591004427873 4.051784947803305
date 0.00023304591004427873 1.6538896750049343
david 0.0011652295502213937 1.16141318990714
de 0.00023304591004427873 1.6094379124341003
de-reference 0.00023304591004427873 4.74493212836325
december 0.0006991377301328362 0.7375989431307791
def 0.0011652295502213937 2.3470368555648795
define 0.0011652295502213937 1.449095262358921
definition 0.00023304591004427873 1.3109449238781037
defmacro 0.00023304591004427873 4.051784947803305
defn 0.0013982754602656724 4.74493212836325
defrecord 0.00023304591004427873 4.74493212836325
deftype 0.00023304591004427873 4.051784947803305
denison 0.00023304591004427873 3.3586377672433594
denominator 0.00046609182008855747 4.051784947803305
depend 0.00023304591004427873 2.953172659135195
dependencies 0.00023304591004427873 4.051784947803305
dependent 0.00023304591004427873 2.3470368555648795
deprecated 0.00023304591004427873 2.4423470353692043
deps 0.00023304591004427873 4.74493212836325
deref 0.00046609182008855747 4.74493212836325
described 0.00023304591004427873 1.7004096906398272
description 0.00023304591004427873 0.3382128810989969
descriptionshort 0.00023304591004427873 0.454472687214859
deserialize 0.00023304591004427873 4.74493212836325
design 0.0011652295502213937 0.7936884097818228
designed 0.00046609182008855747 0.8329091229351039
desktop 0.00023304591004427873 1.9723434061234688
determined 0.00023304591004427873 2.7990219793079367
developed 0.00046609182008855747 0.540239508972284
developers 0.0011652295502213937 0.0
developing 0.00023304591004427873 2.1058747987479913
development 0.0020974131903985084 0.44086703515908027
devoxx 0.00023304591004427873 4.74493212836325
dialect 0.0011652295502213937 2.3470368555648795
dialects 0.00046609182008855747 2.1058747987479913
dialectsvte 0.00023304591004427873 3.6463198396951406
dialog 0.00023304591004427873 2.5477075510270306
dictator 0.00023304591004427873 4.74493212836325
differences 0.00023304591004427873 1.911718784307034
different 0.00046609182008855747 0.38822330167365837
dipert 0.00023304591004427873 4.74493212836325
direct 0.00023304591004427873 1.5668782980153044
directly 0.00023304591004427873 1.1895840668738364
dirk 0.00023304591004427873 4.74493212836325
discipline 0.00023304591004427873 3.3586377672433594
disclaimers 0.00023304591004427873 0.0
distinct 0.0011652295502213937 2.26002547857525
div 0.0006991377301328362 2.953172659135195
divided 0.00046609182008855747 2.953172659135195
dividing 0.00046609182008855747 4.051784947803305
dmitri 0.00023304591004427873 4.74493212836325
doc 0.00046609182008855747 3.1354942159291497
docker 0.00023304591004427873 4.74493212836325
docstring 0.00046609182008855747 4.74493212836325
doi:10.1145 0.00023304591004427873 1.4127276181880462
domain-driven 0.00023304591004427873 4.74493212836325
domain-specific 0.00023304591004427873 2.26002547857525
dominic 0.00023304591004427873 4.051784947803305
done 0.00023304591004427873 1.449095262358921
dorun 0.00023304591004427873 4.74493212836325
dosync 0.00023304591004427873 4.74493212836325
dotimes 0.00023304591004427873 4.74493212836325
dotlisp 0.00046609182008855747 4.74493212836325
doto 0.00046609182008855747 4.74493212836325
download 0.00023304591004427873 0.0
dybvig 0.00023304591004427873 3.1354942159291497
dylan 0.00023304591004427873 3.3586377672433594
dynamic 0.0011652295502213937 1.0813704822336037
e 0.00023304591004427873 1.6538896750049343
each 0.00023304591004427873 1.6538896750049343
earlier 0.00023304591004427873 2.1058747987479913
easily 0.00023304591004427873 1.749199854809259
ecl 0.00023304591004427873 2.953172659135195
eclipse 0.00046609182008855747 2.1058747987479913
ecmascript 0.00023304591004427873 2.953172659135195
economy 0.00023304591004427873 3.3586377672433594
ecosystem 0.0006991377301328362 3.6463198396951406
ed 0.0011652295502213937 1.911718784307034
edit 0.005360055931018411 0.0
editcommunity 0.00023304591004427873 0.0
edited 0.00023304591004427873 0.0
editors 0.00046609182008855747 0.0
edmund 0.00023304591004427873 3.1354942159291497
edn 0.0011652295502213937 4.74493212836325
edn-format.org 0.00023304591004427873 4.74493212836325
education 0.00023304591004427873 1.5260563034950492
educationbooks 0.00023304591004427873 3.3586377672433594
edwards 0.00023304591004427873 4.74493212836325
ee 0.00023304591004427873 3.6463198396951406
eero 0.00023304591004427873 4.74493212836325
efficiently 0.00023304591004427873 2.5477075510270306
efforts 0.00023304591004427873 2.953172659135195
either 0.00023304591004427873 1.377636298376776
elegant 0.00023304591004427873 3.6463198396951406
element 0.0009321836401771149 1.8545603704670854
elements 0.0011652295502213937 1.2791962255635234
elixir 0.00023304591004427873 4.051784947803305
elmendorf 0.00023304591004427873 4.74493212836325
emacs 0.0006991377301328362 2.7990219793079367
email 0.00023304591004427873 3.1354942159291497
embeddable 0.00023304591004427873 3.1354942159291497
embedding 0.00023304591004427873 3.3586377672433594
embrace 0.00023304591004427873 4.051784947803305
emerick 0.00046609182008855747 4.74493212836325
emits 0.00023304591004427873 4.74493212836325
emphasis 0.00046609182008855747 3.1354942159291497
empresa 0.00023304591004427873 4.74493212836325
en.wikipedia.org 0.00023304591004427873 0.0
enable 0.00023304591004427873 2.5477075510270306
encountering 0.00023304591004427873 4.051784947803305
encourages 0.00046609182008855747 4.051784947803305
encyclopedia 0.00023304591004427873 0.0
end 0.00023304591004427873 0.8947845266531914
engineering 0.00023304591004427873 1.486835590341768
english 0.00023304591004427873 0.0
enhanced 0.00023304591004427873 2.1799827709017134
enhancing 0.00023304591004427873 4.051784947803305
enterprise 0.00023304591004427873 2.1799827709017134
entirely 0.00023304591004427873 1.9723434061234688
entries 0.00023304591004427873 2.953172659135195
entry 0.00023304591004427873 2.1799827709017134
environment 0.0009321836401771149 0.7936884097818228
environments 0.00023304591004427873 1.911718784307034
era 0.00023304591004427873 2.665490586683414
eric 0.0016313213703099511 1.749199854809259
erlang 0.00046609182008855747 1.8545603704670854
error 0.00046609182008855747 1.7004096906398272
especially 0.00023304591004427873 1.8004931491968095
established 0.00023304591004427873 2.953172659135195
esterhazy 0.00023304591004427873 4.74493212836325
eulisp 0.00046609182008855747 3.3586377672433594
europe 0.00023304591004427873 3.1354942159291497
evaluates 0.00023304591004427873 2.665490586683414
evans 0.0011652295502213937 3.3586377672433594
even 0.0009321836401771149 1.3437347467010947
eventsrandom 0.00023304591004427873 0.0
ever 0.00023304591004427873 2.7990219793079367
example 0.0013982754602656724 0.48225225132193467
examples 0.0006991377301328362 1.2484245668967697
excellent 0.00023304591004427873 3.6463198396951406
exception 0.00023304591004427873 1.8004931491968095
exclusively 0.00023304591004427873 3.3586377672433594
exist 0.00023304591004427873 1.911718784307034
expansion 0.00023304591004427873 2.953172659135195
expected 0.00023304591004427873 1.9723434061234688
expert 0.00046609182008855747 2.5477075510270306
explicit 0.00046609182008855747 1.6094379124341003
explicitly 0.00046609182008855747 1.8545603704670854
explorer 0.00023304591004427873 2.5477075510270306
export 0.00023304591004427873 0.0
express 0.00023304591004427873 1.486835590341768
expression 0.00023304591004427873 1.5260563034950492
expressive 0.00023304591004427873 2.7990219793079367
extend 0.00023304591004427873 2.1058747987479913
extensibility 0.00023304591004427873 3.1354942159291497
extensible 0.00046609182008855747 2.1058747987479913
extension 0.00046609182008855747 1.0560526742493137
extensions 0.00023304591004427873 1.16141318990714
external 0.00023304591004427873 0.18058393689541388
facebook 0.00023304591004427873 3.6463198396951406
facilitate 0.00023304591004427873 2.665490586683414
facorro 0.00023304591004427873 4.74493212836325
fahlman 0.00023304591004427873 3.3586377672433594
false 0.00023304591004427873 1.8545603704670854
familylispdesigned 0.00023304591004427873 4.74493212836325
familymulti-paradigm 0.00023304591004427873 4.051784947803305
faq 0.00023304591004427873 2.1058747987479913
fast 0.00023304591004427873 1.749199854809259
favorite 0.0006991377301328362 4.74493212836325
features 0.0009321836401771149 0.42744401482693967
felleisen 0.00046609182008855747 3.3586377672433594
ferret 0.00046609182008855747 4.74493212836325
ferret-lang.org 0.00023304591004427873 4.74493212836325
feurzeig 0.00023304591004427873 3.3586377672433594
file 0.00046609182008855747 0.0
filespecial 0.00023304591004427873 0.0
filter 0.00046609182008855747 2.665490586683414
finally 0.00023304591004427873 1.8545603704670854
findler 0.00023304591004427873 3.3586377672433594
fireplace.vim 0.00046609182008855747 4.74493212836325
firms 0.00023304591004427873 3.1354942159291497
first 0.0011652295502213937 0.5108256237659907
first-class 0.00023304591004427873 2.665490586683414
fixes 0.00023304591004427873 2.7990219793079367
fixing 0.00023304591004427873 3.6463198396951406
flash 0.00023304591004427873 2.953172659135195
flatt 0.00023304591004427873 3.3586377672433594
flavors 0.00023304591004427873 2.7990219793079367
fleming 0.00023304591004427873 4.051784947803305
floating 0.00023304591004427873 2.3470368555648795
flowthing.me 0.00023304591004427873 4.74493212836325
flush 0.00023304591004427873 4.74493212836325
flutter 0.00023304591004427873 3.6463198396951406
fn 0.0006991377301328362 4.051784947803305
focus 0.00023304591004427873 2.665490586683414
fogus 0.00046609182008855747 3.6463198396951406
foil 0.00046609182008855747 4.74493212836325
fold 0.00023304591004427873 3.6463198396951406
followed 0.00023304591004427873 1.8004931491968095
following 0.0006991377301328362 0.8131064956389242
foo 0.0023304591004427873 2.3470368555648795
for 0.0009321836401771149 0.5705448584676129
forbidden 0.00023304591004427873 4.74493212836325
force 0.00023304591004427873 2.3470368555648795
foreign 0.0006991377301328362 3.3586377672433594
form 0.0006991377301328362 0.7936884097818228
format 0.00023304591004427873 1.449095262358921
forms 0.0009321836401771149 1.5668782980153044
forum 0.00023304591004427873 2.7990219793079367
found 0.00023304591004427873 1.449095262358921
foundation 0.00046609182008855747 0.0
four 0.00023304591004427873 1.9723434061234688
fox 0.00023304591004427873 2.953172659135195
francis 0.00023304591004427873 3.3586377672433594
franz 0.00046609182008855747 3.1354942159291497
fred 0.00023304591004427873 3.3586377672433594
free 0.0011652295502213937 0.0
frequently 0.00023304591004427873 2.665490586683414
friends 0.00046609182008855747 3.3586377672433594
from 0.00023304591004427873 0.0
full 0.00046609182008855747 1.2185716037470886
fully 0.00023304591004427873 1.7004096906398272
function 0.0020974131903985084 0.7746402148111283
functional 0.0020974131903985084 1.2791962255635234
functions 0.0018643672803542299 0.7018808605286999
funding 0.0006991377301328362 3.6463198396951406
further 0.00023304591004427873 1.2185716037470886
futures 0.00023304591004427873 3.6463198396951406
g. 0.00023304591004427873 1.911718784307034
gabriel 0.00023304591004427873 3.1354942159291497
gambit 0.00046609182008855747 3.3586377672433594
gamble 0.00023304591004427873 3.6463198396951406
game 0.00023304591004427873 1.911718784307034
games 0.00023304591004427873 1.8545603704670854
gcl 0.00023304591004427873 3.3586377672433594
geek 0.00023304591004427873 4.051784947803305
gehtland 0.00023304591004427873 4.74493212836325
genera 0.00023304591004427873 3.3586377672433594
generalize 0.00023304591004427873 4.74493212836325
generate-unique-id 0.00023304591004427873 4.74493212836325
generator 0.00023304591004427873 2.03688192726104
gensym 0.00023304591004427873 4.051784947803305
gerald 0.00023304591004427873 2.953172659135195
germany 0.00023304591004427873 1.749199854809259
get 0.0016313213703099511 1.3437347467010947
getproperty 0.00023304591004427873 4.74493212836325
getting 0.00046609182008855747 2.7990219793079367
github 0.00023304591004427873 1.449095262358921
github.com 0.0037287345607084597 2.665490586683414
github.io 0.00023304591004427873 4.051784947803305
github.org 0.00023304591004427873 4.74493212836325
given 0.00023304591004427873 1.4127276181880462
gnd 0.00023304591004427873 2.1058747987479913
gnu 0.0011652295502213937 1.377636298376776
go 0.00046609182008855747 0.48225225132193467
goal 0.00023304591004427873 2.1058747987479913
goals 0.00023304591004427873 2.3470368555648795
goetz 0.0018643672803542299 4.051784947803305
google 0.00023304591004427873 1.911718784307034
google.com 0.0018643672803542299 4.74493212836325
gosling 0.0006991377301328362 3.6463198396951406
government 0.00023304591004427873 2.03688192726104
graalvm 0.00023304591004427873 4.74493212836325
gradual 0.00023304591004427873 4.051784947803305
graham 0.0009321836401771149 2.7990219793079367
grand 0.00023304591004427873 3.3586377672433594
greenblatt 0.00023304591004427873 3.3586377672433594
greenspun 0.00023304591004427873 3.3586377672433594
greg 0.00023304591004427873 2.7990219793079367
groovy 0.00023304591004427873 3.3586377672433594
ground 0.00023304591004427873 2.953172659135195
guide 0.00046609182008855747 1.16141318990714
guile 0.00046609182008855747 3.3586377672433594
guy 0.00046609182008855747 2.03688192726104
gwt 0.00023304591004427873 4.74493212836325
hal 0.00023304591004427873 2.26002547857525
half 0.00023304591004427873 2.26002547857525
halloway 0.0006991377301328362 4.74493212836325
handle 0.00023304591004427873 2.03688192726104
handler 0.00046609182008855747 2.665490586683414
hardware 0.00023304591004427873 1.4127276181880462
harlequin 0.00023304591004427873 3.3586377672433594
harmony 0.00023304591004427873 3.1354942159291497
hart 0.00023304591004427873 3.3586377672433594
harvey 0.00023304591004427873 3.1354942159291497
hashing 0.00023304591004427873 4.051784947803305
haskell 0.00023304591004427873 1.5668782980153044
helenius 0.00023304591004427873 4.74493212836325
hello 0.0006991377301328362 1.1340142157190256
helper 0.00023304591004427873 4.74493212836325
helplearn 0.00023304591004427873 0.0
helps 0.00023304591004427873 2.665490586683414
hererelated 0.00023304591004427873 0.0
hibernate 0.00023304591004427873 4.051784947803305
hickey 0.0074574691214169195 3.6463198396951406
hickeyfirst 0.00023304591004427873 4.74493212836325
hide 0.00023304591004427873 0.0
hierarchies 0.00023304591004427873 4.051784947803305
higginbotham 0.00023304591004427873 4.74493212836325
high-performance 0.00023304591004427873 2.7990219793079367
higher-order 0.0006991377301328362 2.5477075510270306
history 0.0018643672803542299 0.0
hodes 0.00023304591004427873 3.3586377672433594
hoff 0.00023304591004427873 4.74493212836325
homoiconic 0.00023304591004427873 4.051784947803305
homoiconicity 0.00046609182008855747 3.6463198396951406
hopl 0.00023304591004427873 3.1354942159291497
host 0.00023304591004427873 2.3470368555648795
hosted 0.00046609182008855747 2.4423470353692043
houser 0.00023304591004427873 4.74493212836325
how 0.00023304591004427873 1.749199854809259
htdp 0.00023304591004427873 3.3586377672433594
https 0.00023304591004427873 0.0
hu 0.00023304591004427873 4.74493212836325
hy 0.0006991377301328362 3.3586377672433594
hyperspec 0.00023304591004427873 3.3586377672433594
hölzle 0.00023304591004427873 3.6463198396951406
i.e. 0.00023304591004427873 2.1799827709017134
i1 0.0006991377301328362 3.6463198396951406
i2 0.0006991377301328362 4.051784947803305
icedtea 0.00023304591004427873 4.74493212836325
iconic 0.00023304591004427873 4.74493212836325
id 0.00023304591004427873 2.953172659135195
idea 0.00023304591004427873 2.3470368555648795
ideas 0.00023304591004427873 2.03688192726104
identifiers 0.00023304591004427873 1.1340142157190256
identifiersarticles 0.00046609182008855747 1.2185716037470886
identities 0.00023304591004427873 4.74493212836325
identity 0.0009321836401771149 2.7990219793079367
ides 0.00023304591004427873 2.5477075510270306
if 0.00023304591004427873 0.8947845266531914
iizuka 0.00023304591004427873 4.74493212836325
ikarus 0.00023304591004427873 3.3586377672433594
image 0.00023304591004427873 2.03688192726104
immutability 0.0006991377301328362 4.051784947803305
immutable 0.0009321836401771149 2.953172659135195
implementation 0.0009321836401771149 0.6844891178168307
implementations 0.0013982754602656724 1.3109449238781037
implementationsstandardizedcommonlisp 0.00023304591004427873 3.3586377672433594
important 0.00023304591004427873 1.5668782980153044
improved 0.00046609182008855747 1.9723434061234688
improvement 0.00023304591004427873 2.953172659135195
improvements 0.00046609182008855747 2.5477075510270306
improving 0.00023304591004427873 2.7990219793079367
in 0.0016313213703099511 0.3629054936893685
inc 0.0009321836401771149 3.1354942159291497
inc. 0.00046609182008855747 0.0
include 0.00046609182008855747 0.9162907318741551
included 0.00023304591004427873 1.1340142157190256
including 0.00023304591004427873 0.7375989431307791
incompatible 0.00023304591004427873 2.5477075510270306
incorporating 0.00023304591004427873 3.3586377672433594
increase 0.00023304591004427873 2.665490586683414
increased 0.00023304591004427873 2.7990219793079367
increment 0.00023304591004427873 2.5477075510270306
index.php 0.00023304591004427873 0.0
indicates 0.00023304591004427873 2.4423470353692043
industry 0.00023304591004427873 2.3470368555648795
influence 0.00023304591004427873 2.26002547857525
influenced 0.00023304591004427873 1.3109449238781037
infoq.com 0.00023304591004427873 4.74493212836325
informationcite 0.00023304591004427873 0.0
infoworld.com 0.00023304591004427873 4.74493212836325
initial 0.00023304591004427873 1.749199854809259
initially 0.00023304591004427873 1.7004096906398272
inline 0.00023304591004427873 1.749199854809259
input 0.00023304591004427873 1.0313600616589422
inside 0.00046609182008855747 1.5260563034950492
instance 0.0006991377301328362 1.449095262358921
instead 0.00023304591004427873 1.2484245668967697
institute 0.00023304591004427873 1.3437347467010947
integers 0.00023304591004427873 1.8545603704670854
integrates 0.00023304591004427873 4.051784947803305
integration 0.00046609182008855747 1.8004931491968095
intelligence 0.00046609182008855747 1.911718784307034
intellij 0.00023304591004427873 3.3586377672433594
intellij-based 0.00023304591004427873 4.74493212836325
intended 0.0006991377301328362 1.449095262358921
interactive 0.0009321836401771149 1.3437347467010947
interest 0.00023304591004427873 2.03688192726104
interface 0.0011652295502213937 0.9382696385929302
interface-like 0.00023304591004427873 4.74493212836325
interlisp 0.00046609182008855747 3.3586377672433594
internally 0.00023304591004427873 2.5477075510270306
interned 0.00023304591004427873 4.051784947803305
interop 0.00023304591004427873 3.6463198396951406
interoperability 0.0011652295502213937 3.1354942159291497
interoperable 0.00023304591004427873 4.051784947803305
interpretation 0.00046609182008855747 2.4423470353692043
interpreter 0.00046609182008855747 1.6094379124341003
interview 0.00023304591004427873 2.1058747987479913
introduced 0.00023304591004427873 1.1895840668738364
introduction 0.00046609182008855747 1.486835590341768
introspectable 0.00023304591004427873 4.74493212836325
inventor 0.00023304591004427873 2.953172659135195
invocation 0.00023304591004427873 2.4423470353692043
isbn 0.0030295968305756233 0.6673946844575306
islisp 0.00046609182008855747 3.3586377672433594
israel 0.00023304591004427873 1.3437347467010947
issue 0.00023304591004427873 2.26002547857525
issues 0.0006991377301328362 1.3437347467010947
it 0.0011652295502213937 0.18058393689541388
item 0.00023304591004427873 0.0
j 0.00023304591004427873 1.486835590341768
j9u 0.00023304591004427873 1.3437347467010947
jakarta 0.00023304591004427873 4.051784947803305
james 0.0006991377301328362 2.03688192726104
janet 0.00046609182008855747 4.74493212836325
janet-lang.org 0.00023304591004427873 4.74493212836325
jank 0.00046609182008855747 4.74493212836325
jank-lang.org 0.00023304591004427873 4.74493212836325
january 0.00046609182008855747 0.6673946844575306
java 0.008855744581682591 0.9162907318741551
java.io.writer 0.00046609182008855747 4.74493212836325
java.net 0.00023304591004427873 4.74493212836325
java.util.arraylist 0.00046609182008855747 4.74493212836325
java.util.hashmap 0.00046609182008855747 4.74493212836325
java.vm.version 0.00023304591004427873 4.74493212836325
javafx 0.00023304591004427873 4.051784947803305
javaone 0.00023304591004427873 4.051784947803305
javascript 0.0009321836401771149 1.449095262358921
javax.swing.joptionpane 0.00023304591004427873 4.74493212836325
jay 0.00023304591004427873 2.7990219793079367
jazelle 0.00023304591004427873 4.74493212836325
jeaye 0.00023304591004427873 4.74493212836325
jetbrains.com 0.00046609182008855747 4.74493212836325
jfli 0.00046609182008855747 4.74493212836325
jira 0.0006991377301328362 3.6463198396951406
jit 0.00023304591004427873 3.3586377672433594
jnlp 0.00023304591004427873 4.74493212836325
jobs 0.00023304591004427873 2.5477075510270306
joel 0.00023304591004427873 3.1354942159291497
john 0.0006991377301328362 1.2185716037470886
joker 0.00046609182008855747 4.74493212836325
joker-lang.org 0.00023304591004427873 4.74493212836325
jon 0.00023304591004427873 2.953172659135195
joy 0.00023304591004427873 3.3586377672433594
jr. 0.00046609182008855747 2.3470368555648795
jruby 0.00023304591004427873 4.051784947803305
jscheme 0.00023304591004427873 3.3586377672433594
jsf 0.00023304591004427873 4.74493212836325
json 0.00023304591004427873 3.1354942159291497
jsp 0.00023304591004427873 4.051784947803305
juan 0.00023304591004427873 4.051784947803305
julian 0.00023304591004427873 4.051784947803305
julie 0.00023304591004427873 3.3586377672433594
jump 0.00023304591004427873 0.0
june 0.0006991377301328362 0.7559480817989758
justin 0.00023304591004427873 4.051784947803305
juxt.pro 0.00046609182008855747 4.74493212836325
jvm 0.002796550920531345 3.3586377672433594
jython 0.00023304591004427873 3.6463198396951406
kathryn 0.00023304591004427873 4.051784947803305
kawa 0.00023304591004427873 3.1354942159291497
kelker 0.00023304591004427873 4.74493212836325
kent 0.00046609182008855747 3.1354942159291497
key 0.00023304591004427873 1.3437347467010947
keyboard 0.00023304591004427873 2.1799827709017134
keyword 0.00046609182008855747 1.6094379124341003
keywords 0.00023304591004427873 1.8545603704670854
kit 0.00023304591004427873 2.953172659135195
knowledge 0.00023304591004427873 1.911718784307034
known 0.00023304591004427873 1.1340142157190256
kotlin 0.00023304591004427873 1.9723434061234688
krill 0.00023304591004427873 4.051784947803305
krishnamurthi 0.00023304591004427873 3.3586377672433594
l 0.00023304591004427873 1.8004931491968095
l. 0.00046609182008855747 1.749199854809259
laboratories 0.00023304591004427873 2.7990219793079367
laboratory 0.00046609182008855747 1.911718784307034
labs 0.00023304591004427873 1.8004931491968095
language 0.0072244232113726405 0.0
languagefeatures 0.00023304591004427873 2.953172659135195
languages 0.0030295968305756233 0.0
languagesdynamically 0.00023304591004427873 3.1354942159291497
languagesextensible 0.00023304591004427873 4.051784947803305
languagesfunctional 0.00023304591004427873 2.3470368555648795
languageshigh-level 0.00023304591004427873 3.6463198396951406
languagesjvm 0.00023304591004427873 4.74493212836325
languageslisp 0.00023304591004427873 3.6463198396951406
languagesprogramming 0.00046609182008855747 0.9162907318741551
languagessoftware 0.00023304591004427873 3.6463198396951406
larceny 0.00023304591004427873 3.3586377672433594
large 0.00023304591004427873 1.4127276181880462
largest 0.00023304591004427873 2.7990219793079367
las3r 0.00023304591004427873 4.74493212836325
last 0.0009321836401771149 0.0
laz3r 0.00023304591004427873 4.74493212836325
lazy 0.00023304591004427873 2.4423470353692043
lccn 0.00023304591004427873 1.3109449238781037
le 0.00023304591004427873 3.3586377672433594
lead 0.00023304591004427873 2.3470368555648795
leak 0.00023304591004427873 3.6463198396951406
learn 0.00023304591004427873 0.0
legend 0.00023304591004427873 3.6463198396951406
leiningen 0.00023304591004427873 4.74493212836325
lelisp 0.00023304591004427873 3.3586377672433594
lending 0.00023304591004427873 4.74493212836325
leonardo 0.00023304591004427873 4.74493212836325
let 0.0009321836401771149 2.03688192726104
letters 0.00023304591004427873 2.3470368555648795
leveraging 0.00023304591004427873 4.74493212836325
levin 0.00023304591004427873 3.3586377672433594
lfe 0.0006991377301328362 3.3586377672433594
library 0.00023304591004427873 0.6844891178168307
license 0.00046609182008855747 0.0
licenseeclipse 0.00023304591004427873 4.74493212836325
licensefilename 0.00023304591004427873 3.3586377672433594
licensesource-to-source 0.00023304591004427873 3.6463198396951406
life 0.00023304591004427873 2.4423470353692043
like 0.0009321836401771149 0.5254244231871433
line 0.00046609182008855747 0.9382696385929302
linked 0.00023304591004427873 1.911718784307034
linking 0.00023304591004427873 3.3586377672433594
linkpage 0.00023304591004427873 0.0
links 0.0011652295502213937 0.0
linter 0.00023304591004427873 4.74493212836325
linux 0.00023304591004427873 1.1895840668738364
linuxjournal.com 0.00023304591004427873 4.051784947803305
lisp 0.013516662782568165 1.2185716037470886
lisp-1 0.00023304591004427873 4.051784947803305
lisp-friendly 0.00023304591004427873 4.74493212836325
lisplets 0.00046609182008855747 4.74493212836325
lisps 0.0011652295502213937 4.051784947803305
lispworks 0.00023304591004427873 3.3586377672433594
list 0.002563505010487066 0.5705448584676129
lists 0.0009321836401771149 1.1340142157190256
literal 0.00023304591004427873 2.4423470353692043
literals 0.00023304591004427873 2.3470368555648795
liutikov 0.00046609182008855747 4.74493212836325
llvm-based 0.00023304591004427873 4.051784947803305
loading 0.00023304591004427873 2.5477075510270306
log 0.00023304591004427873 0.0
logged 0.00023304591004427873 0.0
logic 0.00023304591004427873 1.7004096906398272
logo 0.00023304591004427873 2.5477075510270306
london 0.00046609182008855747 2.665490586683414
loop 0.00046609182008855747 1.377636298376776
looping 0.00023304591004427873 2.665490586683414
louis 0.00023304591004427873 2.953172659135195
lucid 0.00023304591004427873 3.1354942159291497
luckham 0.00023304591004427873 3.3586377672433594
luke 0.00023304591004427873 4.74493212836325
m-expressions 0.00023304591004427873 3.3586377672433594
machine 0.0016313213703099511 0.7375989431307791
macintosh 0.00023304591004427873 2.7990219793079367
maclisp 0.00046609182008855747 3.3586377672433594
macos 0.00023304591004427873 1.9723434061234688
macro 0.0016313213703099511 2.1799827709017134
macros 0.0013982754602656724 2.26002547857525
magazine 0.00023304591004427873 2.03688192726104
main 0.00046609182008855747 0.0
maintainedlatest 0.00023304591004427873 4.051784947803305
major 0.0006991377301328362 1.1073459686368643
makers 0.00023304591004427873 4.74493212836325
making 0.00023304591004427873 1.5668782980153044
management 0.0009321836401771149 1.1895840668738364
manager 0.00023304591004427873 1.9723434061234688
managing 0.00046609182008855747 3.1354942159291497
manipulating 0.00046609182008855747 3.6463198396951406
manning 0.00046609182008855747 3.6463198396951406
many 0.00023304591004427873 0.6673946844575306
map 0.002563505010487066 2.1799827709017134
maple 0.00023304591004427873 3.6463198396951406
maps 0.0006991377301328362 2.665490586683414
marc 0.00023304591004427873 2.7990219793079367
march 0.0013982754602656724 0.6673946844575306
martin 0.0013982754602656724 2.1058747987479913
masashi 0.00023304591004427873 4.74493212836325
massachusetts 0.00023304591004427873 1.8545603704670854
mastering 0.00023304591004427873 4.051784947803305
matthew 0.00023304591004427873 2.4423470353692043
matthias 0.00046609182008855747 2.953172659135195
maurício 0.00023304591004427873 4.74493212836325
maven 0.00023304591004427873 3.1354942159291497
maxine 0.00023304591004427873 4.74493212836325
may 0.00046609182008855747 0.0
mccarthy 0.00023304591004427873 2.4423470353692043
mcclim 0.00023304591004427873 3.3586377672433594
mdl 0.00046609182008855747 3.3586377672433594
me 0.00023304591004427873 3.3586377672433594
meaning 0.00023304591004427873 1.9723434061234688
media 0.00023304591004427873 1.5668782980153044
meetup 0.00023304591004427873 4.74493212836325
meier 0.00023304591004427873 4.74493212836325
member 0.00023304591004427873 2.1058747987479913
memory 0.0011652295502213937 1.0313600616589422
mentioned 0.00023304591004427873 4.051784947803305
mertz 0.00023304591004427873 4.74493212836325
message 0.00023304591004427873 0.6844891178168307
meta 0.00023304591004427873 2.953172659135195
metacpan.org 0.00023304591004427873 4.74493212836325
metadata 0.00023304591004427873 2.5477075510270306
method 0.0006991377301328362 1.449095262358921
michael 0.00046609182008855747 1.3109449238781037
michiel 0.00023304591004427873 4.74493212836325
micro 0.00023304591004427873 2.1058747987479913
microcontrollers 0.00023304591004427873 3.6463198396951406
microsystems 0.0006991377301328362 3.1354942159291497
mid-2000 0.00023304591004427873 4.74493212836325
midlets 0.00023304591004427873 4.74493212836325
mike 0.00023304591004427873 1.911718784307034
miller 0.003495688650664181 2.7990219793079367
minutes 0.00023304591004427873 3.1354942159291497
mit 0.0009321836401771149 1.377636298376776
mitchel 0.00023304591004427873 3.1354942159291497
ml 0.00023304591004427873 1.486835590341768
mlisp 0.00023304591004427873 3.3586377672433594
mobile 0.00046609182008855747 0.0
mocl 0.00023304591004427873 3.3586377672433594
mode 0.00023304591004427873 1.911718784307034
modelling 0.00023304591004427873 3.6463198396951406
models 0.00023304591004427873 1.8004931491968095
modern 0.00023304591004427873 1.486835590341768
modifies 0.00023304591004427873 4.051784947803305
modules 0.00023304591004427873 1.911718784307034
monroe 0.00023304591004427873 4.74493212836325
months 0.00023304591004427873 1.7004096906398272
moon 0.00023304591004427873 3.3586377672433594
more 0.00046609182008855747 0.0
morris 0.00023304591004427873 2.953172659135195
moses 0.00023304591004427873 3.3586377672433594
mostly 0.00023304591004427873 1.9723434061234688
move 0.00023304591004427873 0.0
movitz 0.00023304591004427873 3.3586377672433594
msdn.com 0.00023304591004427873 4.74493212836325
mswlogo 0.00023304591004427873 3.3586377672433594
much 0.00023304591004427873 1.2484245668967697
multilisp 0.00023304591004427873 3.3586377672433594
multimethods 0.00046609182008855747 3.6463198396951406
music 0.00023304591004427873 2.4423470353692043
must 0.00023304591004427873 1.2185716037470886
mutable 0.00023304591004427873 3.3586377672433594
myapp 0.00023304591004427873 4.051784947803305
n 0.0020974131903985084 1.377636298376776
name 0.0011652295502213937 0.8131064956389242
named 0.00046609182008855747 1.16141318990714
names 0.0009321836401771149 1.5260563034950492
namespace 0.0013982754602656724 2.665490586683414
namespace-qualified 0.00046609182008855747 4.74493212836325
nasa 0.00023304591004427873 3.6463198396951406
national 0.00023304591004427873 0.9162907318741551
native 0.00046609182008855747 1.3437347467010947
natively 0.00023304591004427873 2.4423470353692043
naughton 0.00023304591004427873 4.74493212836325
navigation 0.00023304591004427873 0.0
need 0.00023304591004427873 1.377636298376776
neovim 0.0009321836401771149 4.74493212836325
netflix 0.00046609182008855747 4.051784947803305
netlogo 0.00023304591004427873 3.3586377672433594
new 0.0016313213703099511 0.5860490450035782
newlisp 0.00023304591004427873 3.3586377672433594
newman 0.00023304591004427873 3.3586377672433594
next 0.00023304591004427873 1.3437347467010947
nikita 0.00046609182008855747 4.74493212836325
nil 0.002563505010487066 2.665490586683414
nitems 0.0011652295502213937 4.74493212836325
niters 0.00046609182008855747 4.74493212836325
no 0.00023304591004427873 1.3437347467010947
nobody 0.00023304591004427873 4.051784947803305
nolen 0.00046609182008855747 4.74493212836325
non-commercial 0.00023304591004427873 3.3586377672433594
non-java 0.0006991377301328362 4.74493212836325
non-profit 0.00023304591004427873 0.0
noprint 0.00046609182008855747 4.74493212836325
normal 0.00023304591004427873 1.8545603704670854
norte-americana 0.00023304591004427873 4.74493212836325
not 0.00023304591004427873 1.4127276181880462
notable 0.00023304591004427873 1.8004931491968095
notation 0.0006991377301328362 2.03688192726104
ns 0.00023304591004427873 3.6463198396951406
ns-publics 0.00023304591004427873 4.74493212836325
nth 0.00046609182008855747 4.051784947803305
nthreads 0.00046609182008855747 4.74493212836325
nubank 0.00046609182008855747 4.74493212836325
null-like 0.00023304591004427873 4.74493212836325
num 0.0006991377301328362 3.6463198396951406
number 0.00046609182008855747 0.8947845266531914
numbers 0.0006991377301328362 1.2185716037470886
numerator 0.00046609182008855747 4.74493212836325
numeric 0.00023304591004427873 1.9723434061234688
nurullah 0.00023304591004427873 4.74493212836325
nvecs 0.0009321836401771149 4.74493212836325
o 0.00023304591004427873 1.1895840668738364
object 0.0009321836401771149 0.7746402148111283
objects 0.00046609182008855747 1.16141318990714
occur 0.00023304591004427873 2.03688192726104
october 0.00046609182008855747 0.7746402148111283
official 0.0006991377301328362 0.8737311174553593
old 0.00023304591004427873 2.1799827709017134
oldid=1144765245 0.00023304591004427873 4.74493212836325
oli.me.uk 0.00023304591004427873 4.74493212836325
oliver 0.00046609182008855747 3.6463198396951406
olsen 0.00023304591004427873 4.051784947803305
om 0.0006991377301328362 4.74493212836325
on 0.00023304591004427873 0.49643688631389105
one 0.0023304591004427873 0.454472687214859
online 0.00046609182008855747 1.8004931491968095
open 0.00023304591004427873 1.0813704822336037
open-source 0.00023304591004427873 1.1340142157190256
openjdk 0.00023304591004427873 4.051784947803305
openlisp 0.00046609182008855747 3.3586377672433594
operate 0.00046609182008855747 2.7990219793079367
operating 0.00046609182008855747 1.0072625100798818
operators 0.00046609182008855747 1.2484245668967697
optimization 0.00023304591004427873 2.1799827709017134
optimizing 0.00023304591004427873 3.1354942159291497
optional 0.00023304591004427873 1.6094379124341003
oracle 0.00046609182008855747 2.4423470353692043
oracle.com 0.00023304591004427873 4.74493212836325
oreilly.com 0.00046609182008855747 4.74493212836325
organization 0.00023304591004427873 0.0
organizations 0.00023304591004427873 2.3470368555648795
organizationsbusiness 0.00023304591004427873 2.953172659135195
oriented 0.00023304591004427873 1.8004931491968095
original 0.0011652295502213937 0.38822330167365837
originally 0.00023304591004427873 0.9607424944449889
other 0.00046609182008855747 1.1073459686368643
others 0.00023304591004427873 1.486835590341768
output 0.00023304591004427873 1.0813704822336037
outside 0.00023304591004427873 1.9723434061234688
overview 0.0006991377301328362 1.5668782980153044
oxygene 0.00023304591004427873 2.5477075510270306
p. 0.00046609182008855747 1.0313600616589422
pack200 0.00023304591004427873 4.74493212836325
package 0.00023304591004427873 1.5260563034950492
packagecontrol.io 0.00023304591004427873 4.74493212836325
packt 0.0006991377301328362 4.74493212836325
page 0.0006991377301328362 0.0
pagecontentscurrent 0.00023304591004427873 0.0
pages 0.00023304591004427873 0.0
pagespermanent 0.00023304591004427873 0.0
pagewikidata 0.00023304591004427873 0.0
papert 0.00023304591004427873 3.1354942159291497
parallel 0.00046609182008855747 1.8004931491968095
parameters 0.00023304591004427873 1.2791962255635234
park 0.00023304591004427873 2.7990219793079367
parsed 0.00023304591004427873 4.051784947803305
part 0.0006991377301328362 0.7936884097818228
partition-all 0.00023304591004427873 4.74493212836325
parts 0.00023304591004427873 1.9723434061234688
passes 0.00023304591004427873 2.665490586683414
patrick 0.00023304591004427873 2.7990219793079367
paul 0.0011652295502213937 1.6538896750049343
paulus 0.00023304591004427873 4.74493212836325
pc-lisp 0.00046609182008855747 3.3586377672433594
pcalls 0.00023304591004427873 4.74493212836325
pdf 0.00023304591004427873 0.6505875661411494
pdfprintable 0.00023304591004427873 0.0
pearson 0.00023304591004427873 4.051784947803305
people 0.00046609182008855747 1.377636298376776
perform 0.00023304591004427873 1.5260563034950492
performance 0.00023304591004427873 1.486835590341768
perl 0.00046609182008855747 1.5668782980153044
persistent 0.00023304591004427873 2.5477075510270306
person 0.00023304591004427873 2.4423470353692043
personal 0.00023304591004427873 0.0
peter 0.00023304591004427873 1.5668782980153044
philip 0.00023304591004427873 2.3470368555648795
phillips 0.00023304591004427873 4.051784947803305
philosophy 0.00046609182008855747 3.3586377672433594
phyllis 0.00023304591004427873 3.3586377672433594
picolisp 0.00046609182008855747 3.3586377672433594
pipeline 0.00023304591004427873 2.5477075510270306
piping 0.00023304591004427873 3.6463198396951406
pither 0.00023304591004427873 4.74493212836325
pitman 0.00023304591004427873 3.3586377672433594
pixie 0.0009321836401771149 4.74493212836325
pixielang.org 0.00046609182008855747 4.74493212836325
placed 0.00023304591004427873 2.26002547857525
platform 0.0030295968305756233 1.0560526742493137
platforms 0.0016313213703099511 1.3437347467010947
play 0.00023304591004427873 2.3470368555648795
player 0.00023304591004427873 2.665490586683414
plt 0.00023304591004427873 3.6463198396951406
plug-ins 0.00023304591004427873 3.6463198396951406
plugin 0.00023304591004427873 2.4423470353692043
plus 0.00046609182008855747 2.1799827709017134
pocket 0.00023304591004427873 2.953172659135195
poetry 0.00023304591004427873 4.051784947803305
point 0.00046609182008855747 1.1340142157190256
policy 0.00046609182008855747 0.0
polymorphism 0.00046609182008855747 2.3470368555648795
pope 0.00023304591004427873 4.74493212836325
poplog 0.00023304591004427873 3.1354942159291497
popular 0.00046609182008855747 1.5668782980153044
popularity 0.00023304591004427873 2.26002547857525
port 0.00023304591004427873 2.4423470353692043
portable 0.00023304591004427873 1.749199854809259
portal 0.00046609182008855747 1.486835590341768
portalcomputer 0.00023304591004427873 4.74493212836325
portalrecent 0.00023304591004427873 0.0
ported 0.00023304591004427873 2.03688192726104
porting 0.00023304591004427873 3.3586377672433594
positions 0.00023304591004427873 2.953172659135195
possible 0.0006991377301328362 1.3109449238781037
practical 0.0006991377301328362 2.26002547857525
practicetechnical 0.00023304591004427873 3.3586377672433594
pragmatic 0.0011652295502213937 3.6463198396951406
prepared 0.00023304591004427873 4.051784947803305
prepl 0.00046609182008855747 4.74493212836325
press 0.00023304591004427873 1.4127276181880462
prevent 0.00023304591004427873 2.4423470353692043
preview 0.00023304591004427873 2.26002547857525
price 0.00023304591004427873 3.6463198396951406
primary 0.00023304591004427873 1.5260563034950492
primitive 0.00023304591004427873 2.1799827709017134
principle 0.00023304591004427873 3.1354942159291497
print 0.0006991377301328362 0.0
printing 0.00023304591004427873 3.1354942159291497
println 0.0006991377301328362 4.74493212836325
prints 0.00023304591004427873 2.4423470353692043
privacy 0.00046609182008855747 0.0
prn 0.00023304591004427873 4.051784947803305
problem 0.00023304591004427873 1.3109449238781037
proceedings 0.00023304591004427873 1.2791962255635234
process 0.0011652295502213937 1.0313600616589422
processed 0.00023304591004427873 2.7990219793079367
processing 0.00023304591004427873 0.9382696385929302
program 0.00023304591004427873 0.4682660093471948
programbydesign 0.00023304591004427873 3.3586377672433594
programmers 0.00023304591004427873 1.5260563034950492
programming 0.008622698671638312 0.0
programs 0.0011652295502213937 0.6340582641899388
progression-of-time 0.00023304591004427873 4.74493212836325
project 0.0009321836401771149 0.8329091229351039
projects 0.00046609182008855747 1.3109449238781037
prokopov 0.00046609182008855747 4.74493212836325
prolog 0.00023304591004427873 1.8004931491968095
promoted 0.00023304591004427873 2.953172659135195
pronunciation 0.00023304591004427873 3.6463198396951406
protocol 0.00023304591004427873 2.5477075510270306
protocols 0.00046609182008855747 3.3586377672433594
provide 0.00023304591004427873 0.9382696385929302
provided 0.00023304591004427873 1.0560526742493137
provides 0.0009321836401771149 0.9162907318741551
providing 0.00046609182008855747 1.8004931491968095
proxy 0.00023304591004427873 3.6463198396951406
public 0.0006991377301328362 1.1073459686368643
publicly 0.00046609182008855747 2.1058747987479913
publishing 0.0009321836401771149 1.911718784307034
puppet 0.00046609182008855747 4.051784947803305
puppet.com 0.00023304591004427873 4.74493212836325
pure 0.00023304591004427873 2.1058747987479913
purpose 0.00023304591004427873 1.911718784307034
python 0.00023304591004427873 1.377636298376776
q 0.00023304591004427873 2.03688192726104
qualifies 0.00023304591004427873 4.74493212836325
question 0.00023304591004427873 2.5477075510270306
questions 0.00046609182008855747 2.26002547857525
quote 0.0013982754602656724 2.665490586683414
r. 0.00023304591004427873 1.3109449238781037
r5rs 0.00023304591004427873 3.6463198396951406
r6rs 0.00023304591004427873 3.6463198396951406
r7rs 0.00023304591004427873 3.6463198396951406
racket 0.0006991377301328362 2.953172659135195
radar 0.0006991377301328362 2.7990219793079367
ramachandra 0.00023304591004427873 4.74493212836325
ramkumar 0.00023304591004427873 4.74493212836325
rand-int 0.0009321836401771149 4.74493212836325
random 0.00046609182008855747 2.1058747987479913
range 0.0006991377301328362 1.7004096906398272
ranked 0.00023304591004427873 3.3586377672433594
rathore 0.00023304591004427873 4.74493212836325
rationale 0.00023304591004427873 3.3586377672433594
re-frame 0.00046609182008855747 4.74493212836325
reach 0.00023304591004427873 3.6463198396951406
react 0.00046609182008855747 4.051784947803305
reactive 0.00023304591004427873 3.3586377672433594
readeditview 0.00046609182008855747 0.0
reader 0.002796550920531345 2.4423470353692043
reading 0.00046609182008855747 1.16141318990714
read–eval–print 0.00046609182008855747 3.3586377672433594
reagent 0.00046609182008855747 4.74493212836325
realtime 0.00023304591004427873 4.051784947803305
recent 0.00023304591004427873 1.9723434061234688
recipes 0.00023304591004427873 4.051784947803305
recommended 0.00023304591004427873 2.953172659135195
records 0.00023304591004427873 1.8004931491968095
recur 0.00023304591004427873 4.74493212836325
recursion 0.00046609182008855747 2.1799827709017134
redinger 0.00023304591004427873 4.74493212836325
reducers 0.00023304591004427873 4.051784947803305
ref 0.00023304591004427873 3.3586377672433594
reference 0.00046609182008855747 0.9607424944449889
references 0.00023304591004427873 0.02643325706815543
refs 0.00023304591004427873 4.74493212836325
registered 0.00023304591004427873 0.0
regression 0.00023304591004427873 4.74493212836325
reify 0.00023304591004427873 4.74493212836325
reilly 0.00023304591004427873 2.1799827709017134
relatively 0.00023304591004427873 2.3470368555648795
release 0.002796550920531345 0.8737311174553593
release1.11.1 0.00023304591004427873 4.74493212836325
released 0.00046609182008855747 1.0072625100798818
releasing 0.00023304591004427873 3.1354942159291497
relying 0.00023304591004427873 3.3586377672433594
rem 0.0023304591004427873 4.051784947803305
remainder 0.0013982754602656724 3.1354942159291497
repeat 0.00023304591004427873 2.5477075510270306
repeatedly 0.00023304591004427873 3.3586377672433594
repl 0.0020974131903985084 3.1354942159291497
repl.it 0.00046609182008855747 4.74493212836325
replacing 0.00023304591004427873 2.5477075510270306
report 0.0011652295502213937 1.377636298376776
reporting 0.00046609182008855747 2.665490586683414
represent 0.00023304591004427873 2.4423470353692043
represented 0.00023304591004427873 1.9723434061234688
requests 0.00023304591004427873 2.953172659135195
resnick 0.00023304591004427873 3.1354942159291497
respectively—three 0.00023304591004427873 4.74493212836325
respondents 0.0006991377301328362 4.74493212836325
restricted 0.00023304591004427873 2.1058747987479913
result 0.00023304591004427873 1.0072625100798818
results 0.0009321836401771149 1.486835590341768
retrieved 0.016779305523188067 0.0
returns 0.0013982754602656724 2.03688192726104
rhine 0.00046609182008855747 4.74493212836325
rhino 0.00023304591004427873 3.6463198396951406
rich 0.006292239571195526 2.26002547857525
richard 0.0006991377301328362 1.5668782980153044
robert 0.0016313213703099511 1.6094379124341003
robust 0.00023304591004427873 2.7990219793079367
rochester 0.00046609182008855747 4.051784947803305
rocks 0.00023304591004427873 4.74493212836325
rolling 0.00023304591004427873 4.74493212836325
roman 0.0006991377301328362 4.74493212836325
rose 0.0006991377301328362 4.051784947803305
rouge 0.00046609182008855747 4.74493212836325
rpl 0.00023304591004427873 3.3586377672433594
rpython 0.00023304591004427873 4.74493212836325
rscheme 0.00023304591004427873 3.3586377672433594
ruby 0.00046609182008855747 1.749199854809259
rule 0.00023304591004427873 1.749199854809259
rum 0.00046609182008855747 4.74493212836325
run 0.0009321836401771149 0.7936884097818228
runs 0.0006991377301328362 1.749199854809259
runtime 0.0011652295502213937 1.2185716037470886
russ 0.00023304591004427873 4.74493212836325
russell 0.00023304591004427873 2.953172659135195
rust 0.00023304591004427873 1.749199854809259
ryan 0.00023304591004427873 3.3586377672433594
s-1 0.00023304591004427873 3.3586377672433594
s-expressions 0.00046609182008855747 3.3586377672433594
s2cid 0.00023304591004427873 1.377636298376776
sbcl 0.00023304591004427873 3.1354942159291497
scala 0.00023304591004427873 2.5477075510270306
scale 0.00023304591004427873 3.1354942159291497
scheme 0.002796550920531345 2.5477075510270306
science 0.00023304591004427873 0.9382696385929302
scm 0.00023304591004427873 3.1354942159291497
scott 0.00023304591004427873 2.665490586683414
screeners 0.00023304591004427873 4.74493212836325
script 0.00023304591004427873 1.7004096906398272
scripting 0.00023304591004427873 1.486835590341768
scsh 0.00023304591004427873 3.3586377672433594
sdk 0.00023304591004427873 2.953172659135195
se 0.00023304591004427873 4.051784947803305
search 0.00023304591004427873 0.0
see 0.0006991377301328362 0.44086703515908027
seen 0.00023304591004427873 2.1799827709017134
selects 0.00023304591004427873 3.1354942159291497
self-contained 0.00023304591004427873 2.953172659135195
self-hosting 0.00023304591004427873 2.953172659135195
semantics 0.00023304591004427873 1.449095262358921
sent 0.00023304591004427873 2.4423470353692043
september 0.00023304591004427873 0.9162907318741551
sequence 0.00023304591004427873 1.8545603704670854
sequences 0.00046609182008855747 2.665490586683414
sequential 0.00023304591004427873 2.4423470353692043
serial 0.00023304591004427873 3.1354942159291497
serialisation 0.00023304591004427873 4.74493212836325
serialize 0.00023304591004427873 4.051784947803305
series 0.00046609182008855747 1.486835590341768
server 0.00023304591004427873 1.5260563034950492
services 0.00023304591004427873 1.3437347467010947
servlets 0.00046609182008855747 3.6463198396951406
set 0.00046609182008855747 0.6844891178168307
sets 0.0006991377301328362 1.6094379124341003
several 0.00023304591004427873 0.7195804376281008
seymour 0.00023304591004427873 3.1354942159291497
shared 0.00023304591004427873 1.7004096906398272
short 0.00023304591004427873 0.42744401482693967
show 0.00023304591004427873 2.1799827709017134
showmessagedialog 0.00023304591004427873 4.74493212836325
shown 0.00023304591004427873 1.7004096906398272
shrago 0.00023304591004427873 4.74493212836325
shriram 0.00023304591004427873 2.953172659135195
sicp 0.00023304591004427873 3.3586377672433594
side-effect-based 0.00023304591004427873 4.74493212836325
sidebar 0.00046609182008855747 0.0
sierra 0.00023304591004427873 4.051784947803305
significant 0.00023304591004427873 1.377636298376776
silence 0.00023304591004427873 4.74493212836325
silenced 0.00023304591004427873 4.74493212836325
similar 0.0009321836401771149 0.9382696385929302
similar-sounding 0.00023304591004427873 4.74493212836325
simon 0.00023304591004427873 2.7990219793079367
simple 0.0006991377301328362 1.1340142157190256
simplicity 0.00046609182008855747 2.953172659135195
since 0.0009321836401771149 0.9162907318741551
siod 0.00023304591004427873 3.3586377672433594
site 0.00023304591004427873 0.0
size 0.00023304591004427873 1.8545603704670854
skill 0.00023304591004427873 3.1354942159291497
small 0.00046609182008855747 0.9162907318741551
snyk 0.00023304591004427873 4.74493212836325
snyk.io 0.00023304591004427873 4.74493212836325
sobering 0.00023304591004427873 4.74493212836325
socket 0.00023304591004427873 3.6463198396951406
software 0.0018643672803542299 0.37548427589622857
softwarearticles 0.00023304591004427873 4.74493212836325
softwarecross-platform 0.00023304591004427873 3.3586377672433594
softwaredynamic 0.00023304591004427873 3.3586377672433594
solomon 0.00023304591004427873 3.3586377672433594
some 0.00023304591004427873 1.449095262358921
sotnikov 0.00023304591004427873 4.74493212836325
sought 0.00023304591004427873 4.051784947803305
source 0.0009321836401771149 0.6673946844575306
sourceforge.net 0.0006991377301328362 3.6463198396951406
space-cadet 0.00023304591004427873 3.3586377672433594
spec 0.00046609182008855747 2.953172659135195
spec.alpha 0.00023304591004427873 4.74493212836325
special 0.00023304591004427873 1.2791962255635234
spent 0.00023304591004427873 3.3586377672433594
spice 0.00023304591004427873 3.3586377672433594
spring 0.00023304591004427873 3.6463198396951406
squawk 0.00023304591004427873 4.74493212836325
srpskisuomisvenskatürkçeукраїнська粵語中文 0.00023304591004427873 4.74493212836325
stable 0.0006991377301328362 0.9162907318741551
stack 0.00023304591004427873 1.5668782980153044
stallman 0.00023304591004427873 2.7990219793079367
standard 0.0006991377301328362 0.7018808605286999
standards 0.00023304591004427873 1.6538896750049343
stanford 0.00023304591004427873 2.4423470353692043
starch 0.00023304591004427873 3.6463198396951406
starlogo 0.00023304591004427873 3.1354942159291497
start 0.00023304591004427873 1.5668782980153044
started 0.00046609182008855747 1.4127276181880462
starts 0.00023304591004427873 2.4423470353692043
state 0.0020974131903985084 1.4127276181880462
statement 0.00023304591004427873 0.0
states 0.0011652295502213937 1.0313600616589422
static 0.00046609182008855747 1.377636298376776
statistics 0.00023304591004427873 0.0
status 0.00023304591004427873 2.1799827709017134
steel 0.00023304591004427873 3.1354942159291497
steele 0.00046609182008855747 2.953172659135195
steve 0.00023304591004427873 2.4423470353692043
stewardship 0.00023304591004427873 4.74493212836325
still 0.00023304591004427873 1.1895840668738364
storage 0.00023304591004427873 1.5668782980153044
stories 0.00023304591004427873 2.953172659135195
string 0.00023304591004427873 1.0813704822336037
strings 0.00023304591004427873 1.6538896750049343
strong 0.00046609182008855747 1.911718784307034
structure 0.00046609182008855747 1.2791962255635234
structures 0.0020974131903985084 1.16141318990714
struts 0.00023304591004427873 3.6463198396951406
strömberg 0.00023304591004427873 4.74493212836325
stuart 0.0009321836401771149 3.6463198396951406
studio 0.00023304591004427873 1.7004096906398272
subclass 0.00023304591004427873 4.051784947803305
sublime 0.00023304591004427873 4.051784947803305
sublimed 0.00046609182008855747 4.74493212836325
submit 0.00023304591004427873 4.051784947803305
subsection 0.00046609182008855747 0.7195804376281008
subset 0.00046609182008855747 2.03688192726104
success 0.00023304591004427873 2.7990219793079367
sun 0.0009321836401771149 2.5477075510270306
superset 0.00023304591004427873 2.26002547857525
support 0.0018643672803542299 0.5254244231871433
supported 0.00023304591004427873 0.9382696385929302
supports 0.0013982754602656724 0.8531118302526235
survey 0.0011652295502213937 3.1354942159291497
sussman 0.00046609182008855747 3.3586377672433594
swap 0.0006991377301328362 3.6463198396951406
swaps 0.00023304591004427873 3.6463198396951406
swing 0.00023304591004427873 4.74493212836325
symbiotic 0.00023304591004427873 4.74493212836325
symbol 0.00046609182008855747 1.8545603704670854
symbolics 0.00046609182008855747 3.3586377672433594
symbols 0.0009321836401771149 1.911718784307034
syntactic 0.00023304591004427873 1.911718784307034
syntactically 0.00023304591004427873 3.3586377672433594
syntax 0.0013982754602656724 0.5552773863368246
system 0.002796550920531345 0.21233263520999412
systems 0.00023304591004427873 0.540239508972284
szabo 0.00023304591004427873 4.74493212836325
t 0.00046609182008855747 1.8545603704670854
table 0.00046609182008855747 0.0
tag 0.00023304591004427873 2.665490586683414
tagged 0.00023304591004427873 3.1354942159291497
tags 0.00023304591004427873 2.7990219793079367
tail 0.0006991377301328362 3.3586377672433594
tappan 0.00023304591004427873 3.3586377672433594
target 0.00023304591004427873 1.8004931491968095
targets 0.00023304591004427873 2.953172659135195
team 0.0006991377301328362 1.6538896750049343
technologies 0.0006991377301328362 1.7004096906398272
technology 0.0009321836401771149 0.7936884097818228
tecnologia 0.00023304591004427873 4.74493212836325
tensegritics 0.00023304591004427873 4.74493212836325
termed 0.00023304591004427873 2.5477075510270306
terms 0.0006991377301328362 0.0
text 0.0006991377301328362 0.0
the 0.003495688650664181 0.035401927050916
thenewstack.io 0.00023304591004427873 4.74493212836325
these 0.00023304591004427873 1.16141318990714
thesis 0.00023304591004427873 2.4423470353692043
third-party 0.00023304591004427873 2.4423470353692043
this 0.0011652295502213937 0.0
though 0.00046609182008855747 1.5668782980153044
thoughtworks 0.0006991377301328362 4.74493212836325
thoughtworks.com 0.00046609182008855747 4.74493212836325
thread 0.00023304591004427873 2.665490586683414
thread-safe 0.00046609182008855747 4.74493212836325
threading 0.00046609182008855747 4.051784947803305
threads 0.00023304591004427873 2.4423470353692043
three 0.00023304591004427873 1.1895840668738364
thus 0.00023304591004427873 1.0313600616589422
ti 0.00023304591004427873 2.7990219793079367
ticket 0.00023304591004427873 4.051784947803305
tim 0.00023304591004427873 4.051784947803305
time 0.0009321836401771149 0.6673946844575306
timeline 0.00023304591004427873 1.486835590341768
timothy 0.0009321836401771149 3.1354942159291497
tinyscheme 0.00023304591004427873 3.3586377672433594
title 0.00023304591004427873 0.0
title=clojure 0.00023304591004427873 4.74493212836325
tmp 0.00046609182008855747 4.051784947803305
to 0.00023304591004427873 1.0072625100798818
toggle 0.0011652295502213937 0.0
tom 0.00023304591004427873 1.9723434061234688
tooling 0.00046609182008855747 4.051784947803305
tools 0.0023304591004427873 0.0
top 0.0006991377301328362 0.0
toplink 0.00023304591004427873 4.74493212836325
torre 0.00023304591004427873 4.74493212836325
trademark 0.00023304591004427873 0.0
traditionally 0.00023304591004427873 2.7990219793079367
transactional 0.0009321836401771149 3.6463198396951406
transactions 0.00046609182008855747 2.953172659135195
transducers 0.0018643672803542299 4.74493212836325
transduction 0.00023304591004427873 4.74493212836325
transfer 0.00023304591004427873 2.665490586683414
transformation 0.00046609182008855747 2.3470368555648795
transformations 0.00046609182008855747 2.665490586683414
transition 0.00023304591004427873 2.665490586683414
treats 0.00023304591004427873 3.6463198396951406
tree 0.00023304591004427873 2.3470368555648795
triage 0.00023304591004427873 4.74493212836325
true 0.0009321836401771149 1.449095262358921
turning 0.00023304591004427873 3.1354942159291497
tutkain 0.00046609182008855747 4.74493212836325
twitch.tv 0.0006991377301328362 4.74493212836325
twitter 0.0009321836401771149 3.6463198396951406
twitter.com 0.0009321836401771149 4.74493212836325
two 0.0006991377301328362 0.6844891178168307
type 0.0009321836401771149 0.6505875661411494
typed 0.00023304591004427873 1.16141318990714
types 0.00046609182008855747 0.7375989431307791
typical 0.00023304591004427873 2.665490586683414
typically 0.00023304591004427873 1.486835590341768
typing 0.0006991377301328362 0.7936884097818228
ucblogo 0.00023304591004427873 3.3586377672433594
unble 0.00023304591004427873 4.74493212836325
unintended 0.00046609182008855747 4.74493212836325
unique 0.00046609182008855747 2.1799827709017134
united 0.00023304591004427873 1.0560526742493137
university 0.00046609182008855747 0.8947845266531914
unlike 0.00023304591004427873 1.6538896750049343
unstandardizedlogo 0.00023304591004427873 3.3586377672433594
urs 0.00023304591004427873 3.6463198396951406
usdonate 0.00023304591004427873 0.0
use 0.0009321836401771149 0.0
used 0.0013982754602656724 0.19105523676270922
user 0.003495688650664181 0.8131064956389242
user-defined 0.00023304591004427873 1.8004931491968095
user.clj 0.00023304591004427873 4.74493212836325
uses 0.0009321836401771149 0.7746402148111283
using 0.0023304591004427873 0.0
utc 0.00023304591004427873 0.0
v 0.0006991377301328362 4.051784947803305
v1 0.0006991377301328362 4.051784947803305
v2 0.0006991377301328362 3.3586377672433594
value 0.0009321836401771149 0.9382696385929302
values 0.0006991377301328362 0.9837320126696876
van 0.00023304591004427873 2.1058747987479913
vanderhart 0.00023304591004427873 4.74493212836325
vandgrift 0.00023304591004427873 4.74493212836325
var 0.0011652295502213937 2.26002547857525
variable 0.00023304591004427873 1.0072625100798818
vars 0.00023304591004427873 4.74493212836325
vec 0.00023304591004427873 4.051784947803305
vec-refs 0.0013982754602656724 4.74493212836325
vectors 0.0013982754602656724 2.665490586683414
version 0.0013982754602656724 0.0
versionfuture 0.00023304591004427873 4.051784947803305
versionlatest 0.00023304591004427873 4.051784947803305
versionolder 0.00023304591004427873 4.051784947803305
via 0.00023304591004427873 1.0313600616589422
view 0.00023304591004427873 0.0
vim 0.00046609182008855747 3.6463198396951406
vim-iced 0.00046609182008855747 4.74493212836325
vim.org 0.00023304591004427873 4.74493212836325
vim8 0.00023304591004427873 4.74493212836325
virtual 0.0009321836401771149 1.1340142157190256
visible 0.00023304591004427873 2.5477075510270306
visual 0.0006991377301328362 0.9837320126696876
visualstudio.com 0.00046609182008855747 4.74493212836325
vm 0.00046609182008855747 2.5477075510270306
vtejava 0.00023304591004427873 4.74493212836325
vtelisp 0.00023304591004427873 3.3586377672433594
w 0.00023304591004427873 0.0
wally 0.00023304591004427873 3.3586377672433594
walmart 0.00046609182008855747 4.051784947803305
wanted 0.00023304591004427873 2.665490586683414
warrants 0.00023304591004427873 4.74493212836325
way 0.00023304591004427873 0.9162907318741551
web 0.00046609182008855747 0.9382696385929302
website 0.00023304591004427873 0.9837320126696876
websiteclojure.orginfluenced 0.00023304591004427873 4.74493212836325
wei 0.00023304591004427873 4.74493212836325
weinreb 0.00023304591004427873 3.3586377672433594
well 0.00023304591004427873 1.16141318990714
well-defined 0.00023304591004427873 2.953172659135195
western 0.00023304591004427873 3.6463198396951406
what 0.00046609182008855747 0.0
when 0.00023304591004427873 1.16141318990714
while 0.00046609182008855747 1.3437347467010947
whose 0.00023304591004427873 2.1058747987479913
why 0.00023304591004427873 2.4423470353692043
wikibooks 0.00023304591004427873 2.1799827709017134
wikidataarticles 0.00023304591004427873 1.2484245668967697
wikimedia 0.00046609182008855747 0.0
wikipedia 0.0009321836401771149 0.0
wikipediacontact 0.00023304591004427873 0.0
wikipedia® 0.00023304591004427873 0.0
wildfly 0.00023304591004427873 4.74493212836325
wilkerson 0.00023304591004427873 4.74493212836325
william 0.00023304591004427873 1.8545603704670854
williams 0.00023304591004427873 3.3586377672433594
windows 0.00023304591004427873 0.8947845266531914
with 0.00023304591004427873 1.5260563034950492
within 0.00023304591004427873 1.0072625100798818
without 0.00023304591004427873 0.9162907318741551
wolfram 0.00023304591004427873 4.051784947803305
word 0.00023304591004427873 1.6094379124341003
work 0.00023304591004427873 1.1073459686368643
workers 0.00023304591004427873 3.1354942159291497
workflow 0.00023304591004427873 2.7990219793079367
working 0.0009321836401771149 1.1895840668738364
world 0.00046609182008855747 0.9162907318741551
write 0.0006991377301328362 1.1895840668738364
written 0.00046609182008855747 0.454472687214859
wufoo.com 0.00023304591004427873 4.74493212836325
x 0.00023304591004427873 0.8329091229351039
x3j13 0.00023304591004427873 3.3586377672433594
xanalys 0.00023304591004427873 3.3586377672433594
xml 0.00023304591004427873 1.9723434061234688
yarv 0.00023304591004427873 4.74493212836325
years 0.0006991377301328362 0.4682660093471948
you 0.00023304591004427873 1.3437347467010947
youtube.com 0.0013982754602656724 4.051784947803305
zetalispoperating 0.00023304591004427873 3.3586377672433594
zil 0.00023304591004427873 3.6463198396951406
zork 0.00023304591004427873 3.6463198396951406
~ 0.00023304591004427873 2.3470368555648795
~x 0.00023304591004427873 4.74493212836325
~y 0.00023304591004427873 4.74493212836325
ˈkloʊʒər 0.00023304591004427873 4.74493212836325
العربيةazərbaycancacatalàčeštinadeutscheestiελληνικάespañolفارسیfrançais한국어íslenskaitalianoעבריתქართულიമലയാളം日本語norsk 0.00023304591004427873 4.74493212836325
