+ 0.0013986013986013986 0.9837320126696876
-detail 0.0013986013986013986 4.74493212836325
... 0.0013986013986013986 1.0313600616589422
0-262-02225-7 0.0013986013986013986 4.74493212836325
01001 0.0013986013986013986 4.74493212836325
01002 0.0013986013986013986 4.74493212836325
01003 0.0013986013986013986 4.74493212836325
01004 0.0013986013986013986 4.74493212836325
01005 0.0013986013986013986 4.74493212836325
01006 0.0013986013986013986 4.74493212836325
01007 0.0013986013986013986 4.74493212836325
01008 0.0013986013986013986 4.74493212836325
01009 0.0013986013986013986 4.74493212836325
01010 0.0013986013986013986 4.74493212836325
01011 0.0013986013986013986 4.74493212836325
01012 0.0013986013986013986 4.74493212836325
01013 0.0013986013986013986 4.74493212836325
01014 0.0013986013986013986 4.74493212836325
01015 0.0013986013986013986 4.74493212836325
01016 0.0013986013986013986 4.74493212836325
01017 0.0013986013986013986 4.74493212836325
01018 0.0013986013986013986 4.74493212836325
02001 0.0013986013986013986 4.74493212836325
02002 0.0013986013986013986 4.74493212836325
02003 0.0013986013986013986 4.74493212836325
02004 0.0013986013986013986 4.74493212836325
02005 0.0013986013986013986 4.74493212836325
02006 0.0013986013986013986 4.74493212836325
02007 0.0013986013986013986 4.74493212836325
02008 0.0013986013986013986 4.74493212836325
02009 0.0013986013986013986 4.74493212836325
02010 0.0013986013986013986 4.74493212836325
02011 0.0013986013986013986 4.74493212836325
02012 0.0013986013986013986 4.74493212836325
02013 0.0013986013986013986 4.74493212836325
02014 0.0013986013986013986 4.74493212836325
02015 0.0013986013986013986 4.74493212836325
02016 0.0013986013986013986 4.74493212836325
02017 0.0013986013986013986 4.74493212836325
02018 0.0013986013986013986 4.74493212836325
02019 0.0013986013986013986 4.74493212836325
02020 0.0013986013986013986 4.74493212836325
02021 0.0013986013986013986 4.74493212836325
1 0.005594405594405594 0.05358424613410626
1.5 0.0013986013986013986 2.665490586683414
12 0.0013986013986013986 0.6844891178168307
1234 0.0013986013986013986 3.6463198396951406
1957 0.004195804195804196 3.3586377672433594
1957hidden 0.0013986013986013986 4.051784947803305
1958 0.0013986013986013986 2.7990219793079367
1960 0.0013986013986013986 2.5477075510270306
1986 0.0013986013986013986 1.749199854809259
1contributions 0.0013986013986013986 4.74493212836325
2014 0.0013986013986013986 1.2185716037470886
2014all 0.0013986013986013986 2.953172659135195
2022 0.002797202797202797 0.48225225132193467
22:24 0.0013986013986013986 4.74493212836325
28 0.0013986013986013986 1.2185716037470886
2picture 0.0013986013986013986 4.74493212836325
3.0 0.0013986013986013986 0.0
3sample 0.0013986013986013986 4.74493212836325
40 0.004195804195804196 1.8545603704670854
4references 0.0013986013986013986 2.1058747987479913
5further 0.0013986013986013986 4.051784947803305
6external 0.0013986013986013986 2.03688192726104
8.2m 0.002797202797202797 4.74493212836325
87 0.0013986013986013986 2.3470368555648795
87. 0.0013986013986013986 4.74493212836325
= 0.011188811188811189 0.6177977433181585
a 0.0013986013986013986 0.1599646496926782
about 0.0013986013986013986 0.0
account 0.0013986013986013986 0.0
accountlog 0.0013986013986013986 0.0
across 0.0013986013986013986 0.0
ada 0.0013986013986013986 1.4127276181880462
adding 0.0013986013986013986 0.8947845266531914
additional 0.005594405594405594 0.0
agree 0.0013986013986013986 0.0
algol 0.0013986013986013986 1.3437347467010947
all 0.002797202797202797 1.2185716037470886
alphabetical 0.0013986013986013986 2.1058747987479913
apl 0.0013986013986013986 1.9723434061234688
appeared1957 0.0013986013986013986 4.051784947803305
apply 0.0013986013986013986 0.0
article 0.004195804195804196 0.26759531388504365
articleabout 0.0013986013986013986 0.0
articles 0.004195804195804196 0.1599646496926782
articletalk 0.0013986013986013986 0.0
assembly 0.0013986013986013986 1.2185716037470886
assigning 0.0013986013986013986 3.1354942159291497
at 0.005594405594405594 1.3437347467010947
attribution-sharealike 0.0013986013986013986 0.0
available 0.0013986013986013986 0.0
back 0.0013986013986013986 1.8004931491968095
bashe 0.0013986013986013986 4.74493212836325
basic 0.004195804195804196 0.7746402148111283
became 0.0013986013986013986 1.6094379124341003
bemer 0.0013986013986013986 4.051784947803305
bemerfirst 0.0013986013986013986 4.74493212836325
bob 0.0013986013986013986 2.1799827709017134
bond.routine 0.0013986013986013986 4.74493212836325
bondaccum 0.0013986013986013986 4.74493212836325
bondaccumulation 0.0013986013986013986 4.74493212836325
bondeduct 0.004195804195804196 4.74493212836325
bondeduction 0.0013986013986013986 4.74493212836325
bondenom 0.0013986013986013986 4.74493212836325
bondenomination 0.0013986013986013986 4.74493212836325
books 0.0013986013986013986 1.0313600616589422
breaks 0.0013986013986013986 3.6463198396951406
business 0.0013986013986013986 1.2791962255635234
by 0.0013986013986013986 0.0
byflow-maticinfluencedcobol 0.0013986013986013986 4.74493212836325
c 0.002797202797202797 0.37548427589622857
c++ 0.0013986013986013986 0.8947845266531914
c. 0.0013986013986013986 1.0813704822336037
calculations 0.0013986013986013986 2.3470368555648795
call 0.0013986013986013986 1.2484245668967697
categorical 0.0013986013986013986 2.03688192726104
categories 0.002797202797202797 0.02643325706815543
category 0.0013986013986013986 0.7018808605286999
challenged 0.0013986013986013986 1.8004931491968095
changesupload 0.002797202797202797 0.0
charles 0.0013986013986013986 1.5260563034950492
citations 0.002797202797202797 1.2484245668967697
classic 0.0013986013986013986 1.7004096906398272
clause 0.009790209790209791 2.4423470353692043
close 0.0013986013986013986 2.03688192726104
cobol 0.008391608391608392 1.749199854809259
code 0.0013986013986013986 0.3504829736908114
commercial 0.004195804195804196 1.4127276181880462
commons 0.0013986013986013986 0.0
compare.employee.numbers 0.004195804195804196 4.74493212836325
comparison 0.0013986013986013986 0.8329091229351039
compute.pay 0.002797202797202797 4.74493212836325
computers 0.0013986013986013986 1.1895840668738364
comtran 0.008391608391608392 4.051784947803305
comtrandeveloperbob 0.0013986013986013986 4.74493212836325
consists 0.0013986013986013986 1.911718784307034
constant 0.0013986013986013986 2.03688192726104
contact 0.0013986013986013986 0.0
content 0.0013986013986013986 0.0
contents 0.004195804195804196 0.0
contribute 0.0013986013986013986 0.0
contributions 0.0013986013986013986 2.953172659135195
contributionstalk 0.0013986013986013986 0.0
cookie 0.0013986013986013986 0.0
corresponding 0.0013986013986013986 1.4127276181880462
create 0.002797202797202797 0.0
created 0.0013986013986013986 0.44086703515908027
creative 0.0013986013986013986 0.0
d 0.0013986013986013986 1.9723434061234688
data 0.0013986013986013986 0.41419878807691896
dead 0.004195804195804196 2.3470368555648795
december 0.0013986013986013986 0.7375989431307791
defines 0.0013986013986013986 1.911718784307034
department.total 0.0013986013986013986 4.74493212836325
description 0.0013986013986013986 0.3382128810989969
descriptionshort 0.0013986013986013986 0.454472687214859
detail 0.023776223776223775 2.953172659135195
developed 0.004195804195804196 0.540239508972284
developers 0.0013986013986013986 0.0
different 0.0013986013986013986 0.38822330167365837
digits 0.0013986013986013986 3.3586377672433594
disclaimers 0.0013986013986013986 0.0
dividing 0.0013986013986013986 4.051784947803305
do 0.008391608391608392 2.26002547857525
download 0.0013986013986013986 0.0
dpt 0.0013986013986013986 4.74493212836325
early 0.002797202797202797 1.3109449238781037
edit 0.009790209790209791 0.0
editcommunity 0.0013986013986013986 0.0
edited 0.0013986013986013986 0.0
editors 0.0013986013986013986 0.0
element 0.002797202797202797 1.8545603704670854
elements 0.0013986013986013986 1.2791962255635234
emerson 0.0013986013986013986 4.74493212836325
employee.number 0.0013986013986013986 4.74493212836325
employno 0.011188811188811189 4.74493212836325
en.wikipedia.org 0.0013986013986013986 0.0
encyclopedia 0.0013986013986013986 0.0
end 0.005594405594405594 0.8947845266531914
end.of.details 0.002797202797202797 4.74493212836325
end.of.masters 0.004195804195804196 4.74493212836325
end.of.run 0.004195804195804196 4.74493212836325
english 0.0013986013986013986 0.0
equal 0.002797202797202797 2.3470368555648795
equivalent 0.0013986013986013986 1.6538896750049343
erlang 0.0013986013986013986 1.8545603704670854
error.file 0.002797202797202797 4.74493212836325
errorcode 0.002797202797202797 4.74493212836325
eventsrandom 0.0013986013986013986 0.0
example 0.0013986013986013986 0.48225225132193467
export 0.0013986013986013986 0.0
external 0.004195804195804196 0.18058393689541388
f28-8043 0.0013986013986013986 4.74493212836325
feature 0.0013986013986013986 1.4127276181880462
february 0.002797202797202797 0.6340582641899388
fica 0.0013986013986013986 4.74493212836325
fica.routine 0.0013986013986013986 4.74493212836325
figurative 0.0013986013986013986 4.74493212836325
file 0.006993006993006993 0.0
files 0.002797202797202797 1.0813704822336037
filespecial 0.0013986013986013986 0.0
first 0.0013986013986013986 0.5108256237659907
for 0.0013986013986013986 0.5705448584676129
forerunners 0.0013986013986013986 4.74493212836325
format 0.0013986013986013986 1.449095262358921
formatted 0.0013986013986013986 2.7990219793079367
formatting 0.0013986013986013986 2.7990219793079367
formula 0.0013986013986013986 3.1354942159291497
forth 0.0013986013986013986 1.8545603704670854
fortran 0.004195804195804196 1.5668782980153044
foundation 0.0013986013986013986 0.0
free 0.0013986013986013986 0.0
from 0.0013986013986013986 0.0
further 0.0013986013986013986 1.2185716037470886
genealogy 0.0013986013986013986 4.74493212836325
general 0.002797202797202797 0.9162907318741551
generational 0.0013986013986013986 2.1058747987479913
get 0.004195804195804196 1.3437347467010947
get.detail 0.002797202797202797 4.74493212836325
get.master 0.0013986013986013986 4.74493212836325
go 0.012587412587412588 0.48225225132193467
grand.total 0.0013986013986013986 4.74493212836325
greater 0.0013986013986013986 2.665490586683414
gross 0.005594405594405594 4.051784947803305
haskell 0.0013986013986013986 1.5668782980153044
help 0.0013986013986013986 0.6340582641899388
helplearn 0.0013986013986013986 0.0
hererelated 0.0013986013986013986 0.0
hide 0.0013986013986013986 0.0
high-value 0.0013986013986013986 4.74493212836325
high.detail 0.0013986013986013986 4.74493212836325
high.value 0.005594405594405594 4.74493212836325
history 0.004195804195804196 0.0
hours 0.002797202797202797 3.6463198396951406
https 0.0013986013986013986 0.0
ibm 0.005594405594405594 1.3437347467010947
if 0.005594405594405594 0.8947845266531914
important 0.0013986013986013986 1.5668782980153044
improve 0.0013986013986013986 0.9382696385929302
in 0.002797202797202797 0.3629054936893685
inc. 0.0013986013986013986 0.0
incorporated 0.0013986013986013986 2.1058747987479913
index 0.0013986013986013986 1.6538896750049343
index.php 0.0013986013986013986 0.0
influenced 0.0013986013986013986 1.3109449238781037
informationcite 0.0013986013986013986 0.0
input 0.0013986013986013986 1.0313600616589422
insprem 0.0013986013986013986 4.74493212836325
insurance 0.0013986013986013986 2.953172659135195
insurance.prem 0.0013986013986013986 4.74493212836325
intended 0.0013986013986013986 1.449095262358921
is 0.005594405594405594 1.8545603704670854
isbn 0.0013986013986013986 0.6673946844575306
it 0.005594405594405594 0.18058393689541388
item 0.002797202797202797 0.0
java 0.0013986013986013986 0.9162907318741551
javascript 0.0013986013986013986 1.449095262358921
john 0.0013986013986013986 1.2185716037470886
johnson 0.0013986013986013986 3.1354942159291497
jstor 0.0013986013986013986 1.377636298376776
jump 0.0013986013986013986 0.0
jumps 0.0013986013986013986 2.953172659135195
june 0.0013986013986013986 0.7559480817989758
known 0.0013986013986013986 1.1340142157190256
kotlin 0.0013986013986013986 1.9723434061234688
language 0.011188811188811189 0.0
languages 0.005594405594405594 0.0
languagesprogramming 0.0013986013986013986 0.9162907318741551
last 0.0013986013986013986 0.0
learn 0.002797202797202797 0.0
less 0.0013986013986013986 1.911718784307034
letters 0.0013986013986013986 2.3470368555648795
license 0.0013986013986013986 0.0
like 0.0013986013986013986 0.5254244231871433
line 0.002797202797202797 0.9382696385929302
link 0.0013986013986013986 1.377636298376776
linkpage 0.0013986013986013986 0.0
links 0.008391608391608392 0.0
linksarticles 0.0013986013986013986 1.8004931491968095
lisp 0.0013986013986013986 1.2185716037470886
lists 0.0013986013986013986 1.1340142157190256
log 0.0013986013986013986 0.0
logged 0.0013986013986013986 0.0
low.detail 0.002797202797202797 4.74493212836325
lua 0.0013986013986013986 1.911718784307034
lyle 0.0013986013986013986 4.74493212836325
m 0.0013986013986013986 2.26002547857525
main 0.002797202797202797 0.0
manual 0.002797202797202797 1.1895840668738364
master 0.013986013986013986 2.7990219793079367
masteremployno 0.0013986013986013986 4.74493212836325
material 0.0013986013986013986 1.749199854809259
matlab 0.0013986013986013986 1.911718784307034
may 0.002797202797202797 0.0
message 0.0013986013986013986 0.6844891178168307
mit 0.0013986013986013986 1.377636298376776
ml 0.0013986013986013986 1.486835590341768
mobile 0.0013986013986013986 0.0
modern 0.0013986013986013986 1.486835590341768
more 0.0013986013986013986 0.0
move 0.005594405594405594 0.0
name 0.0013986013986013986 0.8131064956389242
names 0.002797202797202797 1.5260563034950492
navigation 0.0013986013986013986 0.0
needing 0.002797202797202797 1.5260563034950492
needs 0.0013986013986013986 1.3437347467010947
net 0.0013986013986013986 2.7990219793079367
netpay 0.0013986013986013986 4.74493212836325
news 0.0013986013986013986 1.0560526742493137
newspapers 0.0013986013986013986 1.377636298376776
non-english-based 0.0013986013986013986 2.03688192726104
non-profit 0.0013986013986013986 0.0
not 0.0013986013986013986 1.4127276181880462
november 0.0013986013986013986 0.8531118302526235
number 0.0013986013986013986 0.8947845266531914
numeric 0.0013986013986013986 1.9723434061234688
object 0.0013986013986013986 0.7746402148111283
oldid=1130164692 0.0013986013986013986 4.74493212836325
one 0.0013986013986013986 0.454472687214859
open 0.0013986013986013986 1.0813704822336037
operating 0.0013986013986013986 1.0072625100798818
operations 0.0013986013986013986 1.4127276181880462
organization 0.0013986013986013986 0.0
otherwise 0.002797202797202797 2.03688192726104
output 0.0013986013986013986 1.0813704822336037
page 0.005594405594405594 0.0
pagecontentscurrent 0.0013986013986013986 0.0
pages 0.0013986013986013986 0.0
pagespermanent 0.0013986013986013986 0.0
pagewikidata 0.0013986013986013986 0.0
palmer 0.0013986013986013986 4.74493212836325
paragraph 0.002797202797202797 3.1354942159291497
paragraphing 0.0013986013986013986 4.74493212836325
paragraphs 0.002797202797202797 3.6463198396951406
part 0.0013986013986013986 0.7936884097818228
particular 0.0013986013986013986 1.749199854809259
pascal 0.002797202797202797 1.16141318990714
passing 0.0013986013986013986 1.8545603704670854
payrecord 0.004195804195804196 4.74493212836325
payroll 0.0013986013986013986 4.051784947803305
pdf 0.002797202797202797 0.6505875661411494
pdfprintable 0.0013986013986013986 0.0
perl 0.0013986013986013986 1.5668782980153044
personal 0.0013986013986013986 0.0
php 0.0013986013986013986 2.03688192726104
picture 0.006993006993006993 2.953172659135195
please 0.0013986013986013986 1.0313600616589422
policy 0.002797202797202797 0.0
portalrecent 0.0013986013986013986 0.0
português 0.0013986013986013986 4.74493212836325
press 0.0013986013986013986 1.4127276181880462
print 0.0013986013986013986 0.0
privacy 0.002797202797202797 0.0
procedural 0.0013986013986013986 1.2791962255635234
procedure 0.0013986013986013986 1.7004096906398272
program 0.005594405594405594 0.4682660093471948
programmers 0.0013986013986013986 1.5260563034950492
programming 0.008391608391608392 0.0
prolog 0.0013986013986013986 1.8004931491968095
pugh 0.0013986013986013986 4.74493212836325
python 0.0013986013986013986 1.377636298376776
r 0.0013986013986013986 1.3109449238781037
rate 0.002797202797202797 2.7990219793079367
read 0.0013986013986013986 1.486835590341768
readeditview 0.002797202797202797 0.0
reading 0.002797202797202797 1.16141318990714
reference 0.002797202797202797 0.9607424944449889
references 0.002797202797202797 0.02643325706815543
referencesall 0.0013986013986013986 3.6463198396951406
registered 0.0013986013986013986 0.0
reliable 0.0013986013986013986 1.16141318990714
remove 0.0013986013986013986 0.9382696385929302
removed.find 0.0013986013986013986 2.03688192726104
retirement 0.0013986013986013986 4.051784947803305
retirement.prem 0.0013986013986013986 4.74493212836325
retprem 0.0013986013986013986 4.74493212836325
retrieved 0.0013986013986013986 0.0
return-code 0.0013986013986013986 4.74493212836325
ruby 0.0013986013986013986 1.749199854809259
rust 0.0013986013986013986 1.749199854809259
sample 0.002797202797202797 2.26002547857525
scholar 0.0013986013986013986 1.3109449238781037
scientific 0.0013986013986013986 2.1058747987479913
scratch 0.0013986013986013986 1.8004931491968095
search 0.002797202797202797 0.0
see 0.0013986013986013986 0.44086703515908027
seen 0.002797202797202797 2.1799827709017134
served 0.0013986013986013986 3.1354942159291497
set 0.006993006993006993 0.6844891178168307
several 0.0013986013986013986 0.7195804376281008
shell 0.0013986013986013986 1.449095262358921
short 0.0013986013986013986 0.42744401482693967
sidebar 0.002797202797202797 0.0
significant 0.0013986013986013986 1.377636298376776
similar 0.0013986013986013986 0.9382696385929302
simula 0.0013986013986013986 1.6538896750049343
site 0.0013986013986013986 0.0
smalltalk 0.0013986013986013986 1.911718784307034
solve 0.0013986013986013986 2.3470368555648795
sources 0.002797202797202797 0.8737311174553593
specifier 0.0013986013986013986 3.3586377672433594
sql 0.0013986013986013986 1.486835590341768
start 0.0013986013986013986 1.5668782980153044
statement 0.0013986013986013986 0.0
statements 0.0013986013986013986 0.9382696385929302
statistics 0.0013986013986013986 0.0
stop 0.0013986013986013986 2.953172659135195
string 0.0013986013986013986 1.0813704822336037
strings 0.0013986013986013986 1.6538896750049343
swift 0.0013986013986013986 1.8545603704670854
system 0.0013986013986013986 0.21233263520999412
table 0.002797202797202797 0.0
template 0.0013986013986013986 0.7746402148111283
terminates 0.0013986013986013986 2.953172659135195
terms 0.002797202797202797 0.0
text 0.0013986013986013986 0.0
than 0.002797202797202797 3.6463198396951406
then 0.005594405594405594 1.749199854809259
this 0.005594405594405594 0.0
timeline 0.0013986013986013986 1.486835590341768
title 0.0013986013986013986 0.0
title=comtran 0.0013986013986013986 4.74493212836325
to 0.01818181818181818 1.0072625100798818
toggle 0.004195804195804196 0.0
tools 0.002797202797202797 0.0
top 0.002797202797202797 0.0
trademark 0.0013986013986013986 0.0
translator 0.005594405594405594 2.26002547857525
unsourced 0.0013986013986013986 1.3109449238781037
usdonate 0.0013986013986013986 0.0
use 0.0013986013986013986 0.0
using 0.0013986013986013986 0.0
utc 0.0013986013986013986 0.0
value 0.0013986013986013986 0.9382696385929302
verification 0.0013986013986013986 1.6538896750049343
version 0.0013986013986013986 0.0
view 0.0013986013986013986 0.0
visual 0.002797202797202797 0.9837320126696876
vteprogramming 0.0013986013986013986 2.1058747987479913
w 0.0013986013986013986 0.0
what 0.0013986013986013986 0.0
when 0.002797202797202797 1.16141318990714
wht 0.0013986013986013986 4.74493212836325
wikidataarticles 0.0013986013986013986 1.2484245668967697
wikimedia 0.0013986013986013986 0.0
wikipedia 0.005594405594405594 0.0
wikipediacontact 0.0013986013986013986 0.0
wikipedia® 0.0013986013986013986 0.0
withholding.tax.routine 0.0013986013986013986 4.74493212836325
write 0.0013986013986013986 1.1895840668738364
y2k 0.0013986013986013986 3.3586377672433594
zero 0.0013986013986013986 1.749199854809259
