.net 0.002631578947368421 1.8004931491968095
1 0.0017543859649122807 0.05358424613410626
10 0.0017543859649122807 0.540239508972284
10:54 0.0008771929824561404 4.74493212836325
11 0.002631578947368421 0.7375989431307791
14 0.0008771929824561404 0.8329091229351039
15 0.0008771929824561404 0.8131064956389242
16.1 0.0008771929824561404 4.74493212836325
17 0.0008771929824561404 0.9837320126696876
19 0.0017543859649122807 0.9162907318741551
1991 0.0017543859649122807 1.486835590341768
1992 0.0008771929824561404 1.6538896750049343
1993 0.0017543859649122807 1.449095262358921
1994 0.0008771929824561404 1.911718784307034
1995 0.0017543859649122807 1.449095262358921
1996 0.0008771929824561404 1.8545603704670854
1997 0.0008771929824561404 1.8004931491968095
1998 0.0017543859649122807 1.6094379124341003
1release 0.0008771929824561404 4.74493212836325
2 0.0035087719298245615 0.08149303425118301
2.0 0.0008771929824561404 1.749199854809259
2.1 0.0008771929824561404 2.26002547857525
2.2 0.0008771929824561404 3.1354942159291497
2.3 0.0008771929824561404 3.1354942159291497
20 0.0008771929824561404 0.8131064956389242
2000 0.0017543859649122807 1.3437347467010947
2002 0.0008771929824561404 1.377636298376776
2003 0.0008771929824561404 1.3109449238781037
2004 0.0008771929824561404 1.3437347467010947
2005 0.0008771929824561404 1.1073459686368643
2006 0.0008771929824561404 1.3109449238781037
2007 0.0017543859649122807 1.1895840668738364
2007a 0.0008771929824561404 4.74493212836325
2008 0.0008771929824561404 1.2484245668967697
2010 0.0008771929824561404 1.0072625100798818
2011 0.0008771929824561404 0.9162907318741551
2013 0.0017543859649122807 0.8947845266531914
2013articles 0.0008771929824561404 4.051784947803305
2016 0.0008771929824561404 1.2185716037470886
2018 0.0008771929824561404 1.1895840668738364
2021 0.0008771929824561404 0.8947845266531914
21 0.0017543859649122807 0.9607424944449889
22 0.0008771929824561404 1.16141318990714
2500 0.0008771929824561404 4.051784947803305
27 0.0008771929824561404 1.1340142157190256
28 0.0008771929824561404 1.2185716037470886
2keysight 0.0008771929824561404 4.74493212836325
3 0.0008771929824561404 0.1599646496926782
3.0 0.002631578947368421 0.0
3.1 0.0017543859649122807 2.5477075510270306
3.2 0.0008771929824561404 3.3586377672433594
30-day 0.0008771929824561404 4.74493212836325
300 0.0017543859649122807 2.7990219793079367
31 0.0008771929824561404 1.3437347467010947
3data 0.0008771929824561404 3.6463198396951406
4.0 0.0008771929824561404 2.665490586683414
4.1.2 0.0008771929824561404 4.74493212836325
4.1.3 0.0008771929824561404 4.74493212836325
4instrument 0.0008771929824561404 4.74493212836325
5 0.0017543859649122807 0.3504829736908114
5.0 0.0008771929824561404 2.953172659135195
5extensive 0.0008771929824561404 4.74493212836325
6.0 0.0008771929824561404 2.665490586683414
6.1 0.0008771929824561404 3.3586377672433594
6.2 0.0008771929824561404 3.6463198396951406
6keysight 0.0008771929824561404 4.74493212836325
7 0.0017543859649122807 0.42744401482693967
7.0 0.0008771929824561404 3.1354942159291497
7.5 0.0008771929824561404 4.051784947803305
7.54 0.0008771929824561404 4.051784947803305
7.x 0.0008771929824561404 4.051784947803305
700 0.0017543859649122807 3.3586377672433594
7see 0.0008771929824561404 3.1354942159291497
8 0.0008771929824561404 0.48225225132193467
8.0 0.0008771929824561404 3.6463198396951406
8.5 0.0008771929824561404 3.6463198396951406
8.x 0.0017543859649122807 4.051784947803305
8references 0.0008771929824561404 3.3586377672433594
9 0.0017543859649122807 0.5552773863368246
9.0 0.0008771929824561404 4.051784947803305
9.2 0.0008771929824561404 4.74493212836325
9.3 0.0008771929824561404 4.74493212836325
9.32 0.0008771929824561404 4.74493212836325
9.33 0.0008771929824561404 4.74493212836325
9.x 0.0008771929824561404 4.74493212836325
95 0.0008771929824561404 2.1799827709017134
98 0.0008771929824561404 2.665490586683414
98–122 0.0008771929824561404 4.74493212836325
9external 0.0008771929824561404 3.3586377672433594
a 0.008771929824561403 0.1599646496926782
a.00.00 0.0008771929824561404 4.74493212836325
a.00.01 0.0008771929824561404 4.74493212836325
about 0.0008771929824561404 0.0
access 0.0017543859649122807 0.9382696385929302
accessing 0.0008771929824561404 2.7990219793079367
account 0.0008771929824561404 0.0
accountlog 0.0008771929824561404 0.0
acquisition 0.0008771929824561404 2.953172659135195
across 0.0008771929824561404 0.0
activex 0.0017543859649122807 3.6463198396951406
add-in 0.0008771929824561404 4.051784947803305
adding 0.0008771929824561404 0.8947845266531914
additional 0.0008771929824561404 0.0
agilent 0.0035087719298245615 4.74493212836325
agree 0.0008771929824561404 0.0
all 0.0008771929824561404 1.2185716037470886
allow 0.0008771929824561404 1.0313600616589422
allows 0.0008771929824561404 0.8329091229351039
also 0.002631578947368421 0.19105523676270922
although 0.0008771929824561404 1.16141318990714
an 0.0017543859649122807 0.8131064956389242
analysis 0.0017543859649122807 1.6094379124341003
applicable 0.0008771929824561404 2.5477075510270306
apply 0.0008771929824561404 0.0
apr 0.0017543859649122807 2.953172659135195
april 0.0008771929824561404 0.7375989431307791
article 0.0008771929824561404 0.26759531388504365
articleabout 0.0008771929824561404 0.0
articletalk 0.0008771929824561404 0.0
attached 0.0008771929824561404 3.1354942159291497
attribution-sharealike 0.0008771929824561404 0.0
aug 0.0008771929824561404 3.6463198396951406
authority 0.0008771929824561404 1.16141318990714
automated 0.0008771929824561404 2.26002547857525
automation 0.0017543859649122807 1.9723434061234688
available 0.0008771929824561404 0.0
b 0.0017543859649122807 0.5705448584676129
b.00.00 0.0008771929824561404 4.74493212836325
b.01.00 0.0008771929824561404 4.74493212836325
b.02.00 0.0008771929824561404 4.74493212836325
b.03.00 0.0008771929824561404 4.74493212836325
back 0.0008771929824561404 1.8004931491968095
basic 0.0008771929824561404 0.7746402148111283
bitmaps 0.0008771929824561404 4.74493212836325
bottom 0.0008771929824561404 3.1354942159291497
branch 0.0008771929824561404 2.5477075510270306
breakpoints 0.0008771929824561404 4.051784947803305
built-in 0.002631578947368421 1.5260563034950492
by 0.0008771929824561404 0.0
c 0.0017543859649122807 0.37548427589622857
c++ 0.0008771929824561404 0.8947845266531914
call 0.0017543859649122807 1.2484245668967697
called 0.0017543859649122807 0.7375989431307791
capability 0.0017543859649122807 2.665490586683414
cases 0.0008771929824561404 1.911718784307034
categories 0.0017543859649122807 0.02643325706815543
changed 0.0008771929824561404 1.7004096906398272
changesupload 0.0017543859649122807 0.0
class 0.0008771929824561404 1.3437347467010947
code 0.0008771929824561404 0.3504829736908114
collector 0.0008771929824561404 2.665490586683414
color-coding 0.0008771929824561404 4.74493212836325
colors 0.0017543859649122807 3.3586377672433594
commercial 0.0008771929824561404 1.4127276181880462
common 0.0008771929824561404 0.9162907318741551
commons 0.0008771929824561404 0.0
compiler 0.0008771929824561404 0.6340582641899388
completely 0.0008771929824561404 2.1799827709017134
completion 0.0017543859649122807 3.6463198396951406
compliant 0.0008771929824561404 3.1354942159291497
conditional 0.0008771929824561404 1.9723434061234688
connect 0.0008771929824561404 2.7990219793079367
connected 0.008771929824561403 3.1354942159291497
connection 0.0017543859649122807 2.665490586683414
connections 0.0017543859649122807 4.051784947803305
connectivity 0.0017543859649122807 3.6463198396951406
consists 0.0017543859649122807 1.911718784307034
contact 0.0008771929824561404 0.0
contain 0.0008771929824561404 1.749199854809259
content 0.0008771929824561404 0.0
contents 0.002631578947368421 0.0
contribute 0.0008771929824561404 0.0
contributionstalk 0.0008771929824561404 0.0
control 0.007894736842105263 0.48225225132193467
controls 0.0017543859649122807 2.665490586683414
cookie 0.0008771929824561404 0.0
cost 0.0008771929824561404 2.5477075510270306
could 0.0008771929824561404 1.0813704822336037
create 0.0017543859649122807 0.0
creative 0.0008771929824561404 0.0
daq 0.0008771929824561404 4.74493212836325
data 0.021052631578947368 0.41419878807691896
database 0.0008771929824561404 1.6538896750049343
databases 0.0008771929824561404 2.1799827709017134
dataflow 0.002631578947368421 2.665490586683414
datatype 0.0008771929824561404 2.953172659135195
date 0.0008771929824561404 1.6538896750049343
dates 0.0008771929824561404 1.6094379124341003
debugging 0.0008771929824561404 2.26002547857525
dec 0.0017543859649122807 2.1799827709017134
dependency 0.0008771929824561404 2.665490586683414
deploy 0.0008771929824561404 3.3586377672433594
deployment 0.0017543859649122807 2.7990219793079367
descended 0.0008771929824561404 4.74493212836325
descriptions 0.0008771929824561404 2.953172659135195
design 0.0008771929824561404 0.7936884097818228
designated 0.0008771929824561404 3.1354942159291497
detailed 0.0008771929824561404 2.953172659135195
determine 0.0017543859649122807 2.4423470353692043
determined 0.0008771929824561404 2.7990219793079367
deutschਪੰਜਾਬੀpolski粵語中文 0.0008771929824561404 4.74493212836325
developed 0.0017543859649122807 0.540239508972284
developers 0.0008771929824561404 0.0
development 0.002631578947368421 0.44086703515908027
devices 0.0035087719298245615 1.9723434061234688
dialog 0.0008771929824561404 2.5477075510270306
dialogs 0.0008771929824561404 4.051784947803305
different 0.0008771929824561404 0.38822330167365837
digital 0.0008771929824561404 1.5668782980153044
direct 0.0008771929824561404 1.5668782980153044
directio 0.0008771929824561404 4.74493212836325
disclaimers 0.0008771929824561404 0.0
display 0.0008771929824561404 1.8004931491968095
dmy 0.0008771929824561404 2.1058747987479913
domain-specific 0.0008771929824561404 2.26002547857525
download 0.0017543859649122807 0.0
driver 0.0008771929824561404 2.7990219793079367
drivers 0.002631578947368421 2.665490586683414
e-learning 0.0008771929824561404 4.74493212836325
each 0.0017543859649122807 1.6538896750049343
edit 0.009649122807017544 0.0
editcommunity 0.0008771929824561404 0.0
edited 0.0008771929824561404 0.0
editors 0.0008771929824561404 0.0
effect 0.0008771929824561404 2.1058747987479913
email 0.0008771929824561404 3.1354942159291497
emanate 0.0008771929824561404 4.74493212836325
en 0.0008771929824561404 3.1354942159291497
en.wikipedia.org 0.0008771929824561404 0.0
encyclopedia 0.0008771929824561404 0.0
engine 0.0008771929824561404 1.377636298376776
engineering 0.0008771929824561404 1.486835590341768
english 0.0008771929824561404 0.0
enhance 0.0008771929824561404 2.665490586683414
entire 0.0008771929824561404 1.7004096906398272
environment 0.0017543859649122807 0.7936884097818228
environmentlicenseproprietary 0.0008771929824561404 4.051784947803305
error 0.005263157894736842 1.7004096906398272
errors 0.0008771929824561404 1.6094379124341003
eventsrandom 0.0008771929824561404 0.0
example 0.0008771929824561404 0.48225225132193467
examples 0.0008771929824561404 1.2484245668967697
excel 0.0035087719298245615 3.3586377672433594
except 0.0008771929824561404 1.9723434061234688
execute 0.0061403508771929825 1.7004096906398272
executed 0.0008771929824561404 1.449095262358921
executes 0.0008771929824561404 2.1058747987479913
execution 0.0061403508771929825 0.9837320126696876
explanation 0.0008771929824561404 2.7990219793079367
explorer 0.0008771929824561404 2.5477075510270306
export 0.0008771929824561404 0.0
express 0.0008771929824561404 1.486835590341768
extensive 0.0008771929824561404 2.1058747987479913
external 0.0008771929824561404 0.18058393689541388
extra 0.0008771929824561404 2.4423470353692043
features 0.0017543859649122807 0.42744401482693967
feb 0.0017543859649122807 3.1354942159291497
file 0.0017543859649122807 0.0
filespecial 0.0008771929824561404 0.0
finishes 0.0008771929824561404 3.6463198396951406
fire 0.0008771929824561404 3.1354942159291497
first 0.0017543859649122807 0.5108256237659907
flow 0.002631578947368421 1.449095262358921
flows 0.0017543859649122807 4.051784947803305
followed 0.0008771929824561404 1.8004931491968095
following 0.0008771929824561404 0.8131064956389242
fonts 0.0008771929824561404 2.665490586683414
for 0.0017543859649122807 0.5705448584676129
force 0.0008771929824561404 2.3470368555648795
formula 0.0008771929824561404 3.1354942159291497
forums 0.0008771929824561404 3.1354942159291497
found 0.0008771929824561404 1.449095262358921
foundation 0.0008771929824561404 0.0
framework 0.0017543859649122807 1.449095262358921
free 0.0017543859649122807 0.0
from 0.0008771929824561404 0.0
functions 0.002631578947368421 0.7018808605286999
general 0.0008771929824561404 0.9162907318741551
generate 0.0008771929824561404 1.4127276181880462
generators 0.0008771929824561404 2.1799827709017134
go 0.0008771929824561404 0.48225225132193467
govern 0.0008771929824561404 4.74493212836325
gpib 0.0008771929824561404 4.74493212836325
graphical 0.0017543859649122807 1.9723434061234688
greenbaum 0.0008771929824561404 4.74493212836325
gui 0.002631578947368421 1.749199854809259
hand 0.0008771929824561404 2.5477075510270306
helplearn 0.0008771929824561404 0.0
hererelated 0.0008771929824561404 0.0
hewlett-packard 0.0008771929824561404 3.6463198396951406
hide 0.0008771929824561404 0.0
history 0.0035087719298245615 0.0
hold 0.0008771929824561404 1.911718784307034
hotkeys 0.0008771929824561404 4.051784947803305
hp 0.0035087719298245615 2.953172659135195
hp-ux 0.002631578947368421 2.953172659135195
https 0.0008771929824561404 0.0
i 0.0008771929824561404 1.1073459686368643
ide 0.0008771929824561404 1.486835590341768
identifiers 0.0008771929824561404 1.1340142157190256
identifiersarticles 0.0008771929824561404 1.2185716037470886
if 0.002631578947368421 0.8947845266531914
in 0.0017543859649122807 0.3629054936893685
inc. 0.0008771929824561404 0.0
index.php 0.0008771929824561404 0.0
indicators 0.0008771929824561404 4.74493212836325
industries 0.0008771929824561404 3.1354942159291497
informationcite 0.0008771929824561404 0.0
input 0.013157894736842105 1.0313600616589422
inputs 0.0017543859649122807 3.3586377672433594
instead 0.0008771929824561404 1.2484245668967697
instrument 0.0035087719298245615 3.3586377672433594
instrumentation 0.0017543859649122807 4.74493212836325
instruments 0.0008771929824561404 2.953172659135195
integrated 0.0008771929824561404 1.2185716037470886
interact 0.0008771929824561404 2.7990219793079367
interaction 0.0008771929824561404 2.3470368555648795
interface 0.0008771929824561404 0.9382696385929302
interfaces 0.0017543859649122807 1.486835590341768
internal 0.0008771929824561404 1.5260563034950492
interoperability 0.0017543859649122807 3.1354942159291497
io 0.0008771929824561404 3.6463198396951406
israel 0.0008771929824561404 1.3437347467010947
it 0.0017543859649122807 0.18058393689541388
item 0.0008771929824561404 0.0
ivi-com 0.0017543859649122807 4.74493212836325
j9u 0.0008771929824561404 1.3437347467010947
jan 0.0008771929824561404 2.665490586683414
jefferson 0.0008771929824561404 4.74493212836325
journal 0.0008771929824561404 1.2185716037470886
jul 0.0008771929824561404 3.6463198396951406
july 0.0008771929824561404 0.9382696385929302
jump 0.0008771929824561404 0.0
jun 0.0008771929824561404 4.051784947803305
junction 0.0008771929824561404 4.74493212836325
key 0.0008771929824561404 1.3437347467010947
keysight 0.02017543859649123 4.74493212836325
knobx 0.0008771929824561404 4.74493212836325
labview 0.0008771929824561404 3.6463198396951406
lan 0.0017543859649122807 4.74493212836325
language 0.002631578947368421 0.0
languages 0.0035087719298245615 0.0
languageshidden 0.0008771929824561404 1.377636298376776
languagesvisual 0.0008771929824561404 4.74493212836325
last 0.0008771929824561404 0.0
later 0.0008771929824561404 0.9162907318741551
lccn 0.0008771929824561404 1.3109449238781037
learn 0.0008771929824561404 0.0
left 0.0035087719298245615 1.6538896750049343
libraries 0.0017543859649122807 1.0313600616589422
library 0.0008771929824561404 0.6844891178168307
license 0.0017543859649122807 0.0
licensing 0.0017543859649122807 2.953172659135195
lifecycle 0.0008771929824561404 3.6463198396951406
like 0.002631578947368421 0.5254244231871433
limitations 0.0008771929824561404 2.665490586683414
line 0.0008771929824561404 0.9382696385929302
lines 0.0008771929824561404 1.749199854809259
linkpage 0.0008771929824561404 0.0
links 0.0043859649122807015 0.0
list 0.0008771929824561404 0.5705448584676129
lite 0.0008771929824561404 4.051784947803305
locked 0.0017543859649122807 4.051784947803305
log 0.0008771929824561404 0.0
logged 0.0008771929824561404 0.0
lxi 0.0008771929824561404 4.051784947803305
made 0.0008771929824561404 1.0313600616589422
main 0.0008771929824561404 0.0
major 0.0008771929824561404 1.1073459686368643
manager 0.0008771929824561404 1.9723434061234688
manufacturing 0.0008771929824561404 4.051784947803305
mar 0.0035087719298245615 3.3586377672433594
matlab 0.005263157894736842 1.911718784307034
may 0.0061403508771929825 0.0
mdi 0.0008771929824561404 4.051784947803305
measurement 0.0017543859649122807 3.6463198396951406
microsoft 0.0035087719298245615 1.1073459686368643
minimap 0.0008771929824561404 4.74493212836325
mobile 0.0008771929824561404 0.0
modern 0.0008771929824561404 1.486835590341768
monitor 0.0008771929824561404 2.4423470353692043
more 0.0008771929824561404 0.0
move 0.0008771929824561404 0.0
multicore 0.0008771929824561404 4.051784947803305
multiline 0.0008771929824561404 4.74493212836325
multiple 0.002631578947368421 0.8329091229351039
multithread 0.0008771929824561404 4.74493212836325
multitude 0.0008771929824561404 4.051784947803305
must 0.0008771929824561404 1.2185716037470886
namely 0.0008771929824561404 3.3586377672433594
national 0.0008771929824561404 0.9162907318741551
navigation 0.0008771929824561404 0.0
ni 0.0008771929824561404 4.051784947803305
ni-daqmx 0.0008771929824561404 4.74493212836325
no 0.0008771929824561404 1.3437347467010947
node 0.0017543859649122807 2.665490586683414
non-keysight 0.0008771929824561404 4.74493212836325
non-primitive 0.0008771929824561404 4.051784947803305
non-profit 0.0008771929824561404 0.0
notable 0.0008771929824561404 1.8004931491968095
nov 0.0017543859649122807 3.3586377672433594
nt 0.0008771929824561404 3.6463198396951406
number 0.0008771929824561404 0.8947845266531914
o 0.0008771929824561404 1.1895840668738364
object 0.01929824561403509 0.7746402148111283
objects 0.008771929824561403 1.16141318990714
occurs 0.0008771929824561404 2.665490586683414
oct 0.0017543859649122807 2.7990219793079367
october 0.0008771929824561404 0.7746402148111283
officially 0.0008771929824561404 2.4423470353692043
oldid=1049019946 0.0008771929824561404 4.74493212836325
on 0.0017543859649122807 0.49643688631389105
one 0.0008771929824561404 0.454472687214859
onelab 0.0008771929824561404 4.74493212836325
operate 0.0017543859649122807 2.7990219793079367
operation 0.0008771929824561404 1.8004931491968095
operators 0.0008771929824561404 1.2484245668967697
optimized 0.0008771929824561404 2.7990219793079367
order 0.0035087719298245615 1.4127276181880462
organization 0.0008771929824561404 0.0
originally 0.0008771929824561404 0.9607424944449889
oscilloscopes 0.0008771929824561404 4.74493212836325
other 0.0008771929824561404 1.1073459686368643
output 0.009649122807017544 1.0813704822336037
page 0.0017543859649122807 0.0
pagecontentscurrent 0.0008771929824561404 0.0
pages 0.0008771929824561404 0.0
pagespermanent 0.0008771929824561404 0.0
pagewikidata 0.0008771929824561404 0.0
panel 0.002631578947368421 3.3586377672433594
panels 0.002631578947368421 4.74493212836325
panning 0.0008771929824561404 4.74493212836325
pci 0.0008771929824561404 4.74493212836325
pdf 0.0008771929824561404 0.6505875661411494
pdfprintable 0.0008771929824561404 0.0
perform 0.0008771929824561404 1.5260563034950492
performance 0.0017543859649122807 1.486835590341768
personal 0.0008771929824561404 0.0
pin 0.017543859649122806 3.6463198396951406
pinged 0.0008771929824561404 4.74493212836325
pins 0.02280701754385965 4.74493212836325
place 0.0008771929824561404 1.5668782980153044
placed 0.0017543859649122807 2.26002547857525
platforms 0.0008771929824561404 1.3437347467010947
play 0.0017543859649122807 2.3470368555648795
plug 0.0008771929824561404 4.051784947803305
policy 0.0017543859649122807 0.0
portal 0.0008771929824561404 1.486835590341768
portalrecent 0.0008771929824561404 0.0
ported 0.0017543859649122807 2.03688192726104
possible 0.0017543859649122807 1.3109449238781037
power 0.0008771929824561404 1.5260563034950492
present 0.0035087719298245615 1.7004096906398272
presumably 0.0008771929824561404 4.051784947803305
print 0.0008771929824561404 0.0
privacy 0.0017543859649122807 0.0
private 0.0008771929824561404 2.03688192726104
pro 0.0017543859649122807 2.5477075510270306
processing 0.0008771929824561404 0.9382696385929302
product 0.002631578947368421 1.5668782980153044
program 0.0043859649122807015 0.4682660093471948
programmable 0.0008771929824561404 3.3586377672433594
programmatic 0.0008771929824561404 4.051784947803305
programming 0.0061403508771929825 0.0
programs 0.002631578947368421 0.6340582641899388
propagated 0.0008771929824561404 4.74493212836325
propagates 0.0008771929824561404 4.74493212836325
propagation 0.0043859649122807015 3.3586377672433594
provides 0.0017543859649122807 0.9162907318741551
pxi 0.0017543859649122807 4.74493212836325
readeditview 0.0017543859649122807 0.0
real32 0.0008771929824561404 4.74493212836325
redirected 0.0008771929824561404 1.749199854809259
references 0.0017543859649122807 0.02643325706815543
referred 0.0008771929824561404 1.9723434061234688
regardless 0.0008771929824561404 4.051784947803305
registered 0.0008771929824561404 0.0
release 0.005263157894736842 0.8737311174553593
renamed 0.0008771929824561404 2.1799827709017134
reporting 0.0008771929824561404 2.665490586683414
reports 0.0008771929824561404 2.26002547857525
requiring 0.0008771929824561404 2.7990219793079367
resize 0.0008771929824561404 3.6463198396951406
result 0.0008771929824561404 1.0072625100798818
results 0.0008771929824561404 1.486835590341768
retrieve 0.0008771929824561404 3.3586377672433594
retrieved 0.0008771929824561404 0.0
rewritten 0.0008771929824561404 2.1799827709017134
right 0.0017543859649122807 1.749199854809259
rs-232 0.0008771929824561404 4.74493212836325
rule 0.0008771929824561404 1.749199854809259
runtime 0.005263157894736842 1.2185716037470886
same 0.0008771929824561404 3.3586377672433594
save 0.0008771929824561404 2.3470368555648795
savepanelimage 0.0008771929824561404 4.74493212836325
scpi 0.0017543859649122807 4.74493212836325
search 0.0008771929824561404 0.0
section 0.0008771929824561404 1.8004931491968095
see 0.0008771929824561404 0.44086703515908027
sep 0.0008771929824561404 3.1354942159291497
sequence 0.011403508771929825 1.8545603704670854
series 0.0035087719298245615 1.486835590341768
server 0.0008771929824561404 1.5260563034950492
serving 0.0008771929824561404 4.74493212836325
several 0.0008771929824561404 0.7195804376281008
shown 0.0008771929824561404 1.7004096906398272
side 0.0008771929824561404 1.9723434061234688
sidebar 0.0017543859649122807 0.0
signal 0.0017543859649122807 2.1058747987479913
since 0.0008771929824561404 0.9162907318741551
single 0.0008771929824561404 1.2791962255635234
site 0.0008771929824561404 0.0
software 0.002631578947368421 0.37548427589622857
softwarewebsitehttps 0.0008771929824561404 4.74493212836325
some 0.0008771929824561404 1.449095262358921
sometimes 0.0008771929824561404 2.03688192726104
soon 0.0008771929824561404 3.3586377672433594
source 0.0008771929824561404 0.6673946844575306
specify 0.0008771929824561404 1.8545603704670854
spreadsheets 0.0008771929824561404 3.3586377672433594
stack 0.0008771929824561404 1.5668782980153044
stage 0.0008771929824561404 3.6463198396951406
stanley 0.0008771929824561404 3.1354942159291497
state 0.0008771929824561404 1.4127276181880462
statement 0.0008771929824561404 0.0
states 0.0008771929824561404 1.0313600616589422
statistics 0.0008771929824561404 0.0
steven 0.0008771929824561404 2.953172659135195
stood 0.0008771929824561404 3.3586377672433594
students 0.0008771929824561404 2.3470368555648795
suite 0.0008771929824561404 1.911718784307034
sunos 0.0008771929824561404 3.6463198396951406
supplies 0.0008771929824561404 3.6463198396951406
support 0.009649122807017544 0.5254244231871433
supportability 0.0017543859649122807 4.74493212836325
supporting 0.0008771929824561404 1.8545603704670854
supports 0.0017543859649122807 0.8531118302526235
switched 0.0008771929824561404 3.1354942159291497
systemmicrosoft 0.0008771929824561404 3.6463198396951406
table 0.0017543859649122807 0.0
taken 0.0008771929824561404 1.9723434061234688
technologies 0.0043859649122807015 1.7004096906398272
technologiesoperating 0.0008771929824561404 4.74493212836325
terms 0.0017543859649122807 0.0
test 0.002631578947368421 1.8545603704670854
text 0.0008771929824561404 0.0
the 0.002631578947368421 0.035401927050916
these 0.0008771929824561404 1.16141318990714
this 0.0017543859649122807 0.0
time 0.0008771929824561404 0.6673946844575306
title 0.0008771929824561404 0.0
title=keysight_vee 0.0008771929824561404 4.74493212836325
toggle 0.002631578947368421 0.0
toolbar 0.0008771929824561404 3.1354942159291497
toolbox 0.0008771929824561404 3.6463198396951406
tools 0.0017543859649122807 0.0
top 0.0035087719298245615 0.0
trademark 0.0008771929824561404 0.0
transition 0.0008771929824561404 2.665490586683414
trap 0.0008771929824561404 4.051784947803305
trial 0.0008771929824561404 3.6463198396951406
two 0.0008771929824561404 0.6844891178168307
types 0.0008771929824561404 0.7375989431307791
unconnected 0.002631578947368421 4.74493212836325
undo 0.0008771929824561404 4.74493212836325
united 0.0008771929824561404 1.0560526742493137
unlimited 0.0008771929824561404 3.6463198396951406
us 0.0008771929824561404 1.7004096906398272
usage 0.0008771929824561404 2.03688192726104
usb 0.002631578947368421 3.1354942159291497
usdonate 0.0008771929824561404 0.0
use 0.0017543859649122807 0.0
used 0.0043859649122807015 0.19105523676270922
user 0.0008771929824561404 0.8131064956389242
userfunctions 0.0017543859649122807 4.74493212836325
users 0.0008771929824561404 1.0313600616589422
uses 0.0008771929824561404 0.7746402148111283
using 0.0017543859649122807 0.0
utc 0.0008771929824561404 0.0
validation 0.0008771929824561404 2.7990219793079367
value 0.0017543859649122807 0.9382696385929302
values 0.0008771929824561404 0.9837320126696876
variety 0.0008771929824561404 2.1799827709017134
various 0.0008771929824561404 1.377636298376776
vee 0.028070175438596492 4.74493212836325
vee-pro-9-33.html 0.0008771929824561404 4.74493212836325
veedeveloper 0.0008771929824561404 4.74493212836325
version 0.002631578947368421 0.0
versions 0.0008771929824561404 1.1340142157190256
via 0.002631578947368421 1.0313600616589422
view 0.0008771929824561404 0.0
virtual 0.0008771929824561404 1.1340142157190256
vista 0.0008771929824561404 4.74493212836325
visual 0.002631578947368421 0.9837320126696876
visualization 0.0008771929824561404 3.3586377672433594
voltmeters 0.0008771929824561404 4.74493212836325
vxi 0.0017543859649122807 4.74493212836325
vxiplug 0.0008771929824561404 4.74493212836325
w 0.0008771929824561404 0.0
w4000d 0.0008771929824561404 4.74493212836325
watch 0.0008771929824561404 3.1354942159291497
web 0.0008771929824561404 0.9382696385929302
what 0.0008771929824561404 0.0
when 0.0035087719298245615 1.16141318990714
whereas 0.0017543859649122807 2.1058747987479913
whether 0.0008771929824561404 2.1058747987479913
widely 0.0008771929824561404 1.6538896750049343
wikimedia 0.0008771929824561404 0.0
wikipedia 0.0043859649122807015 0.0
wikipediacontact 0.0008771929824561404 0.0
wikipedia® 0.0008771929824561404 0.0
window 0.0008771929824561404 2.1799827709017134
windows 0.009649122807017544 0.8947845266531914
windowstypeintegrated 0.0008771929824561404 4.74493212836325
within 0.0008771929824561404 1.0072625100798818
without 0.0008771929824561404 0.9162907318741551
workspace 0.0008771929824561404 3.1354942159291497
www.keysight.com 0.0008771929824561404 4.74493212836325
xeq 0.0008771929824561404 4.74493212836325
xp 0.0008771929824561404 3.3586377672433594
