0 0.006618219569166883 0.0
00 0.0002595380223202699 0.0
000 0.0002595380223202699 0.0
01 0.0002595380223202699 0.008733679968754631
02t17 0.0002595380223202699 0.0
03 0.00012976901116013495 0.017544309650909525
039 0.0005190760446405398 0.22314355131420976
06 0.0002595380223202699 0.008733679968754631
07 0.00012976901116013495 0.0
09 0.0005190760446405398 0.09097177820572679
0_unported_license 0.00012976901116013495 0.0
1 0.005839605502206073 0.0
10 0.0007786140669608098 0.0
100 0.0006488450558006748 0.0
1000 0.00012976901116013495 0.0
1000000 0.0002595380223202699 0.0
100px 0.00012976901116013495 0.0
1136250761 0.0009083830781209447 1.0313600616589422
114 0.0002595380223202699 0.2340726218464
1145 0.0006488450558006748 0.008733679968754631
11515 0.0002595380223202699 1.0313600616589422
117 0.00012976901116013495 0.0
125em 0.0005190760446405398 0.0
127 0.00012976901116013495 0.11020314013361425
12px 0.00012976901116013495 0.0
12s5i 0.00012976901116013495 0.0
13 0.0002595380223202699 0.0
133 0.00012976901116013495 0.008733679968754631
146 0.0002595380223202699 0.044451762570833796
15 0.0002595380223202699 0.0
160 0.0002595380223202699 0.2340726218464
16233001 0.0002595380223202699 1.0313600616589422
1814400 0.0002595380223202699 0.0
196 0.0002595380223202699 0.2340726218464
1982 0.0005190760446405398 0.02643325706815543
1988 0.0003893070334804049 0.02643325706815543
1em 0.0006488450558006748 0.0
1x1 0.00012976901116013495 0.0
2 0.0018167661562418895 0.0
20 0.0003893070334804049 0.0
2000 0.00012976901116013495 0.02643325706815543
2004 0.0002595380223202699 0.06280090123903044
2010 0.0002595380223202699 0.008733679968754631
2011 0.0002595380223202699 0.0
20110720000935 0.00012976901116013495 0.0
2022 0.0006488450558006748 0.0
2023 0.0003893070334804049 0.0
20230314172845 0.0003893070334804049 1.0313600616589422
2097152 0.0005190760446405398 0.0
219 0.0002595380223202699 0.2340726218464
233 0.0002595380223202699 0.2340726218464
23id 0.00012976901116013495 0.0
241 0.0002595380223202699 0.18058393689541388
248 0.0002595380223202699 0.06280090123903044
25 0.00012976901116013495 0.0
252f42392 0.00012976901116013495 0.0
255 0.00012976901116013495 0.044451762570833796
256 0.00012976901116013495 0.044451762570833796
25em 0.0002595380223202699 0.0
26 0.00012976901116013495 0.0
268 0.0002595380223202699 0.008733679968754631
27580389 0.0003893070334804049 1.0313600616589422
277 0.0002595380223202699 0.2905848321097423
2793813 0.0002595380223202699 1.0313600616589422
28programming 0.0007786140669608098 0.0
28programming_language 0.0002595380223202699 0.0
29 0.0011679211004412147 0.0
29t13 0.0002595380223202699 0.0
2cicon 0.00012976901116013495 0.0
2cstyles 0.00012976901116013495 0.0
2em 0.0002595380223202699 0.0
2f 0.0003893070334804049 0.0
2f10 0.0002595380223202699 0.0
2f42392 0.0003893070334804049 0.0
2fapi 0.00012976901116013495 0.0
2fcorpusid 0.00012976901116013495 0.0
2fdoi 0.00012976901116013495 0.0
2fen 0.0002595380223202699 0.0
2ffmt 0.0002595380223202699 0.0
2flcs 0.0002595380223202699 0.0
2fpublications 0.00012976901116013495 0.0
2fspecpub 0.00012976901116013495 0.0
2ftr 0.00012976901116013495 0.0
2x 0.0005190760446405398 0.0
3 0.0007786140669608098 0.0
300 0.0002595380223202699 0.017544309650909525
30em 0.00012976901116013495 0.0
31 0.0005190760446405398 0.008733679968754631
312 0.0002595380223202699 0.40112670650956617
3125em 0.00012976901116013495 0.0
32 0.0002595380223202699 0.0
326 0.0002595380223202699 0.48225225132193467
33z 0.0002595380223202699 0.0
34 0.0002595380223202699 0.02643325706815543
3a 0.0003893070334804049 0.09097177820572679
3a16233001 0.00012976901116013495 0.0
3a3 0.00012976901116013495 0.0
3aargus 0.0002595380223202699 0.0
3adoi 0.00012976901116013495 0.0
3ajournal 0.0002595380223202699 0.0
3akev 0.0002595380223202699 0.0
3amtx 0.0002595380223202699 0.0
3aofi 0.0002595380223202699 0.0
3asid 0.0002595380223202699 0.0
3d894 0.00012976901116013495 0.0
3ds2cid 0.00012976901116013495 0.0
3em 0.0002595380223202699 0.0
3fid 0.00012976901116013495 0.0
4 0.00012976901116013495 0.0
40 0.0003893070334804049 0.017544309650909525
400 0.0002595380223202699 0.0
41 0.0002595380223202699 0.017544309650909525
42 0.0002595380223202699 0.017544309650909525
42392 0.00012976901116013495 1.0313600616589422
42399 0.0006488450558006748 1.0313600616589422
43 0.0002595380223202699 0.008733679968754631
4953 0.00012976901116013495 1.0313600616589422
4c 0.00012976901116013495 4.74493212836325
4em 0.00012976901116013495 0.0
50 0.0003893070334804049 0.0
500 0.0002595380223202699 0.0
5000000 0.0002595380223202699 0.0
50px 0.00012976901116013495 0.0
512 0.00012976901116013495 0.8131064956389242
51z 0.0002595380223202699 0.0
52428800 0.0002595380223202699 0.0
554 0.0002595380223202699 0.1599646496926782
56 0.0002595380223202699 0.02643325706815543
58 0.0002595380223202699 0.0
5em 0.0005190760446405398 0.0
5x 0.0005190760446405398 0.11020314013361425
6 0.00012976901116013495 0.0
60 0.0002595380223202699 0.035401927050916
63 0.0002595380223202699 0.017544309650909525
65 0.00012976901116013495 0.02643325706815543
687 0.0002595380223202699 0.41419878807691896
6c5b7042 0.00012976901116013495 1.0313600616589422
6d7f 0.00012976901116013495 1.0313600616589422
6em 0.00012976901116013495 0.0
7 0.0010381520892810796 0.0
71 0.0002595380223202699 0.05358424613410626
720px 0.00012976901116013495 0.0
724 0.0002595380223202699 0.11995931507897897
74 0.0003893070334804049 0.008733679968754631
75em 0.00012976901116013495 0.0
75px 0.00012976901116013495 0.0
7652 0.0002595380223202699 1.0313600616589422
77 0.0002595380223202699 0.08149303425118301
7cext 0.0003893070334804049 0.0
7cmediawiki 0.00012976901116013495 0.0
7cskins 0.00012976901116013495 0.0
7cwikibase 0.00012976901116013495 0.0
7em 0.00012976901116013495 0.0
8 0.0003893070334804049 0.008733679968754631
80 0.00012976901116013495 0.0
8125em 0.00012976901116013495 0.0
83 0.0002595380223202699 0.1599646496926782
84 0.00012976901116013495 0.02643325706815543
85 0.00012976901116013495 0.0
88 0.0007786140669608098 0.035401927050916
89 0.0002595380223202699 0.08149303425118301
894 0.0002595380223202699 0.18058393689541388
8b 0.00012976901116013495 1.1340142157190256
90 0.00012976901116013495 0.0
91 0.0007786140669608098 0.035401927050916
92 0.0002595380223202699 0.044451762570833796
920 0.0002595380223202699 1.0313600616589422
93 0.0007786140669608098 0.13976194237515863
95 0.00012976901116013495 0.09097177820572679
96 0.0002595380223202699 0.0
9fd 0.00012976901116013495 0.0
9px 0.0003893070334804049 0.0
a 0.03205294575655333 0.0
a0 0.0002595380223202699 0.3504829736908114
a3 0.00012976901116013495 0.7195804376281008
a5k 0.00012976901116013495 0.0
a8 0.0003893070334804049 0.0
a9 0.00012976901116013495 0.0
a9_ 0.00012976901116013495 0.0
aa 0.00012976901116013495 0.2340726218464
aa83bef2671f 0.00012976901116013495 1.0313600616589422
abbr 0.0010381520892810796 0.0
about 0.0011679211004412147 0.0
aboutsite 0.00012976901116013495 0.0
absolute 0.0002595380223202699 0.035401927050916
ac 0.0002595380223202699 2.665490586683414
accessdate 0.00012976901116013495 0.0
accessible 0.00012976901116013495 0.0721032939013439
accesskey 0.0024656112120425644 0.0
account 0.0005190760446405398 0.0
acm 0.0002595380223202699 0.008733679968754631
across 0.00012976901116013495 0.0
action 0.0025953802232026994 0.0
actions 0.0002595380223202699 0.0
ad 0.00012976901116013495 0.11020314013361425
add 0.00012976901116013495 0.0
additional 0.00012976901116013495 0.0
address 0.0002595380223202699 0.0
af 0.00012976901116013495 0.0
after 0.0023358422008824295 0.02643325706815543
agree 0.00012976901116013495 0.0
alert 0.0005190760446405398 0.11995931507897897
align 0.00012976901116013495 0.0721032939013439
all 0.0006488450558006748 0.0
all_stub_articles 0.00012976901116013495 0.0
alpha 0.0005190760446405398 0.14981227822866008
alt 0.0011679211004412147 0.0
alternate 0.0003893070334804049 0.14981227822866008
amp 0.008305216714248637 0.18058393689541388
an 0.0005190760446405398 0.0
and 0.0018167661562418895 0.0
anon 0.0002595380223202699 0.0
anoncontribs 0.00012976901116013495 0.0
anontalk 0.00012976901116013495 0.0
anonymous 0.00012976901116013495 0.12981161152199053
another 0.00012976901116013495 0.0
api 0.0002595380223202699 0.14981227822866008
apple 0.0002595380223202699 0.13976194237515863
application 0.0007786140669608098 0.0
apply 0.00012976901116013495 0.0
april 0.00012976901116013495 0.0
ar 0.0005190760446405398 0.5108256237659907
arabic 0.00012976901116013495 0.0
archive 0.00012976901116013495 0.044451762570833796
archived 0.00012976901116013495 0.035401927050916
are 0.0003893070334804049 0.0
argument 0.00012976901116013495 0.0
argus 0.003633532312483779 0.4682660093471948
argus_ 0.004282377368284454 1.0313600616589422
argus_programming_language 0.0002595380223202699 0.0
aria 0.003633532312483779 0.0
article 0.0011679211004412147 0.0
articles 0.0005190760446405398 0.0
as 0.0003893070334804049 0.0
asbox 0.0014274591227614846 0.05358424613410626
associated 0.0002595380223202699 0.035401927050916
async 0.0002595380223202699 0.37548427589622857
at 0.0003893070334804049 0.0
atitle 0.0002595380223202699 0.0
atom 0.0003893070334804049 0.11995931507897897
atomic 0.0002595380223202699 0.19105523676270922
atomic_operations 0.00012976901116013495 0.0
attribution 0.00012976901116013495 0.0
aufirst 0.0002595380223202699 0.0
august 0.00012976901116013495 0.035401927050916
aulast 0.0002595380223202699 0.0
author 0.0002595380223202699 0.02643325706815543
auto 0.00012976901116013495 0.035401927050916
autocapitalize 0.00012976901116013495 0.0
autostart 0.00012976901116013495 0.0
available 0.0002595380223202699 0.0
avoid 0.0002595380223202699 0.19105523676270922
az 0.0005190760446405398 0.0
azerbaijani 0.00012976901116013495 0.0
azərbaycanca 0.00012976901116013495 0.0
b 0.0016869971450817545 0.017544309650909525
b1 0.0002595380223202699 0.3504829736908114
b1rma_dili 0.00012976901116013495 0.0
b3_ 0.00012976901116013495 0.0
b3n 0.00012976901116013495 0.0
b48c 0.00012976901116013495 1.0313600616589422
ba 0.00012976901116013495 0.0
background 0.0009083830781209447 0.2340726218464
backlink 0.0002595380223202699 0.0
barbara 0.0005190760446405398 0.4682660093471948
barbara_liskov 0.00012976901116013495 0.0
bc 0.00012976901116013495 0.7195804376281008
be 0.00012976901116013495 0.0
because 0.00012976901116013495 0.0
before 0.0019465351674020244 0.017544309650909525
between 0.00012976901116013495 0.017544309650909525
block 0.00012976901116013495 0.044451762570833796
bob 0.00012976901116013495 0.22314355131420976
bob_scheifler 0.00012976901116013495 0.0
body 0.0011679211004412147 0.11995931507897897
bodycontent 0.0002595380223202699 0.0
bokmål 0.0002595380223202699 0.8737311174553593
bold 0.00012976901116013495 0.21233263520999412
bootstrap 0.00012976901116013495 0.0
border 0.0003893070334804049 0.7936884097818228
bottom 0.0005190760446405398 0.12981161152199053
box 0.0012976901116013497 0.0
boxtext 0.00012976901116013495 0.0
bracket 0.0005190760446405398 0.3141153295199365
brackets 0.0002595380223202699 0.11995931507897897
break 0.0003893070334804049 0.19105523676270922
browsing 0.00012976901116013495 0.27902400970866637
btn 0.0006488450558006748 0.0
button 0.004152608357124318 0.0
buttons 0.00012976901116013495 0.0
by 0.0018167661562418895 0.0
bytes 0.0005190760446405398 0.0
c 0.0003893070334804049 0.0
c13_en 0.00012976901116013495 0.0
c3 0.0002595380223202699 0.0
c4 0.00012976901116013495 0.27902400970866637
c5 0.00012976901116013495 0.27902400970866637
ca 0.0010381520892810796 0.035401927050916
cache 0.0002595380223202699 0.0
cached 0.00012976901116013495 0.0
cachereport 0.00012976901116013495 0.0
cactions 0.0007786140669608098 0.0
called 0.0002595380223202699 0.0
calls 0.00012976901116013495 0.0
campaigns 0.00012976901116013495 0.0
can 0.00012976901116013495 0.0
canonical 0.0002595380223202699 0.0
cantonese 0.00012976901116013495 0.0
caps 0.00012976901116013495 0.0
categories 0.00012976901116013495 0.0
category 0.0016869971450817545 0.0
catlinks 0.0007786140669608098 0.0
cats 0.00012976901116013495 0.0
center 0.0005190760446405398 0.02643325706815543
centralauth 0.0002595380223202699 0.0
centralautologin 0.0002595380223202699 0.0
centralnotice 0.0003893070334804049 0.0
change 0.00012976901116013495 0.0
changes 0.0005190760446405398 0.02643325706815543
charinsert 0.00012976901116013495 0.0
charset 0.00012976901116013495 0.0
checkbox 0.004412146379444588 0.0
child 0.003114456267843239 0.21233263520999412
chinese 0.00012976901116013495 0.19105523676270922
citation 0.0012976901116013497 0.017544309650909525
cite 0.0016869971450817545 0.0
cite_journal 0.0002595380223202699 0.008733679968754631
cite_note 0.0007786140669608098 0.0
cite_ref 0.0010381520892810796 0.0
citerefliskov1988 0.00012976901116013495 0.0
citerefwalker 0.00012976901116013495 0.0
citethispage 0.00012976901116013495 0.0
class 0.033220866856994546 0.0
classname 0.0003893070334804049 0.0
client 0.0006488450558006748 0.0
clu 0.0002595380223202699 0.4682660093471948
clu_ 0.00012976901116013495 0.4682660093471948
code 0.00012976901116013495 0.0
coll 0.0005190760446405398 0.0
collaboration 0.00012976901116013495 0.02643325706815543
collapse 0.00012976901116013495 0.0
collapsed 0.0003893070334804049 0.0
collapses 0.00012976901116013495 0.0
collapsible 0.0012976901116013497 0.0
color 0.0006488450558006748 0.3629054936893685
column 0.0003893070334804049 0.11020314013361425
columns 0.0006488450558006748 0.11020314013361425
commons 0.0010381520892810796 0.0
communications 0.0002595380223202699 0.008733679968754631
community 0.00012976901116013495 0.10054122922187746
community_portal 0.00012976901116013495 0.0
compactlinks 0.00012976901116013495 0.0
complications 0.00012976901116013495 0.0
computer 0.00012976901116013495 0.0
computer_science 0.00012976901116013495 0.0
config 0.0002595380223202699 0.0
confused 0.00012976901116013495 0.0
contact 0.0005190760446405398 0.0
contact_us 0.0002595380223202699 0.0
contactpage 0.00012976901116013495 0.0
container 0.0018167661562418895 0.14981227822866008
containing 0.00012976901116013495 0.008733679968754631
content 0.008954061770049312 0.0
contentinfo 0.00012976901116013495 0.0
contents 0.0016869971450817545 0.0
contentsub 0.00012976901116013495 0.0
context 0.0002595380223202699 0.017544309650909525
contribute 0.00012976901116013495 0.0
contributions 0.00012976901116013495 0.2340726218464
contributors 0.0002595380223202699 0.017544309650909525
controls 0.0002595380223202699 0.0
conversion 0.00012976901116013495 0.0
cookie 0.0006488450558006748 0.0
cookie_statement 0.00012976901116013495 0.0
cookiestatement 0.00012976901116013495 0.0
copyright 0.0003893070334804049 0.0
copyrightico 0.00012976901116013495 0.0
corpusid 0.00012976901116013495 0.0
count 0.0002595380223202699 0.0
counter 0.0005190760446405398 0.11020314013361425
cpu 0.00012976901116013495 0.0
cputime 0.00012976901116013495 0.0
create 0.0005190760446405398 0.0
createaccount 0.0005190760446405398 0.0
created 0.0009083830781209447 0.0
creation 0.00012976901116013495 0.0
creative 0.00012976901116013495 0.0
creativecommons 0.0002595380223202699 0.0
cross 0.00012976901116013495 0.0
crossorigin 0.00012976901116013495 0.0
cs1 0.0019465351674020244 0.017544309650909525
csail 0.0005190760446405398 0.20163734609324613
csrftoken 0.00012976901116013495 0.0
ct 0.0002595380223202699 0.6844891178168307
ctx_ver 0.0002595380223202699 0.0
current 0.0002595380223202699 0.08149303425118301
current_events 0.00012976901116013495 0.0
currentevents 0.00012976901116013495 0.0
cursor 0.00012976901116013495 0.5860490450035782
cx 0.0002595380223202699 0.0
d 0.00012976901116013495 0.017544309650909525
d33 0.0002595380223202699 0.0
d6 0.00012976901116013495 0.0
d8 0.0012976901116013497 0.0
d9 0.0003893070334804049 0.0
data 0.003373994290163509 0.0
date 0.00012976901116013495 0.02643325706815543
datemodified 0.0002595380223202699 0.0
datepublished 0.0002595380223202699 0.0
dcurtis 0.00012976901116013495 0.0
dd 0.002076304178562159 0.035401927050916
de 0.00012976901116013495 0.017544309650909525
december 0.00012976901116013495 0.02643325706815543
decimal 0.00012976901116013495 0.11020314013361425
decoding 0.00012976901116013495 0.21233263520999412
decoration 0.0002595380223202699 0.0
deduplicate 0.0007786140669608098 0.0
deduplicated 0.00012976901116013495 0.0
depth 0.0003893070334804049 0.0
description 0.00012976901116013495 0.0
designed 0.00012976901116013495 0.0
desktoparticletarget 0.0003893070334804049 0.0
detection 0.0003893070334804049 0.10054122922187746
developer 0.00012976901116013495 0.02643325706815543
developers 0.0002595380223202699 0.0
di 0.00012976901116013495 0.2451224580329849
dili 0.00012976901116013495 0.0
dir 0.0003893070334804049 0.4682660093471948
disabled 0.0014274591227614846 0.11020314013361425
disclaimers 0.0002595380223202699 0.0
discuss 0.0002595380223202699 0.05358424613410626
discussion 0.0002595380223202699 0.26759531388504365
display 0.0011679211004412147 0.0
distinguish 0.0002595380223202699 0.06280090123903044
distributed 0.0005190760446405398 0.02643325706815543
distributed_systems 0.00012976901116013495 0.0
div 0.021930962886062808 0.0
dl 0.0010381520892810796 0.22314355131420976
dmy 0.00012976901116013495 0.08149303425118301
dns 0.0002595380223202699 0.540239508972284
doctype 0.00012976901116013495 0.0
document 0.0005190760446405398 0.09097177820572679
documentelement 0.0003893070334804049 0.0
does 0.00012976901116013495 0.0
doi 0.0005190760446405398 0.008733679968754631
doi_ 0.00012976901116013495 0.0
donate 0.0003893070334804049 0.0
donating 0.00012976901116013495 0.0
download 0.0005190760446405398 0.0
downloadaspdf 0.00012976901116013495 0.0
dropdown 0.003244225279003374 0.0
dt 0.002076304178562159 0.0
e 0.0006488450558006748 0.0
e7 0.0002595380223202699 0.0
e8 0.0002595380223202699 0.0
echo 0.00012976901116013495 0.0
edit 0.003373994290163509 0.0
editable 0.00012976901116013495 0.49643688631389105
edited 0.00012976901116013495 0.0
editing 0.00012976901116013495 0.11020314013361425
editor 0.0002595380223202699 0.044451762570833796
editors 0.0002595380223202699 0.0
editpage 0.00012976901116013495 0.0
edits 0.0002595380223202699 0.0
editsection 0.0007786140669608098 0.0
edituri 0.00012976901116013495 0.0
edu 0.0005190760446405398 0.06280090123903044
element 0.0009083830781209447 0.0
ellipsis 0.0002595380223202699 0.2340726218464
elt 0.00012976901116013495 0.0
empty 0.0002595380223202699 0.008733679968754631
emptyportlet 0.0002595380223202699 0.0
en 0.003503763301323644 0.0
enabled 0.0014274591227614846 0.008733679968754631
encapsulating 0.00012976901116013495 1.0313600616589422
encapsulation 0.00012976901116013495 0.11020314013361425
encapsulation_ 0.00012976901116013495 0.0
encouraged 0.0005190760446405398 1.5668782980153044
encyclopedia 0.0002595380223202699 0.0
end 0.00012976901116013495 0.0
english 0.0003893070334804049 0.0
enhancements 0.00012976901116013495 0.0
entities 0.00012976901116013495 0.0
entity 0.0005190760446405398 0.0
entityaccesscount 0.00012976901116013495 0.0
entitypage 0.0002595380223202699 0.0
enwiki 0.00012976901116013495 0.0
enwikimwclientprefs 0.00012976901116013495 0.0
error 0.0002595380223202699 0.11020314013361425
es 0.0005190760446405398 1.8545603704670854
es6 0.00012976901116013495 0.0
esi 0.0002595380223202699 0.7195804376281008
esitest 0.00012976901116013495 0.0
español 0.00012976901116013495 0.0
event 0.0012976901116013497 0.0
eventlogging 0.0002595380223202699 0.0
events 0.0002595380223202699 0.11020314013361425
exact 0.00012976901116013495 0.0
exist 0.00012976901116013495 0.0721032939013439
exists 0.00012976901116013495 0.0
expand 0.0003893070334804049 0.0
expanded 0.0002595380223202699 0.0
expanding 0.00012976901116013495 0.05358424613410626
expansion 0.0002595380223202699 0.0
expansiondepth 0.00012976901116013495 0.0
expensive 0.00012976901116013495 0.0
expensivefunctioncount 0.00012976901116013495 0.0
expiry 0.0002595380223202699 0.0
export 0.00012976901116013495 0.0
ext 0.003503763301323644 0.0
extension 0.00012976901116013495 0.008733679968754631
external 0.0014274591227614846 0.0
external_links 0.0005190760446405398 0.0
extra 0.00012976901116013495 0.0
f 0.0007786140669608098 0.0
fa8a495983347898 0.00012976901116013495 0.0
fallbacksearchbutton 0.00012976901116013495 0.0
false 0.0015572281339216196 0.0
favicon 0.00012976901116013495 0.0
feature 0.0027251492343628343 0.0
featurename 0.0003893070334804049 0.0
february 0.00012976901116013495 0.017544309650909525
feed 0.0002595380223202699 0.19105523676270922
file 0.0007786140669608098 0.0
file_upload_wizard 0.0002595380223202699 0.0
files 0.00012976901116013495 0.0
first 0.0016869971450817545 0.0
firstheading 0.0003893070334804049 0.0
float 0.00012976901116013495 0.06280090123903044
flush 0.0006488450558006748 0.0
font 0.002206073189722294 0.14981227822866008
footer 0.003373994290163509 0.0
for 0.0014274591227614846 0.0
form 0.0003893070334804049 0.0
formal 0.00012976901116013495 0.08149303425118301
formal_semantics_of_programming_languages 0.00012976901116013495 0.0
format 0.0002595380223202699 0.035401927050916
foundation 0.0011679211004412147 0.0
free 0.0006488450558006748 0.0
freely 0.00012976901116013495 0.1599646496926782
from 0.0009083830781209447 0.0
full 0.00012976901116013495 0.044451762570833796
fulltext 0.00012976901116013495 0.0
function 0.0007786140669608098 0.0
fundraiserredirector 0.00012976901116013495 0.0
g 0.0002595380223202699 0.0
gadget 0.0005190760446405398 0.0
gehomepagesuggestededitsenabletopics 0.00012976901116013495 0.0
general_disclaimer 0.00012976901116013495 0.0
generator 0.00012976901116013495 0.0
genre 0.0002595380223202699 0.0
geoip 0.00012976901116013495 0.0
globalcssjs 0.0002595380223202699 0.0
go 0.0005190760446405398 0.0
googpub 0.0002595380223202699 0.0
gray 0.00012976901116013495 1.449095262358921
greek 0.0002595380223202699 0.3141153295199365
green 0.00012976901116013495 0.08149303425118301
group 0.0005190760446405398 0.05358424613410626
growthexperiments 0.00012976901116013495 0.0
guardians 0.00012976901116013495 1.0313600616589422
guidance 0.00012976901116013495 0.2340726218464
guides 0.00012976901116013495 4.74493212836325
h 0.0002595380223202699 0.035401927050916
h1 0.0002595380223202699 1.2484245668967697
h2 0.0007786140669608098 1.2484245668967697
hack 0.0007786140669608098 0.0
has 0.00012976901116013495 0.0
haspopup 0.0006488450558006748 0.0
hatnote 0.0007786140669608098 0.0
head 0.0003893070334804049 0.0
header 0.003244225279003374 0.0
heading 0.002984687256683104 0.0
headline 0.0005190760446405398 0.0
height 0.0012976901116013497 0.0
helloworld_in_black_and_white 0.0009083830781209447 0.0
help 0.0010381520892810796 0.0
here 0.00012976901116013495 0.008733679968754631
herlihy 0.0002595380223202699 1.0313600616589422
hidden 0.0018167661562418895 0.0
hide 0.0002595380223202699 0.0
highest 0.00012976901116013495 0.0
history 0.0007786140669608098 0.0
hlist 0.006618219569166883 0.0
honeywell 0.0002595380223202699 0.2340726218464
honeywell_argus 0.00012976901116013495 0.0
hor 0.0002595380223202699 0.0
hosted 0.00012976901116013495 0.0721032939013439
how 0.0006488450558006748 0.0
however 0.0005190760446405398 0.0
href 0.01648066441733714 0.0
hreflang 0.0009083830781209447 0.0
html 0.0003893070334804049 0.06280090123903044
http 0.0010381520892810796 0.017544309650909525
https 0.004412146379444588 0.0
hub 0.00012976901116013495 0.2451224580329849
i 0.0019465351674020244 0.0
ico 0.00012976901116013495 0.0
icon 0.004671684401764859 0.0
icons 0.0005190760446405398 0.0
id 0.017389047495458086 0.0
identifier 0.0005190760446405398 0.044451762570833796
idhash 0.00012976901116013495 0.0
if 0.0002595380223202699 0.0
image 0.0002595380223202699 0.0
imageobject 0.0002595380223202699 0.0
images 0.0015572281339216196 0.0
img 0.0009083830781209447 0.0
implement 0.00012976901116013495 0.05358424613410626
improvements 0.00012976901116013495 0.08149303425118301
in 0.003244225279003374 0.0
inc 0.0003893070334804049 0.0
include 0.0002595380223202699 0.0
increment 0.00012976901116013495 0.06280090123903044
index 0.003114456267843239 0.0
indicators 0.00012976901116013495 0.454472687214859
info 0.0012976901116013497 0.044451762570833796
information 0.0003893070334804049 0.0
inherit 0.0011679211004412147 0.11020314013361425
init 0.0003893070334804049 0.0
inline 0.0011679211004412147 0.05358424613410626
inner 0.0002595380223202699 0.0
input 0.0015572281339216196 0.0
inside 0.0002595380223202699 0.0
institute 0.00012976901116013495 0.08149303425118301
interaction 0.0003893070334804049 0.0
interface 0.0002595380223202699 0.0
interlanguage 0.0024656112120425644 0.0
interwiki 0.0009083830781209447 0.0
introduction 0.0003893070334804049 0.11020314013361425
ip 0.0002595380223202699 0.3141153295199365
is 0.0009083830781209447 0.0
issue 0.00012976901116013495 0.14981227822866008
it 0.0015572281339216196 0.0
italian 0.00012976901116013495 0.3629054936893685
italiano 0.00012976901116013495 0.0
italic 0.0002595380223202699 0.3141153295199365
item 0.007526602647287828 0.0
items 0.00012976901116013495 0.0
j 0.0002595380223202699 0.0
january 0.0002595380223202699 0.0
johnson 0.00012976901116013495 0.19105523676270922
journal 0.0002595380223202699 0.008733679968754631
jquery 0.00012976901116013495 0.0
js 0.0002595380223202699 0.0
json 0.0002595380223202699 0.11995931507897897
jtitle 0.0002595380223202699 0.0
july 0.00012976901116013495 0.008733679968754631
jump 0.0002595380223202699 0.0
june 0.00012976901116013495 0.017544309650909525
k 0.0002595380223202699 0.0
kern 0.0002595380223202699 0.0
key 0.00012976901116013495 0.0
label 0.006099143524526343 0.0
labelledby 0.00012976901116013495 0.0
landmark 0.0005190760446405398 0.0
lang 0.003633532312483779 0.0
langlinks 0.0002595380223202699 0.0
language 0.004541915390604724 0.0
languages 0.0018167661562418895 0.0
last 0.0016869971450817545 0.0
lastmod 0.00012976901116013495 0.0
lazy 0.0002595380223202699 0.008733679968754631
lcs 0.0003893070334804049 0.4682660093471948
ld 0.0002595380223202699 0.7195804376281008
learn 0.0006488450558006748 0.0
left 0.0014274591227614846 0.0
lenguaje 0.00012976901116013495 0.0
lenguaje_de_programaci 0.00012976901116013495 0.0
level 0.0003893070334804049 0.0
levels 0.00012976901116013495 0.0
li 0.021022579807941862 0.0
license 0.0005190760446405398 0.0
licenses 0.0002595380223202699 0.12981161152199053
limit 0.0014274591227614846 0.0
limited 0.0007786140669608098 0.008733679968754631
limitreport 0.0003893070334804049 0.0
line 0.00012976901116013495 0.008733679968754631
linguaggio 0.00012976901116013495 0.0
linguaggio_di_programmazione 0.00012976901116013495 0.0
link 0.0048014534129249935 0.08149303425118301
linked 0.00012976901116013495 0.0721032939013439
links 0.0024656112120425644 0.0
liskov 0.0005190760446405398 0.4682660093471948
liskov1 0.0005190760446405398 0.0
liskov1_1 0.0007786140669608098 0.0
list 0.009862444848170258 0.0
listbullet 0.0003893070334804049 0.0
listitem 0.0005190760446405398 0.0
load 0.0003893070334804049 0.0
loaded 0.00012976901116013495 0.0
loader 0.00012976901116013495 0.035401927050916
loading 0.0003893070334804049 0.0
loc 0.00012976901116013495 0.0
lock 0.0015572281339216196 0.11020314013361425
log 0.0009083830781209447 0.0
logged 0.0002595380223202699 0.0
login 0.0006488450558006748 0.3141153295199365
logo 0.0010381520892810796 0.0
lower 0.0007786140669608098 0.044451762570833796
ltr 0.0009083830781209447 0.0
lua 0.0002595380223202699 0.0
m 0.0002595380223202699 0.08149303425118301
made 0.00012976901116013495 0.035401927050916
main 0.003244225279003374 0.0
main_other 0.0002595380223202699 0.035401927050916
main_page 0.0002595380223202699 0.0
mainentity 0.0002595380223202699 0.0
mainpage 0.00012976901116013495 0.0
maint 0.00012976901116013495 0.09097177820572679
mandatory 0.0005190760446405398 0.2340726218464
manual 0.0002595380223202699 0.035401927050916
march 0.00012976901116013495 0.017544309650909525
margin 0.0019465351674020244 0.0
massachusetts 0.00012976901116013495 0.08149303425118301
massachusetts_institute_of_technology 0.00012976901116013495 0.0
match 0.00012976901116013495 0.008733679968754631
maurice 0.0002595380223202699 0.08149303425118301
maurice_herlihy 0.00012976901116013495 0.0
max 0.0002595380223202699 0.11020314013361425
may 0.0002595380223202699 0.0
media 0.0002595380223202699 0.11995931507897897
mediawiki 0.0009083830781209447 0.0
memory 0.00012976901116013495 0.0
memusage 0.00012976901116013495 0.0
menu 0.012847132104853361 0.0
message 0.0002595380223202699 0.0
meta 0.0015572281339216196 0.09097177820572679
metadata 0.00012976901116013495 0.0
mini 0.0003893070334804049 0.20163734609324613
mit 0.0009083830781209447 0.08149303425118301
mmv 0.0002595380223202699 0.0
mobile 0.0003893070334804049 0.0
mobileaction 0.00012976901116013495 0.0
mobileview 0.00012976901116013495 0.0
module 0.00012976901116013495 0.044451762570833796
modules 0.0003893070334804049 0.0721032939013439
more 0.0018167661562418895 0.0
most 0.00012976901116013495 0.0
move 0.00012976901116013495 0.0
moved 0.00012976901116013495 0.0
ms 0.00012976901116013495 0.0
mw 0.03880093433688035 0.0
mw1354 0.0002595380223202699 1.0313600616589422
mw1475 0.00012976901116013495 0.0
mycontributions 0.00012976901116013495 0.0
mytalk 0.00012976901116013495 0.0
n 0.0018167661562418895 0.08149303425118301
name 0.004152608357124318 0.0
namespaces 0.00012976901116013495 0.21233263520999412
nav 0.0018167661562418895 0.7018808605286999
navbar 0.0019465351674020244 0.20163734609324613
navigation 0.0015572281339216196 0.0
navigationtiming 0.00012976901116013495 0.0
nb 0.0002595380223202699 0.19105523676270922
nearby 0.00012976901116013495 0.0
new 0.00012976901116013495 0.0
newpp 0.00012976901116013495 0.0
no 0.0010381520892810796 0.0
node 0.00012976901116013495 0.0
nofollow 0.0009083830781209447 0.0
noicon 0.0006488450558006748 0.0
nojs 0.00012976901116013495 0.0
non 0.00012976901116013495 0.0
none 0.0012976901116013497 0.21233263520999412
noprint 0.0003893070334804049 0.37548427589622857
noresize 0.00012976901116013495 0.0
normal 0.0007786140669608098 0.008733679968754631
norsk 0.00012976901116013495 0.8737311174553593
norwegian 0.00012976901116013495 0.0
noscript 0.0005190760446405398 0.0
nosnippet 0.00012976901116013495 0.0
not 0.0009083830781209447 0.0
note 0.0003893070334804049 0.11020314013361425
notice 0.00012976901116013495 0.11020314013361425
november 0.00012976901116013495 0.0
nowrap 0.0002595380223202699 0.035401927050916
ns 0.0002595380223202699 0.19105523676270922
nstab 0.00012976901116013495 0.0
null 0.00012976901116013495 0.0
numb 0.0002595380223202699 0.0
number 0.00012976901116013495 0.0
nv 0.0003893070334804049 0.0
o 0.0005190760446405398 0.035401927050916
object 0.0003893070334804049 0.0
object_ 0.00012976901116013495 0.0
objects 0.00012976901116013495 0.0
october 0.00012976901116013495 0.02643325706815543
of 0.002984687256683104 0.0
og 0.0002595380223202699 0.0
ol 0.002206073189722294 0.0
oldid 0.0003893070334804049 0.0
on 0.0007786140669608098 0.0
only 0.0005190760446405398 0.0
opensearch_desc 0.00012976901116013495 0.0
opensearchdescription 0.00012976901116013495 0.0
operations 0.0002595380223202699 0.008733679968754631
options 0.0006488450558006748 0.0
or 0.00012976901116013495 0.0
org 0.008175447703088503 0.0
organization 0.0006488450558006748 0.0
oriented 0.00012976901116013495 0.0
oriented_programming 0.00012976901116013495 0.2340726218464
origin 0.0006488450558006748 0.11020314013361425
original 0.00012976901116013495 0.02643325706815543
orphan 0.0002595380223202699 1.0313600616589422
other 0.00012976901116013495 0.0
out 0.0002595380223202699 0.0
output 0.013755515182974305 0.008733679968754631
overflow 0.0003893070334804049 0.19105523676270922
p 0.004931222424085129 0.0
padding 0.0006488450558006748 0.0
page 0.006099143524526343 0.0
pagelanguagecode 0.00012976901116013495 0.0
pagelanguagedir 0.00012976901116013495 0.0
pages 0.0010381520892810796 0.0
pagevariantfallbacks 0.00012976901116013495 0.0
panel 0.0005190760446405398 0.0
parsed 0.00012976901116013495 0.0
parser 0.014015053205294576 0.0
past 0.00012976901116013495 0.14981227822866008
patroltoken 0.00012976901116013495 0.0
paul 0.00012976901116013495 0.19105523676270922
pcache 0.00012976901116013495 0.0
pdf 0.0003893070334804049 0.0
permalink 0.00012976901116013495 0.0
permanent 0.0002595380223202699 0.035401927050916
personal 0.0006488450558006748 0.0
php 0.004152608357124318 0.0
pin 0.0002595380223202699 0.454472687214859
pinnable 0.0015572281339216196 0.0
pinned 0.0012976901116013497 0.0
placeholder 0.00012976901116013495 0.0
places 0.0011679211004412147 0.035401927050916
plainlinks 0.0002595380223202699 0.0
pmg 0.00012976901116013495 0.0
png 0.0016869971450817545 0.0
policy 0.0002595380223202699 0.0
popups 0.00012976901116013495 0.0
portal 0.0003893070334804049 0.06280090123903044
portlet 0.003503763301323644 0.0
position 0.0003893070334804049 0.008733679968754631
post 0.0002595380223202699 0.0
postexpandincludesize 0.00012976901116013495 0.0
powered 0.00012976901116013495 1.1340142157190256
poweredby_mediawiki_132x47 0.00012976901116013495 0.0
poweredby_mediawiki_176x62 0.00012976901116013495 0.0
poweredby_mediawiki_88x31 0.00012976901116013495 0.0
poweredbyico 0.00012976901116013495 0.0
ppvisitednodes 0.00012976901116013495 0.0
preconnect 0.00012976901116013495 0.0
prefetch 0.0002595380223202699 0.0
preprocessor 0.00012976901116013495 0.0
presentation 0.00012976901116013495 0.0
preview 0.00012976901116013495 0.14981227822866008
print 0.0002595380223202699 0.0
print_export 0.0003893070334804049 0.0
printable 0.0003893070334804049 0.14981227822866008
printfooter 0.00012976901116013495 0.0
privacy 0.0003893070334804049 0.0
privacy_policy 0.0002595380223202699 0.0
procedural 0.0003893070334804049 0.044451762570833796
procedural_programming_languages 0.00012976901116013495 0.0
procedures 0.00012976901116013495 0.035401927050916
profit 0.00012976901116013495 0.0
prog 0.0009083830781209447 0.25629575863111026
programación 0.00012976901116013495 0.0
programmazione 0.00012976901116013495 0.0
programmeringsspr 0.00012976901116013495 0.0
programmeringsspråk 0.00012976901116013495 0.0
programming 0.003893070334804049 0.0
programming_language 0.003763301323643914 0.008733679968754631
programming_language_topic_stubs 0.00012976901116013495 0.0
programming_languages 0.00012976901116013495 0.11995931507897897
programming_languages_created_by_women 0.00012976901116013495 0.0
programming_languages_created_in_1982 0.00012976901116013495 0.0
programs 0.00012976901116013495 0.008733679968754631
progressive 0.0003893070334804049 0.0
projects 0.0002595380223202699 0.06280090123903044
property 0.0002595380223202699 0.008733679968754631
proqramla 0.00012976901116013495 0.0
proqramlaşdırma 0.00012976901116013495 0.0
pt 0.0007786140669608098 0.02643325706815543
publications 0.0002595380223202699 0.044451762570833796
publisher 0.0002595380223202699 0.41419878807691896
push 0.0003893070334804049 0.0
q 0.0003893070334804049 0.0
q3622471 0.0009083830781209447 1.0313600616589422
quick 0.00012976901116013495 0.0
quiet 0.0007786140669608098 0.0
quotes 0.00012976901116013495 0.19105523676270922
r 0.0002595380223202699 0.0
r1011085734 0.00012976901116013495 0.0
r1012311289 0.00012976901116013495 0.0
r1033289096 0.00012976901116013495 0.0
r1063604349 0.00012976901116013495 0.0
r1129693374 0.00012976901116013495 0.0
r1133582631 0.0002595380223202699 0.0
random 0.0002595380223202699 0.21233263520999412
randomly 0.00012976901116013495 0.2340726218464
randompage 0.00012976901116013495 0.0
raw 0.00012976901116013495 0.11020314013361425
re 0.0002595380223202699 0.02643325706815543
read 0.0002595380223202699 0.11020314013361425
ready 0.002206073189722294 0.0
real 0.00012976901116013495 0.0
recent 0.0003893070334804049 0.0721032939013439
recentchanges 0.0003893070334804049 0.0
recentchangeslinked 0.0002595380223202699 0.0
recursion 0.00012976901116013495 0.0
red 0.00012976901116013495 0.12981161152199053
redirect 0.0007786140669608098 0.02643325706815543
redlink 0.00012976901116013495 0.0
reduced 0.00012976901116013495 0.0
reference 0.0010381520892810796 0.035401927050916
references 0.0012976901116013497 0.0
referencetooltips 0.00012976901116013495 0.0
referrer 0.0003893070334804049 0.0
reflist 0.0019465351674020244 0.0
registered 0.00012976901116013495 0.0
registration 0.0002595380223202699 0.5705448584676129
rel 0.003244225279003374 0.0
related 0.0005190760446405398 0.02643325706815543
relative 0.00012976901116013495 0.11020314013361425
rendering 0.00012976901116013495 0.0
repeat 0.0005190760446405398 0.0721032939013439
replace 0.00012976901116013495 0.008733679968754631
report 0.0002595380223202699 0.0
require 0.00012976901116013495 0.0
reset 0.00012976901116013495 0.044451762570833796
resourceloaderdynamicstyles 0.00012976901116013495 0.0
retrieved 0.0002595380223202699 0.0
returnto 0.0005190760446405398 0.0
revision 0.0003893070334804049 0.0
revisions 0.00012976901116013495 0.6844891178168307
rfr_id 0.0002595380223202699 0.0
rft 0.0018167661562418895 0.0
rft_id 0.0005190760446405398 0.0
rft_val_fmt 0.0002595380223202699 0.0
rgba 0.00012976901116013495 0.0
right 0.0014274591227614846 0.0
rl 0.00012976901116013495 0.0
rlconf 0.00012976901116013495 0.0
rlpagemodules 0.00012976901116013495 0.0
rlq 0.0007786140669608098 0.0
rlstate 0.00012976901116013495 0.0
robert 0.00012976901116013495 0.08149303425118301
robots 0.00012976901116013495 0.5108256237659907
role 0.002206073189722294 0.0
roman 0.0005190760446405398 0.37548427589622857
rootpage 0.00012976901116013495 0.0
rsd 0.0002595380223202699 0.0
s 0.0002595380223202699 0.0
s2cid 0.0002595380223202699 0.008733679968754631
s2cid_ 0.00012976901116013495 0.0
sa 0.0002595380223202699 0.0
same 0.00012976901116013495 0.0
sameas 0.0002595380223202699 0.0
saved 0.00012976901116013495 0.0
scheifler 0.0002595380223202699 0.4682660093471948
schema 0.0002595380223202699 0.02643325706815543
science 0.00012976901116013495 0.008733679968754631
screen 0.0002595380223202699 0.044451762570833796
scribunto 0.00012976901116013495 0.044451762570833796
script 0.0018167661562418895 0.14981227822866008
scripts 0.00012976901116013495 0.10054122922187746
search 0.003503763301323644 0.0
searchable 0.00012976901116013495 0.0
searchbutton 0.0005190760446405398 0.0
searchform 0.00012976901116013495 0.0
searchinput 0.00012976901116013495 0.0
seconds 0.0003893070334804049 0.0
section 0.0005190760446405398 0.008733679968754631
selected 0.0005190760446405398 0.008733679968754631
selector 0.00012976901116013495 0.0
selflink 0.00012976901116013495 0.0
semantics 0.0002595380223202699 0.08149303425118301
semanticscholar 0.0002595380223202699 0.0
sentences 0.00012976901116013495 0.0
september 0.00012976901116013495 0.008733679968754631
set 0.0003893070334804049 0.0
sha1 0.00012976901116013495 0.0
sharealike 0.00012976901116013495 0.0
sharealike_3 0.00012976901116013495 0.0
show 0.0003893070334804049 0.0
sidebar 0.0014274591227614846 0.0
simplesearch 0.00012976901116013495 0.0
site 0.0006488450558006748 0.0
sitedir 0.00012976901116013495 0.0
sitelinks 0.00012976901116013495 0.0
sitenotice 0.0002595380223202699 0.0
sitesub 0.00012976901116013495 0.0
sitesupport 0.00012976901116013495 0.0
size 0.0014274591227614846 0.0
skin 0.0007786140669608098 0.8131064956389242
skins 0.0007786140669608098 0.0
small 0.00012976901116013495 0.0
smaller 0.00012976901116013495 0.02643325706815543
space 0.00012976901116013495 0.0721032939013439
spacing 0.0002595380223202699 0.0
span 0.021671424863742537 0.044451762570833796
spanish 0.00012976901116013495 0.3629054936893685
special 0.0028549182455229693 0.0
specialpages 0.0002595380223202699 0.0
specpub 0.0002595380223202699 0.0
src 0.0011679211004412147 0.0
srcset 0.0003893070334804049 0.0
standard 0.00012976901116013495 0.0
start 0.0002595380223202699 0.0721032939013439
startup 0.0002595380223202699 0.0
statement 0.00012976901116013495 0.0
static 0.0016869971450817545 0.0
statistics 0.00012976901116013495 0.0
stats 0.00012976901116013495 0.0
statslink 0.00012976901116013495 0.0
status 0.00012976901116013495 0.0
sticky 0.0002595380223202699 0.0
stopmobileredirecttoggle 0.00012976901116013495 0.0
structured 0.00012976901116013495 0.035401927050916
stub 0.0019465351674020244 0.05358424613410626
stubs 0.0003893070334804049 0.05358424613410626
style 0.003633532312483779 0.0
styles 0.0012976901116013497 0.0
stylesheet 0.0002595380223202699 0.0
subject 0.00012976901116013495 0.10054122922187746
sublist 0.0002595380223202699 0.0
submit 0.0002595380223202699 0.0
subscription 0.0002595380223202699 0.0
subtitle 0.00012976901116013495 0.0
suggestededitsession 0.00012976901116013495 0.0
sup 0.0018167661562418895 0.0
support 0.0002595380223202699 0.0
supporting 0.00012976901116013495 0.0
svg 0.0016869971450817545 0.0
switcher 0.00012976901116013495 0.0
syntax 0.0002595380223202699 0.0
syntax_ 0.00012976901116013495 0.0
system 0.0002595380223202699 0.0
systems 0.00012976901116013495 0.02643325706815543
t 0.0015572281339216196 0.02643325706815543
tab 0.0006488450558006748 0.19105523676270922
tabindex 0.0002595380223202699 0.0
table 0.0010381520892810796 0.0
tabs 0.0002595380223202699 4.051784947803305
tagline 0.0003893070334804049 0.0
tags 0.00012976901116013495 0.0
talk 0.0007786140669608098 0.05358424613410626
target 0.0011679211004412147 0.0
targetloader 0.00012976901116013495 0.0
tb 0.0003893070334804049 0.0
tbody 0.0002595380223202699 0.0
td 0.0005190760446405398 0.0
technology 0.00012976901116013495 0.017544309650909525
telephone 0.00012976901116013495 0.48225225132193467
template 0.0027251492343628343 0.0
template_talk 0.00012976901116013495 0.0
templateargumentsize 0.00012976901116013495 0.0
templatestyles 0.0009083830781209447 0.0
terms 0.0002595380223202699 0.0
terms_of_use 0.00012976901116013495 0.0
text 0.0025953802232026994 0.0
text_of_the_creative_commons_attribution 0.00012976901116013495 0.0
the 0.003114456267843239 0.0
this 0.002984687256683104 0.0
thumb 0.0003893070334804049 0.0
thumbnail 0.00012976901116013495 0.0
time 0.0006488450558006748 0.0
timestamp 0.0002595380223202699 0.0
timeusage 0.00012976901116013495 0.0
timingprofile 0.00012976901116013495 0.0
title 0.015053205294575656 0.0
titlebar 0.0010381520892810796 0.0
titleform 0.00012976901116013495 0.0
to 0.003244225279003374 0.0
toc 0.006747988580327018 0.0
toggle 0.0011679211004412147 0.0
toggle_view_mobile 0.00012976901116013495 0.0
tokens 0.00012976901116013495 3.6463198396951406
toolbar 0.0003893070334804049 0.0
tools 0.0011679211004412147 0.0
top 0.0009083830781209447 0.0
topic 0.0003893070334804049 0.05358424613410626
total 0.0002595380223202699 0.0
touch 0.0002595380223202699 2.4423470353692043
tr 0.0003893070334804049 0.08149303425118301
trademark 0.00012976901116013495 0.0
transclusion 0.00012976901116013495 0.0
transientcontent 0.00012976901116013495 0.0
transparent 0.00012976901116013495 0.11020314013361425
triggered 0.00012976901116013495 0.0
true 0.0028549182455229693 0.0
ttl 0.00012976901116013495 0.0
type 0.004412146379444588 0.0
u 0.0002595380223202699 0.035401927050916
ui 0.006877757591487153 0.0
ul 0.006877757591487153 0.0
uls 0.0006488450558006748 0.0
under 0.00012976901116013495 0.0
unpin 0.0002595380223202699 0.0
unpinned 0.0002595380223202699 0.0
unstrip 0.0005190760446405398 0.0
upload 0.0016869971450817545 0.14981227822866008
upper 0.0005190760446405398 0.11020314013361425
url 0.0010381520892810796 0.0721032939013439
us 0.0002595380223202699 0.02643325706815543
usage 0.0005190760446405398 0.0
use 0.0003893070334804049 0.0
uselang 0.00012976901116013495 0.0
user 0.003503763301323644 0.0
useradd 0.0002595380223202699 0.0
userlogin 0.0002595380223202699 0.0
using 0.00012976901116013495 0.0
utc 0.00012976901116013495 0.0
utf 0.00012976901116013495 0.21233263520999412
utilizes 0.00012976901116013495 1.0313600616589422
utm_campaign 0.00012976901116013495 0.0
utm_medium 0.00012976901116013495 0.0
utm_source 0.00012976901116013495 0.0
ux 0.00012976901116013495 0.0
v 0.00012976901116013495 0.044451762570833796
value 0.0016869971450817545 0.0
var 0.0002595380223202699 0.11020314013361425
variant 0.0002595380223202699 0.0
variants 0.0007786140669608098 0.0
vary 0.00012976901116013495 0.0
ve 0.00012976901116013495 0.25629575863111026
vector 0.028678951466389827 0.0
version 0.0002595380223202699 0.0
view 0.0014274591227614846 0.0
viewport 0.00012976901116013495 0.0
views 0.0003893070334804049 0.02643325706815543
visible 0.00012976901116013495 0.044451762570833796
visit 0.0002595380223202699 0.0
visited 0.00012976901116013495 0.0
visualeditor 0.0005190760446405398 0.0
volume 0.00012976901116013495 0.08149303425118301
vue 0.0002595380223202699 0.11995931507897897
w 0.003763301323643914 0.0
walker 0.0002595380223202699 1.0313600616589422
walker1 0.0002595380223202699 0.0
walker1_2 0.0002595380223202699 0.0
walltime 0.00012976901116013495 0.0
was 0.0003893070334804049 0.0
watchlist 0.00012976901116013495 0.0
watchtoken 0.00012976901116013495 0.0
wb 0.0002595380223202699 0.0
wbc 0.00012976901116013495 0.0
web 0.0002595380223202699 0.0
website 0.00012976901116013495 0.0
weight 0.0006488450558006748 0.7195804376281008
weihl 0.0002595380223202699 1.0313600616589422
wgaction 0.00012976901116013495 0.0
wgarticleid 0.00012976901116013495 0.0
wgbackendresponsetime 0.00012976901116013495 0.0
wgbreakframes 0.00012976901116013495 0.0
wgcanonicalnamespace 0.00012976901116013495 0.0
wgcanonicalspecialpagename 0.00012976901116013495 0.0
wgcategories 0.00012976901116013495 0.0
wgcentralauthmobiledomain 0.00012976901116013495 0.0
wgcspnonce 0.00012976901116013495 0.0
wgcurrevisionid 0.00012976901116013495 0.0
wgdefaultdateformat 0.00012976901116013495 0.0
wgdigittransformtable 0.00012976901116013495 0.0
wgeditsubmitbuttonlabelpublish 0.00012976901116013495 0.0
wgflaggedrevsparams 0.00012976901116013495 0.0
wggestructuredtaskrejectionreasontextinputenabled 0.00012976901116013495 0.0
wggetopicsmatchmodeenabled 0.00012976901116013495 0.0
wghostname 0.00012976901116013495 0.0
wgisarticle 0.00012976901116013495 0.0
wgisprobablyeditable 0.00012976901116013495 0.0
wgisredirect 0.00012976901116013495 0.0
wgmediaviewerenabledbydefault 0.00012976901116013495 0.0
wgmediavieweronclick 0.00012976901116013495 0.0
wgmfdisplaywikibasedescriptions 0.00012976901116013495 0.0
wgmonthnames 0.00012976901116013495 0.0
wgnamespacenumber 0.00012976901116013495 0.0
wgnoticeproject 0.00012976901116013495 0.0
wgpagecontentlanguage 0.00012976901116013495 0.0
wgpagecontentmodel 0.00012976901116013495 0.0
wgpagename 0.00012976901116013495 0.0
wgpageparsereport 0.00012976901116013495 0.0
wgpopupsflags 0.00012976901116013495 0.0
wgrelevantarticleid 0.00012976901116013495 0.0
wgrelevantpageisprobablyeditable 0.00012976901116013495 0.0
wgrelevantpagename 0.00012976901116013495 0.0
wgrequestid 0.00012976901116013495 0.0
wgrestrictionedit 0.00012976901116013495 0.0
wgrestrictionmove 0.00012976901116013495 0.0
wgrevisionid 0.00012976901116013495 0.0
wgseparatortransformtable 0.00012976901116013495 0.0
wgtitle 0.00012976901116013495 0.0
wgulscurrentautonym 0.00012976901116013495 0.0
wgulsiscompactlinksenabled 0.00012976901116013495 0.0
wgulsislanguageselectorempty 0.00012976901116013495 0.0
wgulsposition 0.00012976901116013495 0.0
wgusergroups 0.00012976901116013495 0.0
wgusername 0.00012976901116013495 0.0
wgvector2022previewpages 0.00012976901116013495 0.0
wgvisualeditor 0.00012976901116013495 0.0
wgwikibaseitemid 0.00012976901116013495 0.0
wgwmepagelength 0.00012976901116013495 0.0
wgwmeschemaeditattemptstepoversample 0.00012976901116013495 0.0
what 0.00012976901116013495 0.0
whatlinkshere 0.0002595380223202699 0.0
when 0.0002595380223202699 0.0
white 0.00012976901116013495 0.0721032939013439
width 0.0023358422008824295 0.0
wiki 0.009602906825849987 0.0
wikibase 0.0005190760446405398 0.0
wikidata 0.0010381520892810796 0.0
wikimedia 0.004671684401764859 0.0
wikimediabadges 0.0002595380223202699 0.0
wikimediaevents 0.00012976901116013495 0.0
wikimediafoundation 0.0002595380223202699 0.0
wikipedia 0.009732675837010122 0.0
wikisource 0.00012976901116013495 3.6463198396951406
wikitext 0.00012976901116013495 0.0
william 0.0002595380223202699 0.20163734609324613
william_weihl 0.00012976901116013495 0.0
window 0.0003893070334804049 0.11020314013361425
with 0.0005190760446405398 0.0
within 0.00012976901116013495 0.0
wmf 0.0003893070334804049 0.0
women 0.0003893070334804049 0.2340726218464
word 0.0005190760446405398 0.044451762570833796
wordmark 0.0002595380223202699 0.0
works 0.00012976901116013495 0.11020314013361425
wpformidentifier 0.00012976901116013495 0.0
wrap 0.0002595380223202699 0.5108256237659907
ws 0.00012976901116013495 0.0
www 0.0012976901116013497 0.0
x 0.0003893070334804049 0.0
xml 0.0003893070334804049 0.14981227822866008
y 0.0002595380223202699 0.008733679968754631
yes 0.00012976901116013495 0.7936884097818228
you 0.0007786140669608098 0.0
yue 0.0005190760446405398 0.0
z 0.0002595380223202699 0.11020314013361425
z39 0.0002595380223202699 0.0
z3988 0.0002595380223202699 0.0
zh 0.0007786140669608098 1.3109449238781037
أرجوس 0.00012976901116013495 0.0
العربية 0.00012976901116013495 0.0
برمجة 0.00012976901116013495 0.0
لغة 0.00012976901116013495 0.0
中文 0.00012976901116013495 0.0
粵語 0.00012976901116013495 0.6177977433181585
编程语言 0.00012976901116013495 0.0
