0 0.00516045799064667 0.0
00 0.00010750954147180563 0.0
000 0.00010750954147180563 0.0
039 0.00021501908294361126 0.0
042 0.00010750954147180563 3.6463198396951406
08 0.00010750954147180563 0.4682660093471948
0_unported_license 5.3754770735902814e-05 0.0
0px 5.3754770735902814e-05 0.7375989431307791
1 0.004139117346664517 0.0
10 0.0010750954147180562 0.0
100 0.0012363597269257646 0.0
1000 0.00010750954147180563 0.0
1000000 0.00010750954147180563 0.0
102 0.00010750954147180563 1.8004931491968095
1076270 0.00016126431220770844 4.74493212836325
11 0.0009675858732462506 0.21233263520999412
1128934396 0.0003762833951513197 4.74493212836325
114 0.00016126431220770844 0.37548427589622857
117 5.3754770735902814e-05 0.0
12 0.0003762833951513197 0.18058393689541388
1200 0.00010750954147180563 1.1073459686368643
125em 0.00026877385367951405 0.0
127 5.3754770735902814e-05 0.09097177820572679
1287 0.0003225286244154169 4.74493212836325
12px 5.3754770735902814e-05 0.09097177820572679
12s5i 5.3754770735902814e-05 0.0
12z 0.00010750954147180563 2.5477075510270306
13 0.0004300381658872225 0.0
133 5.3754770735902814e-05 0.08149303425118301
14 0.0006988120195667365 0.22314355131420976
15 0.00026877385367951405 0.3382128810989969
16 0.0004837929366231253 0.2451224580329849
160 0.000591302478094931 0.0
17 0.0004300381658872225 0.44086703515908027
175 0.00010750954147180563 3.1354942159291497
17t14 0.00010750954147180563 4.74493212836325
18 0.00026877385367951405 0.48225225132193467
19 0.0003225286244154169 0.38822330167365837
1963 5.3754770735902814e-05 2.7990219793079367
1985 0.0003225286244154169 1.4127276181880462
1990 0.0003225286244154169 1.6538896750049343
1990_software 5.3754770735902814e-05 4.74493212836325
1991 5.3754770735902814e-05 1.4127276181880462
1993 5.3754770735902814e-05 1.4127276181880462
1995 0.00010750954147180563 1.377636298376776
1997 5.3754770735902814e-05 1.7004096906398272
1998 5.3754770735902814e-05 1.377636298376776
1em 0.0003225286244154169 0.02643325706815543
1px 0.00016126431220770844 0.2451224580329849
1x1 5.3754770735902814e-05 0.0
2 0.0015051335806052788 0.0
20 0.0005375477073590281 0.0
2000 5.3754770735902814e-05 1.0813704822336037
20000 5.3754770735902814e-05 1.749199854809259
2002 0.00016126431220770844 1.0560526742493137
2003 0.00016126431220770844 0.9837320126696876
2004 0.001397624039133473 0.06280090123903044
2005 5.3754770735902814e-05 0.8531118302526235
20061127232734 5.3754770735902814e-05 4.74493212836325
2008 5.3754770735902814e-05 1.0313600616589422
2011 5.3754770735902814e-05 0.6017974019717174
2011july 5.3754770735902814e-05 4.74493212836325
2012 0.00016126431220770844 0.9382696385929302
2013 0.00021501908294361126 0.6844891178168307
20131022091250 5.3754770735902814e-05 4.051784947803305
20131029190415 5.3754770735902814e-05 4.74493212836325
2015 0.0007525667903026394 1.0072625100798818
20150526013237 5.3754770735902814e-05 4.74493212836325
2016 0.00010750954147180563 0.9837320126696876
2018 5.3754770735902814e-05 1.0072625100798818
2020 0.00021501908294361126 0.8329091229351039
2021 5.3754770735902814e-05 0.7746402148111283
2022 0.0005375477073590281 0.0
20221013 5.3754770735902814e-05 4.74493212836325
20230315044241 0.00016126431220770844 4.74493212836325
2097152 0.00021501908294361126 0.0
21 0.0003762833951513197 0.3504829736908114
21topic 5.3754770735902814e-05 4.051784947803305
22 0.0003762833951513197 0.26759531388504365
22t19 0.00010750954147180563 4.74493212836325
23 0.0005375477073590281 0.48225225132193467
2334 0.00010750954147180563 4.74493212836325
2378 0.00010750954147180563 4.74493212836325
23id 5.3754770735902814e-05 1.2185716037470886
23product 5.3754770735902814e-05 4.74493212836325
24 0.0004837929366231253 0.5254244231871433
240 0.00021501908294361126 3.1354942159291497
249 0.00010750954147180563 3.1354942159291497
25 0.00010750954147180563 0.3260915205666521
255 5.3754770735902814e-05 0.09097177820572679
25em 0.0006988120195667365 0.035401927050916
26 0.00010750954147180563 0.0
26pg 5.3754770735902814e-05 2.1799827709017134
27 0.00026877385367951405 0.42744401482693967
275 5.3754770735902814e-05 3.6463198396951406
2825 0.00016126431220770844 4.051784947803305
28textbook_cover 0.00026877385367951405 4.74493212836325
29 0.0005375477073590281 0.22314355131420976
2c 0.0003225286244154169 0.48225225132193467
2cicon 5.3754770735902814e-05 0.0
2cstyles 5.3754770735902814e-05 0.0
2cwikimediabadges 5.3754770735902814e-05 0.6177977433181585
2em 0.00010750954147180563 0.06280090123903044
2f 0.00172015266354889 0.11020314013361425
2f10 0.00010750954147180563 0.8737311174553593
2f14 5.3754770735902814e-05 3.1354942159291497
2f2011july 5.3754770735902814e-05 4.74493212836325
2f322 5.3754770735902814e-05 4.74493212836325
2f4 5.3754770735902814e-05 3.6463198396951406
2fabout 5.3754770735902814e-05 2.5477075510270306
2fampl 0.0005375477073590281 4.74493212836325
2famplmod 5.3754770735902814e-05 4.74493212836325
2fblogs 5.3754770735902814e-05 2.26002547857525
2fbooks 0.00010750954147180563 1.6538896750049343
2fbrooks 5.3754770735902814e-05 4.74493212836325
2fciteseerx 5.3754770735902814e-05 2.1799827709017134
2fcole 5.3754770735902814e-05 4.74493212836325
2fcomputing 5.3754770735902814e-05 4.051784947803305
2fcontent 5.3754770735902814e-05 2.3470368555648795
2fcouenne 5.3754770735902814e-05 4.74493212836325
2fdownloads 5.3754770735902814e-05 3.3586377672433594
2fe 5.3754770735902814e-05 3.3586377672433594
2fen 0.0012901144976616675 0.10054122922187746
2ffmt 0.0012901144976616675 0.10054122922187746
2fforum 5.3754770735902814e-05 3.1354942159291497
2fgecode 0.00010750954147180563 4.74493212836325
2fgithub 0.00021501908294361126 1.449095262358921
2fglpk 5.3754770735902814e-05 4.74493212836325
2fgreenberghistory 5.3754770735902814e-05 4.74493212836325
2fgroup 5.3754770735902814e-05 3.3586377672433594
2fgroups 0.00010750954147180563 2.4423470353692043
2fguide 5.3754770735902814e-05 4.74493212836325
2fijoc 0.00010750954147180563 4.74493212836325
2filogcp 0.00010750954147180563 4.74493212836325
2findex 5.3754770735902814e-05 1.5668782980153044
2finforms 5.3754770735902814e-05 4.051784947803305
2fjacop 0.00010750954147180563 4.74493212836325
2fjoc 5.3754770735902814e-05 4.74493212836325
2flearn 5.3754770735902814e-05 3.6463198396951406
2flgo 5.3754770735902814e-05 4.74493212836325
2fmaster 0.00021501908294361126 2.953172659135195
2fmnsc 0.00010750954147180563 4.74493212836325
2fmp 0.0004300381658872225 4.74493212836325
2fneos 0.00010750954147180563 4.74493212836325
2fopenings 5.3754770735902814e-05 4.74493212836325
2fpdf 5.3754770735902814e-05 2.1058747987479913
2fplatforms 5.3754770735902814e-05 4.74493212836325
2fproducts 0.00010750954147180563 2.7990219793079367
2fprojects 5.3754770735902814e-05 2.1058747987479913
2frefs 5.3754770735902814e-05 4.051784947803305
2fsoftware 5.3754770735902814e-05 2.1058747987479913
2fsolvers 0.0006450572488308337 4.74493212836325
2fsulum 0.00010750954147180563 4.74493212836325
2fsummary 5.3754770735902814e-05 2.1799827709017134
2ftree 0.00021501908294361126 4.051784947803305
2ftryampl 5.3754770735902814e-05 4.74493212836325
2fviewdoc 5.3754770735902814e-05 2.1799827709017134
2fwww 0.0004837929366231253 0.3382128810989969
2fy1fjcyzz 5.3754770735902814e-05 4.74493212836325
2px 0.00010750954147180563 0.26759531388504365
2x 0.00016126431220770844 0.0
3 0.000591302478094931 0.0
300 5.3754770735902814e-05 1.6094379124341003
30em 0.00010750954147180563 0.09097177820572679
31 0.00010750954147180563 0.0
3125em 5.3754770735902814e-05 0.0
32 0.0003225286244154169 0.26759531388504365
322 0.0003225286244154169 3.3586377672433594
325 5.3754770735902814e-05 2.953172659135195
344 0.00010750954147180563 3.1354942159291497
350 5.3754770735902814e-05 3.1354942159291497
35z 0.00010750954147180563 3.3586377672433594
36 0.00026877385367951405 0.8131064956389242
38 0.00016126431220770844 1.0313600616589422
38809 0.00021501908294361126 4.74493212836325
3a 0.001397624039133473 0.11020314013361425
3a3 5.3754770735902814e-05 0.09097177820572679
3aampl 0.0012901144976616675 4.74493212836325
3abook 0.0009138311025103478 0.22314355131420976
3adoi 0.00010750954147180563 0.9382696385929302
3ajournal 0.0003762833951513197 0.3260915205666521
3akev 0.0012901144976616675 0.10054122922187746
3amtx 0.0012901144976616675 0.10054122922187746
3aofi 0.0012901144976616675 0.10054122922187746
3asid 0.0012901144976616675 0.10054122922187746
3cols 5.3754770735902814e-05 0.21233263520999412
3d10 5.3754770735902814e-05 2.1799827709017134
3dciteseerx 5.3754770735902814e-05 2.26002547857525
3dhuwpdaaaqbaj 5.3754770735902814e-05 4.74493212836325
3dpa32 5.3754770735902814e-05 4.051784947803305
3em 0.00010750954147180563 0.035401927050916
3fdoi 5.3754770735902814e-05 2.1799827709017134
3fid 5.3754770735902814e-05 1.3437347467010947
3px 0.00010750954147180563 0.12981161152199053
4 0.0009138311025103478 0.02643325706815543
40 5.3754770735902814e-05 0.0
400 0.00010750954147180563 0.0
4008 0.00021501908294361126 4.74493212836325
41 0.00010750954147180563 1.0560526742493137
4111 5.3754770735902814e-05 4.74493212836325
415 0.00010750954147180563 2.953172659135195
419 0.00010750954147180563 3.6463198396951406
43 0.00021501908294361126 1.2185716037470886
44 0.00021501908294361126 1.2185716037470886
4c 5.3754770735902814e-05 0.09097177820572679
4em 0.00010750954147180563 0.40112670650956617
4er 5.3754770735902814e-05 4.74493212836325
5 0.000860076331774445 0.11020314013361425
50 0.00010750954147180563 0.0
500 0.00010750954147180563 0.0
5000000 0.00010750954147180563 0.0
505 0.00010750954147180563 3.1354942159291497
517 0.00010750954147180563 3.6463198396951406
519 0.00026877385367951405 2.665490586683414
52428800 0.00010750954147180563 0.008733679968754631
534 0.00021501908294361126 3.3586377672433594
554 0.00010750954147180563 3.3586377672433594
586 0.00010750954147180563 3.6463198396951406
59 0.00010750954147180563 0.40112670650956617
5efd 5.3754770735902814e-05 4.74493212836325
5em 0.00026877385367951405 0.0
5x 0.00016126431220770844 0.0
6 0.0006450572488308337 0.044451762570833796
600 5.3754770735902814e-05 2.26002547857525
62 0.00010750954147180563 1.377636298376776
64 0.00010750954147180563 1.1073459686368643
640 0.00010750954147180563 1.0813704822336037
6473058 0.00010750954147180563 4.74493212836325
65 5.3754770735902814e-05 0.05358424613410626
678 0.00010750954147180563 4.051784947803305
68 0.00021501908294361126 1.1895840668738364
686 0.00010750954147180563 3.3586377672433594
7 0.0005375477073590281 0.0
70846 0.00010750954147180563 4.74493212836325
71 0.00010750954147180563 1.2484245668967697
720px 5.3754770735902814e-05 0.0
75 0.00010750954147180563 1.449095262358921
7cext 0.00016126431220770844 0.0
7cjquery 0.00010750954147180563 0.41419878807691896
7cmediawiki 5.3754770735902814e-05 0.0
7cskins 5.3754770735902814e-05 0.0
7cwikibase 5.3754770735902814e-05 0.0
7em 5.3754770735902814e-05 0.41419878807691896
8 0.0006988120195667365 0.0
80 0.00026877385367951405 0.3022808718729337
800 0.00010750954147180563 1.1340142157190256
80245 0.00010750954147180563 4.74493212836325
806 0.00010750954147180563 3.3586377672433594
8125em 5.3754770735902814e-05 0.0
826 0.00010750954147180563 4.74493212836325
83 0.00010750954147180563 0.8131064956389242
8417 0.00021501908294361126 4.74493212836325
86400 0.00010750954147180563 0.8329091229351039
8727 0.0034940600978336828 4.051784947803305
88 0.0015051335806052788 0.0
89 0.00010750954147180563 1.449095262358921
8b 5.3754770735902814e-05 0.9837320126696876
8f 0.00016126431220770844 1.0813704822336037
9 0.000591302478094931 0.11020314013361425
90 0.00021501908294361126 0.08149303425118301
91 0.001397624039133473 0.0721032939013439
93 0.001397624039133473 0.06280090123903044
939 0.00010750954147180563 4.051784947803305
945 0.00010750954147180563 4.74493212836325
95 0.00010750954147180563 0.035401927050916
963 0.00010750954147180563 3.6463198396951406
9699 0.00016126431220770844 4.74493212836325
97 0.00010750954147180563 0.9607424944449889
978 0.0004300381658872225 0.9837320126696876
99 0.00010750954147180563 0.6505875661411494
9px 0.00016126431220770844 0.09097177820572679
_a_journal_of_the_institute_for_operations_research_and_the_management_sciences 5.3754770735902814e-05 4.74493212836325
_gay 0.00010750954147180563 4.74493212836325
_kernighan 5.3754770735902814e-05 4.74493212836325
_madison 5.3754770735902814e-05 4.74493212836325
_q 0.00010750954147180563 4.74493212836325
_vanderbei 0.00016126431220770844 4.051784947803305
a 0.05122829651131538 0.0
a0 0.00010750954147180563 0.25629575863111026
a2a9b1 5.3754770735902814e-05 0.27902400970866637
a8 0.0003225286244154169 0.6844891178168307
a9 5.3754770735902814e-05 0.9382696385929302
a_sample_model 0.00021501908294361126 4.74493212836325
aa 0.00010750954147180563 0.0721032939013439
abbr 0.0004300381658872225 0.41419878807691896
about 0.0006450572488308337 0.0
aboutsite 5.3754770735902814e-05 0.0
above 5.3754770735902814e-05 0.1599646496926782
abovebelow 0.00026877385367951405 0.44086703515908027
absolute 5.3754770735902814e-05 0.0
academic 0.00010750954147180563 2.1058747987479913
accept 5.3754770735902814e-05 2.5477075510270306
access 5.3754770735902814e-05 0.8131064956389242
accessdate 0.0009675858732462506 0.2451224580329849
accessible 5.3754770735902814e-05 1.2484245668967697
accesskey 0.0010213406439821533 0.0
according 5.3754770735902814e-05 1.749199854809259
account 0.00021501908294361126 0.0
across 5.3754770735902814e-05 0.0
action 0.001397624039133473 0.0
actions 5.3754770735902814e-05 0.0
add 0.00010750954147180563 0.0
additional 5.3754770735902814e-05 0.0
address 0.00010750954147180563 0.0
advantage 5.3754770735902814e-05 2.03688192726104
advantages 5.3754770735902814e-05 2.7990219793079367
ae 5.3754770735902814e-05 1.449095262358921
affect 5.3754770735902814e-05 3.3586377672433594
after 0.0009675858732462506 0.0
agencies 5.3754770735902814e-05 3.1354942159291497
ago 0.00010750954147180563 0.5108256237659907
agree 5.3754770735902814e-05 0.0
aimms 0.00021501908294361126 4.051784947803305
aimms_outer_approximation_ 5.3754770735902814e-05 4.051784947803305
aix 0.00021501908294361126 2.7990219793079367
alert 0.00021501908294361126 0.0
algebra 0.00016126431220770844 2.1799827709017134
algebraic 0.0004300381658872225 2.26002547857525
algebraic_modeling_language 5.3754770735902814e-05 4.051784947803305
algorithms 0.0003762833951513197 1.6538896750049343
align 0.0010213406439821533 0.05358424613410626
all 0.00016126431220770844 0.0
allow 5.3754770735902814e-05 1.0313600616589422
allows 0.00016126431220770844 0.8329091229351039
alpha 0.00021501908294361126 0.08149303425118301
also 0.00021501908294361126 0.19105523676270922
alt 0.0004837929366231253 0.0
alternate 0.00016126431220770844 0.0
america 0.00010750954147180563 2.7990219793079367
among 5.3754770735902814e-05 1.5668782980153044
amp 0.01166478524969091 0.0
ampl 0.008547008547008548 3.3586377672433594
ampl_ 0.0003762833951513197 4.74493212836325
amplmod 5.3754770735902814e-05 4.74493212836325
an 0.0003762833951513197 0.0
anchor 5.3754770735902814e-05 2.665490586683414
and 0.003386550556361877 0.0
anon 0.00010750954147180563 0.0
anoncontribs 5.3754770735902814e-05 0.0
anontalk 5.3754770735902814e-05 0.0
anonymous 5.3754770735902814e-05 0.0
another 5.3754770735902814e-05 0.09097177820572679
antigone 0.0008063215610385422 4.051784947803305
any 5.3754770735902814e-05 0.6844891178168307
aoa 5.3754770735902814e-05 4.051784947803305
api 5.3754770735902814e-05 0.0
apmonitor 0.00016126431220770844 4.051784947803305
apopt 0.0008063215610385422 4.051784947803305
appeared 5.3754770735902814e-05 0.40112670650956617
apple 0.00010750954147180563 0.0
application 0.0003225286244154169 0.0
apply 5.3754770735902814e-05 0.0
approximation 5.3754770735902814e-05 3.3586377672433594
april 5.3754770735902814e-05 0.0
archive 0.00021501908294361126 0.3504829736908114
archived 0.00016126431220770844 0.6017974019717174
are 0.0003762833951513197 0.0
argonne 0.00010750954147180563 4.74493212836325
argonne_national_laboratory 5.3754770735902814e-05 4.74493212836325
argument 5.3754770735902814e-05 0.0
aria 0.0015588883513411814 0.0
around 5.3754770735902814e-05 1.449095262358921
artelys 0.0006988120195667365 4.051784947803305
artelys_knitro 0.0003225286244154169 4.051784947803305
article 0.0004837929366231253 0.0
articles 5.3754770735902814e-05 0.0
as 0.0004300381658872225 0.0
asl 5.3754770735902814e-05 4.051784947803305
associated 0.00010750954147180563 0.0
async 0.00010750954147180563 0.0
at 0.0010750954147180562 0.0
atitle 0.0004300381658872225 0.25629575863111026
atom 0.00016126431220770844 0.0
attribution 5.3754770735902814e-05 0.0
au 0.0003762833951513197 0.48225225132193467
aufirst 0.00021501908294361126 0.3629054936893685
august 0.0007525667903026394 0.0
aulast 0.00021501908294361126 0.3629054936893685
author 0.00010750954147180563 0.0
auto 0.00021501908294361126 0.0
autocapitalize 5.3754770735902814e-05 0.0
autocollapse 5.3754770735902814e-05 0.9162907318741551
automated 5.3754770735902814e-05 2.1799827709017134
automated_planning_and_scheduling 5.3754770735902814e-05 4.74493212836325
automatic 0.00016126431220770844 1.377636298376776
automatic_differentiation 5.3754770735902814e-05 4.74493212836325
autostart 5.3754770735902814e-05 0.11020314013361425
availability 0.0003762833951513197 2.1058747987479913
available 0.000591302478094931 0.0
avoid 0.00010750954147180563 0.09097177820572679
awarded 0.00010750954147180563 3.1354942159291497
awk 0.00016126431220770844 3.1354942159291497
b 0.0038165887222490996 0.0
b0 0.00010750954147180563 0.9607424944449889
b2 0.00010750954147180563 0.8947845266531914
b3 5.3754770735902814e-05 0.7559480817989758
b597 5.3754770735902814e-05 4.74493212836325
b6 0.00026877385367951405 2.5477075510270306
b7 0.0004837929366231253 0.9837320126696876
b8 0.00010750954147180563 0.9382696385929302
ba_ 5.3754770735902814e-05 1.8545603704670854
background 0.0010213406439821533 0.017544309650909525
backlink 0.0012901144976616675 0.08149303425118301
baron 0.0003225286244154169 4.051784947803305
bc 0.00010750954147180563 0.9607424944449889
bcp 5.3754770735902814e-05 4.051784947803305
bd 5.3754770735902814e-05 1.2484245668967697
bday 0.00010750954147180563 0.41419878807691896
bdi 0.00021501908294361126 0.7375989431307791
be 0.00021501908294361126 0.06280090123903044
because 5.3754770735902814e-05 0.0
becomes 0.00010750954147180563 2.5477075510270306
before 0.0008063215610385422 0.0
beginning 0.00010750954147180563 1.749199854809259
bell 0.00021501908294361126 2.4423470353692043
bell_labs 0.00010750954147180563 2.665490586683414
below 5.3754770735902814e-05 0.18058393689541388
bf 5.3754770735902814e-05 1.1340142157190256
bilinear 0.00010750954147180563 4.74493212836325
bilinear_form 5.3754770735902814e-05 4.74493212836325
bit 0.00016126431220770844 1.2791962255635234
block 0.00010750954147180563 0.18058393689541388
blog 0.00016126431220770844 1.377636298376776
blogs 0.00010750954147180563 2.26002547857525
body 0.0007525667903026394 0.0
bodycontent 0.00010750954147180563 0.0
bold 5.3754770735902814e-05 0.2451224580329849
bonmin 5.3754770735902814e-05 4.74493212836325
book 0.000591302478094931 0.42744401482693967
book_1 0.00021501908294361126 4.74493212836325
bookitem 5.3754770735902814e-05 1.749199854809259
books 0.00010750954147180563 0.5552773863368246
booksources 0.00021501908294361126 0.6673946844575306
bootstrap 5.3754770735902814e-05 0.10054122922187746
border 0.0007525667903026394 0.0
both 0.00010750954147180563 0.3022808718729337
bottom 0.00016126431220770844 0.05358424613410626
box 0.0008063215610385422 0.0
boxtext 5.3754770735902814e-05 0.41419878807691896
bpmpd 5.3754770735902814e-05 4.74493212836325
br 0.00021501908294361126 0.42744401482693967
bracket 0.000860076331774445 0.0
brackets 0.00010750954147180563 0.41419878807691896
break 0.00016126431220770844 0.05358424613410626
brian 0.0008063215610385422 1.7004096906398272
brian_kernighan 0.00026877385367951405 3.3586377672433594
brian_w 5.3754770735902814e-05 4.74493212836325
brooks 5.3754770735902814e-05 2.953172659135195
browsing 5.3754770735902814e-05 0.0
btitle 0.0009138311025103478 0.22314355131420976
btn 0.0003225286244154169 0.0
building 0.00010750954147180563 1.6094379124341003
button 0.00172015266354889 0.0
buttons 5.3754770735902814e-05 0.0
by 0.0009138311025103478 0.0
bytes 0.00021501908294361126 0.0
c 0.00021501908294361126 0.0
c1 0.0004837929366231253 1.449095262358921
c13_en 5.3754770735902814e-05 0.0
c2 0.0004300381658872225 1.8545603704670854
c4170158 5.3754770735902814e-05 4.74493212836325
c_ 5.3754770735902814e-05 0.8329091229351039
ca 0.0004300381658872225 0.0
cache 0.00010750954147180563 0.0
cached 5.3754770735902814e-05 0.0
cachereport 5.3754770735902814e-05 0.0
cactions 0.0003225286244154169 0.0
calls 5.3754770735902814e-05 0.0
campaigns 5.3754770735902814e-05 0.0
can 0.00016126431220770844 0.17022114985986725
canonical 0.00010750954147180563 0.0
cantonese 5.3754770735902814e-05 0.540239508972284
capacity 0.00021501908294361126 3.3586377672433594
caps 5.3754770735902814e-05 0.41419878807691896
caption 0.00010750954147180563 0.21233263520999412
case 0.00010750954147180563 1.0813704822336037
cases 0.00016126431220770844 1.911718784307034
categories 0.00010750954147180563 0.02643325706815543
category 0.0012901144976616675 0.0
catlinks 0.0003225286244154169 0.0
cats 5.3754770735902814e-05 0.0721032939013439
cbc 0.0003225286244154169 4.051784947803305
ccf 5.3754770735902814e-05 0.454472687214859
ce8a9ab88939 5.3754770735902814e-05 4.74493212836325
center 0.0004300381658872225 0.017544309650909525
centralauth 0.00010750954147180563 0.0
centralautologin 0.00010750954147180563 0.0
centralnotice 0.00016126431220770844 0.0
change 5.3754770735902814e-05 0.0
changes 0.00021501908294361126 0.0
charinsert 5.3754770735902814e-05 0.0
charset 5.3754770735902814e-05 0.0
checkbox 0.0018276622050206956 0.0
chicago 0.00016126431220770844 2.953172659135195
child 0.0013438692683975704 0.06280090123903044
chinese 5.3754770735902814e-05 0.8131064956389242
citation 0.00172015266354889 0.08149303425118301
cite 0.004246626888136322 0.0
cite_book 0.00010750954147180563 1.5668782980153044
cite_note 0.0026877385367951407 0.08149303425118301
cite_ref 0.002795248078266946 0.08149303425118301
cite_web 0.00010750954147180563 0.4682660093471948
citerefdantzig2016 5.3754770735902814e-05 4.74493212836325
citereffourergay2002 5.3754770735902814e-05 4.74493212836325
citereffourergaykernighan1990 5.3754770735902814e-05 4.74493212836325
citereffourergaykernighan2003 5.3754770735902814e-05 4.74493212836325
citerefinforms 0.00010750954147180563 4.051784947803305
citeseerx 0.00016126431220770844 1.9723434061234688
citeseerx_ 5.3754770735902814e-05 2.26002547857525
citethispage 5.3754770735902814e-05 0.0
class 0.046981669623179054 0.0
classname 0.00016126431220770844 0.0
clear 0.00010750954147180563 0.11995931507897897
client 0.00026877385367951405 0.0
clients 5.3754770735902814e-05 2.953172659135195
clp 0.0003762833951513197 3.6463198396951406
code 5.3754770735902814e-05 0.035401927050916
coin 0.0012363597269257646 3.6463198396951406
col 5.3754770735902814e-05 0.540239508972284
cole 5.3754770735902814e-05 4.051784947803305
coll 0.00021501908294361126 0.0
collapse 5.3754770735902814e-05 0.21233263520999412
collapsed 0.00016126431220770844 0.0
collapses 5.3754770735902814e-05 0.0
collapsible 0.000591302478094931 0.0
color 0.000860076331774445 0.017544309650909525
colspan 0.0005375477073590281 0.14981227822866008
column 0.00026877385367951405 0.09097177820572679
columns 0.0003225286244154169 0.09097177820572679
com 0.0019351717464925011 0.11995931507897897
comet 0.00010750954147180563 3.6463198396951406
comet_ 5.3754770735902814e-05 3.6463198396951406
commercial 0.00010750954147180563 1.3109449238781037
commercial_software 5.3754770735902814e-05 4.051784947803305
commons 0.00026877385367951405 0.0
community 5.3754770735902814e-05 0.0
community_portal 5.3754770735902814e-05 0.0
compactlinks 5.3754770735902814e-05 0.0
company 0.00016126431220770844 1.0072625100798818
comparison 0.00010750954147180563 0.7936884097818228
comparison_of_optimization_software 5.3754770735902814e-05 4.051784947803305
complementarity 0.00021501908294361126 4.051784947803305
complementarity_theory 0.00010750954147180563 4.051784947803305
complexity 5.3754770735902814e-05 2.5477075510270306
complications 5.3754770735902814e-05 0.0
comprehensive 0.00010750954147180563 2.5477075510270306
computer 0.00016126431220770844 0.12981161152199053
computer_algebra_systems 5.3754770735902814e-05 4.051784947803305
computing 0.00021501908294361126 0.3504829736908114
concise 0.00010750954147180563 2.7990219793079367
cone 0.00026877385367951405 4.051784947803305
config 0.00010750954147180563 0.0
conic 5.3754770735902814e-05 4.051784947803305
connection 5.3754770735902814e-05 2.665490586683414
conopt 5.3754770735902814e-05 4.051784947803305
constrained 0.00021501908294361126 2.953172659135195
constraint 0.000591302478094931 1.911718784307034
constraint_ 5.3754770735902814e-05 4.74493212836325
constraint_programming 0.00016126431220770844 2.7990219793079367
constraints 0.00010750954147180563 2.1799827709017134
construction 0.00010750954147180563 2.26002547857525
constructs 5.3754770735902814e-05 1.5668782980153044
contact 0.00021501908294361126 0.0
contact_us 0.00010750954147180563 0.0
contactpage 5.3754770735902814e-05 0.0
container 0.0007525667903026394 0.0
containing 5.3754770735902814e-05 0.0
content 0.004246626888136322 0.0
contentinfo 5.3754770735902814e-05 0.0
contents 0.0006988120195667365 0.0
contentsub 5.3754770735902814e-05 0.0
context 0.00010750954147180563 0.0
continuous 5.3754770735902814e-05 3.3586377672433594
contribute 5.3754770735902814e-05 0.0
contributions 5.3754770735902814e-05 0.0
contributors 0.00010750954147180563 0.0
control 0.00010750954147180563 0.44086703515908027
control_flow 5.3754770735902814e-05 2.4423470353692043
controls 0.00010750954147180563 0.0
conversion 5.3754770735902814e-05 0.0
convex 0.00021501908294361126 4.74493212836325
convex_function 5.3754770735902814e-05 4.74493212836325
cookie 0.00026877385367951405 0.0
cookie_statement 5.3754770735902814e-05 0.0
cookiestatement 5.3754770735902814e-05 0.0
copyright 0.00016126431220770844 0.0
copyrightico 5.3754770735902814e-05 0.0
corporate 5.3754770735902814e-05 3.6463198396951406
cost 0.00016126431220770844 2.4423470353692043
costs 5.3754770735902814e-05 3.3586377672433594
couenne 0.0006988120195667365 4.051784947803305
count 0.00010750954147180563 0.0
counter 0.00021501908294361126 0.27902400970866637
counterparts 5.3754770735902814e-05 4.051784947803305
courses 5.3754770735902814e-05 2.953172659135195
cover 5.3754770735902814e-05 2.3470368555648795
cp 0.0005375477073590281 1.9723434061234688
cplex 0.0012901144976616675 4.051784947803305
cpu 5.3754770735902814e-05 0.0
cputime 5.3754770735902814e-05 0.0
create 0.00021501908294361126 0.0
createaccount 0.00021501908294361126 0.0
created 0.00016126431220770844 0.44086703515908027
creative 5.3754770735902814e-05 0.0
creativecommons 0.00010750954147180563 0.0
cross 0.0004300381658872225 0.0
crossorigin 5.3754770735902814e-05 0.0
cs1 0.0020964360587002098 0.09097177820572679
csrftoken 5.3754770735902814e-05 0.0
csts 5.3754770735902814e-05 4.74493212836325
ct 0.00010750954147180563 0.41419878807691896
ctx_ver 0.0012901144976616675 0.10054122922187746
current 0.00010750954147180563 0.0
current_events 5.3754770735902814e-05 0.0
currentevents 5.3754770735902814e-05 0.0
currently 5.3754770735902814e-05 1.749199854809259
cursor 5.3754770735902814e-05 0.38822330167365837
cx 0.00010750954147180563 0.0
cycle 5.3754770735902814e-05 0.6844891178168307
d 5.3754770735902814e-05 0.06280090123903044
d0 0.0007525667903026394 1.4127276181880462
d1 0.0003225286244154169 1.486835590341768
d33 0.00010750954147180563 0.09097177820572679
d6 5.3754770735902814e-05 0.09097177820572679
dantzig 0.00026877385367951405 4.74493212836325
dat 5.3754770735902814e-05 4.051784947803305
data 0.003762833951513197 0.0
database 0.00016126431220770844 1.486835590341768
databases 5.3754770735902814e-05 2.1799827709017134
date 0.00021501908294361126 0.08149303425118301
datemodified 0.00010750954147180563 0.0
datepublished 0.00010750954147180563 0.0
dates 0.00016126431220770844 1.5260563034950492
david 0.0006988120195667365 1.16141318990714
david_m 0.00010750954147180563 4.74493212836325
dd 0.000860076331774445 0.22314355131420976
ddf 5.3754770735902814e-05 0.454472687214859
de 0.00021501908294361126 0.2905848321097423
december 0.00010750954147180563 0.0
decimal 5.3754770735902814e-05 0.09097177820572679
decision 5.3754770735902814e-05 2.5477075510270306
declarative 0.00026877385367951405 2.1058747987479913
declarative_programming 0.00010750954147180563 2.5477075510270306
decoding 5.3754770735902814e-05 0.11020314013361425
decoration 0.00010750954147180563 0.41419878807691896
deduplicate 0.0003225286244154169 0.017544309650909525
deduplicated 0.0013438692683975704 0.06280090123903044
defined 5.3754770735902814e-05 0.9162907318741551
definition 5.3754770735902814e-05 1.2185716037470886
demand 0.0003225286244154169 2.7990219793079367
depth 0.00016126431220770844 0.0
describe 5.3754770735902814e-05 2.1799827709017134
describing 5.3754770735902814e-05 1.911718784307034
description 0.00010750954147180563 0.0
design 0.00010750954147180563 0.3141153295199365
designed 0.00010750954147180563 0.3504829736908114
desktoparticletarget 0.00016126431220770844 0.0
detection 5.3754770735902814e-05 0.0
deutsch 5.3754770735902814e-05 0.5254244231871433
developed 5.3754770735902814e-05 0.540239508972284
developer 0.00016126431220770844 0.0
developers 0.00010750954147180563 0.0
development 0.00016126431220770844 0.38822330167365837
diego 0.00016126431220770844 3.6463198396951406
different 0.00016126431220770844 0.38822330167365837
differential 5.3754770735902814e-05 4.74493212836325
differentiation 0.00016126431220770844 4.74493212836325
dir 0.00021501908294361126 0.0
direct 5.3754770735902814e-05 1.486835590341768
disabled 0.000591302478094931 0.0
disclaimers 0.00010750954147180563 0.0
discontinuous 5.3754770735902814e-05 4.74493212836325
discrete 5.3754770735902814e-05 2.953172659135195
discuss 0.00010750954147180563 0.0
discussion 0.00010750954147180563 0.0
display 0.0006450572488308337 0.0
distance 0.00021501908294361126 3.6463198396951406
div 0.01128850185453959 0.0
dl 0.0005375477073590281 0.19105523676270922
dmy 0.00021501908294361126 0.0
dns 0.00010750954147180563 0.0
do 5.3754770735902814e-05 0.8329091229351039
doctype 5.3754770735902814e-05 0.0
document 0.00021501908294361126 0.0
documentelement 0.00016126431220770844 0.0
does 0.00010750954147180563 0.4682660093471948
doi 0.0003762833951513197 0.8131064956389242
doi_ 0.00010750954147180563 0.9162907318741551
dollars 0.00016126431220770844 3.6463198396951406
domain 0.00010750954147180563 1.377636298376776
donate 0.00016126431220770844 0.0
donating 5.3754770735902814e-05 0.0
done 5.3754770735902814e-05 1.449095262358921
download 0.00021501908294361126 0.0
downloadaspdf 5.3754770735902814e-05 0.0
downloads 0.00021501908294361126 2.5477075510270306
dozens 5.3754770735902814e-05 3.6463198396951406
dropdown 0.0013438692683975704 0.0
dt 0.000860076331774445 0.26759531388504365
dtstart 0.00010750954147180563 0.41419878807691896
duxbury 0.00010750954147180563 4.74493212836325
e 0.0003225286244154169 0.0
e0 0.0003762833951513197 1.1073459686368643
e6e6ff 5.3754770735902814e-05 0.454472687214859
echo 5.3754770735902814e-05 0.0
eclipse 0.00016126431220770844 1.8545603704670854
edit 0.002365209912379724 0.0
editable 5.3754770735902814e-05 0.0
edited 5.3754770735902814e-05 0.0
editing 5.3754770735902814e-05 0.0
editor 0.00010750954147180563 0.0
editors 0.00010750954147180563 0.0
editpage 5.3754770735902814e-05 0.0
edits 0.00010750954147180563 0.0
editsection 0.0012901144976616675 0.0
edituri 5.3754770735902814e-05 0.0
edu 0.00016126431220770844 0.9607424944449889
eee 0.00010750954147180563 0.48225225132193467
efficient 5.3754770735902814e-05 1.8545603704670854
element 0.0003762833951513197 0.0
elementary 5.3754770735902814e-05 3.1354942159291497
elements 5.3754770735902814e-05 1.2791962255635234
ellipsis 0.00010750954147180563 0.0
elt 0.00010750954147180563 0.0
empty 0.00016126431220770844 0.0
emptyportlet 0.00010750954147180563 0.0
en 0.0016663978928129872 0.0
enabled 0.000591302478094931 0.0
encouraged 0.00021501908294361126 0.0
encyclopedia 0.00010750954147180563 0.0
end 5.3754770735902814e-05 0.0
engine 0.0006450572488308337 1.2185716037470886
english 0.00016126431220770844 0.0
enhanced 5.3754770735902814e-05 2.1799827709017134
enhancements 5.3754770735902814e-05 0.0721032939013439
entities 5.3754770735902814e-05 0.0
entity 0.00021501908294361126 0.0
entityaccesscount 5.3754770735902814e-05 0.0
entitypage 0.00010750954147180563 0.0
environment 0.00010750954147180563 0.7375989431307791
enwiki 5.3754770735902814e-05 0.0
enwikimwclientprefs 5.3754770735902814e-05 0.0
error 0.00010750954147180563 0.09097177820572679
errors 5.3754770735902814e-05 1.486835590341768
es 0.00021501908294361126 0.6844891178168307
es6 5.3754770735902814e-05 0.0
esi 0.00010750954147180563 0.0
esitest 5.3754770735902814e-05 0.0
español 5.3754770735902814e-05 0.7195804376281008
even 0.0003225286244154169 0.40112670650956617
event 0.0005375477073590281 0.0
eventlogging 0.00010750954147180563 0.0
events 0.00010750954147180563 0.0
exact 5.3754770735902814e-05 0.0
example 5.3754770735902814e-05 0.4682660093471948
excel 0.00016126431220770844 3.3586377672433594
exchange 5.3754770735902814e-05 2.1058747987479913
exist 0.00016126431220770844 0.540239508972284
exists 5.3754770735902814e-05 0.0
expand 0.00016126431220770844 0.0
expanded 0.0004300381658872225 0.008733679968754631
expansion 0.00010750954147180563 0.0
expansiondepth 5.3754770735902814e-05 0.0
expensive 5.3754770735902814e-05 0.0
expensivefunctioncount 5.3754770735902814e-05 0.0
experienced 0.00010750954147180563 3.1354942159291497
expiry 0.00010750954147180563 0.0
export 5.3754770735902814e-05 0.0
ext 0.0015051335806052788 0.0
extending 0.00010750954147180563 2.665490586683414
extension 5.3754770735902814e-05 0.7375989431307791
extensions 0.00021501908294361126 0.8131064956389242
external 0.001988926517228404 0.0
external_links 0.00021501908294361126 0.19105523676270922
extra 5.3754770735902814e-05 0.0
f 0.00021501908294361126 0.0
f7f7f7 5.3754770735902814e-05 0.454472687214859
fa8a495983347898 5.3754770735902814e-05 0.0
facilities 5.3754770735902814e-05 1.7004096906398272
factories 5.3754770735902814e-05 4.74493212836325
fallbacksearchbutton 5.3754770735902814e-05 0.0
false 0.0005375477073590281 0.0
favicon 5.3754770735902814e-05 0.0
fdfdfd 0.00016126431220770844 0.44086703515908027
feature 0.001128850185453959 0.0
featured 5.3754770735902814e-05 2.1799827709017134
featurename 0.00016126431220770844 0.0
features 0.0004300381658872225 0.38822330167365837
february 5.3754770735902814e-05 0.0
feed 0.00010750954147180563 0.0
fico 0.0004837929366231253 4.051784947803305
fico_xpress 0.0004837929366231253 4.051784947803305
file 0.0003225286244154169 0.0
file_upload_wizard 0.00010750954147180563 0.0
filename 0.00010750954147180563 1.2484245668967697
filename_extension 5.3754770735902814e-05 1.3109449238781037
files 0.00021501908294361126 0.0
filter 5.3754770735902814e-05 2.665490586683414
finds 5.3754770735902814e-05 3.1354942159291497
first 0.0007525667903026394 0.0
firstheading 0.00016126431220770844 0.0
float 0.00016126431220770844 0.06280090123903044
flow 0.00010750954147180563 1.0813704822336037
flush 0.00026877385367951405 0.0
font 0.0012901144976616675 0.017544309650909525
footer 0.001397624039133473 0.0
for 0.0018276622050206956 0.0
form 0.00021501908294361126 0.0
format 0.0009675858732462506 0.0
formats 5.3754770735902814e-05 1.911718784307034
formerly 5.3754770735902814e-05 1.911718784307034
formulating 0.00016126431220770844 4.74493212836325
fortmp 0.0006450572488308337 4.051784947803305
forum 5.3754770735902814e-05 2.5477075510270306
foundation 0.0004837929366231253 0.0
founded 5.3754770735902814e-05 2.7990219793079367
fourer 0.0010213406439821533 4.74493212836325
fr 0.00021501908294361126 0.6177977433181585
français 5.3754770735902814e-05 0.6844891178168307
free 0.0005375477073590281 0.0
free_and_open_source_software 5.3754770735902814e-05 4.051784947803305
freely 0.00010750954147180563 1.1895840668738364
freight 0.00021501908294361126 4.74493212836325
french 5.3754770735902814e-05 0.6673946844575306
from 0.0009138311025103478 0.0
full 0.0003762833951513197 0.044451762570833796
fulltext 5.3754770735902814e-05 0.0
function 0.0004300381658872225 0.0
functionality 5.3754770735902814e-05 1.7004096906398272
functions 5.3754770735902814e-05 0.7018808605286999
fundraiserredirector 5.3754770735902814e-05 0.0
g 0.00010750954147180563 0.0
gadget 0.00021501908294361126 0.0
galahad 0.00010750954147180563 4.051784947803305
galahad_library 5.3754770735902814e-05 4.051784947803305
gams 5.3754770735902814e-05 3.6463198396951406
gay 0.0006988120195667365 4.74493212836325
gcg 5.3754770735902814e-05 4.051784947803305
gecode 0.0004300381658872225 4.051784947803305
gehomepagesuggestededitsenabletopics 5.3754770735902814e-05 0.0
gekko 0.00010750954147180563 4.051784947803305
gekko_ 5.3754770735902814e-05 4.051784947803305
general 5.3754770735902814e-05 0.6844891178168307
general_algebraic_modeling_system 5.3754770735902814e-05 4.051784947803305
general_disclaimer 5.3754770735902814e-05 0.0
generator 5.3754770735902814e-05 0.0
genre 0.0012901144976616675 0.10054122922187746
geoip 5.3754770735902814e-05 0.0
george 0.00026877385367951405 2.7990219793079367
george_dantzig 0.00010750954147180563 4.74493212836325
german 5.3754770735902814e-05 0.5108256237659907
github 0.0010750954147180562 1.0560526742493137
global 0.00021501908294361126 1.4127276181880462
global_optimization 0.00010750954147180563 4.051784947803305
globalcssjs 0.00010750954147180563 0.0
glop 0.00016126431220770844 4.051784947803305
glpk 0.00021501908294361126 4.051784947803305
glpsol 5.3754770735902814e-05 4.051784947803305
gmpl 5.3754770735902814e-05 4.74493212836325
gnu 0.0004300381658872225 1.1340142157190256
gnu_linear_programming_kit 0.00016126431220770844 4.051784947803305
go 0.0003225286244154169 0.0
google 0.000591302478094931 0.540239508972284
googpub 0.00010750954147180563 0.0
government 5.3754770735902814e-05 1.9723434061234688
gray 5.3754770735902814e-05 0.09097177820572679
greek 0.00010750954147180563 0.09097177820572679
green 5.3754770735902814e-05 0.09097177820572679
greenberghistory 5.3754770735902814e-05 4.74493212836325
group 0.0021501908294361124 0.0
groups 0.0003225286244154169 1.5668782980153044
growthexperiments 5.3754770735902814e-05 0.0
gt 0.00010750954147180563 0.8531118302526235
guidance 5.3754770735902814e-05 0.0
guide 0.00026877385367951405 1.1340142157190256
guides 5.3754770735902814e-05 0.0
h 0.00010750954147180563 0.0
h1 0.00010750954147180563 0.0
h2 0.0009675858732462506 0.0
hack 0.0003225286244154169 0.0
has 0.00010750954147180563 0.0
haspopup 0.00026877385367951405 0.0
head 0.00016126431220770844 0.0
header 0.0015051335806052788 0.0
heading 0.0012363597269257646 0.0
headline 0.0005375477073590281 0.0
height 0.0008063215610385422 0.0
help 0.0003762833951513197 0.0
here 0.00010750954147180563 0.0
hidden 0.0006988120195667365 0.0
hide 0.00010750954147180563 0.0
high 5.3754770735902814e-05 0.8531118302526235
highest 5.3754770735902814e-05 0.0
highlight 0.00010750954147180563 0.6177977433181585
highlights 5.3754770735902814e-05 3.3586377672433594
highs 0.00021501908294361126 4.051784947803305
highs_optimization_solver 0.00010750954147180563 4.051784947803305
history 0.0005375477073590281 0.0
hlist 0.003117776702682363 0.2905848321097423
home 5.3754770735902814e-05 1.4127276181880462
hor 0.00010750954147180563 0.0
hosted 0.00016126431220770844 0.0
how 0.00026877385367951405 0.0
however 0.00026877385367951405 0.0
href 0.026339837660592377 0.0
hreflang 0.0005375477073590281 0.11020314013361425
html 0.0006450572488308337 0.0
http 0.00172015266354889 0.0
https 0.0035478148685695854 0.0
hub 5.3754770735902814e-05 0.0
huwpdaaaqbaj 5.3754770735902814e-05 4.74493212836325
hybrid 5.3754770735902814e-05 3.1354942159291497
i 0.001451378809869376 0.008733679968754631
ibm 0.00010750954147180563 1.2185716037470886
ibm_aix 0.00010750954147180563 3.1354942159291497
ico 5.3754770735902814e-05 0.0
icon 0.0018814169757565985 0.0
icons 0.00021501908294361126 0.0
ics 0.00010750954147180563 4.74493212836325
id 0.010804708917916465 0.0
ide 5.3754770735902814e-05 1.449095262358921
identifier 0.0005375477073590281 0.42744401482693967
idhash 5.3754770735902814e-05 0.0
iems 5.3754770735902814e-05 4.74493212836325
if 0.00010750954147180563 0.0
ijoc 5.3754770735902814e-05 4.74493212836325
ilogcp 0.00010750954147180563 4.74493212836325
image 0.0008063215610385422 0.0
imageobject 0.00010750954147180563 0.0
images 0.0006450572488308337 0.0
img 0.0003762833951513197 0.0
impact 0.0003225286244154169 2.4423470353692043
imperative 0.00021501908294361126 1.16141318990714
imperative_programming 0.00010750954147180563 1.2791962255635234
implement 0.00010750954147180563 0.0
implemented 5.3754770735902814e-05 1.0072625100798818
important 5.3754770735902814e-05 0.7018808605286999
improvements 5.3754770735902814e-05 0.0
in 0.0026339837660592376 0.0
inc 0.0003762833951513197 0.0
include 0.00010750954147180563 0.0
including 0.00016126431220770844 0.7375989431307791
increment 5.3754770735902814e-05 0.26759531388504365
index 0.00172015266354889 0.0
indicators 5.3754770735902814e-05 0.0
inequalities 5.3754770735902814e-05 4.74493212836325
influenced 0.00010750954147180563 0.454472687214859
info 0.0029565123904746545 0.0
infobox 0.0020964360587002098 0.21233263520999412
infobox_programming_language 0.00010750954147180563 0.37548427589622857
infobox_software 0.00010750954147180563 1.0313600616589422
information 0.00016126431220770844 0.0
informs 0.0010750954147180562 4.051784947803305
inherit 0.0005375477073590281 0.035401927050916
init 0.00016126431220770844 0.0
inline 0.0017739074342847927 0.035401927050916
inner 0.00021501908294361126 0.0
input 0.0006988120195667365 0.0
inside 0.00010750954147180563 0.0721032939013439
institute 5.3754770735902814e-05 1.2185716037470886
institutions 5.3754770735902814e-05 3.6463198396951406
integer 0.0009138311025103478 1.4127276181880462
integer_unknowns 0.00016126431220770844 4.051784947803305
integral 5.3754770735902814e-05 3.6463198396951406
integrated 0.00010750954147180563 1.0560526742493137
integrated_development_environment 5.3754770735902814e-05 1.7004096906398272
interaction 0.00021501908294361126 0.0
interface 0.00021501908294361126 0.0
interlanguage 0.0013438692683975704 0.0
interpreter 5.3754770735902814e-05 1.486835590341768
interrupt 5.3754770735902814e-05 3.6463198396951406
interwiki 0.0005375477073590281 0.11020314013361425
introduced 5.3754770735902814e-05 1.1895840668738364
introduction 0.00016126431220770844 0.0
inventors 5.3754770735902814e-05 4.74493212836325
invokes 5.3754770735902814e-05 3.6463198396951406
ip 0.00010750954147180563 0.0
ipopt 0.0008063215610385422 4.051784947803305
is 0.000860076331774445 0.0
isbn 0.0003225286244154169 0.6673946844575306
isbn_ 0.00010750954147180563 0.6673946844575306
issue 0.00010750954147180563 0.8947845266531914
ist 0.00010750954147180563 1.9723434061234688
it 0.0006450572488308337 0.0
italian 5.3754770735902814e-05 0.7559480817989758
italiano 5.3754770735902814e-05 0.7746402148111283
item 0.003924098263720905 0.0
items 5.3754770735902814e-05 0.0
its 5.3754770735902814e-05 0.25629575863111026
j 0.00026877385367951405 0.0
jacop 0.0003225286244154169 4.051784947803305
jacop_ 0.00010750954147180563 4.051784947803305
january 0.00010750954147180563 0.0
joc 5.3754770735902814e-05 4.74493212836325
journal 0.0003762833951513197 0.7195804376281008
jpg 0.0003762833951513197 1.8545603704670854
jquery 0.00026877385367951405 0.0
js 0.00010750954147180563 0.0
json 0.00010750954147180563 0.0
jtitle 0.0003762833951513197 0.3260915205666521
july 0.00010750954147180563 0.0
jump 0.00026877385367951405 0.0
june 5.3754770735902814e-05 0.0
k 0.00010750954147180563 0.0
kalis 0.00010750954147180563 4.051784947803305
kd 0.0009138311025103478 2.4423470353692043
kern 0.00010750954147180563 0.09097177820572679
kernighan 0.0008063215610385422 3.3586377672433594
kestrel 5.3754770735902814e-05 4.74493212836325
key 5.3754770735902814e-05 0.0
kit 0.00021501908294361126 2.1058747987479913
knitro 0.0008063215610385422 4.051784947803305
known 5.3754770735902814e-05 1.0813704822336037
kr 0.0007525667903026394 1.9723434061234688
label 0.0030102671612105576 0.0
labelledby 0.00010750954147180563 0.0
laboratories 5.3754770735902814e-05 2.665490586683414
laboratory 0.00010750954147180563 1.8545603704670854
labs 0.00016126431220770844 1.7004096906398272
landmark 0.00021501908294361126 0.0
lang 0.001397624039133473 0.0
langlinks 0.00010750954147180563 0.0
language 0.0016663978928129872 0.0
languages 0.000860076331774445 0.0
large 0.00016126431220770844 1.2185716037470886
last 0.0006988120195667365 0.0
lastmod 5.3754770735902814e-05 0.0
lazy 0.00010750954147180563 0.0
ld 0.00010750954147180563 0.0
learn 0.0003225286244154169 0.0
least 5.3754770735902814e-05 1.8545603704670854
left 0.0008063215610385422 0.0
level 0.0004837929366231253 0.0
levels 5.3754770735902814e-05 0.0
lgo 0.00026877385367951405 4.74493212836325
li 0.028382518948556684 0.0
library 0.00021501908294361126 0.6340582641899388
license 0.0003225286244154169 0.0
licenses 0.00010750954147180563 0.0
life 5.3754770735902814e-05 0.6340582641899388
limit 0.0006450572488308337 0.0
limited 0.0003762833951513197 0.0
limitreport 0.00016126431220770844 0.0
lindo 0.001128850185453959 4.051784947803305
line 0.00016126431220770844 0.10054122922187746
linear 0.0015588883513411814 2.1799827709017134
linear_programming 0.0003225286244154169 4.051784947803305
link 0.0038703434929850023 0.0
linked 5.3754770735902814e-05 0.0
links 0.0010213406439821533 0.0
linux 0.0003225286244154169 1.0313600616589422
list 0.006773101112723754 0.0
list_of_optimization_software 0.00010750954147180563 4.051784947803305
listbullet 0.00016126431220770844 0.0
listitem 0.00021501908294361126 0.2905848321097423
llc 0.00010750954147180563 3.1354942159291497
load 0.00016126431220770844 0.0
loaded 5.3754770735902814e-05 0.0
loader 5.3754770735902814e-05 0.0
loading 0.00016126431220770844 0.0
loc 5.3754770735902814e-05 0.0
local 5.3754770735902814e-05 1.3437347467010947
lock 0.0006450572488308337 0.09097177820572679
log 0.0003762833951513197 0.0
logged 0.00010750954147180563 0.0
login 0.00026877385367951405 0.0
logo 0.0004300381658872225 0.0
loqo 0.00016126431220770844 4.051784947803305
lower 0.0003225286244154169 0.09097177820572679
lp 0.00010750954147180563 3.3586377672433594
lp_solve 0.00016126431220770844 4.051784947803305
lpsolve 0.00021501908294361126 4.74493212836325
lt 5.3754770735902814e-05 0.9382696385929302
ltr 0.0004837929366231253 0.0
lua 0.00010750954147180563 0.008733679968754631
lucent 0.00016126431220770844 4.74493212836325
m 0.0012363597269257646 0.0
macos 0.0003225286244154169 1.8545603704670854
made 5.3754770735902814e-05 0.0
madison 0.00010750954147180563 4.74493212836325
main 0.0013438692683975704 0.0
main_page 0.00010750954147180563 0.0
mainentity 0.00010750954147180563 0.0
mainpage 5.3754770735902814e-05 0.0
maint 5.3754770735902814e-05 0.09097177820572679
maintained 5.3754770735902814e-05 2.26002547857525
makecollapsible 0.00016126431220770844 0.42744401482693967
management 0.00026877385367951405 1.0813704822336037
management_science 5.3754770735902814e-05 4.74493212836325
mandatory 0.00021501908294361126 0.0
many 0.00016126431220770844 0.6673946844575306
march 0.00010750954147180563 0.0
margin 0.0010213406439821533 0.017544309650909525
market 0.00010750954147180563 1.911718784307034
markets 0.0005375477073590281 3.3586377672433594
master 0.0006450572488308337 2.26002547857525
match 5.3754770735902814e-05 0.0
mathematica 0.001451378809869376 2.953172659135195
mathematical 0.001128850185453959 1.6094379124341003
mathematical_modeling 0.00010750954147180563 4.051784947803305
mathematical_optimization_software 0.0004300381658872225 4.051784947803305
mathematical_programming 5.3754770735902814e-05 4.74493212836325
mathematics 0.00021501908294361126 1.8545603704670854
mathprog 0.00010750954147180563 4.051784947803305
matrix 5.3754770735902814e-05 2.4423470353692043
max 0.00016126431220770844 0.0
may 0.00016126431220770844 0.0
media 0.00010750954147180563 0.0
mediawiki 0.0004300381658872225 0.0
meets 5.3754770735902814e-05 4.051784947803305
memory 5.3754770735902814e-05 0.008733679968754631
memusage 5.3754770735902814e-05 0.008733679968754631
menu 0.005321722302854378 0.0
message 0.00010750954147180563 0.0
meta 0.001128850185453959 0.0
metaheuristic 0.00016126431220770844 4.051784947803305
mf 0.0003225286244154169 2.5477075510270306
mi 0.0004300381658872225 1.0813704822336037
microsoft 0.00021501908294361126 0.8531118302526235
microsoft_excel 5.3754770735902814e-05 3.6463198396951406
microsoft_windows 0.00010750954147180563 1.6538896750049343
midaco 0.00016126431220770844 4.051784947803305
miles 0.00010750954147180563 4.051784947803305
milp 5.3754770735902814e-05 4.051784947803305
min 0.00010750954147180563 0.12981161152199053
minerva 0.0003762833951513197 0.13976194237515863
mini 0.00016126431220770844 0.41419878807691896
minimize 5.3754770735902814e-05 4.74493212836325
minlp 0.00010750954147180563 4.051784947803305
minos 0.0006450572488308337 4.051784947803305
minos_ 0.0003225286244154169 4.051784947803305
minto 0.0003225286244154169 4.051784947803305
miqcp 5.3754770735902814e-05 4.051784947803305
miqp 5.3754770735902814e-05 4.051784947803305
misdp 5.3754770735902814e-05 4.051784947803305
misocp 5.3754770735902814e-05 4.051784947803305
mix 5.3754770735902814e-05 3.6463198396951406
mixed 0.0009138311025103478 2.1058747987479913
mmv 0.00010750954147180563 0.11020314013361425
mnsc 5.3754770735902814e-05 4.74493212836325
mobile 0.00016126431220770844 0.0
mobileaction 5.3754770735902814e-05 0.0
mobileview 5.3754770735902814e-05 0.0
mod 5.3754770735902814e-05 2.1799827709017134
model 0.0003762833951513197 0.8737311174553593
modeling 0.001182604956189862 2.03688192726104
models 0.00021501908294361126 1.8004931491968095
modern 5.3754770735902814e-05 1.449095262358921
module 5.3754770735902814e-05 0.0
modules 0.00016126431220770844 0.0
months 5.3754770735902814e-05 1.7004096906398272
more 0.0008063215610385422 0.0
mosek 0.0009675858732462506 4.051784947803305
mosel 5.3754770735902814e-05 4.051784947803305
most 0.00016126431220770844 0.6340582641899388
move 5.3754770735902814e-05 0.0
moved 5.3754770735902814e-05 0.0
mp 0.000860076331774445 4.74493212836325
mpecs 5.3754770735902814e-05 4.051784947803305
mps 0.00010750954147180563 4.051784947803305
mps_ 5.3754770735902814e-05 4.051784947803305
ms 5.3754770735902814e-05 0.0
multi 0.00016126431220770844 0.8329091229351039
multidimensional 5.3754770735902814e-05 2.953172659135195
mw 0.02558727087028974 0.0
mw1369 0.00010750954147180563 3.1354942159291497
mw1414 5.3754770735902814e-05 3.6463198396951406
mycontributions 5.3754770735902814e-05 0.0
mytalk 5.3754770735902814e-05 0.0
n 0.0007525667903026394 0.0
nag 0.0003225286244154169 3.6463198396951406
name 0.00172015266354889 0.0
namespaces 5.3754770735902814e-05 0.0
national 0.00010750954147180563 0.8947845266531914
nav 0.0007525667903026394 0.0
navbar 0.0009138311025103478 0.06280090123903044
navbox 0.0049454389077030585 0.454472687214859
navigation 0.0006450572488308337 0.0
navigationtiming 5.3754770735902814e-05 0.0
nearby 5.3754770735902814e-05 0.0
neos 0.000860076331774445 4.74493212836325
neos_6 0.00010750954147180563 4.74493212836325
neos_server 5.3754770735902814e-05 4.74493212836325
network 5.3754770735902814e-05 1.7004096906398272
new 0.0003762833951513197 0.14981227822866008
newpp 5.3754770735902814e-05 0.0
news 0.00016126431220770844 0.5552773863368246
nl 0.0003762833951513197 1.16141318990714
nl_ 0.00016126431220770844 3.6463198396951406
nlp 5.3754770735902814e-05 4.051784947803305
nlpqlp 0.00016126431220770844 4.051784947803305
no 0.0003762833951513197 0.0
node 5.3754770735902814e-05 0.0
nofollow 0.0017739074342847927 0.0
noicon 0.00026877385367951405 0.0
nojs 5.3754770735902814e-05 0.0
non 5.3754770735902814e-05 0.0
none 0.0012901144976616675 0.0
nonlinear 0.0012363597269257646 4.051784947803305
nonlinear_programming 0.00026877385367951405 4.051784947803305
noprint 0.00026877385367951405 0.0
normal 0.000591302478094931 0.0
northwestern 0.00016126431220770844 4.74493212836325
northwestern_university 5.3754770735902814e-05 4.74493212836325
noscript 0.00021501908294361126 0.0
nosnippet 5.3754770735902814e-05 0.0
not 0.0003762833951513197 0.0
notation 5.3754770735902814e-05 1.749199854809259
notice 5.3754770735902814e-05 0.0
november 0.00021501908294361126 0.0
nowrap 0.001128850185453959 0.05358424613410626
nowraplinks 5.3754770735902814e-05 0.454472687214859
npsol 0.00016126431220770844 4.051784947803305
ns 0.00010750954147180563 0.0
nstab 5.3754770735902814e-05 0.0
null 5.3754770735902814e-05 0.0
numb 0.0004300381658872225 0.0
number 5.3754770735902814e-05 0.0
numerical 0.0004837929366231253 1.911718784307034
numerical_algorithms_group 0.0003225286244154169 4.051784947803305
numerical_programming_languages 5.3754770735902814e-05 4.051784947803305
nv 0.0010750954147180562 0.3141153295199365
o 0.0012363597269257646 0.0
objectives 5.3754770735902814e-05 3.6463198396951406
observe 5.3754770735902814e-05 3.6463198396951406
occurs 5.3754770735902814e-05 2.665490586683414
octeract 0.0006450572488308337 4.051784947803305
octeract_engine 0.0003225286244154169 4.051784947803305
october 0.00026877385367951405 0.0
odd 0.0003762833951513197 0.454472687214859
of 0.002849002849002849 0.0
official 0.0003762833951513197 0.8737311174553593
official_website_different_in_wikidata_and_wikipedia 5.3754770735902814e-05 1.8545603704670854
og 0.0005375477073590281 0.0
ol 0.0010213406439821533 0.035401927050916
oldid 0.00016126431220770844 0.0
on 0.0006988120195667365 0.0
one 0.00010750954147180563 0.42744401482693967
online 0.00010750954147180563 1.749199854809259
only 0.00021501908294361126 0.0
open 0.0003225286244154169 0.7018808605286999
opened 5.3754770735902814e-05 2.953172659135195
openings 5.3754770735902814e-05 4.74493212836325
opensearch_desc 5.3754770735902814e-05 0.0
opensearchdescription 5.3754770735902814e-05 0.0
operating 0.00026877385367951405 0.41419878807691896
operating_system 0.00021501908294361126 0.5108256237659907
operations 0.00016126431220770844 1.4127276181880462
operations_research_society_of_america 5.3754770735902814e-05 4.74493212836325
opl 5.3754770735902814e-05 3.6463198396951406
optaplanner 0.00016126431220770844 4.051784947803305
optimisation 5.3754770735902814e-05 3.6463198396951406
optimization 0.0027414933075310434 2.1799827709017134
optimization_ 5.3754770735902814e-05 4.74493212836325
optimization_software 0.0009675858732462506 4.051784947803305
optimizations 0.00010750954147180563 2.665490586683414
optimizer 0.0003225286244154169 3.6463198396951406
optimj 0.00016126431220770844 4.051784947803305
options 0.00026877385367951405 0.0
or 0.0015588883513411814 0.0
order 0.00026877385367951405 1.1073459686368643
order_cone_programming 0.00016126431220770844 4.051784947803305
org 0.005644250927269795 0.0
organiser 5.3754770735902814e-05 0.9382696385929302
organization 0.00026877385367951405 0.0
oriented 0.00016126431220770844 0.6505875661411494
oriented_programming_languages 5.3754770735902814e-05 1.911718784307034
origin 0.00026877385367951405 0.0
original 0.00016126431220770844 0.3022808718729337
originators 5.3754770735902814e-05 4.74493212836325
orsa 5.3754770735902814e-05 4.74493212836325
os 5.3754770735902814e-05 0.6177977433181585
other 5.3754770735902814e-05 0.0
out 0.00010750954147180563 0.0
outer 5.3754770735902814e-05 2.665490586683414
output 0.00747191313229049 0.0
over 5.3754770735902814e-05 0.9162907318741551
overflow 0.00010750954147180563 0.0
p 0.00747191313229049 0.0
pa 0.00021501908294361126 1.749199854809259
pa32 5.3754770735902814e-05 4.051784947803305
padding 0.0018276622050206956 0.017544309650909525
page 0.0026339837660592376 0.0
pagelanguagecode 5.3754770735902814e-05 0.0
pagelanguagedir 5.3754770735902814e-05 0.0
pageprop 5.3754770735902814e-05 0.27902400970866637
pages 0.0005375477073590281 0.0
pagevariantfallbacks 5.3754770735902814e-05 0.0
panel 0.00021501908294361126 0.0
paper 5.3754770735902814e-05 1.6094379124341003
paradigm 0.00021501908294361126 0.5705448584676129
paradigm_programming_language 5.3754770735902814e-05 1.5260563034950492
param 0.0004837929366231253 3.6463198396951406
parameters 5.3754770735902814e-05 1.2791962255635234
parsed 5.3754770735902814e-05 0.0
parser 0.0075794226737622965 0.0
partial 5.3754770735902814e-05 2.5477075510270306
passed 5.3754770735902814e-05 1.6094379124341003
past 5.3754770735902814e-05 0.0
patroltoken 5.3754770735902814e-05 0.0
pcache 5.3754770735902814e-05 0.0
pdf 0.0004837929366231253 0.0
per 0.00016126431220770844 2.03688192726104
permalink 5.3754770735902814e-05 0.0
permanent 0.00010750954147180563 0.0
personal 0.00026877385367951405 0.0
pg 5.3754770735902814e-05 2.03688192726104
php 0.0018814169757565985 0.0
piecewise 0.00010750954147180563 4.74493212836325
piecewise_linear_function 5.3754770735902814e-05 4.74493212836325
pin 0.00010750954147180563 0.0
pinnable 0.0006450572488308337 0.0
pinned 0.0005375477073590281 0.0
place 5.3754770735902814e-05 0.8737311174553593
placeholder 5.3754770735902814e-05 0.0
places 0.0004837929366231253 0.0
plainlinks 5.3754770735902814e-05 0.20163734609324613
planning 5.3754770735902814e-05 2.7990219793079367
plant 0.00010750954147180563 4.74493212836325
plants 0.0004837929366231253 4.74493212836325
platform 0.0003762833951513197 0.5552773863368246
platform_software 5.3754770735902814e-05 2.4423470353692043
platforms 0.00016126431220770844 1.3437347467010947
png 0.0005375477073590281 0.0
policy 0.00010750954147180563 0.0
popular 0.00010750954147180563 1.5668782980153044
popups 5.3754770735902814e-05 0.0
portal 0.00016126431220770844 0.0
portlet 0.001451378809869376 0.0
position 0.00016126431220770844 0.0
post 0.00016126431220770844 0.0
postexpandincludesize 5.3754770735902814e-05 0.0
powered 5.3754770735902814e-05 0.0
poweredby_mediawiki_132x47 5.3754770735902814e-05 0.0
poweredby_mediawiki_176x62 5.3754770735902814e-05 0.0
poweredby_mediawiki_88x31 5.3754770735902814e-05 0.0
poweredbyico 5.3754770735902814e-05 0.0
pp 5.3754770735902814e-05 0.9382696385929302
ppvisitednodes 5.3754770735902814e-05 0.0
pre 0.00016126431220770844 0.40112670650956617
preconnect 5.3754770735902814e-05 0.11020314013361425
prefetch 0.00010750954147180563 0.0
preprocessor 5.3754770735902814e-05 0.0
present 5.3754770735902814e-05 1.6538896750049343
press 0.00021501908294361126 1.3437347467010947
preview 5.3754770735902814e-05 0.0
previously 5.3754770735902814e-05 1.8545603704670854
princeton 0.00010750954147180563 2.7990219793079367
print 0.00010750954147180563 0.0
print_export 0.00016126431220770844 0.0
printable 0.00016126431220770844 0.0
printfooter 5.3754770735902814e-05 0.0
privacy 0.00016126431220770844 0.0
privacy_policy 0.00010750954147180563 0.0
prize 0.0003762833951513197 2.7990219793079367
problem 0.00026877385367951405 1.3109449238781037
problems 0.0006988120195667365 1.749199854809259
procedures 5.3754770735902814e-05 1.5668782980153044
process 0.00010750954147180563 0.9162907318741551
processing 5.3754770735902814e-05 0.8947845266531914
product 5.3754770735902814e-05 1.4127276181880462
products 0.00010750954147180563 1.4127276181880462
prof 5.3754770735902814e-05 4.051784947803305
profit 5.3754770735902814e-05 0.0
program 0.00016126431220770844 0.41419878807691896
programming 0.004999193678438961 0.0
programming_language 0.00010750954147180563 0.08149303425118301
programming_languages_created_in_1985 5.3754770735902814e-05 3.6463198396951406
programming_paradigm 5.3754770735902814e-05 0.5860490450035782
progressive 0.00016126431220770844 0.0
projects 0.00021501908294361126 0.0
property 0.000591302478094931 0.0
proprietary 0.0003225286244154169 1.5260563034950492
proprietary_cross 5.3754770735902814e-05 4.74493212836325
proprietary_software 5.3754770735902814e-05 2.3470368555648795
provide 5.3754770735902814e-05 0.9382696385929302
provides 5.3754770735902814e-05 0.9162907318741551
providing 5.3754770735902814e-05 1.8004931491968095
psu 0.00010750954147180563 1.9723434061234688
pt 0.0003225286244154169 0.0
pub 0.00010750954147180563 0.41419878807691896
published 0.00016126431220770844 0.3504829736908114
publisher 0.00010750954147180563 0.0
publishing 0.00010750954147180563 1.911718784307034
pulp 0.00010750954147180563 4.051784947803305
punjabi 5.3754770735902814e-05 1.7004096906398272
push 0.00016126431220770844 0.0
pygments 0.00010750954147180563 0.6177977433181585
pyomo 0.0003225286244154169 4.051784947803305
q 0.00016126431220770844 0.0
q295250 0.0003762833951513197 4.74493212836325
qcp 5.3754770735902814e-05 4.051784947803305
qp 5.3754770735902814e-05 4.051784947803305
quadratic 0.000860076331774445 4.051784947803305
quadratic_programming 0.00016126431220770844 4.051784947803305
quadratically 0.00021501908294361126 4.051784947803305
quadratically_constrained_quadratic_program 0.00016126431220770844 4.051784947803305
quantities 5.3754770735902814e-05 4.74493212836325
quick 5.3754770735902814e-05 0.0
quiet 0.0003225286244154169 0.0
quotes 5.3754770735902814e-05 0.09097177820572679
r 0.00010750954147180563 0.0
r1011085734 5.3754770735902814e-05 0.09097177820572679
r1061467846 5.3754770735902814e-05 0.454472687214859
r1063604349 5.3754770735902814e-05 0.41419878807691896
r1066479718 0.00010750954147180563 0.21233263520999412
r1129693374 0.00010750954147180563 0.2905848321097423
r1133582631 0.0012901144976616675 0.09097177820572679
random 0.00010750954147180563 0.0
randomly 5.3754770735902814e-05 0.0
randompage 5.3754770735902814e-05 0.0
range 5.3754770735902814e-05 1.7004096906398272
raw 5.3754770735902814e-05 0.0
re 0.00016126431220770844 0.0
read 0.00010750954147180563 0.0
readable 5.3754770735902814e-05 2.4423470353692043
reading 5.3754770735902814e-05 1.16141318990714
ready 0.0010750954147180562 0.0
real 5.3754770735902814e-05 0.0
recent 0.00016126431220770844 0.0
recentchanges 0.00016126431220770844 0.0
recentchangeslinked 0.00010750954147180563 0.0
recursion 5.3754770735902814e-05 0.0
red 5.3754770735902814e-05 0.09097177820572679
redirect 0.0025264742245874323 0.008733679968754631
redlink 0.00010750954147180563 0.7746402148111283
reduced 5.3754770735902814e-05 0.0
reference 0.003655324410041391 0.035401927050916
references 0.0005375477073590281 0.008733679968754631
referencetooltips 5.3754770735902814e-05 0.0
referrer 0.00016126431220770844 0.0
reflist 0.000860076331774445 0.09097177820572679
refs 5.3754770735902814e-05 4.051784947803305
registered 5.3754770735902814e-05 0.0
registration 0.00010750954147180563 0.08149303425118301
rel 0.004031607805192711 0.0
related 0.00010750954147180563 0.0
relational 5.3754770735902814e-05 2.4423470353692043
release 0.00010750954147180563 0.49643688631389105
rendering 5.3754770735902814e-05 0.0
repeat 0.00021501908294361126 0.0721032939013439
replace 5.3754770735902814e-05 0.0
report 0.00010750954147180563 0.0
representing 0.00010750954147180563 2.3470368555648795
require 5.3754770735902814e-05 0.0
requirements 5.3754770735902814e-05 2.03688192726104
research 0.00016126431220770844 0.7018808605286999
reset 5.3754770735902814e-05 0.26759531388504365
resourceloaderdynamicstyles 5.3754770735902814e-05 0.0
retrieved 0.0010213406439821533 0.0
returnto 0.00021501908294361126 0.0
revision 0.00016126431220770844 0.0
revisions 5.3754770735902814e-05 0.0
rfr_id 0.0012901144976616675 0.10054122922187746
rft 0.004676665054023544 0.10054122922187746
rft_id 0.001397624039133473 0.11020314013361425
rft_val_fmt 0.0012901144976616675 0.10054122922187746
rgba 5.3754770735902814e-05 0.09097177820572679
right 0.0006450572488308337 0.0
rl 5.3754770735902814e-05 0.0
rlconf 5.3754770735902814e-05 0.0
rlpagemodules 5.3754770735902814e-05 0.0
rlq 0.0003225286244154169 0.0
rlstate 5.3754770735902814e-05 0.0
robert 0.001128850185453959 1.5668782980153044
robert_fourer 0.0003762833951513197 4.74493212836325
robert_j 0.00016126431220770844 4.051784947803305
robots 5.3754770735902814e-05 0.0
role 0.0008063215610385422 0.0
roman 0.00021501908294361126 0.09097177820572679
rootpage 5.3754770735902814e-05 0.0
row 0.0010750954147180562 0.12981161152199053
rsd 0.00010750954147180563 0.0
ru 0.00021501908294361126 0.6505875661411494
run 5.3754770735902814e-05 0.7018808605286999
russian 5.3754770735902814e-05 0.6505875661411494
s 0.00026877385367951405 0.0
sa 0.00010750954147180563 0.0
sameas 0.00010750954147180563 0.0
sample 0.00021501908294361126 2.1799827709017134
san 0.00016126431220770844 2.953172659135195
satisfy 5.3754770735902814e-05 3.3586377672433594
saved 5.3754770735902814e-05 0.0
scalar 5.3754770735902814e-05 2.953172659135195
scale 0.00016126431220770844 2.26002547857525
schedule 5.3754770735902814e-05 3.6463198396951406
scheduling 0.00010750954147180563 2.4423470353692043
schema 0.00010750954147180563 0.0
science 0.00021501908294361126 0.3504829736908114
sciences 5.3754770735902814e-05 2.1799827709017134
scip 0.0009138311025103478 4.051784947803305
scip_ 0.0005375477073590281 4.051784947803305
scip_optimization_suite 0.00016126431220770844 4.051784947803305
scope 0.001128850185453959 0.11995931507897897
screen 0.00010750954147180563 0.0
scribunto 5.3754770735902814e-05 0.008733679968754631
script 0.0007525667903026394 0.0
scripting 0.00021501908294361126 1.3109449238781037
scripting_languages 5.3754770735902814e-05 2.1799827709017134
scripts 5.3754770735902814e-05 0.0
sdp 5.3754770735902814e-05 4.051784947803305
search 0.001451378809869376 0.0
searchbutton 0.00021501908294361126 0.0
searchform 5.3754770735902814e-05 0.0
searchinput 5.3754770735902814e-05 0.0
seattle 0.00016126431220770844 3.6463198396951406
second 0.0004300381658872225 1.1073459686368643
seconds 0.00016126431220770844 0.0
section 0.000860076331774445 0.0
see 0.00016126431220770844 0.44086703515908027
see_also 0.00021501908294361126 0.6340582641899388
selected 0.00021501908294361126 0.0
selector 5.3754770735902814e-05 0.0
selflink 0.00016126431220770844 0.08149303425118301
sell 0.00010750954147180563 3.6463198396951406
semidefinite 0.00016126431220770844 4.051784947803305
semidefinite_programming 0.00010750954147180563 4.051784947803305
sentences 5.3754770735902814e-05 0.0
separate 5.3754770735902814e-05 1.3109449238781037
separation 5.3754770735902814e-05 2.7990219793079367
september 0.00010750954147180563 0.0
server 0.0003762833951513197 1.3437347467010947
services 5.3754770735902814e-05 1.3437347467010947
set 0.0003762833951513197 0.0
sets 5.3754770735902814e-05 1.5668782980153044
several 5.3754770735902814e-05 0.7195804376281008
sha1 5.3754770735902814e-05 0.10054122922187746
shadow 0.00016126431220770844 0.5860490450035782
sharealike 5.3754770735902814e-05 0.0
sharealike_3 5.3754770735902814e-05 0.0
shipment 0.00026877385367951405 4.74493212836325
shipping 5.3754770735902814e-05 3.6463198396951406
show 0.00021501908294361126 0.0
sidebar 0.000591302478094931 0.0
significant 5.3754770735902814e-05 1.377636298376776
similarity 5.3754770735902814e-05 3.3586377672433594
simple 0.00010750954147180563 0.6017974019717174
simplesearch 5.3754770735902814e-05 0.0
simplify 5.3754770735902814e-05 2.7990219793079367
site 0.0003762833951513197 0.0
sitedir 5.3754770735902814e-05 0.0
sitelinks 5.3754770735902814e-05 0.0
sitenotice 0.00010750954147180563 0.0
sitesub 5.3754770735902814e-05 0.0
sitesupport 5.3754770735902814e-05 0.0
size 0.0008063215610385422 0.0
sizing 5.3754770735902814e-05 0.25629575863111026
skin 0.0006988120195667365 0.0
skins 0.0003225286244154169 0.0
small 5.3754770735902814e-05 0.0721032939013439
snopt 0.0004837929366231253 4.051784947803305
society 0.00021501908294361126 2.1058747987479913
socp 5.3754770735902814e-05 4.051784947803305
software 0.0024727194538515292 0.08149303425118301
software_design 5.3754770735902814e-05 0.5705448584676129
software_developer 5.3754770735902814e-05 0.9382696385929302
software_license 5.3754770735902814e-05 1.0072625100798818
software_release_life_cycle 5.3754770735902814e-05 0.7018808605286999
sol 0.00021501908294361126 4.051784947803305
sol_ 0.00010750954147180563 4.051784947803305
solaris 0.00021501908294361126 1.911718784307034
solaris_ 0.00010750954147180563 2.3470368555648795
solid 0.00016126431220770844 0.2340726218464
solution 5.3754770735902814e-05 2.4423470353692043
solve 0.00010750954147180563 2.3470368555648795
solver 0.0009138311025103478 3.6463198396951406
solvers 0.001988926517228404 3.6463198396951406
solverstudio 0.00016126431220770844 4.74493212836325
solving 5.3754770735902814e-05 2.665490586683414
soplex 5.3754770735902814e-05 4.051784947803305
sortable 5.3754770735902814e-05 3.3586377672433594
source 0.00026877385367951405 0.49643688631389105
source_software 5.3754770735902814e-05 1.486835590341768
sources 5.3754770735902814e-05 0.6177977433181585
space 0.00016126431220770844 0.11995931507897897
spacing 0.00016126431220770844 0.2905848321097423
span 0.055098640004300384 0.0
spanish 5.3754770735902814e-05 0.7195804376281008
special 0.001397624039133473 0.0
specialpages 0.00010750954147180563 0.0
spreadsheet 0.00016126431220770844 3.1354942159291497
spreadsheets 5.3754770735902814e-05 3.3586377672433594
src 0.0004837929366231253 0.0
srcset 0.00010750954147180563 0.0
stable 5.3754770735902814e-05 0.7195804376281008
standard 5.3754770735902814e-05 0.0
start 0.00010750954147180563 0.0
startup 0.00010750954147180563 0.0
statement 5.3754770735902814e-05 0.0
statements 5.3754770735902814e-05 0.9382696385929302
static 0.0006988120195667365 0.0
statistics 0.00010750954147180563 0.0
stats 5.3754770735902814e-05 0.0
statslink 5.3754770735902814e-05 0.0
status 0.00021501908294361126 0.0
status_history 0.00021501908294361126 4.74493212836325
steps 5.3754770735902814e-05 2.5477075510270306
sticky 0.00010750954147180563 0.0
stopmobileredirecttoggle 5.3754770735902814e-05 0.0
structured 5.3754770735902814e-05 0.0
structures 5.3754770735902814e-05 1.16141318990714
student 5.3754770735902814e-05 2.5477075510270306
style 0.005590496156533892 0.0
styles 0.0009138311025103478 0.0
stylesheet 0.00010750954147180563 0.0
subbox 5.3754770735902814e-05 0.21233263520999412
subgroup 0.00026877385367951405 0.454472687214859
subheader 5.3754770735902814e-05 0.21233263520999412
subject 5.3754770735902814e-05 0.0
sublist 0.0004300381658872225 0.0
submit 0.00010750954147180563 0.0
subscription 0.00010750954147180563 0.09097177820572679
subset 5.3754770735902814e-05 1.9723434061234688
subtitle 5.3754770735902814e-05 0.0
such 0.00010750954147180563 0.454472687214859
suggestededitsession 5.3754770735902814e-05 0.0
sulum 0.00016126431220770844 4.74493212836325
sum 0.00016126431220770844 2.5477075510270306
summary 0.00010750954147180563 0.19105523676270922
sup 0.010213406439821535 0.0721032939013439
supplies 5.3754770735902814e-05 3.6463198396951406
supply 0.00010750954147180563 3.6463198396951406
support 0.0005375477073590281 0.0
support_4 0.00021501908294361126 4.74493212836325
supported 0.00016126431220770844 0.9382696385929302
supports 0.00021501908294361126 0.8531118302526235
sv 0.00021501908294361126 1.486835590341768
svenska 5.3754770735902814e-05 1.486835590341768
svg 0.0003225286244154169 0.0
swedish 5.3754770735902814e-05 1.3437347467010947
switcher 5.3754770735902814e-05 0.0
symphony 0.00010750954147180563 3.3586377672433594
syntax 5.3754770735902814e-05 0.540239508972284
system 0.00026877385367951405 0.11020314013361425
systems 0.00026877385367951405 0.454472687214859
t 0.0007525667903026394 0.0
tab 0.00026877385367951405 0.0
tabindex 0.00010750954147180563 0.0
table 0.0007525667903026394 0.0
tablesorter 0.00016126431220770844 3.3586377672433594
tabs 0.00010750954147180563 0.0
tagline 0.00016126431220770844 0.0
tags 5.3754770735902814e-05 0.0
talk 0.0003225286244154169 0.0
target 0.0006450572488308337 0.0
targetloader 5.3754770735902814e-05 0.0
tasks 5.3754770735902814e-05 1.749199854809259
tb 0.00016126431220770844 0.0
tbody 0.0004300381658872225 0.044451762570833796
td 0.009568349190990701 0.044451762570833796
technologies 5.3754770735902814e-05 1.486835590341768
telephone 5.3754770735902814e-05 0.0
template 0.001451378809869376 0.0
template_talk 5.3754770735902814e-05 0.41419878807691896
templateargumentsize 5.3754770735902814e-05 0.0
templatestyles 0.0016663978928129872 0.017544309650909525
terms 0.00016126431220770844 0.0
terms_of_use 5.3754770735902814e-05 0.0
texhtml 0.00010750954147180563 4.74493212836325
text 0.004569155512551739 0.0
text_of_the_creative_commons_attribution 5.3754770735902814e-05 0.0
textbook 5.3754770735902814e-05 3.1354942159291497
textbook_cover 5.3754770735902814e-05 4.74493212836325
th 0.005805515239477504 0.11995931507897897
than 5.3754770735902814e-05 0.6340582641899388
that 5.3754770735902814e-05 0.18058393689541388
the 0.0030102671612105576 0.0
their 5.3754770735902814e-05 0.7559480817989758
them 5.3754770735902814e-05 0.9837320126696876
theory 0.00021501908294361126 1.7004096906398272
these 5.3754770735902814e-05 0.6340582641899388
this 0.001397624039133473 0.0
thousand 5.3754770735902814e-05 4.051784947803305
thousands 0.00016126431220770844 3.3586377672433594
through 5.3754770735902814e-05 0.8531118302526235
thumbnail 5.3754770735902814e-05 0.0
time 0.0003225286244154169 0.0
timestamp 0.00010750954147180563 0.0
timeusage 5.3754770735902814e-05 0.008733679968754631
timingprofile 5.3754770735902814e-05 0.0
title 0.022254475084663765 0.0
titlebar 0.0004300381658872225 0.0
titleform 5.3754770735902814e-05 0.0
to 0.0019351717464925011 0.0
toc 0.005859270010213406 0.0
toggle 0.0004837929366231253 0.0
toggle_view_mobile 5.3754770735902814e-05 0.0
tokens 5.3754770735902814e-05 0.0
tomlab 0.00016126431220770844 4.051784947803305
took 5.3754770735902814e-05 1.9723434061234688
toolbar 0.00016126431220770844 0.0
tools 0.0005375477073590281 0.0
top 0.0010213406439821533 0.0
topeka 0.00016126431220770844 4.74493212836325
topic 5.3754770735902814e-05 1.0813704822336037
total 0.00016126431220770844 0.0
touch 0.00010750954147180563 0.0
tr 0.008493253776272644 0.044451762570833796
trademark 5.3754770735902814e-05 0.0
transclusion 5.3754770735902814e-05 0.0
transientcontent 5.3754770735902814e-05 0.0
translator 0.00010750954147180563 2.1799827709017134
transparent 0.0003225286244154169 0.06280090123903044
transport 5.3754770735902814e-05 3.3586377672433594
transportation 0.00010750954147180563 4.74493212836325
transportcost 0.00010750954147180563 4.74493212836325
tree 0.00021501908294361126 2.1058747987479913
triggered 5.3754770735902814e-05 0.0
true 0.0012901144976616675 0.0
try 0.00010750954147180563 2.3470368555648795
tryampl 5.3754770735902814e-05 4.74493212836325
ttl 5.3754770735902814e-05 0.0
type 0.0018814169757565985 0.0
types 0.00021501908294361126 0.7375989431307791
u 0.00010750954147180563 0.0
ui 0.002849002849002849 0.0
uk 0.00021501908294361126 0.6340582641899388
ukrainian 5.3754770735902814e-05 0.8131064956389242
ul 0.005321722302854378 0.0
uls 0.00026877385367951405 0.0
under 5.3754770735902814e-05 0.0
university 0.0003225286244154169 0.8947845266531914
university_of_wisconsin 5.3754770735902814e-05 4.74493212836325
unknown 0.0010750954147180562 0.26759531388504365
unpin 0.00010750954147180563 0.0
unpinned 0.00010750954147180563 0.0
unstrip 0.00021501908294361126 0.0
updated 0.00010750954147180563 0.41419878807691896
upload 0.0008063215610385422 0.0
upper 0.00021501908294361126 0.09097177820572679
url 0.0005375477073590281 0.0
us 0.00010750954147180563 0.0
usa 0.00010750954147180563 2.03688192726104
usage 0.00021501908294361126 0.0
use 0.0003762833951513197 0.0
use_dmy_dates 0.00010750954147180563 3.1354942159291497
use_dmy_dates_from_november_2020 5.3754770735902814e-05 4.74493212836325
used 0.00026877385367951405 0.19105523676270922
uselang 5.3754770735902814e-05 0.0
user 0.0015051335806052788 0.0
useradd 0.00010750954147180563 0.0
userlogin 0.00010750954147180563 0.0
users 0.00010750954147180563 0.9382696385929302
using 0.00021501908294361126 0.0
utc 5.3754770735902814e-05 0.0
utf 5.3754770735902814e-05 0.0
utm_campaign 5.3754770735902814e-05 0.0
utm_medium 5.3754770735902814e-05 0.0
utm_source 5.3754770735902814e-05 0.0
uwm 0.00010750954147180563 4.74493212836325
uwm_3 0.00010750954147180563 4.74493212836325
ux 5.3754770735902814e-05 0.08149303425118301
v 5.3754770735902814e-05 0.3382128810989969
value 0.0006988120195667365 0.0
vanderbei 0.00016126431220770844 4.051784947803305
var 0.00016126431220770844 0.0
variables 0.00010750954147180563 1.0072625100798818
variant 0.00010750954147180563 0.0
variants 0.0003225286244154169 0.0
vary 5.3754770735902814e-05 0.10054122922187746
ve 5.3754770735902814e-05 0.0
vector 0.01413750470354244 0.0
versa 5.3754770735902814e-05 2.665490586683414
version 0.00026877385367951405 0.0
vertical 0.000591302478094931 0.6017974019717174
very 5.3754770735902814e-05 0.9607424944449889
vevent 5.3754770735902814e-05 0.22314355131420976
via 0.00010750954147180563 1.0313600616589422
vice 5.3754770735902814e-05 2.3470368555648795
view 0.000591302478094931 0.0
viewdoc 5.3754770735902814e-05 1.9723434061234688
viewport 5.3754770735902814e-05 0.0
views 0.00016126431220770844 0.0
visible 5.3754770735902814e-05 0.09097177820572679
visit 0.00010750954147180563 0.0
visited 5.3754770735902814e-05 0.0
visualeditor 0.00021501908294361126 0.0
volume 0.00010750954147180563 0.8329091229351039
vue 0.00010750954147180563 0.0
w 0.00897704671289577 0.0
walltime 5.3754770735902814e-05 0.0
was 0.0003225286244154169 0.0
watchlist 5.3754770735902814e-05 0.0
watchtoken 5.3754770735902814e-05 0.0
wb 0.00010750954147180563 0.0
wbc 5.3754770735902814e-05 0.0
wbr 0.00010750954147180563 0.7195804376281008
we 0.00010750954147180563 1.4127276181880462
web 0.0015051335806052788 0.09097177820572679
website 0.0003762833951513197 0.0
weight 0.000591302478094931 0.05358424613410626
well 5.3754770735902814e-05 1.0560526742493137
were 0.00010750954147180563 0.6844891178168307
wgaction 5.3754770735902814e-05 0.0
wgarticleid 5.3754770735902814e-05 0.0
wgbackendresponsetime 5.3754770735902814e-05 0.0
wgbreakframes 5.3754770735902814e-05 0.0
wgcanonicalnamespace 5.3754770735902814e-05 0.0
wgcanonicalspecialpagename 5.3754770735902814e-05 0.0
wgcategories 5.3754770735902814e-05 0.0
wgcentralauthmobiledomain 5.3754770735902814e-05 0.0
wgcspnonce 5.3754770735902814e-05 0.0
wgcurrevisionid 5.3754770735902814e-05 0.0
wgdefaultdateformat 5.3754770735902814e-05 0.0
wgdigittransformtable 5.3754770735902814e-05 0.0
wgeditsubmitbuttonlabelpublish 5.3754770735902814e-05 0.0
wgflaggedrevsparams 5.3754770735902814e-05 0.0
wggestructuredtaskrejectionreasontextinputenabled 5.3754770735902814e-05 0.0
wggetopicsmatchmodeenabled 5.3754770735902814e-05 0.0
wghostname 5.3754770735902814e-05 0.0
wgisarticle 5.3754770735902814e-05 0.0
wgisprobablyeditable 5.3754770735902814e-05 0.0
wgisredirect 5.3754770735902814e-05 0.0
wgmediaviewerenabledbydefault 5.3754770735902814e-05 0.0
wgmediavieweronclick 5.3754770735902814e-05 0.0
wgmfdisplaywikibasedescriptions 5.3754770735902814e-05 0.0
wgmonthnames 5.3754770735902814e-05 0.0
wgnamespacenumber 5.3754770735902814e-05 0.0
wgnoticeproject 5.3754770735902814e-05 0.0
wgpagecontentlanguage 5.3754770735902814e-05 0.0
wgpagecontentmodel 5.3754770735902814e-05 0.0
wgpagename 5.3754770735902814e-05 0.0
wgpageparsereport 5.3754770735902814e-05 0.0
wgpopupsflags 5.3754770735902814e-05 0.0
wgrelevantarticleid 5.3754770735902814e-05 0.0
wgrelevantpageisprobablyeditable 5.3754770735902814e-05 0.0
wgrelevantpagename 5.3754770735902814e-05 0.0
wgrequestid 5.3754770735902814e-05 0.0
wgrestrictionedit 5.3754770735902814e-05 0.0
wgrestrictionmove 5.3754770735902814e-05 0.0
wgrevisionid 5.3754770735902814e-05 0.0
wgseparatortransformtable 5.3754770735902814e-05 0.0
wgtitle 5.3754770735902814e-05 0.0
wgulscurrentautonym 5.3754770735902814e-05 0.0
wgulsiscompactlinksenabled 5.3754770735902814e-05 0.0
wgulsislanguageselectorempty 5.3754770735902814e-05 0.0
wgulsposition 5.3754770735902814e-05 0.0
wgusergroups 5.3754770735902814e-05 0.0
wgusername 5.3754770735902814e-05 0.0
wgvector2022previewpages 5.3754770735902814e-05 0.0
wgvisualeditor 5.3754770735902814e-05 0.0
wgwikibaseitemid 5.3754770735902814e-05 0.0
wgwmepagelength 5.3754770735902814e-05 0.0
wgwmeschemaeditattemptstepoversample 5.3754770735902814e-05 0.0
what 5.3754770735902814e-05 0.0
whatlinkshere 0.00010750954147180563 0.0
when 0.00010750954147180563 0.0
which 0.00021501908294361126 0.3022808718729337
white 0.00016126431220770844 0.12981161152199053
wide 5.3754770735902814e-05 2.03688192726104
width 0.002795248078266946 0.0
wiki 0.017739074342847928 0.0
wikibase 0.00021501908294361126 0.0
wikidata 0.000591302478094931 0.0
wikimedia 0.0020426812879643067 0.0
wikimediabadges 5.3754770735902814e-05 0.0
wikimediaevents 5.3754770735902814e-05 0.0
wikimediafoundation 0.00010750954147180563 0.0
wikipedia 0.005482986615062087 0.0
wikisource 5.3754770735902814e-05 0.09097177820572679
wikitable 0.00010750954147180563 1.6094379124341003
wikitext 5.3754770735902814e-05 0.0
window 0.00016126431220770844 0.0
windows 0.00021501908294361126 0.8329091229351039
wisconsin 0.00010750954147180563 4.74493212836325
with 0.001128850185453959 0.0
within 5.3754770735902814e-05 1.0072625100798818
without 0.00010750954147180563 0.9162907318741551
wmf 0.00016126431220770844 0.0
word 0.00021501908294361126 0.05358424613410626
wordmark 0.00010750954147180563 0.0
worhp 0.0003225286244154169 4.051784947803305
works 5.3754770735902814e-05 0.0
wpformidentifier 5.3754770735902814e-05 0.0
wrap 5.3754770735902814e-05 0.06280090123903044
writings 5.3754770735902814e-05 4.051784947803305
ws 5.3754770735902814e-05 0.09097177820572679
www 0.0012901144976616675 0.0
x 0.00016126431220770844 0.0
xa 5.3754770735902814e-05 4.74493212836325
xml 0.0003225286244154169 0.0
xpress 0.0009675858732462506 4.051784947803305
y 0.00010750954147180563 0.0
y1fjcyzz 5.3754770735902814e-05 4.74493212836325
year 5.3754770735902814e-05 1.6094379124341003
years 5.3754770735902814e-05 0.454472687214859
yes 5.3754770735902814e-05 0.0
york 0.00016126431220770844 2.3470368555648795
you 0.00026877385367951405 0.0
yue 0.00021501908294361126 0.540239508972284
z 0.00010750954147180563 0.0
z39 0.0012901144976616675 0.10054122922187746
z3988 0.0012901144976616675 0.10054122922187746
zh 0.0003225286244154169 0.48225225132193467
zimpl 5.3754770735902814e-05 4.051784947803305
программирования 5.3754770735902814e-05 1.8004931491968095
русский 5.3754770735902814e-05 0.6505875661411494
українська 5.3754770735902814e-05 0.8329091229351039
язык 5.3754770735902814e-05 1.8004931491968095
ਏਐਮਪ 5.3754770735902814e-05 4.74493212836325
ਐਲ 5.3754770735902814e-05 4.051784947803305
ਜ 5.3754770735902814e-05 1.749199854809259
ਪ 5.3754770735902814e-05 1.749199854809259
ਬ 5.3754770735902814e-05 1.749199854809259
中文 5.3754770735902814e-05 0.8329091229351039
粵語 5.3754770735902814e-05 0.540239508972284
