0 0.0031142781736605966 0.0
00 0.0002111375032990235 0.0
000 0.00015835312747426763 0.0
008 0.00010556875164951175 0.06280090123903044
014 0.00010556875164951175 0.5108256237659907
02 0.0003694906307732911 0.0
03 0.0011084718923198734 0.017544309650909525
039 0.0002111375032990235 0.22314355131420976
04 0.00015835312747426763 0.017544309650909525
040 0.00010556875164951175 0.5108256237659907
04362 0.00015835312747426763 0.5108256237659907
04366 0.00015835312747426763 0.5108256237659907
04462 0.00015835312747426763 0.5108256237659907
05 0.00010556875164951175 0.0
06 0.00031670625494853525 0.008733679968754631
07 0.0010029031406703615 0.0
08 0.00031670625494853525 0.0
08t19 0.00010556875164951175 0.0
09 0.00010556875164951175 0.09097177820572679
0_4 0.00031670625494853525 0.0
0_unported_license 5.278437582475587e-05 0.0
0px 5.278437582475587e-05 0.0
1 0.003853259435207179 0.0
10 0.0013723937714436526 0.0
100 0.0005278437582475588 0.0
1000 0.00010556875164951175 0.0
1000000 0.00010556875164951175 0.0
10082 0.00010556875164951175 0.5108256237659907
100px 5.278437582475587e-05 0.0
10px 0.0003694906307732911 0.0
11 0.00047505938242280285 0.008733679968754631
1109 0.00031670625494853525 0.13976194237515863
1138259462 0.0003694906307732911 0.5108256237659907
1145 0.00015835312747426763 0.008733679968754631
117 5.278437582475587e-05 0.0
12 0.00047505938242280285 0.008733679968754631
1204 0.00010556875164951175 0.5108256237659907
1207 0.00010556875164951175 0.5108256237659907
1211 0.00010556875164951175 0.5108256237659907
125em 5.278437582475587e-05 0.0
127 5.278437582475587e-05 0.11020314013361425
129 0.00010556875164951175 0.11995931507897897
12px 5.278437582475587e-05 0.0
12s5i 5.278437582475587e-05 0.0
13 0.00047505938242280285 0.0
1310 0.00010556875164951175 0.5108256237659907
133 5.278437582475587e-05 0.008733679968754631
1390 0.00015835312747426763 0.5108256237659907
14 0.00047505938242280285 0.008733679968754631
15 0.00031670625494853525 0.0
152 5.278437582475587e-05 0.2340726218464
156 0.00010556875164951175 0.13976194237515863
16 0.00031670625494853525 0.0
160 0.0010029031406703615 0.2340726218464
17 0.00047505938242280285 0.0
17th 0.00010556875164951175 0.2451224580329849
18 0.00031670625494853525 0.0
180 5.278437582475587e-05 0.2340726218464
1805 0.00031670625494853525 0.5108256237659907
1814400 0.00010556875164951175 0.0
19 0.0005806281340723146 0.0
193 0.00010556875164951175 0.2340726218464
1em 0.0002639218791237794 0.0
1px 0.00015835312747426763 0.0
1x1 5.278437582475587e-05 0.0
2 0.002058590657165479 0.0
20 0.0005278437582475588 0.0
200 5.278437582475587e-05 0.044451762570833796
20000 5.278437582475587e-05 0.0
2004 0.0017418844022169437 0.06280090123903044
2010 0.0002639218791237794 0.008733679968754631
2011 5.278437582475587e-05 0.0
2012 0.00010556875164951175 0.0721032939013439
2013 0.0002639218791237794 0.017544309650909525
2014 0.0002639218791237794 0.017544309650909525
2015 0.0009501187648456057 0.017544309650909525
20150522015049 5.278437582475587e-05 0.0
20151017205122 5.278437582475587e-05 0.0
2016 0.0006334125098970705 0.017544309650909525
20160214011903 5.278437582475587e-05 0.0
20160904104254 5.278437582475587e-05 0.0
2017 0.00010556875164951175 0.0
2018 0.0014251781472684087 0.09097177820572679
2019 0.00010556875164951175 0.0
2020 0.0002639218791237794 0.0
2021 0.0017946687780416996 0.008733679968754631
2022 0.0002639218791237794 0.0
2023 0.00015835312747426763 0.0
20230314082517 0.00015835312747426763 0.5108256237659907
2097152 0.0002111375032990235 0.0
20behind 5.278437582475587e-05 0.0
20left 5.278437582475587e-05 0.0
20one 5.278437582475587e-05 0.0
21 0.0005278437582475588 0.0
21682145 0.00010556875164951175 0.5108256237659907
22 0.0009501187648456057 0.0
22catrobat 0.00031670625494853525 0.0
22internet 5.278437582475587e-05 0.0
22mind 5.278437582475587e-05 0.0
22no 5.278437582475587e-05 0.0
23 0.00031670625494853525 0.02643325706815543
231 0.00010556875164951175 0.2340726218464
237 0.00010556875164951175 0.19105523676270922
238px 5.278437582475587e-05 0.0
23id 0.00015835312747426763 0.0
23px 5.278437582475587e-05 0.0
24 0.0005278437582475588 0.008733679968754631
2488 0.00010556875164951175 0.5108256237659907
25 0.0006334125098970705 0.0
2520behind 5.278437582475587e-05 0.0
2520left 5.278437582475587e-05 0.0
2520one 5.278437582475587e-05 0.0
255 5.278437582475587e-05 0.044451762570833796
25em 0.00015835312747426763 0.0
26 0.000422275006598047 0.0
26cat 5.278437582475587e-05 0.0
26gl 5.278437582475587e-05 0.0
26hl 5.278437582475587e-05 0.0
26lang 5.278437582475587e-05 0.0
26pcalltype 5.278437582475587e-05 0.0
26plevel 5.278437582475587e-05 0.0
26pmode 5.278437582475587e-05 0.0
27 0.0002639218791237794 0.0
2786567 5.278437582475587e-05 0.5108256237659907
27s 5.278437582475587e-05 0.0
28 0.0005278437582475588 0.017544309650909525
2801610 0.00015835312747426763 0.5108256237659907
28formerly 5.278437582475587e-05 0.0
28icird 5.278437582475587e-05 0.0
28icos 5.278437582475587e-05 0.0
28t18 0.00010556875164951175 0.0
29 0.000422275006598047 0.0
2c 0.0009501187648456057 0.8531118302526235
2c_mobile_apps 5.278437582475587e-05 0.0
2c_share_platform 5.278437582475587e-05 0.0
2cicon 5.278437582475587e-05 0.0
2cstyles 5.278437582475587e-05 0.0
2em 0.00015835312747426763 0.0
2f 0.0022169437846397467 0.0
2f02 5.278437582475587e-05 0.0
2f10 0.00015835312747426763 0.0
2f1204 5.278437582475587e-05 0.0
2f1310 5.278437582475587e-05 0.0
2f1805 0.00015835312747426763 0.0
2f2014 5.278437582475587e-05 0.0
2f2015 5.278437582475587e-05 0.0
2f2018 5.278437582475587e-05 0.0
2f2786567 0.00010556875164951175 0.0
2f5102561 5.278437582475587e-05 0.0
2f6291555321118720 5.278437582475587e-05 0.0
2f8376296 5.278437582475587e-05 0.0
2f8632815 5.278437582475587e-05 0.0
2fapi 0.00015835312747426763 0.0
2fapp 0.00010556875164951175 0.0
2fapps 5.278437582475587e-05 0.0
2farchive 0.00010556875164951175 0.0
2farticle 0.00010556875164951175 0.0
2fat 5.278437582475587e-05 0.0
2fbestmobileappawards 5.278437582475587e-05 0.0
2fbeyond 5.278437582475587e-05 0.0
2fbin 5.278437582475587e-05 0.0
2fcatrobat 0.00010556875164951175 0.0
2fcodein 5.278437582475587e-05 0.0
2fcoding 5.278437582475587e-05 0.0
2fcorpusid 0.00015835312747426763 0.0
2fcourse 5.278437582475587e-05 0.0
2fcredits 5.278437582475587e-05 0.0
2fdeveloper 0.00010556875164951175 0.0
2fdigitale 5.278437582475587e-05 0.0
2fdiscord 5.278437582475587e-05 0.0
2fdocument 0.00010556875164951175 0.0
2feducation 5.278437582475587e-05 0.0
2feinzelansicht 5.278437582475587e-05 0.0
2fen 0.0018474531538664556 0.0
2ffmt 0.0017418844022169437 0.0
2fgoogle 5.278437582475587e-05 0.0
2fgsoc 5.278437582475587e-05 0.0
2fhourofcode 5.278437582475587e-05 0.0
2ficird 0.00010556875164951175 0.0
2ficos 0.00010556875164951175 0.0
2fieeexplore 0.00010556875164951175 0.0
2fimoox 5.278437582475587e-05 0.0
2finnovationspreis 5.278437582475587e-05 0.0
2finvite 5.278437582475587e-05 0.0
2fkfu_online 5.278437582475587e-05 0.0
2flandingpage 5.278437582475587e-05 0.0
2flocal 5.278437582475587e-05 0.0
2fmain 5.278437582475587e-05 0.0
2fmicrosite 5.278437582475587e-05 0.0
2fmind 5.278437582475587e-05 0.0
2fmooc 5.278437582475587e-05 0.0
2fnews 0.00010556875164951175 0.0
2fno 0.00010556875164951175 0.0
2fno1leftbehind 0.00010556875164951175 0.0
2fonline 5.278437582475587e-05 0.0
2fopensource 5.278437582475587e-05 0.0
2forganization 5.278437582475587e-05 0.0
2forgs 5.278437582475587e-05 0.0
2fplay 5.278437582475587e-05 0.0
2fpocket 0.0002111375032990235 0.0
2fpreis 5.278437582475587e-05 0.0
2fprogrammieren 5.278437582475587e-05 0.0
2fproject 5.278437582475587e-05 0.0
2fservices 0.00010556875164951175 0.0
2fsingleview 5.278437582475587e-05 0.0
2fstaatspreis 5.278437582475587e-05 0.0
2fstore 5.278437582475587e-05 0.0
2fterg3jf 5.278437582475587e-05 0.0
2ftranslate 5.278437582475587e-05 0.0
2ftu 0.0002111375032990235 0.0
2fview 5.278437582475587e-05 0.0
2fwatch 5.278437582475587e-05 0.0
2fwbforschungsportal 5.278437582475587e-05 0.0
2fwiki 5.278437582475587e-05 0.0
2fwinners 0.00010556875164951175 0.0
2fwww 0.0005806281340723146 0.0
2px 0.0002111375032990235 0.0
2x 0.00031670625494853525 0.0
3 0.0014779625230931645 0.0
30 0.0003694906307732911 0.035401927050916
300 5.278437582475587e-05 0.017544309650909525
30em 5.278437582475587e-05 0.0
31 0.0005806281340723146 0.008733679968754631
3125em 5.278437582475587e-05 0.0
32 0.000422275006598047 0.0
32z 0.00010556875164951175 0.0
33 0.0002639218791237794 0.008733679968754631
36c 5.278437582475587e-05 0.0
37 0.00010556875164951175 0.0
38 0.0002111375032990235 0.035401927050916
382 0.00010556875164951175 0.044451762570833796
39 5.278437582475587e-05 0.035401927050916
399 5.278437582475587e-05 1.1340142157190256
3a 0.002058590657165479 0.09097177820572679
3a21682145 5.278437582475587e-05 0.0
3a25 5.278437582475587e-05 0.0
3a3 5.278437582475587e-05 0.0
3a49192568 5.278437582475587e-05 0.0
3a59601963 5.278437582475587e-05 0.0
3aarxiv 0.0002639218791237794 0.0
3abook 0.0002111375032990235 0.0
3acatrobat 0.0017418844022169437 0.0
3adoi 0.00015835312747426763 0.0
3ajournal 0.0015307468989179203 0.0
3akev 0.0017418844022169437 0.0
3amtx 0.0017418844022169437 0.0
3aofi 0.0017418844022169437 0.0
3asid 0.0017418844022169437 0.0
3cols 5.278437582475587e-05 0.0
3d2015 5.278437582475587e-05 0.0
3d75346 5.278437582475587e-05 0.0
3dcatrobat 5.278437582475587e-05 0.0
3de 5.278437582475587e-05 0.0
3den 5.278437582475587e-05 0.0
3den_us 5.278437582475587e-05 0.0
3dpcode2018de 5.278437582475587e-05 0.0
3dpers 5.278437582475587e-05 0.0
3dproj 5.278437582475587e-05 0.0
3ds2cid 0.00015835312747426763 0.0
3dus 5.278437582475587e-05 0.0
3dwf79egb3vey 5.278437582475587e-05 0.0
3em 0.00015835312747426763 0.0
3fid 5.278437582475587e-05 0.0
3fppersonnr 5.278437582475587e-05 0.0
3fshortname 5.278437582475587e-05 0.0
3fv 5.278437582475587e-05 0.0
3fy 5.278437582475587e-05 0.0
3px 5.278437582475587e-05 0.0
4 0.0014251781472684087 0.0
40 0.00047505938242280285 0.017544309650909525
400 0.0002111375032990235 0.0
40px 0.00010556875164951175 0.0
40school 5.278437582475587e-05 0.0
41 0.00015835312747426763 0.017544309650909525
42z 0.00010556875164951175 0.0
43 0.00010556875164951175 0.008733679968754631
445 0.00010556875164951175 0.11020314013361425
454 0.00010556875164951175 0.11020314013361425
4604 5.278437582475587e-05 0.5108256237659907
49192568 0.00010556875164951175 0.5108256237659907
4c 5.278437582475587e-05 4.74493212836325
4px 0.00010556875164951175 0.0
5 0.0006334125098970705 0.0
50 0.0002639218791237794 0.0
500 0.00010556875164951175 0.0
5000000 0.00010556875164951175 0.0
50px 5.278437582475587e-05 0.0
5102561 5.278437582475587e-05 0.0
512 5.278437582475587e-05 0.8131064956389242
516 0.00010556875164951175 0.02643325706815543
52428800 0.00010556875164951175 0.0
52px 5.278437582475587e-05 0.0
5386 0.000422275006598047 0.5108256237659907
5696 0.0002111375032990235 0.5108256237659907
57 0.00010556875164951175 0.02643325706815543
58 0.00010556875164951175 0.0
59 5.278437582475587e-05 0.044451762570833796
59601963 0.00010556875164951175 0.5108256237659907
5em 0.00031670625494853525 0.0
5x 0.00031670625494853525 0.11020314013361425
6 0.0006334125098970705 0.0
60 5.278437582475587e-05 0.035401927050916
60px 0.00010556875164951175 0.0
6291555321118720 5.278437582475587e-05 0.0
63 5.278437582475587e-05 0.017544309650909525
6411 0.00015835312747426763 0.5108256237659907
646 0.00010556875164951175 0.08149303425118301
65 5.278437582475587e-05 0.02643325706815543
6666 0.0002111375032990235 0.5108256237659907
66935373 0.00015835312747426763 0.5108256237659907
672 0.00010556875164951175 0.2905848321097423
68 0.00010556875164951175 0.044451762570833796
69 0.00010556875164951175 0.035401927050916
6em 5.278437582475587e-05 0.0
7 0.00047505938242280285 0.0
7088 5.278437582475587e-05 0.5108256237659907
720px 0.00010556875164951175 0.0
74 5.278437582475587e-05 0.008733679968754631
75 0.00010556875164951175 0.035401927050916
75346 5.278437582475587e-05 0.0
75px 5.278437582475587e-05 0.0
780 0.00010556875164951175 0.5108256237659907
788 0.00010556875164951175 0.02643325706815543
7c 0.0002639218791237794 0.0
7cext 0.00015835312747426763 0.0
7cjquery 5.278437582475587e-05 0.0
7cmediawiki 5.278437582475587e-05 0.0
7cskins 5.278437582475587e-05 0.0
7cwikibase 5.278437582475587e-05 0.0
8 0.0005806281340723146 0.008733679968754631
80 0.0002639218791237794 0.0
8051001 0.00010556875164951175 0.5108256237659907
80px 0.00010556875164951175 0.0
81 0.00010556875164951175 0.008733679968754631
8125em 5.278437582475587e-05 0.0
8211 5.278437582475587e-05 0.0
83 5.278437582475587e-05 0.1599646496926782
8376296 0.0002111375032990235 0.5108256237659907
8632815 0.0002111375032990235 0.5108256237659907
88 0.0019002375296912114 0.035401927050916
8f 5.278437582475587e-05 0.0
9 0.000844550013196094 0.0
90 5.278437582475587e-05 0.0
91 0.0019002375296912114 0.035401927050916
93 0.0019002375296912114 0.13976194237515863
95 0.00010556875164951175 0.09097177820572679
96 0.0002111375032990235 0.0
96sterreich 5.278437582475587e-05 0.0
96sterreichische_forschungsf 5.278437582475587e-05 0.0
978 0.000422275006598047 0.0
98084 0.00010556875164951175 0.5108256237659907
98827 0.00010556875164951175 0.5108256237659907
99 0.00015835312747426763 0.08149303425118301
9932cc 5.278437582475587e-05 0.0
9px 0.00015835312747426763 0.0
_mobile_apps 0.0002639218791237794 0.5108256237659907
_provi 0.00015835312747426763 0.0
_provi_2 0.0002111375032990235 0.0
_secondary_and_tertiary_sources 0.00010556875164951175 0.0
_share_platform 0.0002639218791237794 0.5108256237659907
a 0.041752441277381896 0.0
a2a9b1 0.00010556875164951175 0.0
a4t 5.278437582475587e-05 0.0
a4t_graz 5.278437582475587e-05 0.0
aa 5.278437582475587e-05 0.2340726218464
about 0.00047505938242280285 0.0
aboutsite 5.278437582475587e-05 0.0
above 5.278437582475587e-05 0.008733679968754631
abs 0.0002639218791237794 0.035401927050916
absolute 5.278437582475587e-05 0.035401927050916
academic 5.278437582475587e-05 0.008733679968754631
academy 0.00010556875164951175 0.19105523676270922
acc 5.278437582475587e-05 1.8004931491968095
accepting 5.278437582475587e-05 0.5108256237659907
access 5.278437582475587e-05 0.0
accessdate 0.0011612562681446292 0.0
accessibility 5.278437582475587e-05 0.21233263520999412
accessible 0.00031670625494853525 0.0721032939013439
accesskey 0.0010029031406703615 0.0
accessories 5.278437582475587e-05 0.5108256237659907
account 0.0002111375032990235 0.0
across 5.278437582475587e-05 0.0
action 0.0022169437846397467 0.0
actions 5.278437582475587e-05 0.0
active 0.00010556875164951175 0.017544309650909525
actively 5.278437582475587e-05 0.06280090123903044
activities 0.0002111375032990235 0.5108256237659907
activity 5.278437582475587e-05 0.035401927050916
adapt 5.278437582475587e-05 0.02643325706815543
add 5.278437582475587e-05 0.0
added 0.00010556875164951175 0.02643325706815543
adding 0.00010556875164951175 0.0
additional 5.278437582475587e-05 0.0
address 0.00010556875164951175 0.0
adjunct 0.00010556875164951175 0.5108256237659907
adopted 0.00010556875164951175 0.19105523676270922
advantage 5.278437582475587e-05 0.1599646496926782
advert 0.0002111375032990235 0.27902400970866637
advertisement 5.278437582475587e-05 0.27902400970866637
advertising_and_conflicts_of_interest 5.278437582475587e-05 0.0
affective 5.278437582475587e-05 0.5108256237659907
affero 0.0002111375032990235 0.5108256237659907
affero_general_public_license 5.278437582475587e-05 0.0
after 0.00015835312747426763 0.02643325706815543
again 5.278437582475587e-05 0.0
ago 5.278437582475587e-05 0.017544309650909525
agpl 5.278437582475587e-05 0.5108256237659907
agree 5.278437582475587e-05 0.0
aim 5.278437582475587e-05 0.017544309650909525
alert 0.0002111375032990235 0.11995931507897897
align 0.0002111375032990235 0.0721032939013439
all 0.0005806281340723146 0.0
all_articles_lacking_reliable_references 5.278437582475587e-05 0.0
all_articles_with_a_promotional_tone 5.278437582475587e-05 0.0
allow 5.278437582475587e-05 0.008733679968754631
allows 0.00010556875164951175 0.0
almost 0.00010556875164951175 0.11020314013361425
alpha 0.0002111375032990235 0.14981227822866008
already 5.278437582475587e-05 0.11020314013361425
also 0.00047505938242280285 0.0
alt 0.0005806281340723146 0.0
alternate 0.00015835312747426763 0.14981227822866008
ambox 0.0027975719187120613 0.0
ambox_important 0.0006334125098970705 0.0
amp 0.0188968065452626 0.18058393689541388
an 0.0007389812615465822 0.0
and 0.005964634468197414 0.0
android 0.0007389812615465822 0.19105523676270922
android_ 5.278437582475587e-05 0.540239508972284
animations 0.0002111375032990235 0.21233263520999412
anja 0.0002111375032990235 0.5108256237659907
annemarie 0.00010556875164951175 0.5108256237659907
annual 0.00010556875164951175 0.3141153295199365
anon 0.00010556875164951175 0.0
anoncontribs 5.278437582475587e-05 0.0
anontalk 5.278437582475587e-05 0.0
anonymous 5.278437582475587e-05 0.12981161152199053
another 5.278437582475587e-05 0.0
anyone 5.278437582475587e-05 0.08149303425118301
api 0.0002111375032990235 0.14981227822866008
app 0.0017418844022169437 0.14981227822866008
app_store_ 5.278437582475587e-05 0.0
appeal 5.278437582475587e-05 0.42744401482693967
appeared 5.278437582475587e-05 0.044451762570833796
appgallery 0.00010556875164951175 0.5108256237659907
apple 0.00031670625494853525 0.13976194237515863
apple_ios 0.00010556875164951175 0.0
application 0.0003694906307732911 0.0
applications 5.278437582475587e-05 0.0
apply 5.278437582475587e-05 0.0
approach 0.00031670625494853525 0.0
apps 0.001266825019794141 0.14981227822866008
april 0.0002639218791237794 0.0
ar 0.00015835312747426763 0.5108256237659907
archive 0.0006334125098970705 0.044451762570833796
archived 0.0002111375032990235 0.035401927050916
arduino 0.00015835312747426763 0.5108256237659907
are 0.0006861968857218263 0.0
areas 5.278437582475587e-05 0.035401927050916
argument 5.278437582475587e-05 0.0
aria 0.0016363156505674321 0.0
around 5.278437582475587e-05 0.035401927050916
article 0.000791765637371338 0.0
articles 0.000844550013196094 0.0
articles_lacking_reliable_references_from_april_2021 5.278437582475587e-05 0.0
articles_with_a_promotional_tone_from_march_2021 5.278437582475587e-05 0.0
articles_with_multiple_maintenance_issues 5.278437582475587e-05 0.0
arts 0.00010556875164951175 0.044451762570833796
arxiv 0.0014251781472684087 0.2905848321097423
arxiv_ 0.0002639218791237794 0.0
as 0.0008973343890208498 0.0
as_eq 5.278437582475587e-05 0.0
aspect 5.278437582475587e-05 0.11020314013361425
assessment 5.278437582475587e-05 0.5108256237659907
associated 0.00010556875164951175 0.035401927050916
async 0.0002111375032990235 0.37548427589622857
at 0.0019530219055159672 0.0
atitle 0.0015307468989179203 0.0
atom 0.00015835312747426763 0.11995931507897897
attract 5.278437582475587e-05 0.5108256237659907
attribution 5.278437582475587e-05 0.0
au 0.0008973343890208498 0.37548427589622857
aufirst 0.0005278437582475588 0.0
august 5.278437582475587e-05 0.035401927050916
aulast 0.0005278437582475588 0.0
austria 0.0002639218791237794 0.5108256237659907
austrian 0.00031670625494853525 0.5108256237659907
author 0.00010556875164951175 0.02643325706815543
auto 0.0002639218791237794 0.035401927050916
autocapitalize 5.278437582475587e-05 0.0
automatically 5.278437582475587e-05 0.017544309650909525
autostart 5.278437582475587e-05 0.0
available 0.00015835312747426763 0.0
avoid 0.00010556875164951175 0.19105523676270922
award 0.000422275006598047 0.08149303425118301
awards 0.0005278437582475588 0.08149303425118301
b 0.005278437582475587 0.017544309650909525
b0 0.00010556875164951175 0.3504829736908114
b0_ 5.278437582475587e-05 0.0
b2 0.00010556875164951175 0.7195804376281008
b3 5.278437582475587e-05 0.0
b32424 0.00010556875164951175 0.0
b4 0.00031670625494853525 0.0
b6rdern 5.278437582475587e-05 0.0
b6rderungsgesellschaft 5.278437582475587e-05 0.0
back 5.278437582475587e-05 0.0721032939013439
background 0.0005806281340723146 0.2340726218464
backgrounds 5.278437582475587e-05 0.5108256237659907
backlink 0.0017418844022169437 0.0
bags 5.278437582475587e-05 0.5108256237659907
barbara 0.00010556875164951175 0.4682660093471948
barrier 5.278437582475587e-05 0.18058393689541388
based 0.000422275006598047 0.0
basis 5.278437582475587e-05 0.08149303425118301
bc 0.00010556875164951175 0.7195804376281008
bcller 5.278437582475587e-05 0.0
bcr 5.278437582475587e-05 0.7195804376281008
bd 0.00010556875164951175 0.0
bday 5.278437582475587e-05 0.0
bdcc 5.278437582475587e-05 0.5108256237659907
bdi 0.0002111375032990235 0.0
be 0.0005806281340723146 0.0
because 0.00010556875164951175 0.0
been 0.0006334125098970705 0.008733679968754631
before 5.278437582475587e-05 0.017544309650909525
behavioral 5.278437582475587e-05 0.5108256237659907
behind 0.000791765637371338 0.017544309650909525
being 5.278437582475587e-05 0.008733679968754631
below 5.278437582475587e-05 0.0
bernadette 0.00031670625494853525 0.5108256237659907
besides 5.278437582475587e-05 0.11020314013361425
best 0.0006334125098970705 0.044451762570833796
bestmobileappawards 0.00015835312747426763 0.5108256237659907
beta 5.278437582475587e-05 0.0
better 0.00010556875164951175 0.0
beyond 0.0002639218791237794 0.008733679968754631
bf 5.278437582475587e-05 0.7195804376281008
biggest 5.278437582475587e-05 0.2340726218464
bildung 0.0002111375032990235 0.5108256237659907
bin 5.278437582475587e-05 0.26759531388504365
bks 0.00010556875164951175 0.0
bkt 5.278437582475587e-05 0.0
block 0.00015835312747426763 0.044451762570833796
blocks 0.00010556875164951175 0.035401927050916
blog 0.00010556875164951175 0.14981227822866008
body 0.0008973343890208498 0.11995931507897897
bodycontent 0.00010556875164951175 0.0
book 0.00010556875164951175 0.0721032939013439
books 5.278437582475587e-05 0.0
booksources 0.0002111375032990235 0.0
bootstrap 5.278437582475587e-05 0.0
border 0.0010029031406703615 0.7936884097818228
both 5.278437582475587e-05 0.008733679968754631
bottom 0.00015835312747426763 0.12981161152199053
box 0.000791765637371338 0.0
boys 0.00010556875164951175 0.2340726218464
br 5.278437582475587e-05 0.0
bracket 0.002533650039588282 0.3141153295199365
break 0.00015835312747426763 0.19105523676270922
brick 5.278437582475587e-05 0.5108256237659907
bricks 0.00010556875164951175 0.5108256237659907
bridge 5.278437582475587e-05 0.18058393689541388
browsing 5.278437582475587e-05 0.27902400970866637
btitle 0.0002111375032990235 0.0
btn 0.0002639218791237794 0.0
build 5.278437582475587e-05 0.02643325706815543
building 5.278437582475587e-05 0.02643325706815543
business 0.00015835312747426763 0.08149303425118301
but 0.00010556875164951175 0.0
button 0.002005806281340723 0.0
buttons 5.278437582475587e-05 0.0
by 0.0017946687780416996 0.0
bypassing 5.278437582475587e-05 0.27902400970866637
bytes 0.0002111375032990235 0.0
c 0.0003694906307732911 0.0
c13_en 5.278437582475587e-05 0.0
c3 0.000422275006598047 0.0
ca 0.000422275006598047 0.035401927050916
cache 0.00010556875164951175 0.0
cached 5.278437582475587e-05 0.0
cachereport 5.278437582475587e-05 0.0
cactions 0.00031670625494853525 0.0
called 5.278437582475587e-05 0.0
calls 5.278437582475587e-05 0.0
campaigns 5.278437582475587e-05 0.0
can 0.0006334125098970705 0.0
canonical 0.00010556875164951175 0.0
caption 0.00010556875164951175 0.0
carry 5.278437582475587e-05 0.11020314013361425
case 0.00015835312747426763 0.008733679968754631
cat 0.00047505938242280285 0.37548427589622857
categories 0.00010556875164951175 0.0
category 0.0015307468989179203 0.0
catlinks 0.00031670625494853525 0.0
catrobat 0.007759303246239113 0.5108256237659907
catrobat_ 5.278437582475587e-05 0.0
catrobat_community 0.0002639218791237794 0.5108256237659907
catrobat_framework 0.0002111375032990235 0.5108256237659907
catroid 0.0003694906307732911 0.5108256237659907
cats 5.278437582475587e-05 0.0
cb42251b70e2 5.278437582475587e-05 0.5108256237659907
cbshowportal 0.00010556875164951175 0.0
cell 0.00010556875164951175 0.21233263520999412
center 0.000422275006598047 0.02643325706815543
centralauth 0.00010556875164951175 0.0
centralautologin 0.00010556875164951175 0.0
centralnotice 0.00015835312747426763 0.0
ceremony 0.00010556875164951175 0.5108256237659907
chancengleichheit 0.0002111375032990235 0.5108256237659907
change 5.278437582475587e-05 0.0
changes 0.0002111375032990235 0.02643325706815543
characters 5.278437582475587e-05 0.0721032939013439
charinsert 5.278437582475587e-05 0.0
charset 5.278437582475587e-05 0.0
chat 0.00010556875164951175 0.5108256237659907
checkbox 0.0017946687780416996 0.0
child 5.278437582475587e-05 0.21233263520999412
children 0.00010556875164951175 0.5108256237659907
christian 0.00031670625494853525 0.06280090123903044
chromecast 0.00015835312747426763 0.5108256237659907
citation 0.0021641594088149907 0.017544309650909525
cite 0.005595143837424123 0.0
cite_arxiv 0.00010556875164951175 0.5108256237659907
cite_journal 0.00010556875164951175 0.008733679968754631
cite_note 0.003642121931908155 0.0
cite_ref 0.003800475059382423 0.0
cite_web 0.00010556875164951175 0.0
citerefgrech2016 5.278437582475587e-05 0.0
citerefharzlneidhoeferrockschafzahl2013 5.278437582475587e-05 0.0
citerefjagoutz 5.278437582475587e-05 0.0
citerefltd 5.278437582475587e-05 0.0
citerefluhanaschindlerslany2018 5.278437582475587e-05 0.0
citerefmüllerschindlerluhanaslany2018 5.278437582475587e-05 0.0
citerefpetrischindlerslanyspieler2015 5.278437582475587e-05 0.0
citerefpetrischindlerslanyspieler2018 5.278437582475587e-05 0.0
citerefslany2012 5.278437582475587e-05 0.0
citerefspielerslany2018 5.278437582475587e-05 0.0
citethispage 5.278437582475587e-05 0.0
class 0.04064396938506202 0.0
classname 0.00015835312747426763 0.0
clear 5.278437582475587e-05 0.11020314013361425
client 0.00031670625494853525 0.0
close 5.278437582475587e-05 0.035401927050916
clothing 5.278437582475587e-05 0.5108256237659907
code 0.0034837688044338875 0.0
codein 0.00015835312747426763 0.5108256237659907
coding 0.0006861968857218263 0.14981227822866008
cognitive 5.278437582475587e-05 0.26759531388504365
coll 0.0002111375032990235 0.0
collaborations 5.278437582475587e-05 0.5108256237659907
collaborative 5.278437582475587e-05 0.26759531388504365
collapse 0.0002111375032990235 0.0
collapsed 0.00015835312747426763 0.0
collapses 5.278437582475587e-05 0.0
collapsible 0.0006861968857218263 0.0
collect 5.278437582475587e-05 0.11020314013361425
collective 5.278437582475587e-05 0.5108256237659907
color 0.0005278437582475588 0.3629054936893685
colorful 5.278437582475587e-05 0.5108256237659907
colspan 0.0002639218791237794 0.0
column 0.00015835312747426763 0.11020314013361425
columns 0.00031670625494853525 0.11020314013361425
com 0.0022169437846397467 0.0
commission 0.00010556875164951175 0.3141153295199365
commons 0.0002639218791237794 0.0
communication 5.278437582475587e-05 0.0
communities 0.0002639218791237794 0.5108256237659907
community 0.000844550013196094 0.10054122922187746
community_portal 5.278437582475587e-05 0.0
compact 0.000791765637371338 0.0
compactlinks 5.278437582475587e-05 0.0
compass 5.278437582475587e-05 0.3504829736908114
competitions 5.278437582475587e-05 0.19105523676270922
competitive 5.278437582475587e-05 0.5108256237659907
complexity 5.278437582475587e-05 0.1599646496926782
complications 5.278437582475587e-05 0.0
computational 5.278437582475587e-05 0.0
computer 0.0002111375032990235 0.0
computing 5.278437582475587e-05 0.008733679968754631
computing_platform 5.278437582475587e-05 0.0
concept 0.0002111375032990235 0.035401927050916
conference 0.0005278437582475588 0.10054122922187746
config 0.00010556875164951175 0.0
confluence 0.00010556875164951175 0.008733679968754631
confluence_ 5.278437582475587e-05 0.0
connect 0.00031670625494853525 0.14981227822866008
consists 5.278437582475587e-05 0.008733679968754631
constructionism 0.0002111375032990235 0.5108256237659907
constructionism_ 0.00010556875164951175 0.0
constructionist 0.0002111375032990235 0.5108256237659907
contact 0.0002111375032990235 0.0
contact_us 0.00010556875164951175 0.0
contactpage 5.278437582475587e-05 0.0
container 0.000844550013196094 0.14981227822866008
containing 5.278437582475587e-05 0.008733679968754631
contains 5.278437582475587e-05 0.0
content 0.003642121931908155 0.0
contentinfo 5.278437582475587e-05 0.0
contents 0.0006861968857218263 0.0
contentsub 5.278437582475587e-05 0.0
context 0.0002111375032990235 0.017544309650909525
contribute 5.278437582475587e-05 0.0
contributed 0.00010556875164951175 0.2451224580329849
contributions 5.278437582475587e-05 0.2340726218464
contributors 0.00015835312747426763 0.017544309650909525
control 5.278437582475587e-05 0.0
controls 0.0002639218791237794 0.0
conversion 5.278437582475587e-05 0.0
converter 5.278437582475587e-05 0.2905848321097423
cookie 0.0002639218791237794 0.0
cookie_statement 5.278437582475587e-05 0.0
cookiestatement 5.278437582475587e-05 0.0
copyright 0.00015835312747426763 0.0
copyrightico 5.278437582475587e-05 0.0
corpusid 0.00015835312747426763 0.0
count 0.00010556875164951175 0.0
countries 0.00015835312747426763 0.10054122922187746
country 5.278437582475587e-05 0.11020314013361425
course 0.00010556875164951175 0.2340726218464
cover 5.278437582475587e-05 0.05358424613410626
covered 5.278437582475587e-05 0.2340726218464
cpu 5.278437582475587e-05 0.0
cputime 5.278437582475587e-05 0.0
create 0.0010556875164951175 0.0
createaccount 0.0002111375032990235 0.0
created 0.00010556875164951175 0.0
creation 0.00010556875164951175 0.0
creative 0.00015835312747426763 0.0
creativecommons 0.00010556875164951175 0.0
creativity 5.278437582475587e-05 0.5108256237659907
credits 0.00015835312747426763 0.5108256237659907
cross 0.0002111375032990235 0.0
crossorigin 5.278437582475587e-05 0.0
crowdin 0.000422275006598047 0.5108256237659907
cs 0.000422275006598047 0.035401927050916
cs1 0.0032726313011348642 0.017544309650909525
cs1_austrian_german 5.278437582475587e-05 0.0
cs1_german 5.278437582475587e-05 0.0
cs2 5.278437582475587e-05 0.0
csrftoken 5.278437582475587e-05 0.0
ctx_ver 0.0017418844022169437 0.0
current 0.00010556875164951175 0.08149303425118301
current_events 5.278437582475587e-05 0.0
currentevents 5.278437582475587e-05 0.0
currently 0.00015835312747426763 0.017544309650909525
customize 5.278437582475587e-05 0.5108256237659907
cx 0.00010556875164951175 0.0
cy 0.00031670625494853525 0.5108256237659907
cycle 5.278437582475587e-05 0.8737311174553593
d 5.278437582475587e-05 0.017544309650909525
d0 0.0006861968857218263 0.0
d1 0.0002111375032990235 0.0
d33 0.00010556875164951175 0.0
d6 5.278437582475587e-05 0.0
dashboard 5.278437582475587e-05 0.5108256237659907
data 0.00395882818685669 0.0
date 0.0006334125098970705 0.02643325706815543
datemodified 0.00010556875164951175 0.0
datepublished 0.00010556875164951175 0.0
dates 5.278437582475587e-05 0.02643325706815543
day 0.00010556875164951175 0.11020314013361425
days 5.278437582475587e-05 0.017544309650909525
dd9d12da 5.278437582475587e-05 0.5108256237659907
de 0.000844550013196094 0.017544309650909525
december 0.00010556875164951175 0.02643325706815543
decided 5.278437582475587e-05 0.02643325706815543
decimal 5.278437582475587e-05 0.11020314013361425
decoding 0.00015835312747426763 0.21233263520999412
deduplicate 0.0002639218791237794 0.0
deduplicated 0.0018474531538664556 0.0
delete 5.278437582475587e-05 0.0721032939013439
deployment 0.00015835312747426763 0.11020314013361425
depth 0.00015835312747426763 0.0
der 0.00010556875164951175 0.08149303425118301
description 5.278437582475587e-05 0.0
design 0.0002639218791237794 0.035401927050916
designed 0.00010556875164951175 0.0
designer 0.0002639218791237794 0.19105523676270922
designs 5.278437582475587e-05 0.035401927050916
desktoparticletarget 0.00015835312747426763 0.0
detection 5.278437582475587e-05 0.10054122922187746
deutsch 5.278437582475587e-05 0.0
developed 0.0002639218791237794 0.017544309650909525
developer 0.00047505938242280285 0.02643325706815543
developers 0.00015835312747426763 0.0
development 0.0011612562681446292 0.017544309650909525
development_environment 0.00031670625494853525 0.044451762570833796
develops 5.278437582475587e-05 0.05358424613410626
devices 0.00010556875164951175 0.035401927050916
die 0.00010556875164951175 0.017544309650909525
diepresse 0.00010556875164951175 0.0
different 5.278437582475587e-05 0.0
digi 5.278437582475587e-05 0.5108256237659907
digital 0.00010556875164951175 0.035401927050916
digitale 0.00015835312747426763 0.5108256237659907
dir 0.00015835312747426763 0.4682660093471948
direction 5.278437582475587e-05 0.035401927050916
directly 0.000422275006598047 0.0
disabled 0.0005806281340723146 0.11020314013361425
disc 5.278437582475587e-05 0.7195804376281008
discipline 5.278437582475587e-05 0.06280090123903044
disclaimers 0.00010556875164951175 0.0
discontinued 5.278437582475587e-05 0.09097177820572679
discord 0.0003694906307732911 0.5108256237659907
discord_ 5.278437582475587e-05 0.0
discuss 0.00010556875164951175 0.05358424613410626
discussion 0.00010556875164951175 0.26759531388504365
display 0.000422275006598047 0.0
div 0.01214040643969385 0.0
divided 5.278437582475587e-05 0.11020314013361425
dmy 5.278437582475587e-05 0.08149303425118301
dns 0.00010556875164951175 0.540239508972284
dobasicsearch 5.278437582475587e-05 0.0
doctype 5.278437582475587e-05 0.0
document 0.00031670625494853525 0.09097177820572679
documentelement 0.00015835312747426763 0.0
does 5.278437582475587e-05 0.0
doi 0.00047505938242280285 0.008733679968754631
doi_ 0.00015835312747426763 0.0
donate 0.00015835312747426763 0.0
donating 5.278437582475587e-05 0.0
download 0.0002111375032990235 0.0
downloadaspdf 5.278437582475587e-05 0.0
downloaded 5.278437582475587e-05 0.10054122922187746
downloads 5.278437582475587e-05 0.06280090123903044
driven 0.00010556875164951175 0.14981227822866008
driven_development 5.278437582475587e-05 0.0
drone 0.0002111375032990235 0.5108256237659907
dropdown 0.0013196093956188968 0.0
dtstart 5.278437582475587e-05 0.0
during 0.0002639218791237794 0.0
dynamic 0.00010556875164951175 0.0
dynamic_typing 5.278437582475587e-05 0.0
e 0.00031670625494853525 0.0
each 5.278437582475587e-05 0.008733679968754631
easy 0.00010556875164951175 0.0
echo 5.278437582475587e-05 0.0
economics 5.278437582475587e-05 0.5108256237659907
edit 0.004697809448403273 0.0
editable 5.278437582475587e-05 0.49643688631389105
edited 5.278437582475587e-05 0.0
editing 5.278437582475587e-05 0.11020314013361425
editor 0.00010556875164951175 0.044451762570833796
editors 0.00010556875164951175 0.0
editpage 5.278437582475587e-05 0.0
edits 0.00010556875164951175 0.0
editsection 0.003800475059382423 0.0
edituri 5.278437582475587e-05 0.0
education 0.000422275006598047 0.08149303425118301
educational 0.00031670625494853525 0.08149303425118301
educational_programming_languages 5.278437582475587e-05 0.0
educationalappstore 0.0002111375032990235 0.5108256237659907
educators 5.278437582475587e-05 0.5108256237659907
eee 5.278437582475587e-05 0.0
effective 5.278437582475587e-05 0.26759531388504365
effects 5.278437582475587e-05 0.008733679968754631
einen 5.278437582475587e-05 0.5108256237659907
einsatz 5.278437582475587e-05 0.5108256237659907
einzelansicht 5.278437582475587e-05 0.0
elaborated 5.278437582475587e-05 0.5108256237659907
element 0.0003694906307732911 0.0
elements 5.278437582475587e-05 0.008733679968754631
ellipsis 0.00010556875164951175 0.2340726218464
elt 0.0002111375032990235 0.0
embroidery 0.0005806281340723146 0.5108256237659907
embroidery_designer 0.0002111375032990235 0.5108256237659907
empty 0.00031670625494853525 0.008733679968754631
emptyportlet 0.00010556875164951175 0.0
en 0.002058590657165479 0.0
en_us 5.278437582475587e-05 0.0
enabled 0.0005806281340723146 0.008733679968754631
enabling 0.00015835312747426763 0.21233263520999412
enact 5.278437582475587e-05 0.5108256237659907
encouraged 0.0002111375032990235 1.5668782980153044
encyclopedia 0.00010556875164951175 0.0
encyclopedic 5.278437582475587e-05 0.27902400970866637
end 0.00010556875164951175 0.0
engaged 5.278437582475587e-05 0.5108256237659907
engaging 5.278437582475587e-05 0.5108256237659907
engine 5.278437582475587e-05 0.02643325706815543
engineering 5.278437582475587e-05 0.0
english 0.0005806281340723146 0.0
enhancements 5.278437582475587e-05 0.0
entire 5.278437582475587e-05 0.02643325706815543
entities 5.278437582475587e-05 0.0
entity 0.0002111375032990235 0.0
entityaccesscount 5.278437582475587e-05 0.0
entitypage 0.00010556875164951175 0.0
environment 0.00047505938242280285 0.0
environments 0.00031670625494853525 0.0
enwiki 5.278437582475587e-05 0.0
enwikimwclientprefs 5.278437582475587e-05 0.0
error 0.00010556875164951175 0.11020314013361425
es6 5.278437582475587e-05 0.0
esi 0.00010556875164951175 0.7195804376281008
esitest 5.278437582475587e-05 0.0
especially 0.00010556875164951175 0.044451762570833796
eu 0.00047505938242280285 0.0
europe 0.00010556875164951175 0.02643325706815543
european 0.00015835312747426763 0.2905848321097423
european_commission 5.278437582475587e-05 0.0
ev3 5.278437582475587e-05 0.5108256237659907
evaluated 5.278437582475587e-05 0.008733679968754631
even 0.00010556875164951175 0.11020314013361425
event 0.0005278437582475588 0.0
eventlogging 0.00010556875164951175 0.0
events 0.0002639218791237794 0.11020314013361425
every 0.00015835312747426763 0.0
everybody 5.278437582475587e-05 0.5108256237659907
exact 5.278437582475587e-05 0.0
example 0.00015835312747426763 0.0
except 5.278437582475587e-05 0.02643325706815543
excessively 5.278437582475587e-05 0.008733679968754631
exchange 0.00010556875164951175 0.035401927050916
execution 5.278437582475587e-05 0.0
exhibition 0.00010556875164951175 0.5108256237659907
exhibitor 0.00031670625494853525 0.5108256237659907
existing 0.00010556875164951175 0.11020314013361425
exists 5.278437582475587e-05 0.0
expand 0.00031670625494853525 0.0
expanded 0.0006334125098970705 0.0
expansion 0.00010556875164951175 0.0
expansiondepth 5.278437582475587e-05 0.0
expensive 5.278437582475587e-05 0.0
expensivefunctioncount 5.278437582475587e-05 0.0
expiry 0.00010556875164951175 0.0
exponentially 5.278437582475587e-05 0.5108256237659907
export 5.278437582475587e-05 0.0
ext 0.0014251781472684087 0.0
extended 5.278437582475587e-05 0.035401927050916
extending 5.278437582475587e-05 0.0
extension 0.00010556875164951175 0.008733679968754631
extension_programming_language 5.278437582475587e-05 0.0
extensions 0.000422275006598047 0.0
extensive 5.278437582475587e-05 0.11020314013361425
external 0.00332541567695962 0.0
external_links 0.0002639218791237794 0.0
extiw 0.00010556875164951175 0.0
extra 5.278437582475587e-05 0.0
extremely 5.278437582475587e-05 0.2340726218464
f 0.00031670625494853525 0.0
f28500 5.278437582475587e-05 0.0
fa8a495983347898 5.278437582475587e-05 0.0
face 5.278437582475587e-05 0.26759531388504365
fallbacksearchbutton 5.278437582475587e-05 0.0
false 0.0006334125098970705 0.0
far 0.00010556875164951175 0.11020314013361425
fastlane 0.00015835312747426763 0.5108256237659907
favicon 5.278437582475587e-05 0.0
fbfbfb 5.278437582475587e-05 0.0
fc3 5.278437582475587e-05 0.0
feature 0.0011084718923198734 0.0
featurename 0.00015835312747426763 0.0
february 0.00010556875164951175 0.017544309650909525
fee7e6 5.278437582475587e-05 0.0
feed 0.00010556875164951175 0.19105523676270922
female 0.00031670625494853525 0.5108256237659907
femtech 0.00010556875164951175 0.5108256237659907
few 5.278437582475587e-05 0.06280090123903044
ffg 0.000422275006598047 0.5108256237659907
field 5.278437582475587e-05 0.10054122922187746
field_communication 5.278437582475587e-05 0.0
file 0.0005806281340723146 0.0
file_upload_wizard 0.00010556875164951175 0.0
files 5.278437582475587e-05 0.0
find 5.278437582475587e-05 0.0
finished 5.278437582475587e-05 0.10054122922187746
first 0.00031670625494853525 0.0
firstheading 0.00015835312747426763 0.0
float 5.278437582475587e-05 0.06280090123903044
flush 0.0002639218791237794 0.0
focus 5.278437582475587e-05 0.2340726218464
following 5.278437582475587e-05 0.0
font 0.00047505938242280285 0.14981227822866008
footer 0.0013723937714436526 0.0
for 0.0032726313011348642 0.0
foreign 0.0002639218791237794 0.26759531388504365
form 0.00015835312747426763 0.0
formal 5.278437582475587e-05 0.08149303425118301
format 0.00010556875164951175 0.035401927050916
formerly 0.00010556875164951175 0.0
forms 5.278437582475587e-05 0.0
forschungsförderungsgesellschaft 5.278437582475587e-05 0.0
forschungsportal 0.00010556875164951175 0.5108256237659907
foss 5.278437582475587e-05 0.5108256237659907
foster 5.278437582475587e-05 0.3141153295199365
foundation 0.00047505938242280285 0.0
framework 0.0002639218791237794 0.0
framework_programmes_for_research_and_technological_development 5.278437582475587e-05 0.0
franzens 0.00031670625494853525 0.5108256237659907
free 0.000791765637371338 0.0
free_and_open 5.278437582475587e-05 0.0
freely 0.0002639218791237794 0.1599646496926782
friends 0.00010556875164951175 0.37548427589622857
from 0.0014251781472684087 0.0
fuer 0.0002111375032990235 0.0
full 0.0002111375032990235 0.044451762570833796
fulltext 5.278437582475587e-05 0.0
function 0.00031670625494853525 0.0
funded 0.00010556875164951175 0.5108256237659907
fundraiserredirector 5.278437582475587e-05 0.0
further 0.0002639218791237794 0.0
further_reading 0.0002639218791237794 0.0
fächerintegrativen 5.278437582475587e-05 0.5108256237659907
fördern 5.278437582475587e-05 0.5108256237659907
für 0.00010556875164951175 0.49643688631389105
g 0.00010556875164951175 0.0
gadget 0.0002111375032990235 0.0
galaxy 0.00015835312747426763 0.5108256237659907
galaxygamejam 0.00031670625494853525 0.5108256237659907
game 0.0006861968857218263 0.11995931507897897
game_design_with_pocket_code 0.0003694906307732911 0.0
games 0.00010556875164951175 0.044451762570833796
gaming 5.278437582475587e-05 0.11995931507897897
gap 0.00031670625494853525 0.18058393689541388
gehomepagesuggestededitsenabletopics 5.278437582475587e-05 0.0
gemacht 0.0002111375032990235 0.5108256237659907
gender 0.00015835312747426763 0.5108256237659907
general 0.0002111375032990235 0.0
general_disclaimer 5.278437582475587e-05 0.0
generator 5.278437582475587e-05 0.0
genre 0.0017418844022169437 0.0
geoip 5.278437582475587e-05 0.0
german 0.0010029031406703615 0.017544309650909525
gewinnt 0.0002111375032990235 0.5108256237659907
girls 0.00015835312747426763 0.5108256237659907
girly 5.278437582475587e-05 0.5108256237659907
github 0.0002639218791237794 0.017544309650909525
giving 5.278437582475587e-05 0.11020314013361425
gl 5.278437582475587e-05 0.0
global 5.278437582475587e-05 0.0
globalcssjs 0.00010556875164951175 0.0
gnu 0.00010556875164951175 0.02643325706815543
gnu_affero_general_public_license 5.278437582475587e-05 0.0
go 0.0002639218791237794 0.0
goal 5.278437582475587e-05 0.18058393689541388
goals 5.278437582475587e-05 0.12981161152199053
gold 5.278437582475587e-05 0.27902400970866637
google 0.002111375032990235 0.10054122922187746
google_android 0.0002111375032990235 0.0
google_code 5.278437582475587e-05 0.0
google_play 0.00010556875164951175 0.0
google_summer_of_code 5.278437582475587e-05 0.0
googleblog 0.00010556875164951175 0.0
googpub 0.00010556875164951175 0.0
gps 5.278437582475587e-05 0.5108256237659907
grand 0.00031670625494853525 0.37548427589622857
graphic 5.278437582475587e-05 0.19105523676270922
gray 5.278437582475587e-05 1.449095262358921
graz 0.0015307468989179203 0.5108256237659907
graz_university_of_technology 0.0002111375032990235 0.0
grech 0.00010556875164951175 0.5108256237659907
greek 0.00010556875164951175 0.3141153295199365
green 5.278437582475587e-05 0.08149303425118301
group 0.0002639218791237794 0.05358424613410626
growing 0.00010556875164951175 0.3141153295199365
growthexperiments 5.278437582475587e-05 0.0
gsoc 5.278437582475587e-05 0.0
guidance 5.278437582475587e-05 0.2340726218464
guides 5.278437582475587e-05 4.74493212836325
h 0.00015835312747426763 0.035401927050916
h1 0.00010556875164951175 1.2484245668967697
h2 0.001266825019794141 1.2484245668967697
h3 0.000844550013196094 0.0
h4 0.0005278437582475588 0.0
hack 0.00031670625494853525 0.0
happy 5.278437582475587e-05 0.2340726218464
harmonyos 0.0002639218791237794 0.5108256237659907
harzl 0.00010556875164951175 0.5108256237659907
has 0.0005806281340723146 0.0
haspopup 0.0002639218791237794 0.0
have 0.0005278437582475588 0.008733679968754631
head 0.00015835312747426763 0.0
header 0.0014251781472684087 0.0
heading 0.001214040643969385 0.0
headline 0.0013723937714436526 0.0
height 0.000791765637371338 0.0
help 0.0010029031406703615 0.0
helps 5.278437582475587e-05 0.11020314013361425
here 5.278437582475587e-05 0.008733679968754631
hidden 0.0007389812615465822 0.0
hide 0.000422275006598047 0.0
higher 5.278437582475587e-05 0.017544309650909525
highest 5.278437582475587e-05 0.0
highlights 0.00010556875164951175 0.1599646496926782
history 0.0006861968857218263 0.0
hl 5.278437582475587e-05 0.7195804376281008
hobbyists 5.278437582475587e-05 0.3141153295199365
home 0.00010556875164951175 0.008733679968754631
hor 0.00010556875164951175 0.0
horizon 5.278437582475587e-05 0.26759531388504365
hosted 0.00010556875164951175 0.0721032939013439
hour 0.00015835312747426763 0.5108256237659907
hourofcode 5.278437582475587e-05 0.0
how 0.00047505938242280285 0.0
however 0.0002111375032990235 0.0
href 0.021694378463974665 0.0
hreflang 0.00015835312747426763 0.0
html 0.00047505938242280285 0.06280090123903044
html5 0.00015835312747426763 0.11995931507897897
http 0.0005278437582475588 0.017544309650909525
https 0.005384006334125099 0.0
hub 5.278437582475587e-05 0.2451224580329849
human 0.00010556875164951175 0.06280090123903044
i 0.004117181314330958 0.0
icird 0.00015835312747426763 0.5108256237659907
ico 5.278437582475587e-05 0.0
icon 0.0023225125362892583 0.0
icons 0.0002111375032990235 0.0
icos 0.00015835312747426763 0.5108256237659907
ict 0.000422275006598047 0.19105523676270922
id 0.014410134600158353 0.0
ide 0.00010556875164951175 0.02643325706815543
identifier 0.0013723937714436526 0.044451762570833796
idhash 5.278437582475587e-05 0.0
ieee 0.0007389812615465822 0.10054122922187746
ieeexplore 0.00010556875164951175 0.0
if 0.00010556875164951175 0.0
image 0.0006861968857218263 0.0
imageobject 0.00010556875164951175 0.0
imageright 0.00010556875164951175 0.0
images 0.0006334125098970705 0.0
imagine 5.278437582475587e-05 0.5108256237659907
img 0.00047505938242280285 0.0
imoox 0.00015835312747426763 0.5108256237659907
impact 0.00015835312747426763 0.11020314013361425
impact_and_usage 0.0002111375032990235 0.5108256237659907
implement 5.278437582475587e-05 0.05358424613410626
implemented 5.278437582475587e-05 0.035401927050916
important 0.0002639218791237794 0.008733679968754631
improve 0.00015835312747426763 0.0
improvements 5.278437582475587e-05 0.08149303425118301
in 0.004381103193454737 0.0
inappropriate 5.278437582475587e-05 0.19105523676270922
inc 0.00015835312747426763 0.0
inclination 5.278437582475587e-05 0.5108256237659907
include 0.00015835312747426763 0.0
including 0.00010556875164951175 0.008733679968754631
inclusive 5.278437582475587e-05 0.3141153295199365
increase 5.278437582475587e-05 0.044451762570833796
index 0.0023752969121140144 0.0
indicators 5.278437582475587e-05 0.454472687214859
influenced 5.278437582475587e-05 0.008733679968754631
info 0.004169965690155714 0.044451762570833796
infobox 0.0017946687780416996 0.008733679968754631
infobox_programming_language 0.00010556875164951175 0.008733679968754631
information 0.0002111375032990235 0.0
inherit 0.00031670625494853525 0.11020314013361425
init 0.00015835312747426763 0.0
initiated 5.278437582475587e-05 0.017544309650909525
inline 0.0018474531538664556 0.05358424613410626
inner 0.00010556875164951175 0.0
innovation 5.278437582475587e-05 0.10054122922187746
innovationspreis 0.00015835312747426763 0.5108256237659907
innovative 0.00015835312747426763 0.06280090123903044
input 0.0006334125098970705 0.0
inputs 5.278437582475587e-05 0.2340726218464
inside 0.00010556875164951175 0.0
inspired 5.278437582475587e-05 0.017544309650909525
instance 5.278437582475587e-05 0.0
institute 5.278437582475587e-05 0.08149303425118301
integrated 0.0002639218791237794 0.0
integration 5.278437582475587e-05 0.008733679968754631
intention 5.278437582475587e-05 0.02643325706815543
interaction 0.0002639218791237794 0.0
interest 5.278437582475587e-05 0.044451762570833796
interface 0.0002639218791237794 0.0
interlanguage 0.0005806281340723146 0.0
international 0.0005278437582475588 0.08149303425118301
international_academy_of_digital_arts_and_sciences 5.278437582475587e-05 0.0
internet 0.000422275006598047 0.14981227822866008
interwiki 0.00015835312747426763 0.0
into 0.00015835312747426763 0.0
introduce 5.278437582475587e-05 0.26759531388504365
introduction 0.00015835312747426763 0.11020314013361425
invite 5.278437582475587e-05 0.540239508972284
ios 0.0005278437582475588 0.21233263520999412
ip 0.00010556875164951175 0.3141153295199365
ipados 0.00010556875164951175 0.0
is 0.001689100026392188 0.0
isbn 0.00031670625494853525 0.0
isbn_ 0.00010556875164951175 0.0
issues 0.000422275006598047 0.02643325706815543
it 0.0006861968857218263 0.0
item 0.004539456320929005 0.0
items 5.278437582475587e-05 0.0
iterations 5.278437582475587e-05 0.044451762570833796
its 5.278437582475587e-05 0.0
itself 5.278437582475587e-05 0.02643325706815543
j 0.00010556875164951175 0.0
jagoutz 0.00010556875164951175 0.5108256237659907
jam 0.00015835312747426763 0.5108256237659907
jams 0.00010556875164951175 0.5108256237659907
january 0.00010556875164951175 0.0
jenkins 0.00015835312747426763 0.5108256237659907
jira 0.00010556875164951175 0.37548427589622857
jira_ 5.278437582475587e-05 0.0
jonathan 0.00010556875164951175 0.5108256237659907
journal 0.0002111375032990235 0.008733679968754631
jquery 0.00015835312747426763 0.0
js 0.00015835312747426763 0.0
json 0.00010556875164951175 0.11995931507897897
jstor 0.00010556875164951175 0.0
jtitle 0.0015307468989179203 0.0
july 5.278437582475587e-05 0.008733679968754631
jump 0.00010556875164951175 0.0
jumping 5.278437582475587e-05 0.5108256237659907
june 5.278437582475587e-05 0.017544309650909525
just 0.00010556875164951175 0.0
k 0.0005278437582475588 0.0
karin 5.278437582475587e-05 0.5108256237659907
karl 0.00031670625494853525 0.5108256237659907
kern 0.0002111375032990235 0.0
key 5.278437582475587e-05 0.0
kfu_online 5.278437582475587e-05 0.0
kids 0.00015835312747426763 0.5108256237659907
kinderleicht 0.0002111375032990235 0.5108256237659907
kinds 5.278437582475587e-05 0.035401927050916
kirshan 0.00010556875164951175 0.5108256237659907
knowledge 5.278437582475587e-05 0.02643325706815543
lab 5.278437582475587e-05 0.17022114985986725
label 0.002903140670361573 0.0
labelledby 5.278437582475587e-05 0.0
lacking 0.00031670625494853525 0.008733679968754631
landerl 5.278437582475587e-05 0.5108256237659907
landingpage 5.278437582475587e-05 0.0
landmark 0.0002111375032990235 0.0
lang 0.001214040643969385 0.0
langlinks 0.00010556875164951175 0.0
language 0.0022169437846397467 0.0
language_sources_ 0.00010556875164951175 0.0
languages 0.0008973343890208498 0.0
laptop 5.278437582475587e-05 0.2451224580329849
large 0.00015835312747426763 0.02643325706815543
last 5.278437582475587e-05 0.0
lastmod 5.278437582475587e-05 0.0
lazy 0.00010556875164951175 0.008733679968754631
ld 0.00010556875164951175 0.7195804376281008
leads 5.278437582475587e-05 0.11020314013361425
learn 0.0005806281340723146 0.0
learning 0.0005278437582475588 0.10054122922187746
learning_theory 0.00010556875164951175 0.0
left 0.0017946687780416996 0.0
lego 0.0002639218791237794 0.5108256237659907
lego_mindstorms_nxt 5.278437582475587e-05 0.0
lehr 5.278437582475587e-05 0.5108256237659907
lehrmaterial 5.278437582475587e-05 0.5108256237659907
lernunterlagen 5.278437582475587e-05 0.5108256237659907
less 0.00010556875164951175 0.14981227822866008
lets 5.278437582475587e-05 0.5108256237659907
level 0.0013723937714436526 0.0
levels 0.00010556875164951175 0.0
li 0.015888097123251517 0.0
licence 5.278437582475587e-05 0.48225225132193467
license 0.0009501187648456057 0.0
licenses 0.00010556875164951175 0.12981161152199053
life 5.278437582475587e-05 0.02643325706815543
like 0.00015835312747426763 0.0
limit 0.0005806281340723146 0.0
limited 0.00031670625494853525 0.008733679968754631
limitreport 0.00015835312747426763 0.0
line 0.00010556875164951175 0.008733679968754631
link 0.00485616257587754 0.08149303425118301
linked 0.00010556875164951175 0.0721032939013439
links 0.0011084718923198734 0.0
list 0.006703615729743996 0.0
listbullet 0.00015835312747426763 0.0
load 0.00015835312747426763 0.0
loaded 5.278437582475587e-05 0.0
loader 5.278437582475587e-05 0.035401927050916
loading 0.00015835312747426763 0.0
loc 5.278437582475587e-05 0.0
local 0.00010556875164951175 0.0
lock 0.000844550013196094 0.11020314013361425
log 0.0003694906307732911 0.0
logged 0.00010556875164951175 0.0
login 0.0002639218791237794 0.3141153295199365
logo 0.000422275006598047 0.0
long 5.278437582475587e-05 0.044451762570833796
lovie 0.0002111375032990235 0.5108256237659907
lovie_awards 0.00010556875164951175 0.0
lovieawards 0.00015835312747426763 0.0
low 5.278437582475587e-05 0.06280090123903044
lower 0.00031670625494853525 0.044451762570833796
ltd 0.00010556875164951175 0.26759531388504365
ltr 0.0003694906307732911 0.0
lua 0.00010556875164951175 0.0
luhana 0.00031670625494853525 0.5108256237659907
luna 0.00047505938242280285 0.5108256237659907
m 0.0002639218791237794 0.08149303425118301
machine 0.0002111375032990235 0.0
machine_embroidery 0.00015835312747426763 0.0
machines 0.00015835312747426763 0.10054122922187746
made 0.00010556875164951175 0.035401927050916
main 0.0014251781472684087 0.0
main_page 0.00010556875164951175 0.0
mainentity 0.00010556875164951175 0.0
mainpage 5.278437582475587e-05 0.0
maint 5.278437582475587e-05 0.09097177820572679
maintenance 0.0003694906307732911 0.008733679968754631
maintenance_template_removal 0.0002111375032990235 0.0
make 5.278437582475587e-05 0.0
makecollapsible 0.00015835312747426763 0.0
maker 5.278437582475587e-05 0.11995931507897897
makes 5.278437582475587e-05 0.0
male 0.00015835312747426763 0.08149303425118301
management 5.278437582475587e-05 0.0
mandatory 0.0002111375032990235 0.2340726218464
many 0.00010556875164951175 0.0
march 0.0003694906307732911 0.017544309650909525
margin 0.0008973343890208498 0.0
mascot 5.278437582475587e-05 0.5108256237659907
match 5.278437582475587e-05 0.008733679968754631
matthias 5.278437582475587e-05 0.20163734609324613
max 0.00010556875164951175 0.11020314013361425
maximilian 0.00010556875164951175 0.5108256237659907
may 0.00015835312747426763 0.0
mbox 0.0013196093956188968 0.0
mechanisms 5.278437582475587e-05 0.10054122922187746
media 0.00015835312747426763 0.11995931507897897
mediawiki 0.0005278437582475588 0.0
melange 0.0002111375032990235 0.5108256237659907
memory 5.278437582475587e-05 0.0
memusage 5.278437582475587e-05 0.0
mentoring 5.278437582475587e-05 0.5108256237659907
menu 0.005225653206650831 0.0
message 0.0002639218791237794 0.0
messages 5.278437582475587e-05 0.05358424613410626
meta 0.0006861968857218263 0.09097177820572679
metadata 0.00015835312747426763 0.0
michael 0.00010556875164951175 0.008733679968754631
microsite 5.278437582475587e-05 0.0
microsoft 0.00010556875164951175 0.0
million 0.00010556875164951175 0.02643325706815543
min 0.00010556875164951175 0.11020314013361425
mind 0.00015835312747426763 0.19105523676270922
minds 5.278437582475587e-05 0.5108256237659907
mindstorms 0.00010556875164951175 0.5108256237659907
minerva 0.000422275006598047 0.0
ministry 5.278437582475587e-05 0.48225225132193467
minorities 5.278437582475587e-05 0.5108256237659907
mit 0.00010556875164951175 0.08149303425118301
mmv 0.00010556875164951175 0.0
mobile 0.001583531274742676 0.0
mobile_app 5.278437582475587e-05 0.0
mobile_apps 0.0002111375032990235 0.5108256237659907
mobileaction 5.278437582475587e-05 0.0
mobileview 5.278437582475587e-05 0.0
module 5.278437582475587e-05 0.044451762570833796
modules 0.00015835312747426763 0.0721032939013439
monthly 5.278437582475587e-05 0.5108256237659907
mooc 5.278437582475587e-05 0.0
more 0.0009501187648456057 0.0
mostly 5.278437582475587e-05 0.008733679968754631
motivate 0.00010556875164951175 0.5108256237659907
move 0.00010556875164951175 0.0
moved 5.278437582475587e-05 0.0
ms 5.278437582475587e-05 0.0
multidisciplinary 5.278437582475587e-05 0.5108256237659907
multimedia 0.0002639218791237794 0.21233263520999412
multiple 0.0003694906307732911 0.035401927050916
multiple_issues 0.0002111375032990235 0.05358424613410626
music 5.278437582475587e-05 0.2451224580329849
mw 0.02570599102665611 0.0
mw1366 5.278437582475587e-05 0.6505875661411494
mw2329 0.00010556875164951175 0.5108256237659907
mycontributions 5.278437582475587e-05 0.0
mytalk 5.278437582475587e-05 0.0
müller 0.00010556875164951175 0.5108256237659907
n 0.000844550013196094 0.08149303425118301
name 0.0019002375296912114 0.0
namespaces 5.278437582475587e-05 0.21233263520999412
national 0.00015835312747426763 0.008733679968754631
native 0.00010556875164951175 0.0
natively 5.278437582475587e-05 0.0
nav 0.0007389812615465822 0.7018808605286999
navbar 5.278437582475587e-05 0.20163734609324613
navigation 0.0005806281340723146 0.0
navigationtiming 5.278437582475587e-05 0.0
near 0.00010556875164951175 0.0
nearby 5.278437582475587e-05 0.0
need 5.278437582475587e-05 0.0
needed 5.278437582475587e-05 0.0
needs 5.278437582475587e-05 0.0
neidhoefer 0.00010556875164951175 0.5108256237659907
netidee 0.000422275006598047 0.5108256237659907
neutral 0.00010556875164951175 0.10054122922187746
neutral_point_of_view 5.278437582475587e-05 0.0
new 0.0005806281340723146 0.0
newpp 5.278437582475587e-05 0.0
news 0.0003694906307732911 0.0
newspapers 5.278437582475587e-05 0.0
next 5.278437582475587e-05 0.008733679968754631
nfc 5.278437582475587e-05 0.5108256237659907
no 0.001214040643969385 0.0
no1leftbehind 0.0002111375032990235 0.0
no_original_research 0.00010556875164951175 0.0
node 5.278437582475587e-05 0.0
nofollow 0.0030087094220110845 0.0
noicon 0.0002639218791237794 0.0
nojs 5.278437582475587e-05 0.0
non 0.00010556875164951175 0.0
none 0.000844550013196094 0.21233263520999412
noprint 0.0002111375032990235 0.37548427589622857
normal 0.00010556875164951175 0.008733679968754631
noscript 0.0002111375032990235 0.0
nosnippet 5.278437582475587e-05 0.0
not 0.00047505938242280285 0.0
notice 5.278437582475587e-05 0.11020314013361425
november 0.0002111375032990235 0.0
novice 5.278437582475587e-05 0.3141153295199365
nowrap 0.001214040643969385 0.035401927050916
ns 0.00010556875164951175 0.19105523676270922
nstab 5.278437582475587e-05 0.0
null 5.278437582475587e-05 0.0
numb 0.001266825019794141 0.0
number 5.278437582475587e-05 0.0
numbers 5.278437582475587e-05 0.0
nws 5.278437582475587e-05 0.0
nxt 0.00010556875164951175 0.5108256237659907
o 0.0002111375032990235 0.035401927050916
october 0.0002111375032990235 0.02643325706815543
of 0.004750593824228029 0.0
offers 5.278437582475587e-05 0.017544309650909525
often 5.278437582475587e-05 0.008733679968754631
og 0.00010556875164951175 0.0
ol 0.00015835312747426763 0.0
oldid 0.00015835312747426763 0.0
on 0.0023225125362892583 0.0
one 0.0010029031406703615 0.0
online 0.000422275006598047 0.11020314013361425
online_community 0.0002111375032990235 0.5108256237659907
only 0.0002639218791237794 0.0
open 0.0007389812615465822 0.017544309650909525
opensearch_desc 5.278437582475587e-05 0.0
opensearchdescription 5.278437582475587e-05 0.0
opensource 5.278437582475587e-05 0.19105523676270922
operating 0.000422275006598047 0.035401927050916
operating_system 0.00015835312747426763 0.540239508972284
operations 5.278437582475587e-05 0.008733679968754631
option 5.278437582475587e-05 0.0
options 0.00031670625494853525 0.0
or 0.0005806281340723146 0.0
org 0.007389812615465822 0.0
organization 0.00047505938242280285 0.0
orgs 5.278437582475587e-05 0.0
origin 0.0002639218791237794 0.11020314013361425
original 0.00031670625494853525 0.02643325706815543
os 5.278437582475587e-05 0.02643325706815543
other 0.0002639218791237794 0.0
others 0.00010556875164951175 0.14981227822866008
our 5.278437582475587e-05 0.11020314013361425
out 0.00015835312747426763 0.0
output 0.0039060438110319344 0.008733679968754631
over 0.000422275006598047 0.008733679968754631
overflow 0.00015835312747426763 0.19105523676270922
own 0.00010556875164951175 0.0721032939013439
p 0.004275534441805225 0.0
padding 0.0005278437582475588 0.0
page 0.002480865663763526 0.0
pagelanguagecode 5.278437582475587e-05 0.0
pagelanguagedir 5.278437582475587e-05 0.0
pageprop 5.278437582475587e-05 0.0
pages 0.0005278437582475588 0.0
pagevariantfallbacks 5.278437582475587e-05 0.0
panel 0.0002111375032990235 0.0
pants 5.278437582475587e-05 0.5108256237659907
paper 0.00010556875164951175 0.06280090123903044
parrot 0.00015835312747426763 0.5108256237659907
parrot_ar 5.278437582475587e-05 0.0
parsed 0.00010556875164951175 0.0
parser 0.004011612562681446 0.0
part 0.00010556875164951175 0.0
participation 5.278437582475587e-05 0.5108256237659907
particular 0.00010556875164951175 0.008733679968754631
partner 5.278437582475587e-05 0.044451762570833796
past 5.278437582475587e-05 0.14981227822866008
patroltoken 5.278437582475587e-05 0.0
patterns 0.00010556875164951175 0.008733679968754631
pc 5.278437582475587e-05 0.044451762570833796
pcache 5.278437582475587e-05 0.0
pcalltype 5.278437582475587e-05 0.0
pcode2018de 5.278437582475587e-05 0.0
pdf 0.00010556875164951175 0.0
pedagogic 0.00015835312747426763 0.5108256237659907
pedagogic_integrated_development_environments 5.278437582475587e-05 0.0
pennsylvania 0.00010556875164951175 0.2340726218464
people 0.0002111375032990235 0.02643325706815543
permalink 5.278437582475587e-05 0.0
permanent 0.00010556875164951175 0.035401927050916
pers 5.278437582475587e-05 0.0
personal 0.00031670625494853525 0.0
personal_computer 5.278437582475587e-05 0.0
petri 0.0002111375032990235 0.5108256237659907
philadelphia 5.278437582475587e-05 0.5108256237659907
philipp 0.00010556875164951175 0.5108256237659907
phiro 0.0002639218791237794 0.5108256237659907
phiro_code 0.0002111375032990235 0.5108256237659907
phone 0.00015835312747426763 0.19105523676270922
phones 5.278437582475587e-05 0.21233263520999412
php 0.0027447875428873053 0.0
pi 0.00010556875164951175 0.0721032939013439
pin 0.00010556875164951175 0.454472687214859
pinnable 0.0006334125098970705 0.0
pinned 0.0005278437582475588 0.0
pl 0.00010556875164951175 0.035401927050916
placeholder 5.278437582475587e-05 0.0
places 0.00047505938242280285 0.035401927050916
plainlinks 0.0002111375032990235 0.0
platform 0.000791765637371338 0.0
platinum 5.278437582475587e-05 0.02643325706815543
play 0.00047505938242280285 0.044451762570833796
playful 5.278437582475587e-05 0.5108256237659907
please 0.00015835312747426763 0.0
plevel 5.278437582475587e-05 0.0
pmd 5.278437582475587e-05 0.5108256237659907
pmode 5.278437582475587e-05 0.0
png 0.0010029031406703615 0.0
pocket 0.0016363156505674321 0.20163734609324613
pocket_code 0.0002111375032990235 0.5108256237659907
point 0.00015835312747426763 0.02643325706815543
policy 0.00010556875164951175 0.0
popups 5.278437582475587e-05 0.0
portal 0.00015835312747426763 0.06280090123903044
portlet 0.0014251781472684087 0.0
position 5.278437582475587e-05 0.008733679968754631
possibility 0.0002111375032990235 0.2451224580329849
post 0.00010556875164951175 0.0
postexpandincludesize 5.278437582475587e-05 0.0
powered 5.278437582475587e-05 1.1340142157190256
poweredby_mediawiki_132x47 5.278437582475587e-05 0.0
poweredby_mediawiki_176x62 5.278437582475587e-05 0.0
poweredby_mediawiki_88x31 5.278437582475587e-05 0.0
poweredbyico 5.278437582475587e-05 0.0
ppersonnr 5.278437582475587e-05 0.0
ppvisitednodes 5.278437582475587e-05 0.0
pre 5.278437582475587e-05 0.02643325706815543
preconnect 5.278437582475587e-05 0.0
predefined 0.00010556875164951175 0.008733679968754631
prefetch 0.00010556875164951175 0.0
preis 0.0002639218791237794 0.5108256237659907
preise 0.0002111375032990235 0.5108256237659907
preprint 0.0002111375032990235 0.0
preprocessor 5.278437582475587e-05 0.0
present 5.278437582475587e-05 0.11020314013361425
presentation 0.00015835312747426763 0.0
presse 0.00010556875164951175 0.5108256237659907
preview 5.278437582475587e-05 0.14981227822866008
previous 5.278437582475587e-05 0.008733679968754631
primary 0.00015835312747426763 0.008733679968754631
primary_sources 0.00010556875164951175 0.008733679968754631
print 0.00010556875164951175 0.0
print_export 0.00015835312747426763 0.0
printable 0.00015835312747426763 0.14981227822866008
printfooter 5.278437582475587e-05 0.0
prior 5.278437582475587e-05 0.02643325706815543
privacy 0.00015835312747426763 0.0
privacy_policy 0.00010556875164951175 0.0
prix 0.00031670625494853525 0.5108256237659907
prize 0.00010556875164951175 0.08149303425118301
prizes 0.00010556875164951175 0.5108256237659907
proceedings 0.00010556875164951175 0.10054122922187746
process 5.278437582475587e-05 0.0
profit 0.00010556875164951175 0.0
program 0.00015835312747426763 0.0
programmers 5.278437582475587e-05 0.035401927050916
programmes 5.278437582475587e-05 0.0
programmier 0.00010556875164951175 0.0
programmieren 0.0002639218791237794 0.26759531388504365
programming 0.0017946687780416996 0.0
programming_language 0.0002111375032990235 0.008733679968754631
programming_with_catrobat 0.0002111375032990235 0.5108256237659907
programs 5.278437582475587e-05 0.008733679968754631
progressive 0.00015835312747426763 0.0
proj 5.278437582475587e-05 0.0
project 0.0013196093956188968 0.0
projects 0.0006861968857218263 0.06280090123903044
projekt 5.278437582475587e-05 0.5108256237659907
promoted 5.278437582475587e-05 0.2340726218464
promotional 0.0003694906307732911 0.27902400970866637
prop 0.0002639218791237794 0.0
property 0.00015835312747426763 0.008733679968754631
protection 5.278437582475587e-05 0.21233263520999412
provided 0.00010556875164951175 0.008733679968754631
providing 0.00010556875164951175 0.0
psychology 5.278437582475587e-05 0.5108256237659907
pt 0.00031670625494853525 0.02643325706815543
public 0.00031670625494853525 0.0
publicly 5.278437582475587e-05 0.10054122922187746
published 0.00015835312747426763 0.044451762570833796
publisher 0.00010556875164951175 0.41419878807691896
purely 5.278437582475587e-05 0.008733679968754631
purposes 0.00010556875164951175 0.035401927050916
push 0.00015835312747426763 0.0
q 0.000422275006598047 0.0
q45341807 0.0003694906307732911 0.5108256237659907
quality 5.278437582475587e-05 0.06280090123903044
query 5.278437582475587e-05 0.0
question 5.278437582475587e-05 0.2340726218464
question_book 0.0003694906307732911 0.0
quick 5.278437582475587e-05 0.0
quickly 5.278437582475587e-05 0.017544309650909525
quiet 0.00031670625494853525 0.0
quotes 5.278437582475587e-05 0.19105523676270922
r 0.00010556875164951175 0.0
r1011085734 5.278437582475587e-05 0.0
r1066479718 0.00010556875164951175 0.0
r1086701767 5.278437582475587e-05 0.0
r1097763485 0.00015835312747426763 0.0
r1133582631 0.0017418844022169437 0.0
random 0.00010556875164951175 0.21233263520999412
randomly 5.278437582475587e-05 0.2340726218464
randompage 5.278437582475587e-05 0.0
range 5.278437582475587e-05 0.044451762570833796
raspberry 0.00010556875164951175 0.0721032939013439
raspberry_pi 5.278437582475587e-05 0.0
raw 5.278437582475587e-05 0.11020314013361425
re 0.00015835312747426763 0.02643325706815543
read 0.00010556875164951175 0.11020314013361425
reading 0.0002111375032990235 0.0
ready 0.0009501187648456057 0.0
real 0.00010556875164951175 0.0
received 5.278437582475587e-05 0.044451762570833796
recent 0.00015835312747426763 0.0721032939013439
recentchanges 0.00015835312747426763 0.0
recentchangeslinked 0.00010556875164951175 0.0
reception 0.0003694906307732911 0.044451762570833796
recognition 0.00010556875164951175 0.19105523676270922
recurring 5.278437582475587e-05 0.5108256237659907
recursion 5.278437582475587e-05 0.0
red 5.278437582475587e-05 0.12981161152199053
redirect 0.0014779625230931645 0.02643325706815543
reduced 5.278437582475587e-05 0.0
reference 0.004803378200052785 0.035401927050916
references 0.0009501187648456057 0.0
referencetooltips 5.278437582475587e-05 0.0
referrer 0.00015835312747426763 0.0
refers 5.278437582475587e-05 0.02643325706815543
reflist 0.000791765637371338 0.0
refugees 0.00047505938242280285 0.5108256237659907
registered 5.278437582475587e-05 0.0
registration 0.00010556875164951175 0.5705448584676129
reimagine 0.0002111375032990235 0.5108256237659907
reinforce 5.278437582475587e-05 0.5108256237659907
rel 0.00575349696489839 0.0
related 0.00010556875164951175 0.02643325706815543
release 0.0002111375032990235 0.02643325706815543
releases 5.278437582475587e-05 0.0
relevant 5.278437582475587e-05 0.26759531388504365
reliable 0.00031670625494853525 0.0
relies 5.278437582475587e-05 0.008733679968754631
rely 5.278437582475587e-05 0.10054122922187746
relying 5.278437582475587e-05 0.26759531388504365
remix 5.278437582475587e-05 0.5108256237659907
remotementor 5.278437582475587e-05 0.5108256237659907
removal 0.0002111375032990235 0.14981227822866008
remove 0.0002111375032990235 0.0
removing 5.278437582475587e-05 0.0
rendering 5.278437582475587e-05 0.0
repeat 0.0002111375032990235 0.0721032939013439
replace 5.278437582475587e-05 0.008733679968754631
report 0.00010556875164951175 0.0
require 5.278437582475587e-05 0.0
research 0.0003694906307732911 0.02643325706815543
researched 5.278437582475587e-05 0.5108256237659907
researchers 5.278437582475587e-05 0.06280090123903044
resourceloaderdynamicstyles 5.278437582475587e-05 0.0
respectively 5.278437582475587e-05 0.06280090123903044
result 5.278437582475587e-05 0.0
retrieved 0.001214040643969385 0.0
returnto 0.0002111375032990235 0.0
review 0.00015835312747426763 0.044451762570833796
revision 0.00015835312747426763 0.0
revisions 5.278437582475587e-05 0.6844891178168307
rfr_id 0.0017418844022169437 0.0
rft 0.007653734494589602 0.0
rft_id 0.002058590657165479 0.0
rft_val_fmt 0.0017418844022169437 0.0
rgba 5.278437582475587e-05 0.0
right 0.00047505938242280285 0.0
rl 5.278437582475587e-05 0.0
rlconf 5.278437582475587e-05 0.0
rlpagemodules 5.278437582475587e-05 0.0
rlq 0.00031670625494853525 0.0
rlstate 5.278437582475587e-05 0.0
robot 5.278437582475587e-05 0.3141153295199365
roboticsedu 5.278437582475587e-05 0.5108256237659907
robotix 5.278437582475587e-05 0.5108256237659907
robots 0.00015835312747426763 0.5108256237659907
rock 0.00015835312747426763 0.5108256237659907
role 0.0008973343890208498 0.0
roman 0.0002111375032990235 0.37548427589622857
rootpage 5.278437582475587e-05 0.0
route 5.278437582475587e-05 0.5108256237659907
row 0.000422275006598047 0.11020314013361425
rsd 0.00010556875164951175 0.0
s 0.000844550013196094 0.0
s2cid 0.00031670625494853525 0.008733679968754631
s2cid_ 0.00015835312747426763 0.0
sa 0.00010556875164951175 0.0
sameas 0.00010556875164951175 0.0
samsung 0.000422275006598047 0.5108256237659907
saved 5.278437582475587e-05 0.0
scale 0.00010556875164951175 0.10054122922187746
schafzahl 0.00010556875164951175 0.5108256237659907
schema 0.00010556875164951175 0.02643325706815543
schindler 0.0005278437582475588 0.5108256237659907
scholar 0.00015835312747426763 0.0
school 0.000791765637371338 0.19105523676270922
schools 0.00031670625494853525 0.2340726218464
science 5.278437582475587e-05 0.008733679968754631
sciences 0.00010556875164951175 0.035401927050916
scientifically 5.278437582475587e-05 0.5108256237659907
scope 0.000422275006598047 0.0721032939013439
scratch 0.0005806281340723146 0.09097177820572679
scratch_ 0.0002111375032990235 0.0
screen 0.00010556875164951175 0.044451762570833796
scribunto 5.278437582475587e-05 0.044451762570833796
script 0.0007389812615465822 0.14981227822866008
scripts 5.278437582475587e-05 0.10054122922187746
search 0.0016363156505674321 0.0
searchbutton 0.0002111375032990235 0.0
searchform 5.278437582475587e-05 0.0
searchinput 5.278437582475587e-05 0.0
secondary 5.278437582475587e-05 0.008733679968754631
seconds 0.00015835312747426763 0.0
section 0.002533650039588282 0.008733679968754631
see 0.00010556875164951175 0.0
selected 0.0002111375032990235 0.008733679968754631
selector 5.278437582475587e-05 0.0
self 5.278437582475587e-05 0.017544309650909525
selflink 5.278437582475587e-05 0.0
semanticscholar 0.00031670625494853525 0.0
sensitive 0.00010556875164951175 0.11020314013361425
sensors 5.278437582475587e-05 0.5108256237659907
sentences 5.278437582475587e-05 0.0
september 0.00015835312747426763 0.008733679968754631
server 5.278437582475587e-05 0.017544309650909525
services 0.00031670625494853525 0.0
set 0.0002639218791237794 0.0
setting 5.278437582475587e-05 0.14981227822866008
settings 0.00010556875164951175 0.09097177820572679
several 0.0002111375032990235 0.0
sha1 5.278437582475587e-05 0.0
share 0.0006334125098970705 0.02643325706815543
share_platform 0.0002111375032990235 0.5108256237659907
sharealike 5.278437582475587e-05 0.0
sharealike_3 5.278437582475587e-05 0.0
sharing 0.00010556875164951175 0.3141153295199365
shirts 5.278437582475587e-05 0.5108256237659907
shortname 5.278437582475587e-05 0.0
show 0.0002111375032990235 0.0
sidebar 0.0005806281340723146 0.0
silver 5.278437582475587e-05 0.5108256237659907
similar 0.00010556875164951175 0.008733679968754631
simple 5.278437582475587e-05 0.017544309650909525
simplesearch 5.278437582475587e-05 0.0
since 0.00010556875164951175 0.008733679968754631
singleview 5.278437582475587e-05 0.0
site 0.0002639218791237794 0.0
sitedir 5.278437582475587e-05 0.0
sitelinks 5.278437582475587e-05 0.0
sitenotice 0.00010556875164951175 0.0
sitesub 5.278437582475587e-05 0.0
sitesupport 5.278437582475587e-05 0.0
size 0.0005806281340723146 0.0
sizing 5.278437582475587e-05 0.11020314013361425
skin 0.0007389812615465822 0.8131064956389242
skins 0.00031670625494853525 0.0
sky 5.278437582475587e-05 0.5108256237659907
slack 0.00010556875164951175 0.5108256237659907
slack_ 5.278437582475587e-05 0.0
slany 0.0009501187648456057 0.5108256237659907
small 0.000791765637371338 0.0
smart 0.00010556875164951175 0.5108256237659907
smartphone 0.0003694906307732911 0.5108256237659907
smartphones 0.0002111375032990235 0.10054122922187746
smith 0.00010556875164951175 0.14981227822866008
so 0.00010556875164951175 0.0
software 0.001266825019794141 0.017544309650909525
software_design 5.278437582475587e-05 0.0
software_developer_communities 5.278437582475587e-05 0.0
software_license 0.00010556875164951175 0.0
software_release_life_cycle 5.278437582475587e-05 0.0
solely 5.278437582475587e-05 0.5108256237659907
solid 0.000422275006598047 0.19105523676270922
some 5.278437582475587e-05 0.0
source 0.000844550013196094 0.0
source_software 0.00010556875164951175 0.0
sources 0.00047505938242280285 0.0
space 5.278437582475587e-05 0.0721032939013439
spam 0.00010556875164951175 0.3141153295199365
span 0.03689627870150435 0.044451762570833796
special 0.0014251781472684087 0.0
specialpages 0.00010556875164951175 0.0
speedy 5.278437582475587e-05 0.0
spieler 0.00031670625494853525 0.5108256237659907
spread 5.278437582475587e-05 0.11020314013361425
src 0.0005806281340723146 0.0
srcset 0.0002639218791237794 0.0
staatspreis 5.278437582475587e-05 0.0
stable 5.278437582475587e-05 0.017544309650909525
standard 5.278437582475587e-05 0.0
start 0.0002111375032990235 0.0721032939013439
started 0.00010556875164951175 0.02643325706815543
starting 5.278437582475587e-05 0.044451762570833796
startup 0.00010556875164951175 0.0
statement 5.278437582475587e-05 0.0
static 0.0006861968857218263 0.0
statistics 5.278437582475587e-05 0.0
stats 5.278437582475587e-05 0.0
statslink 5.278437582475587e-05 0.0
status 5.278437582475587e-05 0.0
stem 0.00015835312747426763 0.5108256237659907
sticky 0.00010556875164951175 0.0
still 5.278437582475587e-05 0.0
stitch 0.00010556875164951175 0.5108256237659907
stitched 5.278437582475587e-05 0.5108256237659907
stopmobileredirecttoggle 5.278437582475587e-05 0.0
store 0.00031670625494853525 0.0
stories 0.00031670625494853525 0.26759531388504365
streamlining 0.00015835312747426763 0.5108256237659907
structured 5.278437582475587e-05 0.035401927050916
students 0.0002111375032990235 0.10054122922187746
studies 0.00010556875164951175 0.044451762570833796
study 5.278437582475587e-05 0.10054122922187746
style 0.003589337556083399 0.0
styles 0.0006334125098970705 0.0
stylesheet 0.00010556875164951175 0.0
subbox 5.278437582475587e-05 0.0
subheader 5.278437582475587e-05 0.0
subject 5.278437582475587e-05 0.10054122922187746
sublist 0.0014251781472684087 0.0
submission 0.00015835312747426763 0.5108256237659907
submit 0.00010556875164951175 0.0
subscription 0.00010556875164951175 0.0
subsection 0.00015835312747426763 0.0
subtitle 5.278437582475587e-05 0.0
successful 5.278437582475587e-05 0.02643325706815543
such 0.00010556875164951175 0.0
sufficient 5.278437582475587e-05 0.10054122922187746
suggestededitsession 5.278437582475587e-05 0.0
summary 5.278437582475587e-05 0.14981227822866008
summer 0.000422275006598047 0.02643325706815543
sumo 5.278437582475587e-05 0.5108256237659907
sup 0.004328318817629981 0.0
support 0.0002639218791237794 0.0
supported 0.0002111375032990235 0.06280090123903044
svg 0.0013723937714436526 0.0
switch 5.278437582475587e-05 0.035401927050916
switcher 5.278437582475587e-05 0.0
system 0.0005806281340723146 0.0
systems 0.0002639218791237794 0.02643325706815543
t 0.0006334125098970705 0.02643325706815543
tab 0.0002639218791237794 0.19105523676270922
tabindex 0.00010556875164951175 0.0
table 0.0006861968857218263 0.0
tabs 0.00010556875164951175 4.051784947803305
tagalog 0.00010556875164951175 0.0
tagline 0.00015835312747426763 0.0
tags 5.278437582475587e-05 0.0
tailored 0.00010556875164951175 0.5108256237659907
taking 5.278437582475587e-05 0.044451762570833796
talk 0.0003694906307732911 0.05358424613410626
target 0.0002639218791237794 0.0
targeted 5.278437582475587e-05 0.09097177820572679
targetloader 5.278437582475587e-05 0.0
tb 0.00015835312747426763 0.0
tbm 0.00010556875164951175 0.0
tbody 0.000422275006598047 0.0
tbs 0.00015835312747426763 0.09097177820572679
td 0.0019002375296912114 0.0
teachers 5.278437582475587e-05 0.5108256237659907
teaching 5.278437582475587e-05 0.13976194237515863
team 0.00010556875164951175 0.02643325706815543
technical 5.278437582475587e-05 0.044451762570833796
technological 5.278437582475587e-05 0.0
technology 0.0003694906307732911 0.017544309650909525
teenagers 0.0006861968857218263 0.5108256237659907
telephone 5.278437582475587e-05 0.48225225132193467
template 0.0014779625230931645 0.0
templateargumentsize 5.278437582475587e-05 0.0
templates 5.278437582475587e-05 0.14981227822866008
templatestyles 0.002111375032990235 0.0
terg3jf 5.278437582475587e-05 0.0
term 5.278437582475587e-05 0.008733679968754631
terms 0.00015835312747426763 0.0
terms_of_use 5.278437582475587e-05 0.0
tertiary 5.278437582475587e-05 0.008733679968754631
tested 0.00010556875164951175 0.19105523676270922
text 0.007231459487991554 0.0
text_of_the_creative_commons_attribution 5.278437582475587e-05 0.0
textual 5.278437582475587e-05 0.2451224580329849
th 0.0009501187648456057 1.8545603704670854
than 0.00010556875164951175 0.0
that 0.00010556875164951175 0.0
the 0.008498284507785695 0.0
their 0.0003694906307732911 0.008733679968754631
them 5.278437582475587e-05 0.0
themselves 5.278437582475587e-05 0.0721032939013439
theory 0.00010556875164951175 0.0
there 0.000422275006598047 0.0
thereby 5.278437582475587e-05 0.3141153295199365
therefore 5.278437582475587e-05 0.19105523676270922
these 0.00015835312747426763 0.0
thinking 5.278437582475587e-05 0.5108256237659907
this 0.0016363156505674321 0.0
thumb 0.00047505938242280285 0.0
thumbnail 5.278437582475587e-05 0.0
thus 5.278437582475587e-05 0.008733679968754631
time 0.0002639218791237794 0.0
timestamp 0.00010556875164951175 0.0
timeusage 5.278437582475587e-05 0.0
timingprofile 5.278437582475587e-05 0.0
title 0.015043547110055424 0.0
titlebar 0.000422275006598047 0.0
titleform 5.278437582475587e-05 0.0
tl 0.0002111375032990235 0.9607424944449889
to 0.004275534441805225 0.0
toc 0.012984956452889945 0.0
together 0.00010556875164951175 0.02643325706815543
toggle 0.000791765637371338 0.0
toggle_view_mobile 5.278437582475587e-05 0.0
tokens 5.278437582475587e-05 3.6463198396951406
tone 0.00031670625494853525 0.2451224580329849
toolbar 0.00015835312747426763 0.0
tools 0.00047505938242280285 0.0
top 0.00031670625494853525 0.0
total 0.00010556875164951175 0.0
touch 0.00010556875164951175 2.4423470353692043
towards 5.278437582475587e-05 0.10054122922187746
tr 0.001689100026392188 0.08149303425118301
tracking 5.278437582475587e-05 0.02643325706815543
trademark 5.278437582475587e-05 0.0
traditional 5.278437582475587e-05 0.12981161152199053
transclusion 5.278437582475587e-05 0.0
transientcontent 5.278437582475587e-05 0.0
translate 0.00010556875164951175 0.05358424613410626
translated 5.278437582475587e-05 0.0
translates 5.278437582475587e-05 0.19105523676270922
translation 0.00015835312747426763 0.11995931507897897
translations 0.00010556875164951175 0.5108256237659907
transparent 0.00010556875164951175 0.11020314013361425
triggered 5.278437582475587e-05 0.0
true 0.0011612562681446292 0.0
ttl 5.278437582475587e-05 0.0
tu 0.000422275006598047 0.5108256237659907
tugraz 0.000422275006598047 0.5108256237659907
turtlestitch 0.00015835312747426763 0.5108256237659907
tutorials 5.278437582475587e-05 0.2340726218464
type 0.0019002375296912114 0.0
type_system 5.278437582475587e-05 0.06280090123903044
types 5.278437582475587e-05 0.0
typing 0.00010556875164951175 0.008733679968754631
u 0.00010556875164951175 0.035401927050916
ui 0.0032726313011348642 0.0
uk 0.0002111375032990235 0.09097177820572679
ukrainian 5.278437582475587e-05 1.749199854809259
ul 0.005067300079176564 0.0
uls 0.0002639218791237794 0.0
um 0.00010556875164951175 0.5108256237659907
umbrella 5.278437582475587e-05 0.5108256237659907
und 0.00015835312747426763 0.26759531388504365
under 0.00015835312747426763 0.0
underlying 0.00010556875164951175 0.11020314013361425
understanding 5.278437582475587e-05 0.02643325706815543
uni 0.0002111375032990235 0.17022114985986725
unigrazonline 0.00010556875164951175 0.5108256237659907
universit 0.00010556875164951175 0.0
university 0.0005806281340723146 0.08149303425118301
universität 0.00015835312747426763 0.5108256237659907
unknown 0.0013196093956188968 0.008733679968754631
unpin 0.00010556875164951175 0.0
unpinned 0.00010556875164951175 0.0
unstrip 0.0002111375032990235 0.0
up 0.0002639218791237794 0.0
updated 5.278437582475587e-05 0.08149303425118301
upload 0.0010029031406703615 0.14981227822866008
upper 0.0002111375032990235 0.11020314013361425
url 0.00047505938242280285 0.0721032939013439
us 0.00015835312747426763 0.02643325706815543
usa 5.278437582475587e-05 0.10054122922187746
usage 0.000422275006598047 0.0
use 0.0003694906307732911 0.0
used 0.0003694906307732911 0.0
uselang 5.278437582475587e-05 0.0
user 0.001583531274742676 0.0
useradd 0.00010556875164951175 0.0
userlogin 0.00010556875164951175 0.0
users 0.00031670625494853525 0.0721032939013439
using 0.00015835312747426763 0.0
usual 5.278437582475587e-05 0.19105523676270922
utc 5.278437582475587e-05 0.0
utf 5.278437582475587e-05 0.21233263520999412
utm_campaign 5.278437582475587e-05 0.0
utm_medium 5.278437582475587e-05 0.0
utm_source 5.278437582475587e-05 0.0
ux 5.278437582475587e-05 0.0
v 5.278437582475587e-05 0.044451762570833796
valentin 0.00010556875164951175 0.5108256237659907
value 0.0006861968857218263 0.0
var 0.00010556875164951175 0.11020314013361425
variant 5.278437582475587e-05 0.0
variants 0.0003694906307732911 0.0
various 5.278437582475587e-05 0.0
vary 5.278437582475587e-05 0.0
ve 5.278437582475587e-05 0.25629575863111026
vector 0.019266297176035892 0.0
verifiability 0.00010556875164951175 0.0
versa 5.278437582475587e-05 0.11020314013361425
version 0.00047505938242280285 0.0
versions 5.278437582475587e-05 0.035401927050916
very 0.00010556875164951175 0.0
vevent 5.278437582475587e-05 0.0
via 0.00015835312747426763 0.017544309650909525
vice 5.278437582475587e-05 0.11020314013361425
video 0.00015835312747426763 0.14981227822866008
video_game_development_software 5.278437582475587e-05 0.0
videos 5.278437582475587e-05 0.11020314013361425
view 0.0006334125098970705 0.0
viewport 5.278437582475587e-05 0.0
views 0.00015835312747426763 0.02643325706815543
visible 5.278437582475587e-05 0.044451762570833796
vision 0.000422275006598047 0.3141153295199365
visit 0.00010556875164951175 0.0
visited 5.278437582475587e-05 0.0
visual 0.0010556875164951175 0.0
visual_programming_language 5.278437582475587e-05 0.0
visual_programming_languages 5.278437582475587e-05 0.0
visualeditor 0.0002111375032990235 0.0
voice 5.278437582475587e-05 0.5108256237659907
volunteer 0.00010556875164951175 0.5108256237659907
volunteers 0.00010556875164951175 0.26759531388504365
von 0.00010556875164951175 0.5108256237659907
vue 0.00010556875164951175 0.11995931507897897
w 0.0028503562945368173 0.0
walltime 5.278437582475587e-05 0.0
was 0.0003694906307732911 0.0
watch 5.278437582475587e-05 0.454472687214859
watching 5.278437582475587e-05 0.48225225132193467
watchlist 5.278437582475587e-05 0.0
watchtoken 5.278437582475587e-05 0.0
way 0.00015835312747426763 0.008733679968754631
wb 0.00010556875164951175 0.0
wbc 5.278437582475587e-05 0.0
wbforschungsportal 5.278437582475587e-05 0.0
wbr 5.278437582475587e-05 0.0
wc 5.278437582475587e-05 2.4423470353692043
web 0.0017418844022169437 0.0
website 0.00015835312747426763 0.0
weight 5.278437582475587e-05 0.7195804376281008
well 0.00010556875164951175 0.008733679968754631
were 0.00010556875164951175 0.02643325706815543
wf79egb3vey 5.278437582475587e-05 0.0
wgaction 5.278437582475587e-05 0.0
wgarticleid 5.278437582475587e-05 0.0
wgbackendresponsetime 5.278437582475587e-05 0.0
wgbreakframes 5.278437582475587e-05 0.0
wgcanonicalnamespace 5.278437582475587e-05 0.0
wgcanonicalspecialpagename 5.278437582475587e-05 0.0
wgcategories 5.278437582475587e-05 0.0
wgcentralauthmobiledomain 5.278437582475587e-05 0.0
wgcspnonce 5.278437582475587e-05 0.0
wgcurrevisionid 5.278437582475587e-05 0.0
wgdefaultdateformat 5.278437582475587e-05 0.0
wgdigittransformtable 5.278437582475587e-05 0.0
wgeditsubmitbuttonlabelpublish 5.278437582475587e-05 0.0
wgflaggedrevsparams 5.278437582475587e-05 0.0
wggestructuredtaskrejectionreasontextinputenabled 5.278437582475587e-05 0.0
wggetopicsmatchmodeenabled 5.278437582475587e-05 0.0
wghostname 5.278437582475587e-05 0.0
wgisarticle 5.278437582475587e-05 0.0
wgisprobablyeditable 5.278437582475587e-05 0.0
wgisredirect 5.278437582475587e-05 0.0
wgmediaviewerenabledbydefault 5.278437582475587e-05 0.0
wgmediavieweronclick 5.278437582475587e-05 0.0
wgmfdisplaywikibasedescriptions 5.278437582475587e-05 0.0
wgmonthnames 5.278437582475587e-05 0.0
wgnamespacenumber 5.278437582475587e-05 0.0
wgnoticeproject 5.278437582475587e-05 0.0
wgpagecontentlanguage 5.278437582475587e-05 0.0
wgpagecontentmodel 5.278437582475587e-05 0.0
wgpagename 5.278437582475587e-05 0.0
wgpageparsereport 5.278437582475587e-05 0.0
wgpopupsflags 5.278437582475587e-05 0.0
wgrelevantarticleid 5.278437582475587e-05 0.0
wgrelevantpageisprobablyeditable 5.278437582475587e-05 0.0
wgrelevantpagename 5.278437582475587e-05 0.0
wgrequestid 5.278437582475587e-05 0.0
wgrestrictionedit 5.278437582475587e-05 0.0
wgrestrictionmove 5.278437582475587e-05 0.0
wgrevisionid 5.278437582475587e-05 0.0
wgseparatortransformtable 5.278437582475587e-05 0.0
wgtitle 5.278437582475587e-05 0.0
wgulscurrentautonym 5.278437582475587e-05 0.0
wgulsiscompactlinksenabled 5.278437582475587e-05 0.0
wgulsislanguageselectorempty 5.278437582475587e-05 0.0
wgulsposition 5.278437582475587e-05 0.0
wgusergroups 5.278437582475587e-05 0.0
wgusername 5.278437582475587e-05 0.0
wgvector2022previewpages 5.278437582475587e-05 0.0
wgvisualeditor 5.278437582475587e-05 0.0
wgwikibaseitemid 5.278437582475587e-05 0.0
wgwmepagelength 5.278437582475587e-05 0.0
wgwmeschemaeditattemptstepoversample 5.278437582475587e-05 0.0
wharton 0.00010556875164951175 0.5108256237659907
wharton_school_of_the_university_of_pennsylvania 5.278437582475587e-05 0.0
what 0.00010556875164951175 0.0
what_wikipedia_is_not 5.278437582475587e-05 0.0
whatlinkshere 0.00010556875164951175 0.0
when 0.0006861968857218263 0.0
where 5.278437582475587e-05 0.0
which 0.00010556875164951175 0.0
while 0.00010556875164951175 0.017544309650909525
white 5.278437582475587e-05 0.0721032939013439
who 5.278437582475587e-05 0.09097177820572679
width 0.001689100026392188 0.0
wiki 0.009026128266033254 0.0
wikibase 0.0002111375032990235 0.0
wikidata 0.000422275006598047 0.0
wikimedia 0.0023752969121140144 0.0
wikimediabadges 0.00010556875164951175 0.0
wikimediaevents 5.278437582475587e-05 0.0
wikimediafoundation 0.00010556875164951175 0.0
wikipedia 0.006598046978094484 0.0
wikipedia_is_not_a_soapbox_or_means_of_promotion 5.278437582475587e-05 0.0
wikisource 5.278437582475587e-05 3.6463198396951406
wikitext 5.278437582475587e-05 0.0
window 0.00015835312747426763 0.11020314013361425
windows 0.0002111375032990235 0.0
windows_mobile 5.278437582475587e-05 0.0
winner 0.0002111375032990235 0.5108256237659907
winners 0.0003694906307732911 0.5108256237659907
with 0.0019002375296912114 0.0
withgoogle 0.0002111375032990235 0.5108256237659907
without 0.00010556875164951175 0.02643325706815543
wmf 0.00015835312747426763 0.0
wolfgang 0.0007389812615465822 0.3141153295199365
women 5.278437582475587e-05 0.2340726218464
won 0.0002639218791237794 0.4682660093471948
word 0.00010556875164951175 0.044451762570833796
wordmark 0.00010556875164951175 0.0
work 0.00010556875164951175 0.017544309650909525
works 5.278437582475587e-05 0.11020314013361425
world 0.00031670625494853525 0.0
wpformidentifier 5.278437582475587e-05 0.0
wrap 0.00031670625494853525 0.5108256237659907
written 0.00010556875164951175 0.0
ws 5.278437582475587e-05 0.0
www 0.0019530219055159672 0.0
x 0.00015835312747426763 0.0
xml 0.00031670625494853525 0.14981227822866008
xplore 5.278437582475587e-05 0.5108256237659907
y 0.0002111375032990235 0.008733679968754631
years 0.00010556875164951175 0.017544309650909525
yes 5.278437582475587e-05 0.7936884097818228
you 0.0002639218791237794 0.0
young 0.0002639218791237794 0.5108256237659907
youth 5.278437582475587e-05 0.5108256237659907
youtube 0.0002639218791237794 0.10054122922187746
z 0.00010556875164951175 0.11020314013361425
z39 0.0017418844022169437 0.0
z3988 0.0017418844022169437 0.0
österreich 5.278437582475587e-05 0.5108256237659907
österreichische 5.278437582475587e-05 0.0
мова 5.278437582475587e-05 0.0
програмування 5.278437582475587e-05 0.0
українська 5.278437582475587e-05 0.0
