0 0.008551236749116608 0.0
00 0.0001413427561837456 0.0
000 0.0001413427561837456 0.0
01 0.0001413427561837456 0.008733679968754631
0201544282 0.0002826855123674912 0.49643688631389105
0201565430 0.0002826855123674912 0.49643688631389105
024x 0.00035335689045936394 0.49643688631389105
02t17 0.0001413427561837456 0.0
039 0.0002826855123674912 0.22314355131420976
05t20 0.0001413427561837456 0.0
05z 0.0001413427561837456 0.0
06 7.06713780918728e-05 0.008733679968754631
07 0.0001413427561837456 0.0
0_unported_license 7.06713780918728e-05 0.0
1 0.004734982332155477 0.0
10 0.0008480565371024735 0.0
100 0.0021201413427561835 0.0
1000 7.06713780918728e-05 0.0
10000 7.06713780918728e-05 0.008733679968754631
1000000 0.0001413427561837456 0.0
1002 0.00035335689045936394 0.19105523676270922
106 0.0001413427561837456 0.044451762570833796
1097 0.0001413427561837456 0.49643688631389105
11 0.00035335689045936394 0.008733679968754631
1119641861 0.0004946996466431095 0.49643688631389105
114 0.00021201413427561838 0.2340726218464
117 7.06713780918728e-05 0.0
11765ce42027 7.06713780918728e-05 0.49643688631389105
12 0.0001413427561837456 0.008733679968754631
125em 0.00035335689045936394 0.0
127 7.06713780918728e-05 0.11020314013361425
12px 7.06713780918728e-05 0.0
12s5i 7.06713780918728e-05 0.0
13 0.00021201413427561838 0.0
133 7.06713780918728e-05 0.008733679968754631
1362 0.0001413427561837456 0.49643688631389105
14 0.0002826855123674912 0.008733679968754631
15078 0.0002826855123674912 0.49643688631389105
155 0.0001413427561837456 0.2340726218464
16 0.00042402826855123676 0.0
160 0.0005653710247349824 0.2340726218464
16px 0.0001413427561837456 0.0
17 0.00021201413427561838 0.0
179 0.0001413427561837456 0.2340726218464
180 0.0001413427561837456 0.2340726218464
184415685 7.06713780918728e-05 0.0
1846 0.0001413427561837456 0.49643688631389105
185 0.0001413427561837456 0.10054122922187746
195 0.0001413427561837456 0.2340726218464
1974 0.0001413427561837456 0.2340726218464
1975 7.06713780918728e-05 0.08149303425118301
1978 7.06713780918728e-05 0.035401927050916
1980 7.06713780918728e-05 0.20163734609324613
1982 0.0001413427561837456 0.02643325706815543
1983 7.06713780918728e-05 0.044451762570833796
1984 7.06713780918728e-05 0.02643325706815543
1985 0.00021201413427561838 0.02643325706815543
1987 0.0001413427561837456 0.08149303425118301
1988 0.00021201413427561838 0.02643325706815543
1989 7.06713780918728e-05 0.02643325706815543
1990 0.0001413427561837456 0.02643325706815543
1991 0.00035335689045936394 0.02643325706815543
1992 0.00035335689045936394 0.02643325706815543
1993 0.0002826855123674912 0.02643325706815543
1994 7.06713780918728e-05 0.02643325706815543
1995 7.06713780918728e-05 0.02643325706815543
1996 0.0001413427561837456 0.0721032939013439
199607 0.0001413427561837456 0.49643688631389105
1997 0.0002826855123674912 0.02643325706815543
1998 7.06713780918728e-05 0.02643325706815543
1999 7.06713780918728e-05 0.02643325706815543
1a58aa00 7.06713780918728e-05 0.49643688631389105
1em 0.00042402826855123676 0.0
1px 0.00021201413427561838 0.0
1x1 7.06713780918728e-05 0.0
2 0.0038869257950530037 0.0
20 0.0002826855123674912 0.0
2001 7.06713780918728e-05 0.02643325706815543
2002 7.06713780918728e-05 0.0
2003 0.0001413427561837456 0.02643325706815543
2004 0.0005653710247349824 0.06280090123903044
2005 0.0001413427561837456 0.0
2007 7.06713780918728e-05 0.008733679968754631
2008 0.0001413427561837456 0.02643325706815543
2009 7.06713780918728e-05 0.0
2011 0.0001413427561837456 0.0
20110515111149 7.06713780918728e-05 0.0
2012 0.0001413427561837456 0.0721032939013439
20120603011509 7.06713780918728e-05 0.0
20120710225414 7.06713780918728e-05 0.0
2013 0.0001413427561837456 0.017544309650909525
2014 7.06713780918728e-05 0.017544309650909525
20191218082105 7.06713780918728e-05 0.0
2022 0.0007773851590106007 0.0
20230316040732 0.00021201413427561838 0.49643688631389105
207 0.0001413427561837456 0.12981161152199053
2097152 0.0002826855123674912 0.0
20e2 7.06713780918728e-05 0.49643688631389105
21 0.0001413427561837456 0.0
23 7.06713780918728e-05 0.02643325706815543
23px 0.0001413427561837456 0.0
253c833 7.06713780918728e-05 0.0
253e3 7.06713780918728e-05 0.0
255 7.06713780918728e-05 0.044451762570833796
25em 0.001342756183745583 0.0
26 0.00042402826855123676 0.0
267 0.0001413427561837456 0.49643688631389105
26_informatica 7.06713780918728e-05 0.0
28199607 0.00021201413427561838 0.0
28sici 0.00021201413427561838 0.0
29 0.0001413427561837456 0.0
291097 0.00021201413427561838 0.0
2926 0.00021201413427561838 0.0
298 0.0001413427561837456 0.3260915205666521
2b 7.06713780918728e-05 0.8531118302526235
2c 0.00035335689045936394 0.8531118302526235
2cicon 7.06713780918728e-05 0.0
2cstyles 7.06713780918728e-05 0.0
2cwikimediabadges 7.06713780918728e-05 0.0
2em 0.0001413427561837456 0.0
2f 0.00035335689045936394 0.0
2f10 0.0001413427561837456 0.0
2f1985 7.06713780918728e-05 0.0
2f1991 7.06713780918728e-05 0.0
2fdoi 7.06713780918728e-05 0.0
2fen 0.00042402826855123676 0.0
2ffmt 0.00042402826855123676 0.0
2foberon2 7.06713780918728e-05 0.0
2fonlinelibrary 7.06713780918728e-05 0.0
2fpapers 7.06713780918728e-05 0.0
2fpdf 7.06713780918728e-05 0.0
2fresearch 7.06713780918728e-05 0.0
2fwww 7.06713780918728e-05 0.0
2px 0.0001413427561837456 0.0
2x 0.00035335689045936394 0.0
3 0.0017667844522968198 0.0
30 0.0001413427561837456 0.035401927050916
30em 7.06713780918728e-05 0.0
31 0.0001413427561837456 0.008733679968754631
3125em 7.06713780918728e-05 0.0
31px 0.0001413427561837456 0.0
32 7.06713780918728e-05 0.0
334 7.06713780918728e-05 0.26759531388504365
34 7.06713780918728e-05 0.02643325706815543
357599 0.00021201413427561838 0.49643688631389105
37 0.0001413427561837456 0.0
38 0.0001413427561837456 0.035401927050916
387 0.0002826855123674912 0.2340726218464
398 7.06713780918728e-05 0.26759531388504365
3a 0.0006360424028268552 0.09097177820572679
3a3 7.06713780918728e-05 0.0
3a7 0.00021201413427561838 0.0
3aaid 0.00021201413427561838 0.0
3abook 0.0002826855123674912 0.0
3acomponent 0.00042402826855123676 0.0
3adoi 7.06713780918728e-05 0.0
3ajournal 0.0001413427561837456 0.0
3akev 0.00042402826855123676 0.0
3amtx 0.00042402826855123676 0.0
3aofi 0.00042402826855123676 0.0
3asid 0.00042402826855123676 0.0
3b2 0.00021201413427561838 0.0
3c833 0.00021201413427561838 0.0
3cols 7.06713780918728e-05 0.0
3e3 0.00021201413427561838 0.0
3em 0.0001413427561837456 0.0
3px 0.0001413427561837456 0.0
4 0.0011307420494699647 0.0
40 0.00021201413427561838 0.017544309650909525
400 0.0001413427561837456 0.0
41 0.0001413427561837456 0.017544309650909525
41426 0.0001413427561837456 0.49643688631389105
45 0.0001413427561837456 0.044451762570833796
4872872 0.0001413427561837456 0.49643688631389105
488 0.0001413427561837456 0.49643688631389105
49e3 7.06713780918728e-05 0.49643688631389105
4c 7.06713780918728e-05 4.74493212836325
4em 0.0001413427561837456 0.0
5 0.0007067137809187279 0.0
50 0.0002826855123674912 0.0
500 0.0001413427561837456 0.0
5000000 0.0001413427561837456 0.0
50z 0.0001413427561837456 0.0
52428800 0.0001413427561837456 0.0
536 0.0001413427561837456 0.37548427589622857
540 0.0002826855123674912 0.008733679968754631
542 0.0001413427561837456 0.3629054936893685
57225 0.0001413427561837456 0.49643688631389105
59 0.00021201413427561838 0.044451762570833796
597 0.0001413427561837456 0.49643688631389105
5em 0.00035335689045936394 0.0
5x 0.00035335689045936394 0.11020314013361425
6 0.000989399293286219 0.0
60 7.06713780918728e-05 0.035401927050916
62 7.06713780918728e-05 0.044451762570833796
65 7.06713780918728e-05 0.02643325706815543
655 0.0001413427561837456 0.49643688631389105
6rc6 7.06713780918728e-05 0.49643688631389105
7 0.0008480565371024735 0.0
70 0.0001413427561837456 0.044451762570833796
71 0.0001413427561837456 0.05358424613410626
720px 7.06713780918728e-05 0.0
73 0.0001413427561837456 0.02643325706815543
767 0.0001413427561837456 0.044451762570833796
7cext 0.00021201413427561838 0.0
7cjquery 7.06713780918728e-05 0.0
7cmediawiki 7.06713780918728e-05 0.0
7cskins 7.06713780918728e-05 0.0
7cwikibase 7.06713780918728e-05 0.0
7em 7.06713780918728e-05 0.0
8 0.00021201413427561838 0.008733679968754631
80 7.06713780918728e-05 0.0
81 7.06713780918728e-05 0.008733679968754631
8125em 7.06713780918728e-05 0.0
82 7.06713780918728e-05 0.017544309650909525
821 0.0001413427561837456 0.49643688631389105
833 0.00021201413427561838 0.06280090123903044
839 0.0001413427561837456 0.09097177820572679
84 0.0001413427561837456 0.02643325706815543
850 0.0001413427561837456 0.49643688631389105
86400 0.0001413427561837456 0.02643325706815543
87 0.0001413427561837456 0.008733679968754631
88 0.0007067137809187279 0.035401927050916
895 0.0001413427561837456 0.49643688631389105
8b 7.06713780918728e-05 1.1340142157190256
8c 7.06713780918728e-05 0.7195804376281008
9 0.00042402826855123676 0.0
90 7.06713780918728e-05 0.0
91 0.00042402826855123676 0.035401927050916
92 7.06713780918728e-05 0.044451762570833796
93 0.00042402826855123676 0.13976194237515863
93naur_form 7.06713780918728e-05 0.0
95 7.06713780918728e-05 0.09097177820572679
96 0.00042402826855123676 0.0
97649 0.0002826855123674912 0.49643688631389105
978 0.0011307420494699647 0.0
99 0.0001413427561837456 0.08149303425118301
9a 7.06713780918728e-05 0.0
9f 7.06713780918728e-05 0.0
9px 0.00021201413427561838 0.0
_oberon 0.0004946996466431095 0.49643688631389105
a 0.03477031802120141 0.0
a0 0.0001413427561837456 0.3504829736908114
a2 0.0001413427561837456 0.08149303425118301
a2_ 7.06713780918728e-05 0.0
a2a9b1 7.06713780918728e-05 0.0
aa 7.06713780918728e-05 0.2340726218464
abadi 0.0001413427561837456 0.49643688631389105
abbr 0.0005653710247349824 0.0
about 0.0006360424028268552 0.0
aboutsite 7.06713780918728e-05 0.0
above 7.06713780918728e-05 0.008733679968754631
abovebelow 0.00035335689045936394 0.0
absolute 7.06713780918728e-05 0.035401927050916
abstract 0.0001413427561837456 0.11020314013361425
ac 0.00021201413427561838 2.665490586683414
academy 0.0001413427561837456 0.19105523676270922
academy_of_sciences_of_the_soviet_union 7.06713780918728e-05 0.0
access 7.06713780918728e-05 0.0
accesskey 0.001342756183745583 0.0
account 0.0002826855123674912 0.0
acorn 0.0001413427561837456 0.0721032939013439
acorn_computers 7.06713780918728e-05 0.0
across 7.06713780918728e-05 0.0
action 0.0014840989399293287 0.0
actions 7.06713780918728e-05 0.0
active 0.00042402826855123676 0.017544309650909525
active_oberon 7.06713780918728e-05 0.0
add 7.06713780918728e-05 0.0
addison 0.0005653710247349824 0.11995931507897897
additional 7.06713780918728e-05 0.0
addop 0.0001413427561837456 0.49643688631389105
address 0.0001413427561837456 0.0
adn_abadi 7.06713780918728e-05 0.0
advanced 7.06713780918728e-05 0.017544309650909525
after 0.0012720848056537103 0.02643325706815543
ag 7.06713780918728e-05 0.09097177820572679
ago 7.06713780918728e-05 0.017544309650909525
agree 7.06713780918728e-05 0.0
aid 0.0001413427561837456 0.2340726218464
alert 0.0002826855123674912 0.11995931507897897
align 0.0005653710247349824 0.0721032939013439
all 0.0001413427561837456 0.0
allows 0.0001413427561837456 0.0
alma 0.00021201413427561838 0.49643688631389105
alpha 0.0002826855123674912 0.14981227822866008
also 0.00021201413427561838 0.0
alt 0.0007067137809187279 0.0
alternate 0.00021201413427561838 0.14981227822866008
although 7.06713780918728e-05 0.017544309650909525
amp 0.008056537102473497 0.18058393689541388
an 0.0005653710247349824 0.0
analyser 7.06713780918728e-05 0.49643688631389105
and 0.0031802120141342758 0.0
announced 7.06713780918728e-05 0.02643325706815543
anon 0.0001413427561837456 0.0
anoncontribs 7.06713780918728e-05 0.0
anontalk 7.06713780918728e-05 0.0
anonymous 7.06713780918728e-05 0.12981161152199053
another 7.06713780918728e-05 0.0
aos 7.06713780918728e-05 0.08149303425118301
api 7.06713780918728e-05 0.14981227822866008
appeared 0.00021201413427561838 0.044451762570833796
apple 0.0001413427561837456 0.13976194237515863
application 0.0005653710247349824 0.0
apply 7.06713780918728e-05 0.0
approach 0.0001413427561837456 0.0
april 7.06713780918728e-05 0.0
archive 0.0002826855123674912 0.044451762570833796
archived 0.0001413427561837456 0.035401927050916
are 0.00035335689045936394 0.0
argument 7.06713780918728e-05 0.0
aria 0.002049469964664311 0.0
around 7.06713780918728e-05 0.035401927050916
array 7.06713780918728e-05 0.017544309650909525
article 0.0005653710247349824 0.0
articles 0.0002826855123674912 0.0
articles_with_curlie_links 7.06713780918728e-05 0.0
as 0.0004946996466431095 0.0
associated 0.0001413427561837456 0.035401927050916
async 0.00021201413427561838 0.37548427589622857
at 0.0007773851590106007 0.0
atitle 0.0001413427561837456 0.0
atom 0.00021201413427561838 0.11995931507897897
attribution 7.06713780918728e-05 0.0
au 0.00035335689045936394 0.37548427589622857
aufirst 0.00042402826855123676 0.0
august 7.06713780918728e-05 0.035401927050916
aulast 0.00042402826855123676 0.0
australia 7.06713780918728e-05 0.37548427589622857
author 0.0001413427561837456 0.02643325706815543
auto 0.0002826855123674912 0.035401927050916
autocapitalize 7.06713780918728e-05 0.0
autostart 7.06713780918728e-05 0.0
available 0.0002826855123674912 0.0
avoid 0.0001413427561837456 0.19105523676270922
b 0.0028268551236749115 0.017544309650909525
b0 0.0001413427561837456 0.3504829736908114
b1d4 7.06713780918728e-05 0.49643688631389105
b5 7.06713780918728e-05 0.0
b6ck 0.00021201413427561838 0.0
b6ssenb 0.00021201413427561838 0.0
b9_ 7.06713780918728e-05 0.0
ba 7.06713780918728e-05 0.0
baby 0.0001413427561837456 0.49643688631389105
baby_modula 7.06713780918728e-05 0.0
background 0.0012720848056537103 0.2340726218464
backlink 0.00042402826855123676 0.0
backus 0.0001413427561837456 0.0721032939013439
based 0.00035335689045936394 0.0
based_software_engineering 7.06713780918728e-05 0.0
bb 7.06713780918728e-05 0.0
bc 7.06713780918728e-05 0.7195804376281008
bcrg 7.06713780918728e-05 0.0
bcrg_gutknecht 0.0001413427561837456 0.0
bcrich 7.06713780918728e-05 0.0
bd 0.00021201413427561838 0.0
bday 7.06713780918728e-05 0.0
bdi 0.0005653710247349824 0.0
be 0.0002826855123674912 0.0
bears 0.0001413427561837456 0.49643688631389105
because 7.06713780918728e-05 0.0
been 7.06713780918728e-05 0.008733679968754631
before 0.0010600706713780918 0.017544309650909525
begin 0.0001413427561837456 0.08149303425118301
behind 0.00021201413427561838 0.017544309650909525
below 0.0001413427561837456 0.0
beron 0.00021201413427561838 0.0
beta 7.06713780918728e-05 0.0
between 7.06713780918728e-05 0.017544309650909525
beyond 0.0001413427561837456 0.008733679968754631
bf 7.06713780918728e-05 0.7195804376281008
binary 7.06713780918728e-05 0.0
blackbox 0.0006360424028268552 0.49643688631389105
blackbox_component_builder 0.00021201413427561838 0.0
blackboxframework 0.0002826855123674912 0.0
block 0.0001413427561837456 0.044451762570833796
bluebottle 7.06713780918728e-05 0.08149303425118301
body 0.000989399293286219 0.11995931507897897
bodycontent 0.0001413427561837456 0.0
bold 7.06713780918728e-05 0.21233263520999412
book 0.0005653710247349824 0.0721032939013439
books 0.0002826855123674912 0.0
booksources 0.0005653710247349824 0.0
bootstrap 7.06713780918728e-05 0.0
border 0.001342756183745583 0.7936884097818228
both 7.06713780918728e-05 0.008733679968754631
bottom 0.00021201413427561838 0.12981161152199053
box 0.0010600706713780918 0.0
boxtext 7.06713780918728e-05 0.0
bracket 0.0005653710247349824 0.3141153295199365
brackets 0.0001413427561837456 0.11995931507897897
break 0.00021201413427561838 0.19105523676270922
browsing 7.06713780918728e-05 0.27902400970866637
btitle 0.0002826855123674912 0.0
btn 0.00035335689045936394 0.0
builder 0.00042402826855123676 0.11020314013361425
built 7.06713780918728e-05 0.008733679968754631
bundled 7.06713780918728e-05 0.27902400970866637
but 7.06713780918728e-05 0.0
button 0.0022614840989399294 0.0
buttons 0.0001413427561837456 0.0
by 0.0012014134275618374 0.0
by_wirth 7.06713780918728e-05 0.0
bytes 0.0002826855123674912 0.0
c 0.00035335689045936394 0.0
c13_en 7.06713780918728e-05 0.0
c3 0.0007773851590106007 0.0
ca 0.0005653710247349824 0.035401927050916
cache 0.0001413427561837456 0.0
cached 7.06713780918728e-05 0.0
cachereport 7.06713780918728e-05 0.0
cactions 0.00042402826855123676 0.0
calls 7.06713780918728e-05 0.0
campaigns 7.06713780918728e-05 0.0
can 7.06713780918728e-05 0.0
candidates 7.06713780918728e-05 0.49643688631389105
canonical 0.0001413427561837456 0.0
caps 7.06713780918728e-05 0.0
caption 0.0001413427561837456 0.0
cardelli 0.0001413427561837456 0.49643688631389105
case 0.0002826855123674912 0.008733679968754631
caselabels 0.00021201413427561838 0.49643688631389105
categories 0.0001413427561837456 0.0
category 0.0018374558303886925 0.0
catlinks 0.00042402826855123676 0.0
cats 7.06713780918728e-05 0.0
ccf 7.06713780918728e-05 1.0560526742493137
center 0.0008480565371024735 0.02643325706815543
centralauth 0.0001413427561837456 0.0
centralautologin 0.0001413427561837456 0.0
centralnotice 0.00021201413427561838 0.0
centrum 0.0001413427561837456 0.13976194237515863
centrum_wiskunde_ 7.06713780918728e-05 0.0
ceres 0.0001413427561837456 0.08149303425118301
ceres_ 7.06713780918728e-05 0.0
ch 0.0004946996466431095 0.19105523676270922
change 7.06713780918728e-05 0.0
changes 0.00035335689045936394 0.02643325706815543
character 7.06713780918728e-05 0.035401927050916
charinsert 7.06713780918728e-05 0.0
charset 7.06713780918728e-05 0.0
checkbox 0.002402826855123675 0.0
cher 7.06713780918728e-05 0.0
child 0.0017667844522968198 0.21233263520999412
cid 7.06713780918728e-05 0.0
citation 0.000989399293286219 0.017544309650909525
cite 0.0017667844522968198 0.0
cite_book 0.0001413427561837456 0.13976194237515863
cite_note 0.0008480565371024735 0.0
cite_ref 0.0008480565371024735 0.0
citerefjensenwirth1974 7.06713780918728e-05 0.0
citerefmössenböckkoskimies1996 7.06713780918728e-05 0.0
citerefmössenböckwirth1991 7.06713780918728e-05 0.0
citerefreiserwirth1992 7.06713780918728e-05 0.0
citerefwirth1982 7.06713780918728e-05 0.0
citerefwirthgutknecht1992 7.06713780918728e-05 0.0
citethispage 7.06713780918728e-05 0.0
class 0.06035335689045936 0.0
classname 0.00021201413427561838 0.0
clear 0.0001413427561837456 0.11020314013361425
clemens 7.06713780918728e-05 0.49643688631389105
client 0.00035335689045936394 0.0
close 7.06713780918728e-05 0.035401927050916
co 0.00035335689045936394 0.02643325706815543
code 0.0005653710247349824 0.0
col 7.06713780918728e-05 0.2340726218464
coll 0.0002826855123674912 0.0
collapse 7.06713780918728e-05 0.0
collapsed 0.0002826855123674912 0.0
collapses 7.06713780918728e-05 0.0
collapsible 0.0007773851590106007 0.0
color 0.0010600706713780918 0.3629054936893685
colspan 0.00042402826855123676 0.0
column 0.00021201413427561838 0.11020314013361425
columns 0.00035335689045936394 0.11020314013361425
com 0.00042402826855123676 0.0
command 7.06713780918728e-05 0.0721032939013439
commons 0.00035335689045936394 0.0
community 0.0001413427561837456 0.10054122922187746
community_portal 7.06713780918728e-05 0.0
compactlinks 7.06713780918728e-05 0.0
company 7.06713780918728e-05 0.02643325706815543
compiler 0.00021201413427561838 0.0
complete 7.06713780918728e-05 0.008733679968754631
complications 7.06713780918728e-05 0.0
component 0.0024734982332155478 0.0
component_pascal 0.0024734982332155478 0.49643688631389105
components 0.0001413427561837456 0.0
computer 0.0010600706713780918 0.0
computer_science 0.00021201413427561838 0.0
computer_scientist 7.06713780918728e-05 0.0
computers 0.0001413427561837456 0.02643325706815543
computersysteme 7.06713780918728e-05 0.49643688631389105
computing 0.0001413427561837456 0.008733679968754631
conditional 7.06713780918728e-05 0.008733679968754631
config 0.0001413427561837456 0.0
const 7.06713780918728e-05 0.11995931507897897
constdecl 0.0001413427561837456 0.49643688631389105
constexpr 0.0004946996466431095 0.49643688631389105
construction 7.06713780918728e-05 0.1599646496926782
contact 0.0002826855123674912 0.0
contact_us 0.0001413427561837456 0.0
contactpage 7.06713780918728e-05 0.0
container 0.000989399293286219 0.14981227822866008
containing 7.06713780918728e-05 0.008733679968754631
content 0.005017667844522968 0.0
contentinfo 7.06713780918728e-05 0.0
contents 0.0009187279151943462 0.0
contentsub 7.06713780918728e-05 0.0
context 0.0001413427561837456 0.017544309650909525
contribute 7.06713780918728e-05 0.0
contributions 7.06713780918728e-05 0.2340726218464
contributors 0.0001413427561837456 0.017544309650909525
controls 0.0001413427561837456 0.0
conversion 7.06713780918728e-05 0.0
cookie 0.00035335689045936394 0.0
cookie_statement 7.06713780918728e-05 0.0
cookiestatement 7.06713780918728e-05 0.0
copyright 0.00021201413427561838 0.0
copyrightico 7.06713780918728e-05 0.0
corporation 0.0001413427561837456 0.035401927050916
count 0.0001413427561837456 0.0
counter 0.0002826855123674912 0.11020314013361425
cp 0.0002826855123674912 0.035401927050916
cpfront 7.06713780918728e-05 0.0
cps 7.06713780918728e-05 0.49643688631389105
cpu 7.06713780918728e-05 0.0
cputime 7.06713780918728e-05 0.0
create 0.0002826855123674912 0.0
createaccount 0.0002826855123674912 0.0
creative 7.06713780918728e-05 0.0
creativecommons 0.0001413427561837456 0.0
cross 7.06713780918728e-05 0.0
crossorigin 7.06713780918728e-05 0.0
cs1 0.001342756183745583 0.017544309650909525
csrftoken 7.06713780918728e-05 0.0
ct 0.0001413427561837456 0.6844891178168307
ctx_ver 0.00042402826855123676 0.0
curlie 0.0004946996466431095 0.2340726218464
current 0.0001413427561837456 0.08149303425118301
current_events 7.06713780918728e-05 0.0
currentevents 7.06713780918728e-05 0.0
cursor 7.06713780918728e-05 0.5860490450035782
cx 0.0001413427561837456 0.0
d 0.0001413427561837456 0.017544309650909525
d0 0.0010600706713780918 0.0
d1 0.0002826855123674912 0.0
d33 0.0001413427561837456 0.0
d6 7.06713780918728e-05 0.0
data 0.00303886925795053 0.0
date 0.00042402826855123676 0.02643325706815543
datemodified 0.0001413427561837456 0.0
datepublished 0.0001413427561837456 0.0
dates 0.00021201413427561838 0.02643325706815543
dd 0.0011307420494699647 0.035401927050916
ddf 7.06713780918728e-05 0.0
de 0.0004946996466431095 0.017544309650909525
debugger 7.06713780918728e-05 0.044451762570833796
dec 0.0001413427561837456 0.11995931507897897
dec_systems_research_center 7.06713780918728e-05 0.0
december 0.00021201413427561838 0.02643325706815543
decimal 7.06713780918728e-05 0.11020314013361425
declseq 0.00021201413427561838 0.49643688631389105
decoding 0.0001413427561837456 0.21233263520999412
decoration 0.0001413427561837456 0.0
deduplicate 0.00042402826855123676 0.0
deduplicated 0.00042402826855123676 0.0
depth 0.00021201413427561838 0.0
derivative 0.0001413427561837456 0.09097177820572679
derivative_work 0.0001413427561837456 0.0
description 7.06713780918728e-05 0.0
design 0.0001413427561837456 0.035401927050916
designator 0.0002826855123674912 0.49643688631389105
designed 7.06713780918728e-05 0.0
desktoparticletarget 0.00021201413427561838 0.0
detection 7.06713780918728e-05 0.10054122922187746
deutsch 7.06713780918728e-05 0.0
developed 7.06713780918728e-05 0.017544309650909525
developer 0.00021201413427561838 0.02643325706815543
developers 0.0002826855123674912 0.0
development 0.0002826855123674912 0.017544309650909525
differences 0.0001413427561837456 0.044451762570833796
different 0.00021201413427561838 0.0
digital 0.0001413427561837456 0.035401927050916
digital_equipment_corporation 7.06713780918728e-05 0.0
dir 0.0002826855123674912 0.4682660093471948
disabled 0.0007773851590106007 0.11020314013361425
discipline 7.06713780918728e-05 0.06280090123903044
disclaimers 0.0001413427561837456 0.0
discuss 0.0001413427561837456 0.05358424613410626
discussion 0.0001413427561837456 0.26759531388504365
display 0.0007067137809187279 0.0
div 0.015901060070671377 0.0
dl 0.0007067137809187279 0.22314355131420976
dmca 0.0001413427561837456 0.454472687214859
dmy 0.0002826855123674912 0.08149303425118301
dns 0.0001413427561837456 0.540239508972284
do 0.0002826855123674912 0.0
dobbs 7.06713780918728e-05 0.19105523676270922
doctype 7.06713780918728e-05 0.0
document 0.00042402826855123676 0.09097177820572679
documentelement 0.00021201413427561838 0.0
does 7.06713780918728e-05 0.0
doi 0.0002826855123674912 0.008733679968754631
doi_ 7.06713780918728e-05 0.0
donate 0.00021201413427561838 0.0
donating 7.06713780918728e-05 0.0
download 0.0004946996466431095 0.0
downloadaspdf 7.06713780918728e-05 0.0
downloaded 7.06713780918728e-05 0.10054122922187746
dr 7.06713780918728e-05 0.02643325706815543
drdobbs 7.06713780918728e-05 0.0
dropdown 0.0017667844522968198 0.0
dt 0.0011307420494699647 0.0
dtstart 7.06713780918728e-05 0.0
e 0.00021201413427561838 0.0
e2 7.06713780918728e-05 1.911718784307034
e6e6ff 7.06713780918728e-05 0.0
ebnf 7.06713780918728e-05 0.0
echo 7.06713780918728e-05 0.0
edit 0.0021908127208480565 0.0
editable 0.00021201413427561838 0.49643688631389105
edited 7.06713780918728e-05 0.0
editing 7.06713780918728e-05 0.11020314013361425
editor 0.0001413427561837456 0.044451762570833796
editors 0.0001413427561837456 0.0
editpage 7.06713780918728e-05 0.0
edits 0.0001413427561837456 0.0
editsection 0.0008480565371024735 0.0
edituri 7.06713780918728e-05 0.0
eee 7.06713780918728e-05 0.0
elego 7.06713780918728e-05 0.49643688631389105
element 0.0007067137809187279 0.0
elements 7.06713780918728e-05 0.008733679968754631
ellipsis 0.0001413427561837456 0.2340726218464
else 0.00021201413427561838 0.044451762570833796
elsif 7.06713780918728e-05 0.49643688631389105
elt 0.0001413427561837456 0.0
embedded 7.06713780918728e-05 0.035401927050916
empty 0.0002826855123674912 0.008733679968754631
emptyportlet 0.0001413427561837456 0.0
en 0.0023321554770318023 0.0
enabled 0.0007773851590106007 0.008733679968754631
encouraged 0.0002826855123674912 1.5668782980153044
encyclopedia 0.0001413427561837456 0.0
end 0.0007773851590106007 0.0
engineering 0.00021201413427561838 0.0
english 0.00021201413427561838 0.0
enhancements 7.06713780918728e-05 0.0
entities 7.06713780918728e-05 0.0
entity 0.0002826855123674912 0.0
entityaccesscount 7.06713780918728e-05 0.0
entitypage 0.0001413427561837456 0.0
environment 0.0001413427561837456 0.0
enwiki 7.06713780918728e-05 0.0
enwikimwclientprefs 7.06713780918728e-05 0.0
equipment 0.0001413427561837456 0.26759531388504365
error 0.0001413427561837456 0.11020314013361425
es6 7.06713780918728e-05 0.0
esi 0.0001413427561837456 0.7195804376281008
esitest 7.06713780918728e-05 0.0
eth 0.0004946996466431095 0.08149303425118301
eth_z 7.06713780918728e-05 0.0
eth_zurich 0.0001413427561837456 0.0
ethz 0.0005653710247349824 0.49643688631389105
even 0.0004946996466431095 0.11020314013361425
event 0.0007067137809187279 0.0
eventlogging 0.0001413427561837456 0.0
events 0.0001413427561837456 0.11020314013361425
exact 7.06713780918728e-05 0.0
excelsior 7.06713780918728e-05 0.49643688631389105
executable 0.0001413427561837456 0.0
exist 7.06713780918728e-05 0.0721032939013439
exists 0.0001413427561837456 0.0
exit 7.06713780918728e-05 0.044451762570833796
expand 0.00021201413427561838 0.0
expanded 0.0002826855123674912 0.0
expansion 0.0001413427561837456 0.0
expansiondepth 7.06713780918728e-05 0.0
expensive 7.06713780918728e-05 0.0
expensivefunctioncount 7.06713780918728e-05 0.0
experience 0.0001413427561837456 0.035401927050916
expiry 0.0001413427561837456 0.0
export 7.06713780918728e-05 0.0
exported 7.06713780918728e-05 0.49643688631389105
expr 0.0011307420494699647 0.41419878807691896
expressive 7.06713780918728e-05 0.008733679968754631
exprlist 0.0002826855123674912 0.49643688631389105
ext 0.001978798586572438 0.0
extended 0.0001413427561837456 0.035401927050916
extended_backus 7.06713780918728e-05 0.0
extensible 0.0002826855123674912 0.0
extensible_application_markup_language 7.06713780918728e-05 0.0
extensions 7.06713780918728e-05 0.0
external 0.0017667844522968198 0.0
external_links 0.0002826855123674912 0.0
extiw 7.06713780918728e-05 0.0
extra 7.06713780918728e-05 0.0
f 0.0005653710247349824 0.0
f7f7f7 7.06713780918728e-05 0.0
fa8a495983347898 7.06713780918728e-05 0.0
factor 0.0002826855123674912 0.49643688631389105
fallbacksearchbutton 7.06713780918728e-05 0.0
false 0.0007067137809187279 0.0
family 0.0006360424028268552 0.008733679968754631
favicon 7.06713780918728e-05 0.0
fdfdfd 0.00021201413427561838 0.0
feature 0.0014840989399293287 0.0
featurename 0.00021201413427561838 0.0
february 7.06713780918728e-05 0.017544309650909525
feed 0.0001413427561837456 0.19105523676270922
fieldlist 0.00021201413427561838 0.49643688631389105
fields 7.06713780918728e-05 0.0
file 0.0004946996466431095 0.0
file_upload_wizard 0.0001413427561837456 0.0
files 0.00035335689045936394 0.0
final 0.0001413427561837456 0.02643325706815543
first 0.0010600706713780918 0.0
firstheading 0.00021201413427561838 0.0
float 0.00021201413427561838 0.06280090123903044
flush 0.00035335689045936394 0.0
folding 7.06713780918728e-05 0.3141153295199365
font 0.0012720848056537103 0.14981227822866008
footer 0.0018374558303886925 0.0
for 0.001696113074204947 0.0
form 0.00035335689045936394 0.0
formalpars 0.0002826855123674912 0.49643688631389105
format 0.0005653710247349824 0.035401927050916
formatting 7.06713780918728e-05 0.11020314013361425
former 7.06713780918728e-05 0.06280090123903044
forms 0.0001413427561837456 0.0
forwarddecl 0.0001413427561837456 0.49643688631389105
foundation 0.0006360424028268552 0.0
fpsection 0.00021201413427561838 0.49643688631389105
framework 0.0001413427561837456 0.0
free 0.00035335689045936394 0.0
from 0.0009187279151943462 0.0
full 0.00035335689045936394 0.044451762570833796
fulltext 7.06713780918728e-05 0.0
function 0.00042402826855123676 0.0
fundraiserredirector 7.06713780918728e-05 0.0
further 0.00021201413427561838 0.0
further_reading 0.0002826855123674912 0.0
für 7.06713780918728e-05 0.49643688631389105
g 0.0001413427561837456 0.0
gadget 0.0002826855123674912 0.0
gardens 0.00021201413427561838 0.49643688631389105
gehomepagesuggestededitsenabletopics 7.06713780918728e-05 0.0
general_disclaimer 7.06713780918728e-05 0.0
generator 7.06713780918728e-05 0.0
genre 0.00042402826855123676 0.0
geoip 7.06713780918728e-05 0.0
german 7.06713780918728e-05 0.017544309650909525
github 0.00021201413427561838 0.017544309650909525
given 7.06713780918728e-05 0.008733679968754631
globalcssjs 0.0001413427561837456 0.0
gmbh 7.06713780918728e-05 0.49643688631389105
go 0.0002826855123674912 0.0
googpub 0.0001413427561837456 0.0
goto 7.06713780918728e-05 0.0
gough 0.0001413427561837456 0.48225225132193467
gpcp 7.06713780918728e-05 0.0
grammatical 7.06713780918728e-05 0.08149303425118301
graphical 0.0001413427561837456 0.0721032939013439
graphical_user_interface 7.06713780918728e-05 0.0
gray 7.06713780918728e-05 1.449095262358921
greek 0.0001413427561837456 0.3141153295199365
green 7.06713780918728e-05 0.08149303425118301
greg 0.0001413427561837456 0.19105523676270922
greg_nelson_ 7.06713780918728e-05 0.0
group 0.00303886925795053 0.05358424613410626
growthexperiments 7.06713780918728e-05 0.0
gt 0.0001413427561837456 0.2340726218464
guard 0.00021201413427561838 0.49643688631389105
gui 7.06713780918728e-05 0.0721032939013439
guidance 7.06713780918728e-05 0.2340726218464
guides 7.06713780918728e-05 4.74493212836325
gutknecht 0.00035335689045936394 0.08149303425118301
h 0.00035335689045936394 0.035401927050916
h1 0.0001413427561837456 1.2484245668967697
h2 0.0007067137809187279 1.2484245668967697
hack 0.00042402826855123676 0.0
handles 7.06713780918728e-05 0.0
hans 0.0001413427561837456 0.18058393689541388
hanspeter 0.0001413427561837456 0.08149303425118301
hanspeter_m 7.06713780918728e-05 0.0
has 0.00021201413427561838 0.0
haspopup 0.00035335689045936394 0.0
head 0.00021201413427561838 0.0
header 0.0019081272084805654 0.0
heading 0.0016254416961130741 0.0
headline 0.00042402826855123676 0.0
height 0.000989399293286219 0.0
help 0.0004946996466431095 0.0
here 7.06713780918728e-05 0.008733679968754631
heritage 7.06713780918728e-05 0.49643688631389105
hidden 0.0009187279151943462 0.0
hide 0.0001413427561837456 0.0
highest 7.06713780918728e-05 0.0
highlight 0.0001413427561837456 3.1354942159291497
historical 7.06713780918728e-05 0.40112670650956617
history 0.00042402826855123676 0.0
hlist 0.004098939929328622 0.0
hoare 0.0001413427561837456 0.08149303425118301
home 0.0001413427561837456 0.008733679968754631
hor 0.0001413427561837456 0.0
hosted 7.06713780918728e-05 0.0721032939013439
how 0.00035335689045936394 0.0
however 0.0002826855123674912 0.0
href 0.017597173144876323 0.0
hreflang 0.0002826855123674912 0.0
html 0.0002826855123674912 0.06280090123903044
http 0.0015547703180212014 0.017544309650909525
https 0.002402826855123675 0.0
hub 7.06713780918728e-05 0.2451224580329849
i 0.0014134275618374558 0.0
ico 7.06713780918728e-05 0.0
icon 0.0024734982332155478 0.0
icons 0.0002826855123674912 0.0
id 0.01060070671378092 0.0
ide 0.00021201413427561838 0.02643325706815543
ident 0.0011307420494699647 0.49643688631389105
identdef 0.0004946996466431095 0.49643688631389105
identifier 0.0007067137809187279 0.044451762570833796
identlist 0.00021201413427561838 0.49643688631389105
idhash 7.06713780918728e-05 0.0
if 0.00021201413427561838 0.0
ile 0.0001413427561837456 0.2340726218464
image 0.00021201413427561838 0.0
imageobject 0.0001413427561837456 0.0
images 0.0008480565371024735 0.0
img 0.0005653710247349824 0.0
imperative 0.0001413427561837456 0.08149303425118301
imperative_programming 7.06713780918728e-05 0.0
implement 7.06713780918728e-05 0.05358424613410626
implementation 7.06713780918728e-05 0.0
import 7.06713780918728e-05 0.0721032939013439
importlist 0.0001413427561837456 0.49643688631389105
improvements 7.06713780918728e-05 0.08149303425118301
in 0.00303886925795053 0.0
inc 0.00021201413427561838 0.0
include 0.0001413427561837456 0.0
includes 0.0001413427561837456 0.05358424613410626
incompatible 7.06713780918728e-05 0.09097177820572679
increment 7.06713780918728e-05 0.06280090123903044
index 0.0018374558303886925 0.0
indicators 7.06713780918728e-05 0.454472687214859
inf 0.00035335689045936394 0.0
influenced 7.06713780918728e-05 0.008733679968754631
info 0.0012720848056537103 0.044451762570833796
infobox 0.0021908127208480565 0.008733679968754631
infobox_programming_language 0.0001413427561837456 0.008733679968754631
informatica 0.0001413427561837456 0.13976194237515863
information 0.00021201413427561838 0.0
inherit 0.0007067137809187279 0.11020314013361425
init 0.00021201413427561838 0.0
initially 7.06713780918728e-05 0.017544309650909525
inline 0.000989399293286219 0.05358424613410626
inner 0.0002826855123674912 0.0
input 0.0008480565371024735 0.0
inside 0.0001413427561837456 0.0
instead 7.06713780918728e-05 0.0
institut 7.06713780918728e-05 0.49643688631389105
integrated 0.0001413427561837456 0.0
integrated_development_environment 7.06713780918728e-05 0.0
interaction 0.00021201413427561838 0.0
interface 0.00042402826855123676 0.0
interfacing 7.06713780918728e-05 0.17022114985986725
interlanguage 0.0009187279151943462 0.0
interwiki 0.0002826855123674912 0.0
introduction 0.00021201413427561838 0.11020314013361425
ip 0.0001413427561837456 0.3141153295199365
is 0.0009187279151943462 0.0
isbn 0.0008480565371024735 0.0
isbn_ 0.0002826855123674912 0.0
issue 7.06713780918728e-05 0.14981227822866008
it 0.0012720848056537103 0.0
italian 7.06713780918728e-05 0.3629054936893685
italiano 7.06713780918728e-05 0.0
item 0.004169611307420495 0.0
items 7.06713780918728e-05 0.0
its 0.0001413427561837456 0.0
j 0.00035335689045936394 0.0
ja 0.0002826855123674912 0.3141153295199365
january 0.0001413427561837456 0.0
japanese 7.06713780918728e-05 0.2340726218464
java 0.0001413427561837456 0.0
java_virtual_machine 7.06713780918728e-05 0.0
jensen 0.0001413427561837456 0.08149303425118301
jmr272 0.0001413427561837456 0.0
johannes 0.0001413427561837456 0.3141153295199365
johannes_kepler_university_linz 7.06713780918728e-05 0.0
john 0.0001413427561837456 0.08149303425118301
josef 7.06713780918728e-05 0.49643688631389105
journal 0.0001413427561837456 0.008733679968754631
jquery 0.00021201413427561838 0.0
js 0.0001413427561837456 0.0
json 0.0001413427561837456 0.11995931507897897
jtempl 7.06713780918728e-05 0.0
jtitle 0.0001413427561837456 0.0
july 0.0001413427561837456 0.008733679968754631
jump 0.0001413427561837456 0.0
june 0.0004946996466431095 0.017544309650909525
jvm 0.0001413427561837456 0.12981161152199053
jürg 0.0002826855123674912 0.08149303425118301
k 0.013074204946996466 0.0
kathleen 0.0001413427561837456 0.2340726218464
kb 0.0001413427561837456 0.044451762570833796
kepler 0.0001413427561837456 0.49643688631389105
kern 0.0001413427561837456 0.0
key 7.06713780918728e-05 0.0
knudsen 7.06713780918728e-05 0.49643688631389105
koskimies 0.0001413427561837456 0.49643688631389105
kronos 0.00021201413427561838 0.49643688631389105
kronos_ 0.0001413427561837456 0.0
l 7.06713780918728e-05 0.008733679968754631
label 0.003816254416961131 0.0
labelledby 0.0001413427561837456 0.0
landmark 0.0002826855123674912 0.0
lang 0.001342756183745583 0.0
langlinks 0.0001413427561837456 0.0
language 0.0028975265017667845 0.0
languages 0.0004946996466431095 0.0
last 0.0010600706713780918 0.0
lastmod 7.06713780918728e-05 0.0
latest 7.06713780918728e-05 0.0721032939013439
lazy 0.0001413427561837456 0.008733679968754631
ld 0.0001413427561837456 0.7195804376281008
learn 0.00035335689045936394 0.0
left 0.0010600706713780918 0.0
level 0.00035335689045936394 0.0
levels 7.06713780918728e-05 0.0
lexical 7.06713780918728e-05 0.08149303425118301
li 0.018798586572438162 0.0
libraries 7.06713780918728e-05 0.0
license 0.0002826855123674912 0.0
licenses 0.0001413427561837456 0.12981161152199053
lilith 0.0002826855123674912 0.49643688631389105
lilith_ 0.00021201413427561838 0.0
limit 0.0007773851590106007 0.0
limited 0.0004946996466431095 0.008733679968754631
limitreport 0.00021201413427561838 0.0
line 0.00021201413427561838 0.008733679968754631
link 0.002614840989399293 0.08149303425118301
linked 0.0001413427561837456 0.0721032939013439
linking 7.06713780918728e-05 0.19105523676270922
links 0.0017667844522968198 0.0
linz 0.00035335689045936394 0.49643688631389105
list 0.00812720848056537 0.0
listbullet 0.00021201413427561838 0.0
listitem 0.0002826855123674912 0.0
load 0.00021201413427561838 0.0
loadable 7.06713780918728e-05 0.49643688631389105
loaded 7.06713780918728e-05 0.0
loader 0.0001413427561837456 0.035401927050916
loading 0.00021201413427561838 0.0
loc 7.06713780918728e-05 0.0
lock 0.0007773851590106007 0.11020314013361425
log 0.0004946996466431095 0.0
logged 0.0001413427561837456 0.0
login 0.00035335689045936394 0.3141153295199365
logo 0.0005653710247349824 0.0
lola 0.0001413427561837456 0.08149303425118301
lola_ 7.06713780918728e-05 0.0
loop 7.06713780918728e-05 0.035401927050916
lower 0.00042402826855123676 0.044451762570833796
lt 0.0001413427561837456 0.20163734609324613
ltr 0.0006360424028268552 0.0
lua 0.0001413427561837456 0.0
luca 0.0001413427561837456 0.49643688631389105
luca_cardelli 7.06713780918728e-05 0.0
m 0.0002826855123674912 0.08149303425118301
machine 0.00042402826855123676 0.0
made 0.0001413427561837456 0.035401927050916
main 0.0017667844522968198 0.0
main_page 0.0001413427561837456 0.0
mainentity 0.0001413427561837456 0.0
mainpage 7.06713780918728e-05 0.0
maint 7.06713780918728e-05 0.09097177820572679
makecollapsible 0.00021201413427561838 0.0
mandatory 0.0002826855123674912 0.2340726218464
manual 0.0001413427561837456 0.035401927050916
march 7.06713780918728e-05 0.017544309650909525
margin 0.0012720848056537103 0.0
markup 0.0001413427561837456 0.0
mart 7.06713780918728e-05 0.0
martin 0.0001413427561837456 0.09097177820572679
martín 0.0001413427561837456 0.49643688631389105
match 7.06713780918728e-05 0.008733679968754631
max 0.0001413427561837456 0.11020314013361425
may 0.00021201413427561838 0.0
media 0.0001413427561837456 0.11995931507897897
mediawiki 0.0005653710247349824 0.0
medos 7.06713780918728e-05 0.49643688631389105
members 0.0001413427561837456 0.0
memory 7.06713780918728e-05 0.0
memusage 7.06713780918728e-05 0.0
menu 0.0069964664310954066 0.0
message 0.0001413427561837456 0.0
meta 0.0009187279151943462 0.09097177820572679
methattributes 0.00021201413427561838 0.49643688631389105
microsoft 7.06713780918728e-05 0.0
microsystems 0.00042402826855123676 0.22314355131420976
min 7.06713780918728e-05 0.11020314013361425
minerva 0.0004946996466431095 0.0
mini 0.00021201413427561838 0.20163734609324613
minor 7.06713780918728e-05 0.14981227822866008
mmv 0.0001413427561837456 0.0
mobile 0.00021201413427561838 0.0
mobileaction 7.06713780918728e-05 0.0
mobileview 7.06713780918728e-05 0.0
mod 7.06713780918728e-05 0.044451762570833796
modtooberon 7.06713780918728e-05 0.0
modula 0.00303886925795053 0.06280090123903044
modula_programming_language_family 0.0001413427561837456 0.0
modular 0.0001413427561837456 0.14981227822866008
modular_programming 7.06713780918728e-05 0.0
module 0.00021201413427561838 0.044451762570833796
modules 0.00021201413427561838 0.0721032939013439
more 0.0012014134275618374 0.0
move 7.06713780918728e-05 0.0
moved 7.06713780918728e-05 0.0
ms 7.06713780918728e-05 0.0
mulop 0.0001413427561837456 0.49643688631389105
mw 0.025936395759717314 0.0
mw1415 7.06713780918728e-05 0.0
mw2337 0.0001413427561837456 0.49643688631389105
mycontributions 7.06713780918728e-05 0.0
mytalk 7.06713780918728e-05 0.0
mössenböck 0.00042402826855123676 0.08149303425118301
n 0.0011307420494699647 0.08149303425118301
name 0.0022614840989399294 0.0
named 0.00021201413427561838 0.008733679968754631
namespaces 7.06713780918728e-05 0.21233263520999412
naur 0.0001413427561837456 0.0721032939013439
nav 0.000989399293286219 0.7018808605286999
navbar 0.0012014134275618374 0.20163734609324613
navbox 0.008409893992932863 0.0
navigation 0.0008480565371024735 0.0
navigationtiming 7.06713780918728e-05 0.0
nearby 7.06713780918728e-05 0.0
needed 7.06713780918728e-05 0.0
nelson 0.0001413427561837456 0.2340726218464
net 0.0005653710247349824 0.0
net_framework 7.06713780918728e-05 0.0
net_framework_3 7.06713780918728e-05 0.0
net_programming_languages 7.06713780918728e-05 0.0
new 0.0002826855123674912 0.0
newpp 7.06713780918728e-05 0.0
niklaus 0.001696113074204947 0.08149303425118301
niklaus_wirth 0.0007773851590106007 0.0
nil 7.06713780918728e-05 0.0721032939013439
nl 0.0001413427561837456 0.0721032939013439
no 0.00042402826855123676 0.0
node 7.06713780918728e-05 0.0
nofollow 0.0015547703180212014 0.0
noicon 0.00035335689045936394 0.0
nojs 7.06713780918728e-05 0.0
non 7.06713780918728e-05 0.0
none 0.0015547703180212014 0.21233263520999412
noprint 0.0002826855123674912 0.37548427589622857
normal 0.00035335689045936394 0.008733679968754631
noscript 0.0002826855123674912 0.0
nosnippet 7.06713780918728e-05 0.0
not 0.00035335689045936394 0.0
notes 7.06713780918728e-05 0.008733679968754631
notice 7.06713780918728e-05 0.11020314013361425
novel 7.06713780918728e-05 0.12981161152199053
november 0.00021201413427561838 0.0
noviewer 0.0001413427561837456 0.0
novosibirsk 0.00021201413427561838 0.49643688631389105
nowrap 0.0001413427561837456 0.035401927050916
nowraplinks 0.00042402826855123676 0.0
ns 0.0001413427561837456 0.19105523676270922
nstab 7.06713780918728e-05 0.0
null 7.06713780918728e-05 0.0
numb 0.0002826855123674912 0.0
number 0.0001413427561837456 0.0
nv 0.00021201413427561838 0.0
o 0.0029681978798586574 0.035401927050916
oberon 0.00480565371024735 0.08149303425118301
oberon2 0.00021201413427561838 0.0
oberon_ 0.00042402826855123676 0.0
oberon_programming_language_family 0.0001413427561837456 0.0
object 0.0004946996466431095 0.0
object_oberon 7.06713780918728e-05 0.0
objects 0.0001413427561837456 0.0
obliq 0.00021201413427561838 0.49643688631389105
ocf 7.06713780918728e-05 0.49643688631389105
october 7.06713780918728e-05 0.02643325706815543
odc 0.0001413427561837456 0.49643688631389105
odd 0.0008480565371024735 0.11995931507897897
ode 7.06713780918728e-05 0.6505875661411494
of 0.0025441696113074207 0.0
off 7.06713780918728e-05 0.02643325706815543
official 0.00042402826855123676 0.017544309650909525
official_website 0.0001413427561837456 0.49643688631389105
official_website_different_in_wikidata_and_wikipedia 7.06713780918728e-05 0.0
ofront 0.0001413427561837456 0.49643688631389105
og 0.0001413427561837456 0.0
ol 0.001342756183745583 0.0
oldid 0.00021201413427561838 0.0
oleg 7.06713780918728e-05 0.0
olivetti 0.00021201413427561838 0.49643688631389105
on 0.0007067137809187279 0.0
one 0.0001413427561837456 0.0
ongoing 7.06713780918728e-05 0.41419878807691896
onlinelibrary 7.06713780918728e-05 0.0
only 0.00035335689045936394 0.0
open 0.00035335689045936394 0.017544309650909525
opensearch_desc 7.06713780918728e-05 0.0
opensearchdescription 7.06713780918728e-05 0.0
operating 0.0004946996466431095 0.035401927050916
operating_system 0.00035335689045936394 0.540239508972284
operating_systems 7.06713780918728e-05 0.0
options 0.00035335689045936394 0.0
or 0.0001413427561837456 0.0
orc 7.06713780918728e-05 0.49643688631389105
org 0.005017667844522968 0.0
organiser 7.06713780918728e-05 0.0
organization 0.00035335689045936394 0.0
organizations 0.0001413427561837456 0.0
oriented 0.0001413427561837456 0.0
oriented_programming 7.06713780918728e-05 0.2340726218464
origin 0.00035335689045936394 0.11020314013361425
originally 7.06713780918728e-05 0.0
osf 7.06713780918728e-05 0.49643688631389105
other 7.06713780918728e-05 0.0
others 0.0001413427561837456 0.14981227822866008
out 0.00021201413427561838 0.0
output 0.009823321554770318 0.008733679968754631
over 0.0001413427561837456 0.008733679968754631
overflow 0.0001413427561837456 0.19105523676270922
own 7.06713780918728e-05 0.0721032939013439
p 0.01639575971731449 0.0
padding 0.0032508833922261482 0.0
page 0.0034628975265017666 0.0
pagelanguagecode 7.06713780918728e-05 0.0
pagelanguagedir 7.06713780918728e-05 0.0
pageprop 7.06713780918728e-05 0.0
pages 0.0007067137809187279 0.0
pagevariantfallbacks 7.06713780918728e-05 0.0
panel 0.0002826855123674912 0.0
papers 0.0001413427561837456 0.19105523676270922
paradigm 7.06713780918728e-05 0.017544309650909525
paradigms 7.06713780918728e-05 0.26759531388504365
parsed 7.06713780918728e-05 0.0
parser 0.009964664310954064 0.0
pascal 0.0029681978798586574 0.044451762570833796
pascal_ 0.00021201413427561838 0.0
past 7.06713780918728e-05 0.14981227822866008
patroltoken 7.06713780918728e-05 0.0
pcache 7.06713780918728e-05 0.0
pdf 0.0012720848056537103 0.0
people 0.0001413427561837456 0.02643325706815543
permalink 7.06713780918728e-05 0.0
permanent 0.0001413427561837456 0.035401927050916
personal 0.0007067137809187279 0.0
peter 0.0001413427561837456 0.0721032939013439
pfister 7.06713780918728e-05 0.49643688631389105
php 0.0021908127208480565 0.0
pin 0.0001413427561837456 0.454472687214859
pinnable 0.0008480565371024735 0.0
pinned 0.0007067137809187279 0.0
placeholder 7.06713780918728e-05 0.0
places 0.0006360424028268552 0.035401927050916
plainlinks 7.06713780918728e-05 0.0
planned 7.06713780918728e-05 0.02643325706815543
platforms 7.06713780918728e-05 0.0
png 0.0011307420494699647 0.0
point 0.00021201413427561838 0.02643325706815543
pointer 7.06713780918728e-05 0.0
policy 0.0001413427561837456 0.0
popups 7.06713780918728e-05 0.0
portal 0.00021201413427561838 0.06280090123903044
portlet 0.0019081272084805654 0.0
position 7.06713780918728e-05 0.008733679968754631
post 0.0001413427561837456 0.0
postexpandincludesize 7.06713780918728e-05 0.0
powered 7.06713780918728e-05 1.1340142157190256
poweredby_mediawiki_132x47 7.06713780918728e-05 0.0
poweredby_mediawiki_176x62 7.06713780918728e-05 0.0
poweredby_mediawiki_88x31 7.06713780918728e-05 0.0
poweredbyico 7.06713780918728e-05 0.0
ppvisitednodes 7.06713780918728e-05 0.0
practice 0.0001413427561837456 0.19105523676270922
pre 0.0001413427561837456 0.02643325706815543
preconnect 7.06713780918728e-05 0.0
prefetch 0.0001413427561837456 0.0
preprocessor 7.06713780918728e-05 0.0
presented 7.06713780918728e-05 0.10054122922187746
preserves 7.06713780918728e-05 0.49643688631389105
preview 7.06713780918728e-05 0.14981227822866008
print 0.0001413427561837456 0.0
print_export 0.00021201413427561838 0.0
printable 0.00021201413427561838 0.14981227822866008
printfooter 7.06713780918728e-05 0.0
privacy 0.00021201413427561838 0.0
privacy_policy 0.0001413427561837456 0.0
probably 7.06713780918728e-05 0.044451762570833796
procdecl 0.0001413427561837456 0.49643688631389105
procedure 0.00021201413427561838 0.035401927050916
procedures 7.06713780918728e-05 0.035401927050916
productions 7.06713780918728e-05 0.49643688631389105
profiler 7.06713780918728e-05 0.0
profit 7.06713780918728e-05 0.0
proginoberon 0.0001413427561837456 0.0
programming 0.002756183745583039 0.0
programming_language 0.0006360424028268552 0.008733679968754631
programming_paradigm 7.06713780918728e-05 0.0
progressive 0.00021201413427561838 0.0
project 0.0001413427561837456 0.0
projectoberon 0.0001413427561837456 0.0
projects 0.0001413427561837456 0.06280090123903044
property 0.00021201413427561838 0.008733679968754631
pt 0.00042402826855123676 0.02643325706815543
pub 0.0002826855123674912 0.26759531388504365
published 7.06713780918728e-05 0.044451762570833796
publisher 0.0001413427561837456 0.41419878807691896
push 0.00021201413427561838 0.0
pygments 0.0001413427561837456 0.0
q 0.0005653710247349824 0.0
q1121719 0.0004946996466431095 0.49643688631389105
qualident 0.0004946996466431095 0.49643688631389105
queensland 0.0001413427561837456 0.49643688631389105
queensland_university_of_technology 7.06713780918728e-05 0.0
quick 7.06713780918728e-05 0.0
quiet 0.00042402826855123676 0.0
quot 0.01088339222614841 0.0
quotes 7.06713780918728e-05 0.19105523676270922
r 0.0001413427561837456 0.0
r1011085734 7.06713780918728e-05 0.0
r1061467846 7.06713780918728e-05 0.0
r1063604349 7.06713780918728e-05 0.0
r1066479718 7.06713780918728e-05 0.0
r1129693374 0.0001413427561837456 0.0
r1133582631 0.00042402826855123676 0.0
random 0.0001413427561837456 0.21233263520999412
randomly 7.06713780918728e-05 0.2340726218464
randompage 7.06713780918728e-05 0.0
raw 7.06713780918728e-05 0.11020314013361425
re 0.0001413427561837456 0.02643325706815543
read 0.0001413427561837456 0.11020314013361425
reading 0.00021201413427561838 0.0
ready 0.001342756183745583 0.0
real 7.06713780918728e-05 0.0
receiver 0.00021201413427561838 0.49643688631389105
recent 0.00021201413427561838 0.0721032939013439
recentchanges 0.00021201413427561838 0.0
recentchangeslinked 0.0001413427561837456 0.0
record 7.06713780918728e-05 0.035401927050916
recursion 7.06713780918728e-05 0.0
red 7.06713780918728e-05 0.12981161152199053
redirect 0.000989399293286219 0.02643325706815543
redlink 7.06713780918728e-05 0.0
reduced 7.06713780918728e-05 0.0
reference 0.0008480565371024735 0.035401927050916
references 0.0007067137809187279 0.0
referencetooltips 7.06713780918728e-05 0.0
referrer 0.00021201413427561838 0.0
refinement 7.06713780918728e-05 0.49643688631389105
reflist 0.0010600706713780918 0.0
registered 7.06713780918728e-05 0.0
registration 0.0001413427561837456 0.5705448584676129
reiser 0.0001413427561837456 0.19105523676270922
rel 0.0031802120141342758 0.0
related 0.0001413427561837456 0.02643325706815543
relation 0.0001413427561837456 0.008733679968754631
release 0.0002826855123674912 0.02643325706815543
released 0.0002826855123674912 0.017544309650909525
rendering 7.06713780918728e-05 0.0
repeat 0.00035335689045936394 0.0721032939013439
replace 7.06713780918728e-05 0.008733679968754631
report 0.00042402826855123676 0.0
require 7.06713780918728e-05 0.0
research 0.00042402826855123676 0.02643325706815543
reset 7.06713780918728e-05 0.044451762570833796
resourceloaderdynamicstyles 7.06713780918728e-05 0.0
retrieved 7.06713780918728e-05 0.0
return 7.06713780918728e-05 0.0
returnto 0.0002826855123674912 0.0
revision 0.00021201413427561838 0.0
revisions 7.06713780918728e-05 0.6844891178168307
rfr_id 0.00042402826855123676 0.0
rft 0.0035335689045936395 0.0
rft_id 0.00021201413427561838 0.0
rft_val_fmt 0.00042402826855123676 0.0
rgba 7.06713780918728e-05 0.0
rich 7.06713780918728e-05 0.18058393689541388
right 0.0008480565371024735 0.0
rl 7.06713780918728e-05 0.0
rlconf 7.06713780918728e-05 0.0
rlpagemodules 7.06713780918728e-05 0.0
rlq 0.00042402826855123676 0.0
rlstate 7.06713780918728e-05 0.0
robots 7.06713780918728e-05 0.5108256237659907
role 0.0010600706713780918 0.0
roman 0.0002826855123674912 0.37548427589622857
rootpage 7.06713780918728e-05 0.0
row 0.0016254416961130741 0.11020314013361425
rsd 0.0001413427561837456 0.0
ru 0.0002826855123674912 0.8947845266531914
runtime 7.06713780918728e-05 0.0
russian 7.06713780918728e-05 0.540239508972284
s 0.0004946996466431095 0.0
s2 0.005441696113074205 0.7195804376281008
sa 0.0001413427561837456 0.0
sameas 0.0001413427561837456 0.0
saved 7.06713780918728e-05 0.0
schema 0.0001413427561837456 0.02643325706815543
science 0.00021201413427561838 0.008733679968754631
sciences 0.0001413427561837456 0.035401927050916
scientist 7.06713780918728e-05 0.2340726218464
scope 0.0019081272084805654 0.0721032939013439
scope_ 0.0001413427561837456 0.0
screen 0.0001413427561837456 0.044451762570833796
scribunto 7.06713780918728e-05 0.044451762570833796
script 0.000989399293286219 0.14981227822866008
scripts 7.06713780918728e-05 0.10054122922187746
search 0.0019081272084805654 0.0
searchbutton 0.0002826855123674912 0.0
searchform 7.06713780918728e-05 0.0
searchinput 7.06713780918728e-05 0.0
seconds 0.00021201413427561838 0.0
section 0.0005653710247349824 0.008733679968754631
see 7.06713780918728e-05 0.0
selected 0.0002826855123674912 0.008733679968754631
selector 7.06713780918728e-05 0.0
selflink 0.00021201413427561838 0.0
sentences 7.06713780918728e-05 0.0
september 7.06713780918728e-05 0.008733679968754631
set 0.00035335689045936394 0.0
several 7.06713780918728e-05 0.0
sha1 7.06713780918728e-05 0.0
shadow 0.00021201413427561838 0.26759531388504365
sharealike 7.06713780918728e-05 0.0
sharealike_3 7.06713780918728e-05 0.0
show 0.0002826855123674912 0.0
shown 7.06713780918728e-05 0.008733679968754631
sici 0.0001413427561837456 0.49643688631389105
sidebar 0.0007773851590106007 0.0
similarity 7.06713780918728e-05 0.1599646496926782
simpleexpr 0.00021201413427561838 0.49643688631389105
simplesearch 7.06713780918728e-05 0.0
since 7.06713780918728e-05 0.008733679968754631
site 0.00035335689045936394 0.0
sitedir 7.06713780918728e-05 0.0
sitelinks 7.06713780918728e-05 0.0
sitenotice 0.0001413427561837456 0.0
sitesub 7.06713780918728e-05 0.0
sitesupport 7.06713780918728e-05 0.0
size 0.0010600706713780918 0.0
sizing 7.06713780918728e-05 0.11020314013361425
skin 0.0009187279151943462 0.8131064956389242
skins 0.00042402826855123676 0.0
small 0.0002826855123674912 0.0
software 0.0006360424028268552 0.017544309650909525
software_developer 7.06713780918728e-05 0.0
solid 0.00021201413427561838 0.19105523676270922
solutions 7.06713780918728e-05 0.008733679968754631
some 7.06713780918728e-05 0.0
source 0.0007773851590106007 0.0
source_software 7.06713780918728e-05 0.0
soviet 0.0002826855123674912 0.49643688631389105
space 0.0001413427561837456 0.0721032939013439
spacing 0.0005653710247349824 0.0
span 0.08303886925795052 0.044451762570833796
spe34 0.00035335689045936394 0.49643688631389105
special 0.0021201413427561835 0.0
specialpages 0.0001413427561837456 0.0
spin 7.06713780918728e-05 0.49643688631389105
springer 0.0002826855123674912 0.18058393689541388
src 0.0007773851590106007 0.0
srcset 0.0002826855123674912 0.0
ssw 0.00021201413427561838 0.0
standard 7.06713780918728e-05 0.0
start 0.0001413427561837456 0.0721032939013439
startup 0.0001413427561837456 0.0
statement 0.0002826855123674912 0.0
statementseq 0.0011307420494699647 0.49643688631389105
static 0.0010600706713780918 0.0
static_typing 7.06713780918728e-05 0.0
statistics 7.06713780918728e-05 0.0
stats 7.06713780918728e-05 0.0
statslink 7.06713780918728e-05 0.0
status 7.06713780918728e-05 0.0
steps 0.0001413427561837456 0.10054122922187746
sticky 0.0001413427561837456 0.0
stopmobileredirecttoggle 7.06713780918728e-05 0.0
string 0.00021201413427561838 0.0
string_ 7.06713780918728e-05 0.0
strong 0.0001413427561837456 0.008733679968754631
strong_and_weak_typing 7.06713780918728e-05 0.0
structured 0.00035335689045936394 0.035401927050916
structured_programming 7.06713780918728e-05 0.0
structuring 0.0001413427561837456 0.13976194237515863
style 0.006713780918727915 0.0
styles 0.000989399293286219 0.0
stylesheet 0.0001413427561837456 0.0
subbox 7.06713780918728e-05 0.0
subgroup 0.0007067137809187279 0.0
subheader 7.06713780918728e-05 0.0
subject 7.06713780918728e-05 0.10054122922187746
sublist 0.0002826855123674912 0.0
submit 0.0001413427561837456 0.0
subscription 0.0001413427561837456 0.0
subtitle 7.06713780918728e-05 0.0
such 7.06713780918728e-05 0.0
suggestededitsession 7.06713780918728e-05 0.0
summary 7.06713780918728e-05 0.14981227822866008
sup 0.0008480565371024735 0.0
support 0.00021201413427561838 0.0
supported 7.06713780918728e-05 0.06280090123903044
supports 7.06713780918728e-05 0.008733679968754631
svg 0.0012720848056537103 0.0
switcher 7.06713780918728e-05 0.0
symbol 0.0001413427561837456 0.008733679968754631
symbol_category_class 0.0008480565371024735 0.0
syntax 0.0005653710247349824 0.0
system 0.0007067137809187279 0.0
systems 0.00035335689045936394 0.02643325706815543
szyperski 7.06713780918728e-05 0.49643688631389105
t 0.0008480565371024735 0.02643325706815543
tab 0.00035335689045936394 0.19105523676270922
tabindex 0.0001413427561837456 0.0
table 0.001342756183745583 0.0
tabs 0.0001413427561837456 4.051784947803305
tagline 0.00021201413427561838 0.0
tags 7.06713780918728e-05 0.0
taken 7.06713780918728e-05 0.10054122922187746
talk 0.00042402826855123676 0.05358424613410626
target 0.00042402826855123676 0.0
targetloader 7.06713780918728e-05 0.0
tb 0.00021201413427561838 0.0
tbody 0.000989399293286219 0.0
td 0.004240282685512367 0.0
team 7.06713780918728e-05 0.02643325706815543
technology 0.0001413427561837456 0.017544309650909525
telephone 7.06713780918728e-05 0.48225225132193467
templ 7.06713780918728e-05 0.49643688631389105
template 0.0021201413427561835 0.0
template_talk 7.06713780918728e-05 0.0
templateargumentsize 7.06713780918728e-05 0.0
templatestyles 0.0008480565371024735 0.0
term 0.00021201413427561838 0.008733679968754631
terms 0.0001413427561837456 0.0
terms_of_use 7.06713780918728e-05 0.0
text 0.003674911660777385 0.0
text_of_the_creative_commons_attribution 7.06713780918728e-05 0.0
th 0.0035335689045936395 1.8545603704670854
than 7.06713780918728e-05 0.0
that 0.0001413427561837456 0.0
the 0.003816254416961131 0.0
their 7.06713780918728e-05 0.008733679968754631
them 7.06713780918728e-05 0.0
then 0.0001413427561837456 0.0
they 7.06713780918728e-05 0.008733679968754631
this 0.0017667844522968198 0.0
thumb 0.00042402826855123676 0.0
thumbnail 7.06713780918728e-05 0.0
time 0.00042402826855123676 0.0
timestamp 0.0001413427561837456 0.0
timeusage 7.06713780918728e-05 0.0
timingprofile 7.06713780918728e-05 0.0
title 0.016042402826855123 0.0
titlebar 0.0005653710247349824 0.0
titleform 7.06713780918728e-05 0.0
to 0.002402826855123675 0.0
toc 0.005159010600706714 0.0
together 0.0001413427561837456 0.02643325706815543
toggle 0.0006360424028268552 0.0
toggle_view_mobile 7.06713780918728e-05 0.0
tokens 7.06713780918728e-05 3.6463198396951406
tony 0.0001413427561837456 0.08149303425118301
tony_hoare 7.06713780918728e-05 0.0
took 7.06713780918728e-05 0.10054122922187746
toolbar 0.00021201413427561838 0.0
tools 0.0006360424028268552 0.0
top 0.0004946996466431095 0.0
total 0.0001413427561837456 0.0
touch 0.0001413427561837456 2.4423470353692043
tr 0.004664310954063605 0.08149303425118301
trademark 7.06713780918728e-05 0.0
tradition 0.0001413427561837456 0.19105523676270922
transclusion 7.06713780918728e-05 0.0
transientcontent 7.06713780918728e-05 0.0
transparent 0.00042402826855123676 0.11020314013361425
transpiler 0.00021201413427561838 0.2905848321097423
triggered 7.06713780918728e-05 0.0
true 0.001696113074204947 0.0
ttl 7.06713780918728e-05 0.0
type 0.0032508833922261482 0.0
type_system 0.0001413427561837456 0.06280090123903044
typedecl 0.0001413427561837456 0.49643688631389105
typing 0.00021201413427561838 0.008733679968754631
u 0.0001413427561837456 0.035401927050916
ui 0.003745583038869258 0.0
ul 0.0057243816254416964 0.0
uls 0.00035335689045936394 0.0
ument 7.06713780918728e-05 0.0
under 7.06713780918728e-05 0.0
understanding 0.0001413427561837456 0.02643325706815543
uni 0.00021201413427561838 0.17022114985986725
union 0.0001413427561837456 0.017544309650909525
university 0.0002826855123674912 0.08149303425118301
unpin 0.0001413427561837456 0.0
unpinned 0.0001413427561837456 0.0
unstrip 0.0002826855123674912 0.0
until 7.06713780918728e-05 0.008733679968754631
updated 0.0001413427561837456 0.08149303425118301
upload 0.0011307420494699647 0.14981227822866008
upper 0.0002826855123674912 0.11020314013361425
url 0.0007067137809187279 0.0721032939013439
us 0.00021201413427561838 0.02643325706815543
usage 0.0002826855123674912 0.0
use 0.00042402826855123676 0.0
use_dmy_dates 0.0001413427561837456 0.1599646496926782
use_dmy_dates_from_june_2022 7.06713780918728e-05 0.0
used 7.06713780918728e-05 0.0
uselang 7.06713780918728e-05 0.0
user 0.0023321554770318023 0.0
user_interface 7.06713780918728e-05 0.0
useradd 0.0001413427561837456 0.0
userlogin 0.0001413427561837456 0.0
uses 0.0001413427561837456 0.008733679968754631
using 7.06713780918728e-05 0.0
utc 7.06713780918728e-05 0.0
utf 7.06713780918728e-05 0.21233263520999412
utm_campaign 7.06713780918728e-05 0.0
utm_medium 7.06713780918728e-05 0.0
utm_source 7.06713780918728e-05 0.0
ux 7.06713780918728e-05 0.0
v 7.06713780918728e-05 0.044451762570833796
v1 0.0001413427561837456 0.37548427589622857
value 0.0009187279151943462 0.0
var 0.00035335689045936394 0.11020314013361425
vardecl 0.0001413427561837456 0.49643688631389105
variables 7.06713780918728e-05 0.008733679968754631
variant 0.00021201413427561838 0.0
variants 0.00042402826855123676 0.0
vary 7.06713780918728e-05 0.0
ve 7.06713780918728e-05 0.25629575863111026
vector 0.016607773851590107 0.0
verlag 0.0002826855123674912 0.18058393689541388
version 0.00042402826855123676 0.0
vevent 7.06713780918728e-05 0.0
view 0.0007773851590106007 0.0
viewport 7.06713780918728e-05 0.0
views 0.00021201413427561838 0.02643325706815543
virtual 0.0001413427561837456 0.0
visible 7.06713780918728e-05 0.044451762570833796
visit 0.0001413427561837456 0.0
visited 7.06713780918728e-05 0.0
visualeditor 0.0002826855123674912 0.0
volume 0.0001413427561837456 0.08149303425118301
volunteers 7.06713780918728e-05 0.26759531388504365
vue 0.0001413427561837456 0.11995931507897897
w 0.0021201413427561835 0.0
walltime 7.06713780918728e-05 0.0
was 0.0006360424028268552 0.0
watchlist 7.06713780918728e-05 0.0
watchtoken 7.06713780918728e-05 0.0
way 7.06713780918728e-05 0.008733679968754631
wayback 0.0004946996466431095 0.11995931507897897
wayback_machine 0.0001413427561837456 0.0
wb 0.0001413427561837456 0.0
wbc 7.06713780918728e-05 0.0
wbr 7.06713780918728e-05 0.0
weak 7.06713780918728e-05 0.044451762570833796
web 0.0006360424028268552 0.0
webarchive 0.00021201413427561838 0.11995931507897897
webarchive_template_wayback_links 7.06713780918728e-05 0.0
website 0.0006360424028268552 0.0
weight 0.00035335689045936394 0.7195804376281008
wesley 0.0005653710247349824 0.11995931507897897
wgaction 7.06713780918728e-05 0.0
wgarticleid 7.06713780918728e-05 0.0
wgbackendresponsetime 7.06713780918728e-05 0.0
wgbreakframes 7.06713780918728e-05 0.0
wgcanonicalnamespace 7.06713780918728e-05 0.0
wgcanonicalspecialpagename 7.06713780918728e-05 0.0
wgcategories 7.06713780918728e-05 0.0
wgcentralauthmobiledomain 7.06713780918728e-05 0.0
wgcspnonce 7.06713780918728e-05 0.0
wgcurrevisionid 7.06713780918728e-05 0.0
wgdefaultdateformat 7.06713780918728e-05 0.0
wgdigittransformtable 7.06713780918728e-05 0.0
wgeditsubmitbuttonlabelpublish 7.06713780918728e-05 0.0
wgflaggedrevsparams 7.06713780918728e-05 0.0
wggestructuredtaskrejectionreasontextinputenabled 7.06713780918728e-05 0.0
wggetopicsmatchmodeenabled 7.06713780918728e-05 0.0
wghostname 7.06713780918728e-05 0.0
wgisarticle 7.06713780918728e-05 0.0
wgisprobablyeditable 7.06713780918728e-05 0.0
wgisredirect 7.06713780918728e-05 0.0
wgmediaviewerenabledbydefault 7.06713780918728e-05 0.0
wgmediavieweronclick 7.06713780918728e-05 0.0
wgmfdisplaywikibasedescriptions 7.06713780918728e-05 0.0
wgmonthnames 7.06713780918728e-05 0.0
wgnamespacenumber 7.06713780918728e-05 0.0
wgnoticeproject 7.06713780918728e-05 0.0
wgpagecontentlanguage 7.06713780918728e-05 0.0
wgpagecontentmodel 7.06713780918728e-05 0.0
wgpagename 7.06713780918728e-05 0.0
wgpageparsereport 7.06713780918728e-05 0.0
wgpopupsflags 7.06713780918728e-05 0.0
wgrelevantarticleid 7.06713780918728e-05 0.0
wgrelevantpageisprobablyeditable 7.06713780918728e-05 0.0
wgrelevantpagename 7.06713780918728e-05 0.0
wgrequestid 7.06713780918728e-05 0.0
wgrestrictionedit 7.06713780918728e-05 0.0
wgrestrictionmove 7.06713780918728e-05 0.0
wgrevisionid 7.06713780918728e-05 0.0
wgseparatortransformtable 7.06713780918728e-05 0.0
wgtitle 7.06713780918728e-05 0.0
wgulscurrentautonym 7.06713780918728e-05 0.0
wgulsiscompactlinksenabled 7.06713780918728e-05 0.0
wgulsislanguageselectorempty 7.06713780918728e-05 0.0
wgulsposition 7.06713780918728e-05 0.0
wgusergroups 7.06713780918728e-05 0.0
wgusername 7.06713780918728e-05 0.0
wgvector2022previewpages 7.06713780918728e-05 0.0
wgvisualeditor 7.06713780918728e-05 0.0
wgwikibaseitemid 7.06713780918728e-05 0.0
wgwmepagelength 7.06713780918728e-05 0.0
wgwmeschemaeditattemptstepoversample 7.06713780918728e-05 0.0
what 0.0001413427561837456 0.0
whatlinkshere 0.0001413427561837456 0.0
when 0.0001413427561837456 0.0
where 7.06713780918728e-05 0.0
which 0.0001413427561837456 0.0
while 0.0001413427561837456 0.017544309650909525
white 0.0001413427561837456 0.0721032939013439
width 0.004098939929328622 0.0
wiki 0.011943462897526501 0.0
wikibase 0.0002826855123674912 0.0
wikidata 0.0007773851590106007 0.0
wikimedia 0.002756183745583039 0.0
wikimediabadges 7.06713780918728e-05 0.0
wikimediaevents 7.06713780918728e-05 0.0
wikimediafoundation 0.0001413427561837456 0.0
wikipedia 0.005583038869257951 0.0
wikisource 7.06713780918728e-05 3.6463198396951406
wikitext 7.06713780918728e-05 0.0
wiley 0.0001413427561837456 0.2340726218464
window 0.00021201413427561838 0.11020314013361425
wirth 0.002614840989399293 0.08149303425118301
wiskunde 0.0001413427561837456 0.13976194237515863
with 0.0017667844522968198 0.0
wmf 0.00021201413427561838 0.0
word 0.0002826855123674912 0.044451762570833796
wordmark 0.0001413427561837456 0.0
work 0.0001413427561837456 0.017544309650909525
works 7.06713780918728e-05 0.11020314013361425
workstation 0.0004946996466431095 0.044451762570833796
workstations 7.06713780918728e-05 0.10054122922187746
wpformidentifier 7.06713780918728e-05 0.0
wrap 0.0001413427561837456 0.5108256237659907
ws 7.06713780918728e-05 0.0
www 0.0014134275618374558 0.0
x 0.00021201413427561838 0.0
xaml 7.06713780918728e-05 0.0
xml 0.00021201413427561838 0.14981227822866008
y 0.0001413427561837456 0.008733679968754631
years 0.0001413427561837456 0.017544309650909525
yes 7.06713780918728e-05 0.7936884097818228
ymbol 7.06713780918728e-05 0.0
you 0.00035335689045936394 0.0
z 0.0001413427561837456 0.11020314013361425
z39 0.00042402826855123676 0.0
z3988 0.00042402826855123676 0.0
zonnon 0.00021201413427561838 0.49643688631389105
zurich 0.0002826855123674912 0.08149303425118301
zürich 0.00021201413427561838 0.2340726218464
компонентный 7.06713780918728e-05 0.0
паскаль 7.06713780918728e-05 0.0
русский 7.06713780918728e-05 0.7375989431307791
日本語 7.06713780918728e-05 0.0
