0 0.008397932816537468 0.0
00 0.00011745360582569885 0.0
000 0.00011745360582569885 0.0
01 0.00011745360582569885 0.3382128810989969
02 0.0004698144233027954 0.48225225132193467
021 0.00011745360582569885 4.051784947803305
039 0.0002349072116513977 0.0
05 0.0008809020436927414 0.6340582641899388
07 0.00029363401456424713 0.6177977433181585
08 0.00017618040873854828 0.4682660093471948
09 0.00011745360582569885 0.5860490450035782
09z 0.00011745360582569885 3.6463198396951406
0_unported_license 5.872680291284943e-05 0.0
0px 5.872680291284943e-05 0.7375989431307791
1 0.004698144233027954 0.0
10 0.000822175240779892 0.0
100 0.0021141649048625794 0.0
1000 5.872680291284943e-05 0.0
1000000 0.00011745360582569885 0.0
10th 5.872680291284943e-05 2.7990219793079367
11 0.0005872680291284943 0.21233263520999412
110556 0.00011745360582569885 4.74493212836325
1112567788 0.000411087620389946 4.74493212836325
112 0.00017618040873854828 2.1058747987479913
114 0.00017618040873854828 0.37548427589622857
117 5.872680291284943e-05 0.0
119 5.872680291284943e-05 2.5477075510270306
12 0.0012332628611698379 0.18058393689541388
125em 0.00029363401456424713 0.0
127 5.872680291284943e-05 0.09097177820572679
12px 5.872680291284943e-05 0.09097177820572679
12s5i 5.872680291284943e-05 0.0
13 0.0004698144233027954 0.0
133 5.872680291284943e-05 0.08149303425118301
14 0.000411087620389946 0.22314355131420976
15 0.0007047216349541931 0.3382128810989969
16 0.0008809020436927414 0.2451224580329849
160 0.0024077989194268264 0.0
161 0.00011745360582569885 3.1354942159291497
16px 0.00017618040873854828 1.0072625100798818
17 0.00029363401456424713 0.44086703515908027
17707 5.872680291284943e-05 4.74493212836325
18 0.00011745360582569885 0.48225225132193467
180 0.00017618040873854828 0.8947845266531914
1814400 0.00011745360582569885 0.5705448584676129
185 0.00017618040873854828 0.9607424944449889
188190 0.00017618040873854828 4.74493212836325
189 0.00011745360582569885 4.051784947803305
19 0.0002349072116513977 0.38822330167365837
192 0.00011745360582569885 2.3470368555648795
1955 5.872680291284943e-05 3.1354942159291497
1960 5.872680291284943e-05 2.5477075510270306
1965 5.872680291284943e-05 2.5477075510270306
1970 5.872680291284943e-05 2.3470368555648795
1975 5.872680291284943e-05 2.03688192726104
1980 5.872680291284943e-05 2.1058747987479913
1985 5.872680291284943e-05 1.4127276181880462
1990 5.872680291284943e-05 1.6538896750049343
1995 5.872680291284943e-05 1.377636298376776
1_lisp 5.872680291284943e-05 3.3586377672433594
1em 0.000411087620389946 0.02643325706815543
1px 0.00017618040873854828 0.2451224580329849
1x1 5.872680291284943e-05 0.0
2 0.002583979328165375 0.0
20 0.00011745360582569885 0.0
2000 5.872680291284943e-05 1.0813704822336037
2001 0.00029363401456424713 1.449095262358921
2003 0.00011745360582569885 0.9837320126696876
2004 0.0009983556495184401 0.06280090123903044
2005 5.872680291284943e-05 0.8531118302526235
2008 0.000822175240779892 1.0313600616589422
2010 0.00017618040873854828 0.8329091229351039
2013 0.00011745360582569885 0.6844891178168307
2015 5.872680291284943e-05 1.0072625100798818
2018 0.0012332628611698379 1.0072625100798818
2020 5.872680291284943e-05 0.8329091229351039
2022 0.0004698144233027954 0.0
20230314042201 0.00017618040873854828 4.74493212836325
20772 5.872680291284943e-05 4.74493212836325
2097152 0.0002349072116513977 0.0
22 0.00011745360582569885 0.26759531388504365
220 0.00011745360582569885 1.8004931491968095
2251 0.00011745360582569885 4.74493212836325
23 5.872680291284943e-05 0.48225225132193467
23px 0.00017618040873854828 0.5254244231871433
23z 0.00011745360582569885 4.74493212836325
245 0.00011745360582569885 2.953172659135195
249 0.00011745360582569885 3.1354942159291497
25 5.872680291284943e-05 0.3260915205666521
255 5.872680291284943e-05 0.09097177820572679
25em 0.0015856236786469344 0.035401927050916
25t10 0.00011745360582569885 4.74493212836325
26 0.00011745360582569885 0.0
26t23 0.00011745360582569885 4.74493212836325
27 0.0002349072116513977 0.42744401482693967
27s 5.872680291284943e-05 1.0813704822336037
27s_tenth_rule 5.872680291284943e-05 3.3586377672433594
27t 5.872680291284943e-05 3.1354942159291497
28 0.00011745360582569885 0.5860490450035782
28akkartik 5.872680291284943e-05 4.74493212836325
28conanite 5.872680291284943e-05 4.74493212836325
28kennethrapp 5.872680291284943e-05 4.74493212836325
28kimtg 5.872680291284943e-05 4.74493212836325
28programming 0.0012332628611698379 1.1340142157190256
28programming_language 0.00011745360582569885 1.1340142157190256
29 0.0018792576932111817 0.22314355131420976
2918 0.00011745360582569885 4.74493212836325
2cicon 5.872680291284943e-05 0.0
2cstyles 5.872680291284943e-05 0.0
2cwikimediabadges 5.872680291284943e-05 0.6177977433181585
2em 0.00011745360582569885 0.06280090123903044
2f 0.0010570824524312897 0.11020314013361425
2f02 5.872680291284943e-05 2.953172659135195
2f07 5.872680291284943e-05 2.5477075510270306
2f2008 5.872680291284943e-05 2.665490586683414
2fanarki 5.872680291284943e-05 4.74493212836325
2farc 5.872680291284943e-05 4.74493212836325
2farc0 5.872680291284943e-05 4.74493212836325
2farcadia 5.872680291284943e-05 4.74493212836325
2farcchallenge 5.872680291284943e-05 4.74493212836325
2farcfaq 5.872680291284943e-05 4.74493212836325
2farclanguage 0.00029363401456424713 4.74493212836325
2farclanguagewiki 5.872680291284943e-05 4.74493212836325
2fconanite 5.872680291284943e-05 4.74493212836325
2fen 0.0009983556495184401 0.10054122922187746
2ffmt 0.0009983556495184401 0.10054122922187746
2fforum 5.872680291284943e-05 3.1354942159291497
2fgithub 0.00017618040873854828 1.449095262358921
2finstall 5.872680291284943e-05 4.74493212836325
2fitem 0.00011745360582569885 4.051784947803305
2fkimtg 5.872680291284943e-05 4.74493212836325
2flangdes 5.872680291284943e-05 4.74493212836325
2flisp_arc_challenge 5.872680291284943e-05 4.74493212836325
2fnews 5.872680291284943e-05 2.1058747987479913
2fnoop 5.872680291284943e-05 4.74493212836325
2fonline 5.872680291284943e-05 3.6463198396951406
2fpopular 5.872680291284943e-05 4.74493212836325
2frainbow 5.872680291284943e-05 4.74493212836325
2fsite 5.872680291284943e-05 3.6463198396951406
2fsites 5.872680291284943e-05 2.4423470353692043
2ftut 5.872680291284943e-05 4.74493212836325
2fwww 0.0005285412262156448 0.3382128810989969
2px 0.00011745360582569885 0.26759531388504365
2x 0.00035236081747709656 0.0
3 0.0012332628611698379 0.0
30 0.00011745360582569885 0.5705448584676129
302 0.00011745360582569885 2.665490586683414
30em 5.872680291284943e-05 0.09097177820572679
31 0.00011745360582569885 0.0
3125em 5.872680291284943e-05 0.0
31px 0.00017618040873854828 0.9837320126696876
32 0.000411087620389946 0.26759531388504365
322 0.00011745360582569885 3.3586377672433594
33 0.00011745360582569885 0.8531118302526235
39 0.00017618040873854828 0.3141153295199365
3a 0.0012332628611698379 0.11020314013361425
3a3 5.872680291284943e-05 0.09097177820572679
3aarc 0.0009983556495184401 4.74493212836325
3ajournal 0.0009983556495184401 0.3260915205666521
3akev 0.0009983556495184401 0.10054122922187746
3amtx 0.0009983556495184401 0.10054122922187746
3aofi 0.0009983556495184401 0.10054122922187746
3asid 0.0009983556495184401 0.10054122922187746
3cols 5.872680291284943e-05 0.21233263520999412
3d17707 5.872680291284943e-05 4.74493212836325
3d20772 5.872680291284943e-05 4.74493212836325
3em 0.00011745360582569885 0.035401927050916
3fid 0.00011745360582569885 1.3437347467010947
3px 0.00011745360582569885 0.12981161152199053
4 0.0012332628611698379 0.02643325706815543
40 5.872680291284943e-05 0.0
400 0.00011745360582569885 0.0
40px 5.872680291284943e-05 1.1340142157190256
42 0.0002349072116513977 0.9607424944449889
431 0.00011745360582569885 3.6463198396951406
48 0.00011745360582569885 0.8531118302526235
489 0.00011745360582569885 4.051784947803305
4b3b 5.872680291284943e-05 4.74493212836325
4c 5.872680291284943e-05 0.09097177820572679
4em 0.00011745360582569885 0.40112670650956617
5 0.0012332628611698379 0.11020314013361425
50 0.00011745360582569885 0.0
500 0.00011745360582569885 0.0
5000000 0.00011745360582569885 0.0
511 0.00011745360582569885 3.6463198396951406
52428800 0.00011745360582569885 0.008733679968754631
55 0.00017618040873854828 1.1895840668738364
59 0.00011745360582569885 0.40112670650956617
59241 0.00011745360582569885 4.74493212836325
596 0.00011745360582569885 2.7990219793079367
5bc44d22 5.872680291284943e-05 4.74493212836325
5em 0.0004698144233027954 0.0
5px 5.872680291284943e-05 3.1354942159291497
5x 0.00035236081747709656 0.0
6 0.0010570824524312897 0.044451762570833796
60 0.0002349072116513977 0.8131064956389242
64 0.00029363401456424713 1.1073459686368643
64em 5.872680291284943e-05 4.74493212836325
65 5.872680291284943e-05 0.05358424613410626
658 0.00011745360582569885 3.6463198396951406
6786504 0.00011745360582569885 4.74493212836325
68da8e73388a 5.872680291284943e-05 4.74493212836325
6em 0.00011745360582569885 0.7195804376281008
7 0.0017618040873854828 0.0
720px 5.872680291284943e-05 0.0
74 0.00011745360582569885 1.0072625100798818
7cext 0.00017618040873854828 0.0
7cjquery 5.872680291284943e-05 0.41419878807691896
7cmediawiki 5.872680291284943e-05 0.0
7cskins 5.872680291284943e-05 0.0
7cwikibase 5.872680291284943e-05 0.0
7em 5.872680291284943e-05 0.41419878807691896
8 0.0009983556495184401 0.0
80 0.00029363401456424713 0.3022808718729337
81 0.00011745360582569885 1.0560526742493137
8125em 5.872680291284943e-05 0.0
833 0.00011745360582569885 3.3586377672433594
8513 5.872680291284943e-05 4.74493212836325
87 0.00011745360582569885 1.0560526742493137
88 0.0012919896640826874 0.0
8b 5.872680291284943e-05 0.9837320126696876
8f 0.00011745360582569885 1.0813704822336037
9 0.0009396288466055908 0.11020314013361425
90 0.000411087620389946 0.08149303425118301
9000 5.872680291284943e-05 2.1058747987479913
91 0.0009983556495184401 0.0721032939013439
93 0.0009983556495184401 0.06280090123903044
93eval 5.872680291284943e-05 3.3586377672433594
93print_loop 5.872680291284943e-05 3.3586377672433594
95 5.872680291284943e-05 0.035401927050916
96 0.00035236081747709656 0.4682660093471948
96e9 5.872680291284943e-05 4.74493212836325
976 0.00011745360582569885 3.3586377672433594
9px 0.00017618040873854828 0.09097177820572679
_ 5.872680291284943e-05 1.749199854809259
_berkeley 5.872680291284943e-05 3.1354942159291497
_bobrow 5.872680291284943e-05 3.3586377672433594
_gabriel 5.872680291284943e-05 3.3586377672433594
_kent_dybvig 5.872680291284943e-05 3.3586377672433594
_moon 5.872680291284943e-05 3.3586377672433594
_steele_jr 0.00011745360582569885 3.3586377672433594
a 0.05027014329339911 0.0
a0 0.00011745360582569885 0.25629575863111026
a2a9b1 5.872680291284943e-05 0.27902400970866637
a3o 5.872680291284943e-05 2.1799827709017134
a7 5.872680291284943e-05 0.8131064956389242
aa 5.872680291284943e-05 0.0721032939013439
abandoned 5.872680291284943e-05 2.665490586683414
abbr 0.000822175240779892 0.41419878807691896
abcl 5.872680291284943e-05 3.1354942159291497
abelson 0.00011745360582569885 2.3470368555648795
about 0.0007047216349541931 0.0
aboutsite 5.872680291284943e-05 0.0
above 5.872680291284943e-05 0.1599646496926782
abovebelow 0.00029363401456424713 0.44086703515908027
absolute 0.00011745360582569885 0.0
accessdate 0.0008809020436927414 0.2451224580329849
accesskey 0.001115809255344139 0.0
account 0.0002349072116513977 0.0
across 5.872680291284943e-05 0.0
act 5.872680291284943e-05 2.5477075510270306
action 0.001526896875734085 0.0
actions 5.872680291284943e-05 0.0
add 5.872680291284943e-05 0.0
added 5.872680291284943e-05 1.0560526742493137
additional 5.872680291284943e-05 0.0
address 0.00011745360582569885 0.0
aform 5.872680291284943e-05 4.74493212836325
after 0.001115809255344139 0.0
agaram 0.00011745360582569885 4.74493212836325
aggregator 5.872680291284943e-05 4.74493212836325
ago 0.00011745360582569885 0.5108256237659907
agree 5.872680291284943e-05 0.0
akkartik 5.872680291284943e-05 4.74493212836325
alert 0.0002349072116513977 0.0
align 0.0025252525252525255 0.05358424613410626
all 0.00011745360582569885 0.0
allegro 0.00011745360582569885 3.3586377672433594
allegro_common_lisp 5.872680291284943e-05 3.3586377672433594
alpha 0.0002349072116513977 0.08149303425118301
also 0.00017618040873854828 0.19105523676270922
alt 0.0006459948320413437 0.0
alternate 0.00017618040873854828 0.0
among 5.872680291284943e-05 1.5668782980153044
amp 0.011040638947615691 0.0
an 0.000411087620389946 0.0
anarki 0.0005285412262156448 4.74493212836325
and 0.0018792576932111817 0.0
announced 5.872680291284943e-05 2.1058747987479913
announcement 0.00011745360582569885 2.953172659135195
anon 0.00011745360582569885 0.0
anoncontribs 5.872680291284943e-05 0.0
anontalk 5.872680291284943e-05 0.0
anonymous 5.872680291284943e-05 0.0
another 5.872680291284943e-05 0.09097177820572679
ansi 5.872680291284943e-05 1.8004931491968095
anyone 5.872680291284943e-05 2.7990219793079367
api 5.872680291284943e-05 0.0
appeared 5.872680291284943e-05 0.40112670650956617
applauded 5.872680291284943e-05 4.74493212836325
apple 0.00035236081747709656 0.0
apple_dylan 5.872680291284943e-05 3.3586377672433594
apple_inc 5.872680291284943e-05 2.953172659135195
application 0.00035236081747709656 0.0
apply 5.872680291284943e-05 0.0
april 5.872680291284943e-05 0.0
arc 0.004463237021376556 3.1354942159291497
arc0 5.872680291284943e-05 4.74493212836325
arc_ 0.002231618510688278 3.3586377672433594
arc_macro_language 5.872680291284943e-05 4.74493212836325
arc_programming_language 0.00011745360582569885 4.74493212836325
arcadia 0.00029363401456424713 4.74493212836325
arcchallenge 5.872680291284943e-05 4.74493212836325
arcfaq 5.872680291284943e-05 4.74493212836325
archive 5.872680291284943e-05 0.3504829736908114
arclanguage 0.0009396288466055908 4.74493212836325
arclanguagewiki 5.872680291284943e-05 4.74493212836325
are 0.00035236081747709656 0.0
arg 5.872680291284943e-05 3.3586377672433594
argument 5.872680291284943e-05 0.0
aria 0.0018205308902983321 0.0
armed 0.00011745360582569885 3.1354942159291497
armed_bear_common_lisp 5.872680291284943e-05 3.3586377672433594
article 0.0004698144233027954 0.0
articles 5.872680291284943e-05 0.0
artificial 0.00017618040873854828 1.9723434061234688
artistic 0.0002349072116513977 4.051784947803305
artistic_license 0.00011745360582569885 4.74493212836325
as 0.000411087620389946 0.0
assembly 0.00011745360582569885 1.2185716037470886
associated 0.00011745360582569885 0.0
async 0.0002349072116513977 0.0
at 0.00035236081747709656 0.0
atitle 0.0009983556495184401 0.25629575863111026
atom 0.00017618040873854828 0.0
attribution 5.872680291284943e-05 0.0
aufirst 0.0006459948320413437 0.3629054936893685
august 0.00011745360582569885 0.0
aulast 0.0006459948320413437 0.3629054936893685
author 0.00011745360582569885 0.0
auto 0.0002349072116513977 0.0
autocapitalize 5.872680291284943e-05 0.0
autolisp 0.0004698144233027954 3.3586377672433594
automatic 5.872680291284943e-05 1.377636298376776
autostart 5.872680291284943e-05 0.11020314013361425
available 0.0002349072116513977 0.0
avoid 0.00011745360582569885 0.09097177820572679
axioms 5.872680291284943e-05 3.6463198396951406
b 0.002583979328165375 0.0
b0 0.00011745360582569885 0.9607424944449889
b2 5.872680291284943e-05 0.8947845266531914
b3 5.872680291284943e-05 0.7559480817989758
b7 5.872680291284943e-05 0.9837320126696876
b8 0.00011745360582569885 0.9382696385929302
ba_ 5.872680291284943e-05 1.8545603704670854
background 0.0031125205543810195 0.017544309650909525
backlink 0.0009983556495184401 0.08149303425118301
bank 0.00011745360582569885 2.1058747987479913
bare 5.872680291284943e-05 2.953172659135195
based 0.00011745360582569885 0.3504829736908114
bbn 0.00017618040873854828 3.3586377672433594
bbn_lisp 5.872680291284943e-05 3.3586377672433594
bbn_technologies 5.872680291284943e-05 3.3586377672433594
bc 0.00011745360582569885 0.9607424944449889
bd 5.872680291284943e-05 1.2484245668967697
bday 0.00011745360582569885 0.41419878807691896
be 0.0007047216349541931 0.06280090123903044
bear 0.00011745360582569885 3.1354942159291497
because 5.872680291284943e-05 0.0
been 5.872680291284943e-05 0.6844891178168307
before 0.0008809020436927414 0.0
being 0.0002349072116513977 0.8737311174553593
believes 5.872680291284943e-05 4.74493212836325
below 5.872680291284943e-05 0.18058393689541388
benefits 5.872680291284943e-05 2.4423470353692043
beranek 5.872680291284943e-05 3.3586377672433594
berkeley 0.0002349072116513977 2.665490586683414
better 5.872680291284943e-05 1.749199854809259
bf 5.872680291284943e-05 1.1340142157190256
bigloo 0.00017618040873854828 3.3586377672433594
block 0.00011745360582569885 0.18058393689541388
blockquote 0.00011745360582569885 2.26002547857525
bobrow 0.00011745360582569885 3.3586377672433594
body 0.000822175240779892 0.0
bodycontent 0.00011745360582569885 0.0
bold 5.872680291284943e-05 0.2451224580329849
bollay 0.00011745360582569885 3.3586377672433594
bolt 5.872680291284943e-05 3.3586377672433594
books 5.872680291284943e-05 0.5552773863368246
bootstrap 5.872680291284943e-05 0.10054122922187746
border 0.0012919896640826874 0.0
both 5.872680291284943e-05 0.3022808718729337
bottom 0.0002349072116513977 0.05358424613410626
box 0.0008809020436927414 0.0
boxtext 5.872680291284943e-05 0.41419878807691896
br 0.00017618040873854828 0.42744401482693967
bracket 0.0010570824524312897 0.0
brackets 0.00011745360582569885 0.41419878807691896
branch 5.872680291284943e-05 2.3470368555648795
break 0.00017618040873854828 0.05358424613410626
brevity 5.872680291284943e-05 3.6463198396951406
brian 0.00011745360582569885 1.7004096906398272
brian_harvey_ 5.872680291284943e-05 3.3586377672433594
brief 5.872680291284943e-05 2.665490586683414
browsing 5.872680291284943e-05 0.0
bruce 0.00011745360582569885 2.3470368555648795
btn 0.00029363401456424713 0.0
business 0.00017618040873854828 1.0072625100798818
business_incubator 5.872680291284943e-05 4.74493212836325
button 0.0021141649048625794 0.0
buttons 5.872680291284943e-05 0.0
by 0.0007634484378670426 0.0
bytes 0.0002349072116513977 0.0
c 0.0002349072116513977 0.0
c13_en 5.872680291284943e-05 0.0
c3 0.00011745360582569885 0.7018808605286999
c_ 5.872680291284943e-05 0.8329091229351039
ca 0.0004698144233027954 0.0
cache 0.00011745360582569885 0.0
cached 5.872680291284943e-05 0.0
cachereport 5.872680291284943e-05 0.0
cactions 0.00035236081747709656 0.0
cadence 5.872680291284943e-05 3.3586377672433594
cadence_skill 5.872680291284943e-05 3.3586377672433594
cadet 0.00011745360582569885 3.3586377672433594
cadet_keyboard 5.872680291284943e-05 3.3586377672433594
california 0.00011745360582569885 2.1799827709017134
calling 5.872680291284943e-05 1.7004096906398272
calls 5.872680291284943e-05 0.0
campaigns 5.872680291284943e-05 0.0
canonical 0.00011745360582569885 0.0
cantonese 5.872680291284943e-05 0.540239508972284
caps 5.872680291284943e-05 0.41419878807691896
caption 0.0002349072116513977 0.21233263520999412
categories 5.872680291284943e-05 0.02643325706815543
category 0.0012332628611698379 0.0
catlinks 0.00035236081747709656 0.0
cats 5.872680291284943e-05 0.0721032939013439
ccf 5.872680291284943e-05 0.454472687214859
center 0.0005285412262156448 0.017544309650909525
centers 5.872680291284943e-05 2.5477075510270306
centralauth 0.00011745360582569885 0.0
centralautologin 0.00011745360582569885 0.0
centralnotice 0.00017618040873854828 0.0
challenge 0.00011745360582569885 3.1354942159291497
change 5.872680291284943e-05 0.0
changes 0.00029363401456424713 0.0
characters 5.872680291284943e-05 1.3437347467010947
charinsert 5.872680291284943e-05 0.0
charset 5.872680291284943e-05 0.0
checkbox 0.0019967112990368803 0.0
chez 0.0002349072116513977 3.3586377672433594
chez_scheme 0.00011745360582569885 3.3586377672433594
chicken 0.00011745360582569885 2.953172659135195
chicken_ 5.872680291284943e-05 3.3586377672433594
child 0.0014681700728212356 0.06280090123903044
chinese 5.872680291284943e-05 0.8131064956389242
citation 0.0014681700728212356 0.08149303425118301
cite 0.0034061545689452665 0.0
cite_note 0.0019967112990368803 0.08149303425118301
cite_ref 0.0019967112990368803 0.08149303425118301
cite_web 0.00011745360582569885 0.4682660093471948
citerefagaram2013 5.872680291284943e-05 4.74493212836325
citerefdalton2010 5.872680291284943e-05 4.74493212836325
citerefgraham 0.00011745360582569885 4.74493212836325
citerefgraham2001 0.00011745360582569885 4.74493212836325
citerefgraham2008 0.00011745360582569885 4.74493212836325
citerefhuber2008 5.872680291284943e-05 4.74493212836325
citerefkim2018 5.872680291284943e-05 4.74493212836325
citerefrapp2018 5.872680291284943e-05 4.74493212836325
citethispage 5.872680291284943e-05 0.0
cl 0.00011745360582569885 2.3470368555648795
class 0.03447263330984261 0.0
classname 0.00017618040873854828 0.0
clear 0.00011745360582569885 0.11995931507897897
click 0.00011745360582569885 3.1354942159291497
client 0.00029363401456424713 0.0
clinger 0.00011745360582569885 3.1354942159291497
clisp 0.00017618040873854828 3.1354942159291497
clojure 0.00035236081747709656 2.7990219793079367
clos 5.872680291284943e-05 3.3586377672433594
clozure 0.00011745360582569885 3.3586377672433594
clozure_cl 5.872680291284943e-05 3.3586377672433594
cmu 0.00011745360582569885 2.5477075510270306
cmu_common_lisp 5.872680291284943e-05 3.3586377672433594
cmucl 5.872680291284943e-05 3.3586377672433594
co 0.00011745360582569885 1.449095262358921
code 0.00017618040873854828 0.035401927050916
col 5.872680291284943e-05 0.540239508972284
coll 0.0002349072116513977 0.0
collapse 5.872680291284943e-05 0.21233263520999412
collapsed 0.0002349072116513977 0.0
collapses 5.872680291284943e-05 0.0
collapsible 0.0006459948320413437 0.0
collection 5.872680291284943e-05 1.3109449238781037
color 0.0009396288466055908 0.017544309650909525
colspan 0.004521963824289405 0.14981227822866008
column 0.00029363401456424713 0.09097177820572679
columns 0.00035236081747709656 0.09097177820572679
com 0.00205543810194973 0.11995931507897897
combinator 0.00011745360582569885 4.74493212836325
comes 5.872680291284943e-05 2.3470368555648795
committable 0.00011745360582569885 4.74493212836325
common 0.001937984496124031 0.8737311174553593
common_lisp 0.00017618040873854828 2.953172659135195
common_lisp_hyperspec 5.872680291284943e-05 3.3586377672433594
common_lisp_interface_manager 5.872680291284943e-05 3.3586377672433594
common_lisp_object_system 5.872680291284943e-05 3.3586377672433594
common_lisp_the_language 5.872680291284943e-05 3.3586377672433594
commonloops 0.00017618040873854828 3.3586377672433594
commons 0.00029363401456424713 0.0
community 0.0004698144233027954 0.0
community_of_practice 0.00017618040873854828 2.1799827709017134
community_portal 5.872680291284943e-05 0.0
compactlinks 5.872680291284943e-05 0.0
company 0.00011745360582569885 1.0072625100798818
compiler 0.00017618040873854828 0.5108256237659907
compilers 0.00011745360582569885 1.1340142157190256
complemented 5.872680291284943e-05 4.74493212836325
complications 5.872680291284943e-05 0.0
computer 0.0008809020436927414 0.12981161152199053
computer_hardware 5.872680291284943e-05 2.953172659135195
computer_programming 0.00011745360582569885 1.0560526742493137
computer_science 0.00017618040873854828 0.5860490450035782
computer_scientist 0.0002349072116513977 1.486835590341768
computing 0.0005285412262156448 0.3504829736908114
computing_platform 5.872680291284943e-05 1.6094379124341003
conan 0.00011745360582569885 4.74493212836325
conanite 0.00011745360582569885 4.74493212836325
conditional 5.872680291284943e-05 1.6094379124341003
conditional_ 5.872680291284943e-05 2.4423470353692043
conditionals 5.872680291284943e-05 2.5477075510270306
config 0.00011745360582569885 0.0
confused 5.872680291284943e-05 1.911718784307034
contact 0.0002349072116513977 0.0
contact_us 0.00011745360582569885 0.0
contactpage 5.872680291284943e-05 0.0
container 0.000822175240779892 0.0
containing 0.00011745360582569885 0.0
content 0.004169603006812309 0.0
contentinfo 5.872680291284943e-05 0.0
contents 0.0007634484378670426 0.0
contentsub 5.872680291284943e-05 0.0
context 0.00011745360582569885 0.0
contribute 5.872680291284943e-05 0.0
contributions 5.872680291284943e-05 0.0
contributors 0.00011745360582569885 0.0
controls 0.0002349072116513977 0.0
controversy 5.872680291284943e-05 3.1354942159291497
conversion 5.872680291284943e-05 0.0
cookie 0.00029363401456424713 0.0
cookie_statement 5.872680291284943e-05 0.0
cookiestatement 5.872680291284943e-05 0.0
copyright 0.00017618040873854828 0.0
copyrightico 5.872680291284943e-05 0.0
corman 0.00011745360582569885 3.3586377672433594
corman_common_lisp 5.872680291284943e-05 3.3586377672433594
count 0.00011745360582569885 0.0
counter 0.0002349072116513977 0.27902400970866637
cpu 5.872680291284943e-05 0.0
cputime 5.872680291284943e-05 0.0
create 0.0002349072116513977 0.0
createaccount 0.0002349072116513977 0.0
creative 5.872680291284943e-05 0.0
creativecommons 0.00011745360582569885 0.0
critics 0.00011745360582569885 4.74493212836325
cross 0.00029363401456424713 0.0
crossorigin 5.872680291284943e-05 0.0
cs1 0.0017030772844726333 0.09097177820572679
csail 5.872680291284943e-05 2.1799827709017134
csrftoken 5.872680291284943e-05 0.0
ct 0.00011745360582569885 0.41419878807691896
ctx_ver 0.0009983556495184401 0.10054122922187746
current 0.00011745360582569885 0.0
current_events 5.872680291284943e-05 0.0
currentevents 5.872680291284943e-05 0.0
curriculum 5.872680291284943e-05 2.7990219793079367
cursor 5.872680291284943e-05 0.38822330167365837
cx 0.00011745360582569885 0.0
cycle 5.872680291284943e-05 0.6844891178168307
cynthia 0.00011745360582569885 3.1354942159291497
cynthia_solomon 5.872680291284943e-05 3.3586377672433594
d 0.0002349072116513977 0.06280090123903044
d0 0.000822175240779892 1.4127276181880462
d1 0.00035236081747709656 1.486835590341768
d33 0.00011745360582569885 0.09097177820572679
d6 5.872680291284943e-05 0.09097177820572679
dalton 0.00011745360582569885 4.74493212836325
daniel 0.0002349072116513977 2.1058747987479913
daniel_g 5.872680291284943e-05 3.3586377672433594
daniel_weinreb 5.872680291284943e-05 3.3586377672433594
data 0.004228329809725159 0.0
date 0.0005872680291284943 0.08149303425118301
datemodified 0.00011745360582569885 0.0
datepublished 0.00011745360582569885 0.0
david 0.00035236081747709656 1.16141318990714
david_a 5.872680291284943e-05 3.3586377672433594
david_luckham 5.872680291284943e-05 3.3586377672433594
david_park_ 5.872680291284943e-05 3.3586377672433594
db 0.00017618040873854828 0.8737311174553593
dd 0.0009396288466055908 0.22314355131420976
ddf 5.872680291284943e-05 0.454472687214859
de 5.872680291284943e-05 0.2905848321097423
december 5.872680291284943e-05 0.0
decides 5.872680291284943e-05 4.74493212836325
decimal 5.872680291284943e-05 0.09097177820572679
decoding 0.00017618040873854828 0.11020314013361425
decoration 0.00011745360582569885 0.41419878807691896
deduplicate 0.0005285412262156448 0.017544309650909525
deduplicated 0.0011745360582569885 0.06280090123903044
defop 5.872680291284943e-05 4.74493212836325
denison 0.00011745360582569885 3.3586377672433594
denison_bollay 5.872680291284943e-05 3.3586377672433594
deprecated 5.872680291284943e-05 2.4423470353692043
depth 0.00017618040873854828 0.0
describes 5.872680291284943e-05 2.1799827709017134
describing 5.872680291284943e-05 1.911718784307034
description 5.872680291284943e-05 0.0
design 0.000411087620389946 0.3141153295199365
designed 5.872680291284943e-05 0.3504829736908114
designer 5.872680291284943e-05 2.1058747987479913
desktoparticletarget 0.00017618040873854828 0.0
detection 5.872680291284943e-05 0.0
developed 5.872680291284943e-05 0.540239508972284
developer 0.00011745360582569885 0.0
developers 0.00017618040873854828 0.0
development 0.00011745360582569885 0.38822330167365837
di 5.872680291284943e-05 1.8004931491968095
dialect 0.00035236081747709656 1.8004931491968095
dialect_ 0.00011745360582569885 2.26002547857525
dialects 5.872680291284943e-05 1.4127276181880462
did 5.872680291284943e-05 1.7004096906398272
different 0.00017618040873854828 0.38822330167365837
dir 0.00029363401456424713 0.0
disabled 0.0006459948320413437 0.0
discipline 5.872680291284943e-05 0.8131064956389242
disclaimers 0.00011745360582569885 0.0
discuss 0.00017618040873854828 0.0
discussion 0.00017618040873854828 0.0
display 0.0007047216349541931 0.0
distinguish 0.00011745360582569885 2.1058747987479913
div 0.015562602771905097 0.0
dl 0.0005872680291284943 0.19105523676270922
dmy 5.872680291284943e-05 0.0
dns 0.00011745360582569885 0.0
do 5.872680291284943e-05 0.8329091229351039
doctype 5.872680291284943e-05 0.0
document 0.0002349072116513977 0.0
documentelement 0.00017618040873854828 0.0
does 5.872680291284943e-05 0.4682660093471948
don 5.872680291284943e-05 2.26002547857525
donate 0.00017618040873854828 0.0
donating 5.872680291284943e-05 0.0
down 5.872680291284943e-05 1.6094379124341003
download 0.0002349072116513977 0.0
downloadaspdf 5.872680291284943e-05 0.0
dropdown 0.0014681700728212356 0.0
dt 0.0009396288466055908 0.26759531388504365
dtstart 0.00011745360582569885 0.41419878807691896
due 5.872680291284943e-05 1.8004931491968095
dybvig 0.00011745360582569885 3.1354942159291497
dylan 0.0002349072116513977 3.3586377672433594
dylan_ 5.872680291284943e-05 3.3586377672433594
dynamic 0.0002349072116513977 0.8947845266531914
dynamic_typing 0.00011745360582569885 2.1799827709017134
dynamically 0.00017618040873854828 2.1058747987479913
dynamically_typed_programming_languages 5.872680291284943e-05 2.7990219793079367
e 0.0002349072116513977 0.0
e2 0.00011745360582569885 0.7018808605286999
e6e6ff 5.872680291284943e-05 0.454472687214859
echo 5.872680291284943e-05 0.0
ecl 5.872680291284943e-05 2.953172659135195
eclipse 0.00011745360582569885 1.8545603704670854
eclipse_ 5.872680291284943e-05 2.3470368555648795
edit 0.0028188865398167725 0.0
editable 5.872680291284943e-05 0.0
edited 5.872680291284943e-05 0.0
editing 5.872680291284943e-05 0.0
editor 0.00011745360582569885 0.0
editors 0.00011745360582569885 0.0
editpage 5.872680291284943e-05 0.0
edits 0.00011745360582569885 0.0
editsection 0.0015856236786469344 0.0
edituri 5.872680291284943e-05 0.0
edmund 0.00011745360582569885 3.1354942159291497
edmund_berkeley 5.872680291284943e-05 3.3586377672433594
education 0.00011745360582569885 1.486835590341768
eee 0.00011745360582569885 0.48225225132193467
efficiency 5.872680291284943e-05 2.26002547857525
element 0.000411087620389946 0.0
ellipsis 0.00011745360582569885 0.0
elt 5.872680291284943e-05 0.0
emacs 0.0002349072116513977 2.7990219793079367
emacs_lisp 0.00011745360582569885 3.3586377672433594
embeddable 0.00011745360582569885 2.953172659135195
embeddable_common_lisp 5.872680291284943e-05 3.1354942159291497
empty 0.00011745360582569885 0.0
emptyportlet 0.00011745360582569885 0.0
en 0.0021141649048625794 0.0
enabled 0.0006459948320413437 0.0
encouraged 0.0002349072116513977 0.0
encyclopedia 0.00011745360582569885 0.0
end 5.872680291284943e-05 0.0
engineering 0.00011745360582569885 1.3109449238781037
english 0.00017618040873854828 0.0
enhancements 5.872680291284943e-05 0.0721032939013439
entities 5.872680291284943e-05 0.0
entity 0.0002349072116513977 0.0
entityaccesscount 5.872680291284943e-05 0.0
entitypage 0.00011745360582569885 0.0
environment 0.0002349072116513977 0.7375989431307791
enwiki 5.872680291284943e-05 0.0
enwikimwclientprefs 5.872680291284943e-05 0.0
error 0.00011745360582569885 0.09097177820572679
es6 5.872680291284943e-05 0.0
esi 0.00011745360582569885 0.0
esitest 5.872680291284943e-05 0.0
especially 0.00011745360582569885 1.8004931491968095
essay 5.872680291284943e-05 4.74493212836325
essays 5.872680291284943e-05 4.051784947803305
essentials 5.872680291284943e-05 3.6463198396951406
eulisp 0.00035236081747709656 3.3586377672433594
eval 0.00011745360582569885 3.1354942159291497
even 0.0005872680291284943 0.40112670650956617
event 0.0005872680291284943 0.0
eventlogging 0.00011745360582569885 0.0
events 0.00011745360582569885 0.0
exact 5.872680291284943e-05 0.0
example 5.872680291284943e-05 0.4682660093471948
examples 0.000411087620389946 1.2185716037470886
exists 5.872680291284943e-05 0.0
expand 0.00029363401456424713 0.0
expanded 0.00035236081747709656 0.008733679968754631
expansion 0.00011745360582569885 0.0
expansiondepth 5.872680291284943e-05 0.0
expensive 5.872680291284943e-05 0.0
expensivefunctioncount 5.872680291284943e-05 0.0
expiry 0.00011745360582569885 0.0
explorer 0.00011745360582569885 2.5477075510270306
export 5.872680291284943e-05 0.0
expression 0.00035236081747709656 1.3437347467010947
expressions 0.0002349072116513977 1.4127276181880462
ext 0.001644350481559784 0.0
extension 0.00011745360582569885 0.7375989431307791
extensions 0.00011745360582569885 0.8131064956389242
external 0.001526896875734085 0.0
external_links 0.0002349072116513977 0.19105523676270922
extra 5.872680291284943e-05 0.0
f 0.0002349072116513977 0.0
f7f7f7 5.872680291284943e-05 0.454472687214859
fa8a495983347898 5.872680291284943e-05 0.0
fahlman 0.00011745360582569885 3.3586377672433594
fallbacksearchbutton 5.872680291284943e-05 0.0
false 0.0007047216349541931 0.0
family 0.00035236081747709656 0.7018808605286999
family_programming_languages 5.872680291284943e-05 3.1354942159291497
faq 0.00011745360582569885 1.911718784307034
far 5.872680291284943e-05 1.911718784307034
favicon 5.872680291284943e-05 0.0
fdfdfd 0.00017618040873854828 0.44086703515908027
feature 0.0012332628611698379 0.0
featurename 0.00017618040873854828 0.0
features 0.0002349072116513977 0.38822330167365837
february 0.00011745360582569885 0.0
feed 0.00011745360582569885 0.0
felleisen 0.0002349072116513977 3.3586377672433594
feurzeig 0.00011745360582569885 3.3586377672433594
few 5.872680291284943e-05 1.7004096906398272
field 0.00011745360582569885 1.749199854809259
file 0.0005285412262156448 0.0
file_upload_wizard 0.00011745360582569885 0.0
filename 0.00011745360582569885 1.2484245668967697
filename_extension 5.872680291284943e-05 1.3109449238781037
files 5.872680291284943e-05 0.0
findler 0.00011745360582569885 3.3586377672433594
first 0.0008809020436927414 0.0
firstheading 0.00017618040873854828 0.0
five 0.00011745360582569885 1.9723434061234688
flatt 0.00011745360582569885 2.953172659135195
flavors 0.00011745360582569885 2.7990219793079367
flavors_ 5.872680291284943e-05 3.3586377672433594
float 0.00017618040873854828 0.06280090123903044
flush 0.00029363401456424713 0.0
font 0.0012919896640826874 0.017544309650909525
foo 0.00011745360582569885 2.3470368555648795
footer 0.001526896875734085 0.0
for 0.001115809255344139 0.0
form 0.00035236081747709656 0.0
format 0.00011745360582569885 0.0
forms 5.872680291284943e-05 1.5668782980153044
forum 0.0007047216349541931 2.5477075510270306
foundation 0.0005285412262156448 0.0
fox 0.00011745360582569885 2.953172659135195
fr 0.0002349072116513977 0.6177977433181585
franz 0.0002349072116513977 3.1354942159291497
franz_lisp 0.00011745360582569885 3.3586377672433594
français 5.872680291284943e-05 0.6844891178168307
free 0.0005285412262156448 0.0
free_and_open 5.872680291284943e-05 1.6538896750049343
french 5.872680291284943e-05 0.6673946844575306
from 0.000411087620389946 0.0
full 0.00035236081747709656 0.044451762570833796
fulltext 5.872680291284943e-05 0.0
function 0.000411087620389946 0.0
functional 0.00029363401456424713 1.2185716037470886
functional_languages 5.872680291284943e-05 2.1799827709017134
functional_programming 5.872680291284943e-05 1.6094379124341003
functions 5.872680291284943e-05 0.7018808605286999
fundraiserredirector 5.872680291284943e-05 0.0
further 5.872680291284943e-05 0.7375989431307791
g 0.0002349072116513977 0.0
gabriel 0.00011745360582569885 3.1354942159291497
gadget 0.0002349072116513977 0.0
gambit 0.0002349072116513977 3.3586377672433594
gambit_ 0.00011745360582569885 3.3586377672433594
game 0.00011745360582569885 1.6094379124341003
game_oriented_assembly_lisp 5.872680291284943e-05 3.3586377672433594
garbage 5.872680291284943e-05 1.749199854809259
garbage_collection_ 5.872680291284943e-05 1.9723434061234688
gauntlet 0.00011745360582569885 4.74493212836325
gcl 5.872680291284943e-05 3.3586377672433594
gehomepagesuggestededitsenabletopics 5.872680291284943e-05 0.0
genera 0.00017618040873854828 3.3586377672433594
genera_ 0.00011745360582569885 3.3586377672433594
general 5.872680291284943e-05 0.6844891178168307
general_disclaimer 5.872680291284943e-05 0.0
generated 5.872680291284943e-05 1.6538896750049343
generator 5.872680291284943e-05 0.0
genre 0.0009983556495184401 0.10054122922187746
geoip 5.872680291284943e-05 0.0
gerald 0.00011745360582569885 2.953172659135195
gerald_jay_sussman 5.872680291284943e-05 3.3586377672433594
github 0.0007634484378670426 1.0560526742493137
give 5.872680291284943e-05 2.665490586683414
giving 5.872680291284943e-05 2.4423470353692043
globalcssjs 0.00011745360582569885 0.0
gnu 0.0004698144233027954 1.1340142157190256
gnu_common_lisp 5.872680291284943e-05 3.3586377672433594
gnu_guile 0.00011745360582569885 3.3586377672433594
gnu_scheme 5.872680291284943e-05 3.3586377672433594
go 0.0002349072116513977 0.0
goal 5.872680291284943e-05 2.1058747987479913
goals 0.00017618040873854828 2.3470368555648795
good 0.00017618040873854828 1.8545603704670854
google 0.00011745360582569885 0.540239508972284
googpub 0.00011745360582569885 0.0
graham 0.0017030772844726333 2.7990219793079367
gray 5.872680291284943e-05 0.09097177820572679
greek 0.00011745360582569885 0.09097177820572679
green 5.872680291284943e-05 0.09097177820572679
greenblatt 0.00011745360582569885 3.3586377672433594
greenspun 0.0002349072116513977 3.3586377672433594
group 0.003288700963119568 0.0
growthexperiments 5.872680291284943e-05 0.0
guidance 5.872680291284943e-05 0.0
guides 5.872680291284943e-05 0.0
guile 0.0002349072116513977 3.3586377672433594
guy 0.0002349072116513977 2.03688192726104
guy_l 0.00011745360582569885 2.953172659135195
h 0.00011745360582569885 0.0
h1 0.00011745360582569885 0.0
h2 0.000822175240779892 0.0
h3 0.00035236081747709656 0.7195804376281008
hack 0.00035236081747709656 0.0
hackable 5.872680291284943e-05 4.74493212836325
hacker 0.00029363401456424713 3.1354942159291497
hacker_news 0.00011745360582569885 4.051784947803305
hackers 5.872680291284943e-05 3.6463198396951406
hal 0.00011745360582569885 2.03688192726104
hal_abelson 5.872680291284943e-05 2.3470368555648795
hardware 0.00011745360582569885 1.3109449238781037
harlequin 0.00011745360582569885 3.3586377672433594
harlequin_ 5.872680291284943e-05 3.3586377672433594
hart 5.872680291284943e-05 3.3586377672433594
harvey 0.00011745360582569885 3.1354942159291497
has 0.00017618040873854828 0.0
haspopup 0.00029363401456424713 0.0
hatnote 0.00035236081747709656 1.0560526742493137
have 0.00017618040873854828 0.6340582641899388
he 0.0006459948320413437 1.16141318990714
head 0.00017618040873854828 0.0
header 0.001937984496124031 0.0
heading 0.0013507164669955367 0.0
headline 0.0006459948320413437 0.0
hebrew 5.872680291284943e-05 1.5668782980153044
height 0.0009983556495184401 0.0
hello 0.00017618040873854828 1.1340142157190256
hello_world 5.872680291284943e-05 2.1058747987479913
help 0.000411087620389946 0.0
here 0.00017618040873854828 0.0
hidden 0.000822175240779892 0.0
hide 0.00011745360582569885 0.0
higher 0.00017618040873854828 1.486835590341768
highest 5.872680291284943e-05 0.0
highlight 0.0002349072116513977 0.6177977433181585
his 5.872680291284943e-05 1.4127276181880462
history 0.0009983556495184401 0.0
history_of_the_dylan_programming_language 5.872680291284943e-05 3.3586377672433594
history_of_the_scheme_programming_language 5.872680291284943e-05 3.3586377672433594
hits 0.00011745360582569885 3.3586377672433594
hlist 0.003464881371858116 0.2905848321097423
hodes 0.00011745360582569885 3.3586377672433594
hor 0.00011745360582569885 0.0
hosted 5.872680291284943e-05 0.0
hosting 0.00011745360582569885 2.4423470353692043
hosting_ 5.872680291284943e-05 2.953172659135195
how 0.0005285412262156448 0.0
how_to_design_programs 5.872680291284943e-05 3.3586377672433594
however 0.0002349072116513977 0.0
href 0.025722339675828047 0.0
hreflang 0.000411087620389946 0.11020314013361425
htdp 5.872680291284943e-05 3.3586377672433594
html 0.0008809020436927414 0.0
http 0.0018205308902983321 0.0
https 0.0022903453136011278 0.0
hub 5.872680291284943e-05 0.0
huber 0.00011745360582569885 4.051784947803305
hy 0.00035236081747709656 1.9723434061234688
hyperspec 0.00011745360582569885 3.3586377672433594
i 0.003171247357293869 0.008733679968754631
ia 0.00017618040873854828 2.3470368555648795
ico 5.872680291284943e-05 0.0
icon 0.0024077989194268264 0.0
icons 0.0002349072116513977 0.0
id 0.011392999765092789 0.0
ide 5.872680291284943e-05 1.449095262358921
idhash 5.872680291284943e-05 0.0
if 0.0002349072116513977 0.0
ikarus 0.00011745360582569885 3.3586377672433594
ikarus_ 5.872680291284943e-05 3.3586377672433594
illustrate 5.872680291284943e-05 3.3586377672433594
image 0.00017618040873854828 0.0
imageobject 0.00011745360582569885 0.0
images 0.0007047216349541931 0.0
img 0.0005285412262156448 0.0
implement 0.00017618040873854828 0.0
implementation 0.0008809020436927414 0.5705448584676129
implementations 0.00011745360582569885 0.8531118302526235
implemented 5.872680291284943e-05 1.0072625100798818
important 5.872680291284943e-05 0.7018808605286999
improvements 5.872680291284943e-05 0.0
in 0.0019967112990368803 0.0
inc 0.00035236081747709656 0.0
include 0.00011745360582569885 0.0
increment 5.872680291284943e-05 0.26759531388504365
incubator 0.00011745360582569885 4.051784947803305
index 0.0017618040873854828 0.0
indicators 5.872680291284943e-05 0.0
influenced 5.872680291284943e-05 0.454472687214859
info 0.0022903453136011278 0.0
infobox 0.0027014329339910734 0.21233263520999412
infobox_programming_language 0.00011745360582569885 0.37548427589622857
information 0.00017618040873854828 0.0
inherit 0.0005872680291284943 0.035401927050916
init 0.00017618040873854828 0.0
inline 0.001644350481559784 0.035401927050916
inner 0.0002349072116513977 0.0
input 0.000822175240779892 0.0
inside 0.00011745360582569885 0.0721032939013439
install 0.00017618040873854828 3.3586377672433594
institute 0.00011745360582569885 1.2185716037470886
institutes 5.872680291284943e-05 2.953172659135195
integrated 0.00011745360582569885 1.0560526742493137
integrated_development_environment 5.872680291284943e-05 1.7004096906398272
intelligence 0.00017618040873854828 1.911718784307034
interaction 0.00017618040873854828 0.0
interface 0.0002349072116513977 0.0
interlanguage 0.001115809255344139 0.0
interlisp 0.00035236081747709656 3.3586377672433594
internal 5.872680291284943e-05 1.16141318990714
interpretation 0.00011745360582569885 2.4423470353692043
interwiki 0.000411087620389946 0.11020314013361425
into 5.872680291284943e-05 0.48225225132193467
introducing 5.872680291284943e-05 1.749199854809259
introduction 0.0002349072116513977 0.0
ip 0.00011745360582569885 0.0
is 0.0009396288466055908 0.0
islisp 0.00035236081747709656 2.4423470353692043
isn 0.00017618040873854828 2.7990219793079367
it 0.0010570824524312897 0.0
italian 5.872680291284943e-05 0.7559480817989758
italiano 5.872680291284943e-05 0.7746402148111283
italic 5.872680291284943e-05 0.5705448584676129
item 0.004169603006812309 0.0
items 5.872680291284943e-05 0.0
its 0.00029363401456424713 0.25629575863111026
j 0.00011745360582569885 0.0
january 0.0002349072116513977 0.0
java 0.00011745360582569885 0.8947845266531914
java_ 5.872680291284943e-05 1.1073459686368643
javascript 0.00017618040873854828 1.377636298376776
jay 0.00011745360582569885 2.7990219793079367
joel 0.00011745360582569885 3.1354942159291497
joel_moses 5.872680291284943e-05 3.3586377672433594
john 0.00011745360582569885 1.2185716037470886
john_mccarthy_ 5.872680291284943e-05 2.4423470353692043
jquery 0.00017618040873854828 0.0
jr 0.0002349072116513977 2.1799827709017134
js 0.00011745360582569885 0.0
jscheme 0.00017618040873854828 3.3586377672433594
json 0.00011745360582569885 0.0
jtitle 0.0009983556495184401 0.3260915205666521
julie 0.00011745360582569885 3.3586377672433594
julie_sussman 5.872680291284943e-05 3.3586377672433594
july 5.872680291284943e-05 0.0
jump 0.00011745360582569885 0.0
june 5.872680291284943e-05 0.0
just 5.872680291284943e-05 1.2484245668967697
k 0.00011745360582569885 0.0
kansas 5.872680291284943e-05 3.6463198396951406
kartik 0.00011745360582569885 4.74493212836325
kawa 0.00011745360582569885 3.1354942159291497
kawa_ 5.872680291284943e-05 3.1354942159291497
kenneth 0.00011745360582569885 3.3586377672433594
kennethrapp 5.872680291284943e-05 4.74493212836325
kent 0.0002349072116513977 2.953172659135195
kent_pitman 5.872680291284943e-05 3.3586377672433594
kern 0.00011745360582569885 0.09097177820572679
key 5.872680291284943e-05 0.0
keyboard 0.00011745360582569885 2.1799827709017134
kim 0.00011745360582569885 3.3586377672433594
kimtg 0.00011745360582569885 4.74493212836325
kingdom 5.872680291284943e-05 2.5477075510270306
knowledge 0.00011745360582569885 1.7004096906398272
knowledge_engineering_environment 5.872680291284943e-05 3.3586377672433594
krishnamurthi 0.00011745360582569885 3.3586377672433594
l 0.0002349072116513977 1.1895840668738364
label 0.0035236081747709656 0.0
labelledby 0.00011745360582569885 0.0
laboratory 0.00017618040873854828 1.8545603704670854
lack 5.872680291284943e-05 2.26002547857525
landmark 0.0002349072116513977 0.0
lang 0.0014681700728212356 0.0
langage 0.00011745360582569885 1.8004931491968095
langdes 5.872680291284943e-05 4.74493212836325
langlinks 0.00011745360582569885 0.0
language 0.006342494714587738 0.0
languages 0.0005872680291284943 0.0
larceny 0.00011745360582569885 3.3586377672433594
larceny_ 5.872680291284943e-05 3.3586377672433594
large 5.872680291284943e-05 1.2185716037470886
last 0.0007634484378670426 0.0
lastmod 5.872680291284943e-05 0.0
lavender 5.872680291284943e-05 3.6463198396951406
lawrence 5.872680291284943e-05 2.953172659135195
lazy 0.00011745360582569885 0.0
ld 0.00011745360582569885 0.0
le 0.00011745360582569885 3.1354942159291497
le_lisp 5.872680291284943e-05 3.6463198396951406
leads 0.00011745360582569885 3.3586377672433594
learn 0.00029363401456424713 0.0
least 5.872680291284943e-05 1.8545603704670854
lecturer 0.00011745360582569885 3.1354942159291497
left 0.0029950669485553204 0.0
lelisp 0.00017618040873854828 3.3586377672433594
level 0.0005872680291284943 0.0
levels 5.872680291284943e-05 0.0
levin 5.872680291284943e-05 3.3586377672433594
lfe 0.0002349072116513977 3.3586377672433594
lfe_ 0.00011745360582569885 3.3586377672433594
li 0.0305379375146817 0.0
libraries 0.00011745360582569885 0.9162907318741551
library 5.872680291284943e-05 0.6340582641899388
library_ 5.872680291284943e-05 2.1058747987479913
license 0.0005872680291284943 0.0
licenses 0.00011745360582569885 0.0
life 5.872680291284943e-05 0.6340582641899388
lightgray 0.001937984496124031 3.6463198396951406
limit 0.0006459948320413437 0.0
limited 0.00035236081747709656 0.0
limitreport 0.00017618040873854828 0.0
line 0.0002349072116513977 0.10054122922187746
linguagem 5.872680291284943e-05 2.1799827709017134
linguagem_de_programa 5.872680291284943e-05 2.26002547857525
linguaggio 5.872680291284943e-05 1.8004931491968095
linguaggio_di_programmazione 5.872680291284943e-05 2.1799827709017134
link 0.0037585153864223633 0.0
linked 0.00017618040873854828 0.0
linked_list 5.872680291284943e-05 2.665490586683414
links 0.001115809255344139 0.0
linux 0.0004698144233027954 1.0313600616589422
lisp 0.0066948555320648345 1.2185716037470886
lisp_ 0.00035236081747709656 1.3437347467010947
lisp_2 5.872680291284943e-05 3.6463198396951406
lisp_arc_challenge 5.872680291284943e-05 4.74493212836325
lisp_machine 5.872680291284943e-05 3.3586377672433594
lisp_machine_lisp 0.00011745360582569885 3.3586377672433594
lisp_programming_language 0.000411087620389946 3.1354942159291497
lisp_programming_language_family 0.00011745360582569885 3.3586377672433594
lispworks 0.00017618040873854828 3.3586377672433594
list 0.008809020436927413 0.0
list_of_lisp 5.872680291284943e-05 3.3586377672433594
listbullet 0.00017618040873854828 0.0
listitem 0.0002349072116513977 0.2905848321097423
lists 5.872680291284943e-05 1.1073459686368643
ll 5.872680291284943e-05 3.3586377672433594
load 0.00017618040873854828 0.0
loaded 5.872680291284943e-05 0.0
loader 5.872680291284943e-05 0.0
loading 0.00017618040873854828 0.0
loc 5.872680291284943e-05 0.0
lock 0.0006459948320413437 0.09097177820572679
log 0.000411087620389946 0.0
logged 0.00011745360582569885 0.0
login 0.00029363401456424713 0.0
logo 0.0007634484378670426 0.0
logo_ 0.00011745360582569885 2.953172659135195
longer 0.00011745360582569885 1.8545603704670854
loop 0.00011745360582569885 1.2791962255635234
louis 0.00011745360582569885 2.953172659135195
louis_hodes 5.872680291284943e-05 3.3586377672433594
lower 0.00035236081747709656 0.09097177820572679
ltr 0.0006459948320413437 0.0
lua 0.00011745360582569885 0.008733679968754631
lucid 0.00011745360582569885 3.1354942159291497
lucid_inc 5.872680291284943e-05 3.3586377672433594
luckham 0.00011745360582569885 3.3586377672433594
m 0.00029363401456424713 0.0
machine 0.0004698144233027954 0.6340582641899388
macintosh 0.00011745360582569885 2.7990219793079367
macintosh_common_lisp 5.872680291284943e-05 3.3586377672433594
maclisp 0.00035236081747709656 3.3586377672433594
macro 0.00017618040873854828 1.8004931491968095
macro_ 5.872680291284943e-05 2.1058747987479913
macros 5.872680291284943e-05 2.26002547857525
made 0.00011745360582569885 0.0
magazine 0.00029363401456424713 1.6538896750049343
main 0.0014681700728212356 0.0
main_page 0.00011745360582569885 0.0
mainentity 0.00011745360582569885 0.0
mainpage 5.872680291284943e-05 0.0
maint 5.872680291284943e-05 0.09097177820572679
major 5.872680291284943e-05 0.8131064956389242
makecollapsible 0.00017618040873854828 0.42744401482693967
makes 0.0002349072116513977 1.377636298376776
managed 5.872680291284943e-05 2.1799827709017134
management 5.872680291284943e-05 1.0813704822336037
manager 0.00011745360582569885 1.911718784307034
mandatory 0.0002349072116513977 0.0
many 5.872680291284943e-05 0.6673946844575306
march 5.872680291284943e-05 0.0
margin 0.0014094432699083862 0.017544309650909525
massachusetts 0.00011745360582569885 1.7004096906398272
massachusetts_institute_of_technology 5.872680291284943e-05 1.911718784307034
match 5.872680291284943e-05 0.0
mathias 0.00011745360582569885 4.74493212836325
matthew 0.00011745360582569885 2.4423470353692043
matthew_flatt 5.872680291284943e-05 3.3586377672433594
matthias 0.0002349072116513977 2.953172659135195
matthias_felleisen 0.00011745360582569885 3.3586377672433594
max 0.00011745360582569885 0.0
may 0.00035236081747709656 0.0
mccarthy 0.00011745360582569885 2.4423470353692043
mcclim 0.00017618040873854828 3.3586377672433594
mdl 0.0002349072116513977 3.3586377672433594
mdl_ 0.00011745360582569885 3.3586377672433594
means 5.872680291284943e-05 1.5260563034950492
media 0.00017618040873854828 0.0
mediawiki 0.0004698144233027954 0.0
members 5.872680291284943e-05 2.03688192726104
memory 5.872680291284943e-05 0.008733679968754631
memusage 5.872680291284943e-05 0.008733679968754631
menu 0.005813953488372093 0.0
message 0.00011745360582569885 0.0
meta 0.000822175240779892 0.0
metaprogramming 0.00011745360582569885 2.7990219793079367
methods 5.872680291284943e-05 1.449095262358921
mike 5.872680291284943e-05 1.911718784307034
min 5.872680291284943e-05 0.12981161152199053
minerva 0.000411087620389946 0.13976194237515863
mini 0.0002349072116513977 0.41419878807691896
mistaken 5.872680291284943e-05 4.74493212836325
mit 0.0004698144233027954 1.2484245668967697
mit_computer_science_and_artificial_intelligence_laboratory 5.872680291284943e-05 3.1354942159291497
mit_scheme 5.872680291284943e-05 3.6463198396951406
mitchel 0.00011745360582569885 3.1354942159291497
mitchel_resnick 5.872680291284943e-05 3.1354942159291497
mixed 5.872680291284943e-05 2.1058747987479913
mlisp 0.00017618040873854828 3.3586377672433594
mmv 0.00011745360582569885 0.11020314013361425
mobile 0.00017618040873854828 0.0
mobileaction 5.872680291284943e-05 0.0
mobileview 5.872680291284943e-05 0.0
mocl 0.00017618040873854828 3.3586377672433594
modifications 5.872680291284943e-05 3.1354942159291497
module 5.872680291284943e-05 0.0
modules 0.00017618040873854828 0.0
moon 0.00011745360582569885 3.3586377672433594
more 0.000822175240779892 0.0
morris 0.00029363401456424713 2.953172659135195
moses 0.00011745360582569885 3.3586377672433594
most 5.872680291284943e-05 0.6340582641899388
motives 0.0005285412262156448 4.051784947803305
move 5.872680291284943e-05 0.0
moved 5.872680291284943e-05 0.0
movitz 5.872680291284943e-05 3.3586377672433594
ms 5.872680291284943e-05 0.0
mswlogo 0.00017618040873854828 3.3586377672433594
much 5.872680291284943e-05 1.2484245668967697
multi 0.00017618040873854828 0.8329091229351039
multilisp 0.00017618040873854828 3.3586377672433594
mw 0.02654451491660794 0.0
mw1405 5.872680291284943e-05 3.3586377672433594
mw2303 0.00011745360582569885 4.74493212836325
mycontributions 5.872680291284943e-05 0.0
mytalk 5.872680291284943e-05 0.0
n 0.000822175240779892 0.0
name 0.0018205308902983321 0.0
named 0.00017618040873854828 1.1073459686368643
namespaces 5.872680291284943e-05 0.0
nav 0.000822175240779892 0.0
navbar 0.0014681700728212356 0.06280090123903044
navbox 0.008926474042753112 0.454472687214859
navigation 0.0007634484378670426 0.0
navigationtiming 5.872680291284943e-05 0.0
nearby 5.872680291284943e-05 0.0
netlogo 0.00017618040873854828 3.3586377672433594
new 0.00011745360582569885 0.14981227822866008
newlisp 0.00017618040873854828 3.3586377672433594
newman 5.872680291284943e-05 3.3586377672433594
newpp 5.872680291284943e-05 0.0
news 0.00035236081747709656 0.5552773863368246
nil 0.0002349072116513977 2.5477075510270306
nil_ 0.00011745360582569885 3.3586377672433594
no 0.0004698144233027954 0.0
node 5.872680291284943e-05 0.0
nofollow 0.0012919896640826874 0.0
noicon 0.00029363401456424713 0.0
nojs 5.872680291284943e-05 0.0
non 5.872680291284943e-05 0.0
none 0.0014094432699083862 0.0
noop 5.872680291284943e-05 4.74493212836325
noprint 0.00029363401456424713 0.0
normal 0.00035236081747709656 0.0
noscript 0.0002349072116513977 0.0
nosnippet 5.872680291284943e-05 0.0
not 0.0005872680291284943 0.0
notably 5.872680291284943e-05 2.665490586683414
note 5.872680291284943e-05 0.6340582641899388
notice 5.872680291284943e-05 0.0
november 0.00011745360582569885 0.0
noviewer 0.00017618040873854828 0.7018808605286999
nowrap 0.001115809255344139 0.05358424613410626
nowraplinks 0.0005285412262156448 0.454472687214859
ns 0.00011745360582569885 0.0
nstab 5.872680291284943e-05 0.0
null 5.872680291284943e-05 0.0
numb 0.0005285412262156448 0.0
number 0.00017618040873854828 0.0
nv 0.0010570824524312897 0.3141153295199365
o 0.0002349072116513977 0.0
object 0.0005872680291284943 0.5254244231871433
october 0.00017618040873854828 0.0
odd 0.0010570824524312897 0.454472687214859
of 0.002877613342729622 0.0
official 0.0005285412262156448 0.8737311174553593
official_version 0.0002349072116513977 4.74493212836325
official_website_different_in_wikidata_and_wikipedia 5.872680291284943e-05 1.8545603704670854
og 0.00011745360582569885 0.0
ol 0.001115809255344139 0.035401927050916
oldid 0.00017618040873854828 0.0
on 0.0007634484378670426 0.0
on_lisp 5.872680291284943e-05 3.3586377672433594
one 0.00017618040873854828 0.42744401482693967
online 5.872680291284943e-05 1.749199854809259
onlink 5.872680291284943e-05 4.74493212836325
only 0.00029363401456424713 0.0
oo 0.00017618040873854828 3.3586377672433594
open 0.00011745360582569885 0.7018808605286999
openlisp 0.00035236081747709656 3.3586377672433594
opensearch_desc 5.872680291284943e-05 0.0
opensearchdescription 5.872680291284943e-05 0.0
operating 0.00029363401456424713 0.41419878807691896
operating_system 0.0002349072116513977 0.5108256237659907
operating_systems 5.872680291284943e-05 2.665490586683414
opposed 5.872680291284943e-05 2.665490586683414
options 0.00029363401456424713 0.0
or 0.00017618040873854828 0.0
order 0.00011745360582569885 1.1073459686368643
order_function 5.872680291284943e-05 2.7990219793079367
org 0.005637773079633545 0.0
organiser 5.872680291284943e-05 0.9382696385929302
organization 0.00029363401456424713 0.0
organizations 0.00011745360582569885 1.449095262358921
orientation 5.872680291284943e-05 3.1354942159291497
oriented 0.00035236081747709656 0.6505875661411494
oriented_programming 0.00011745360582569885 1.0313600616589422
origin 0.00029363401456424713 0.0
original 5.872680291284943e-05 0.3022808718729337
os 5.872680291284943e-05 0.6177977433181585
other 0.00011745360582569885 0.0
others 5.872680291284943e-05 1.486835590341768
out 0.0002349072116513977 0.0
output 0.008632840028188865 0.0
over 5.872680291284943e-05 0.9162907318741551
overflow 0.00017618040873854828 0.0
overly 5.872680291284943e-05 3.3586377672433594
own 0.00011745360582569885 1.2791962255635234
p 0.004169603006812309 0.0
padding 0.0038172421893352126 0.017544309650909525
page 0.0028188865398167725 0.0
pagelanguagecode 5.872680291284943e-05 0.0
pagelanguagedir 5.872680291284943e-05 0.0
pageprop 5.872680291284943e-05 0.27902400970866637
pages 0.000411087620389946 0.0
pagevariantfallbacks 5.872680291284943e-05 0.0
panel 0.0002349072116513977 0.0
papert 0.00011745360582569885 3.1354942159291497
paradigm 0.00017618040873854828 0.5705448584676129
paradigm_programming_language 5.872680291284943e-05 1.5260563034950492
paradigms 5.872680291284943e-05 1.8004931491968095
park 0.00011745360582569885 2.4423470353692043
parsed 5.872680291284943e-05 0.0
parser 0.008750293634014564 0.0
partly 5.872680291284943e-05 3.1354942159291497
past 5.872680291284943e-05 0.0
patroltoken 5.872680291284943e-05 0.0
pattern 5.872680291284943e-05 1.6538896750049343
patterns 5.872680291284943e-05 1.9723434061234688
paul 0.0012919896640826874 1.6538896750049343
paul_graham_ 0.00017618040873854828 3.3586377672433594
paulgraham 0.0014094432699083862 4.051784947803305
pc 0.00035236081747709656 1.6094379124341003
pcache 5.872680291284943e-05 0.0
pdf 0.00011745360582569885 0.0
people 5.872680291284943e-05 1.0560526742493137
permalink 5.872680291284943e-05 0.0
permanent 0.00011745360582569885 0.0
permitted 5.872680291284943e-05 2.5477075510270306
personal 0.00029363401456424713 0.0
philip 0.00011745360582569885 2.26002547857525
philip_greenspun 5.872680291284943e-05 3.3586377672433594
php 0.00205543810194973 0.0
phyllis 0.00011745360582569885 3.3586377672433594
phyllis_fox 5.872680291284943e-05 3.3586377672433594
picolisp 0.00035236081747709656 3.3586377672433594
pin 0.00011745360582569885 0.0
pinnable 0.0007047216349541931 0.0
pinned 0.0005872680291284943 0.0
pioneer 0.00011745360582569885 3.3586377672433594
pitman 0.00011745360582569885 3.3586377672433594
placeholder 5.872680291284943e-05 0.0
places 0.0005285412262156448 0.0
plainlinks 0.00011745360582569885 0.20163734609324613
platform 0.00029363401456424713 0.5552773863368246
platform_free_software 5.872680291284943e-05 2.7990219793079367
plt 0.00017618040873854828 3.6463198396951406
plt_scheme 5.872680291284943e-05 3.6463198396951406
png 0.001115809255344139 0.0
pocket 5.872680291284943e-05 2.953172659135195
policy 0.00011745360582569885 0.0
poplog 0.00017618040873854828 3.1354942159291497
popular 0.0002349072116513977 1.5668782980153044
popups 5.872680291284943e-05 0.0
portable 0.00011745360582569885 1.5260563034950492
portable_standard_lisp 5.872680291284943e-05 3.3586377672433594
portal 0.00017618040873854828 0.0
ported 5.872680291284943e-05 2.03688192726104
portlet 0.0015856236786469344 0.0
portuguese 5.872680291284943e-05 0.8531118302526235
português 5.872680291284943e-05 0.8531118302526235
position 0.00017618040873854828 0.0
post 0.00011745360582569885 0.0
postexpandincludesize 5.872680291284943e-05 0.0
powered 5.872680291284943e-05 0.0
poweredby_mediawiki_132x47 5.872680291284943e-05 0.0
poweredby_mediawiki_176x62 5.872680291284943e-05 0.0
poweredby_mediawiki_88x31 5.872680291284943e-05 0.0
poweredbyico 5.872680291284943e-05 0.0
ppvisitednodes 5.872680291284943e-05 0.0
pr 5.872680291284943e-05 3.6463198396951406
practical 0.00011745360582569885 2.26002547857525
practical_common_lisp 5.872680291284943e-05 3.3586377672433594
practice 0.0002349072116513977 1.5260563034950492
pre 0.0002349072116513977 0.40112670650956617
precisely 5.872680291284943e-05 3.6463198396951406
preconnect 5.872680291284943e-05 0.11020314013361425
prefetch 0.00011745360582569885 0.0
preprocessor 5.872680291284943e-05 0.0
preview 5.872680291284943e-05 0.0
print 0.0002349072116513977 0.0
print_export 0.00017618040873854828 0.0
printable 0.00017618040873854828 0.0
printfooter 5.872680291284943e-05 0.0
privacy 0.00017618040873854828 0.0
privacy_policy 0.00011745360582569885 0.0
prn 5.872680291284943e-05 4.051784947803305
problems 5.872680291284943e-05 1.749199854809259
procedural 0.00011745360582569885 1.0813704822336037
procedural_programming 5.872680291284943e-05 1.5668782980153044
produces 5.872680291284943e-05 2.665490586683414
profiler 5.872680291284943e-05 2.953172659135195
profiling 5.872680291284943e-05 2.7990219793079367
profiling_ 5.872680291284943e-05 3.3586377672433594
profit 5.872680291284943e-05 0.0
program 0.0002349072116513977 0.41419878807691896
programação 5.872680291284943e-05 2.26002547857525
programbydesign 0.00017618040873854828 3.3586377672433594
programmazione 5.872680291284943e-05 2.1799827709017134
programmer 0.0005285412262156448 0.9837320126696876
programmers 5.872680291284943e-05 1.449095262358921
programming 0.0038172421893352126 0.0
programming_language 0.0037585153864223633 0.08149303425118301
programming_language_implementation 0.00011745360582569885 1.377636298376776
programming_paradigm 5.872680291284943e-05 0.5860490450035782
programs 0.0004698144233027954 0.6340582641899388
progressive 0.00017618040873854828 0.0
project 5.872680291284943e-05 0.7936884097818228
projects 0.00017618040873854828 0.0
property 0.00017618040873854828 0.0
pt 0.0005872680291284943 0.0
publicly 5.872680291284943e-05 2.1058747987479913
published 0.00011745360582569885 0.3504829736908114
publisher 0.00011745360582569885 0.0
pure 5.872680291284943e-05 2.03688192726104
push 0.00017618040873854828 0.0
pygments 0.00011745360582569885 0.6177977433181585
q 0.00017618040873854828 0.0
q2438046 0.000411087620389946 4.74493212836325
questions 0.00011745360582569885 2.1058747987479913
quick 5.872680291284943e-05 0.0
quiet 0.00035236081747709656 0.0
quot 0.0005872680291284943 0.9837320126696876
quotes 5.872680291284943e-05 0.09097177820572679
r 0.00029363401456424713 0.0
r1011085734 5.872680291284943e-05 0.09097177820572679
r1033289096 5.872680291284943e-05 1.0560526742493137
r1045256916 5.872680291284943e-05 3.6463198396951406
r1061467846 5.872680291284943e-05 0.454472687214859
r1063604349 0.00011745360582569885 0.41419878807691896
r1066479718 0.00011745360582569885 0.21233263520999412
r1129693374 0.00017618040873854828 0.2905848321097423
r1133582631 0.0009983556495184401 0.09097177820572679
r5rs 5.872680291284943e-05 3.6463198396951406
r6rs 5.872680291284943e-05 3.6463198396951406
r7rs 5.872680291284943e-05 3.6463198396951406
r996844942 5.872680291284943e-05 2.665490586683414
racket 0.0006459948320413437 2.953172659135195
racket_ 0.00029363401456424713 3.1354942159291497
rainbow 0.00029363401456424713 4.74493212836325
random 0.00011745360582569885 0.0
randomly 5.872680291284943e-05 0.0
randompage 5.872680291284943e-05 0.0
rapp 0.00011745360582569885 4.74493212836325
raw 5.872680291284943e-05 0.0
re 0.00011745360582569885 0.0
reactions 5.872680291284943e-05 3.6463198396951406
read 0.00029363401456424713 0.0
ready 0.001115809255344139 0.0
real 5.872680291284943e-05 0.0
recent 0.00017618040873854828 0.0
recentchanges 0.00017618040873854828 0.0
recentchangeslinked 0.00011745360582569885 0.0
reception 0.000411087620389946 3.1354942159291497
recursion 0.00017618040873854828 0.0
recursion_ 5.872680291284943e-05 2.953172659135195
red 5.872680291284943e-05 0.09097177820572679
redirect 0.0010570824524312897 0.008733679968754631
reduced 5.872680291284943e-05 0.0
reference 0.002877613342729622 0.035401927050916
references 0.0005872680291284943 0.008733679968754631
referencetooltips 5.872680291284943e-05 0.0
referrer 0.00017618040873854828 0.0
reflist 0.0009396288466055908 0.09097177820572679
register 0.00011745360582569885 2.1799827709017134
registered 5.872680291284943e-05 0.0
registration 0.00011745360582569885 0.08149303425118301
rel 0.003464881371858116 0.0
related 0.00011745360582569885 0.0
relative 5.872680291284943e-05 1.377636298376776
release 0.0002349072116513977 0.49643688631389105
released 0.00017618040873854828 1.0072625100798818
religiously 5.872680291284943e-05 4.74493212836325
rendering 5.872680291284943e-05 0.0
repeat 0.0002349072116513977 0.0721032939013439
replace 5.872680291284943e-05 0.0
report 0.00011745360582569885 0.0
repositories 5.872680291284943e-05 3.3586377672433594
req 5.872680291284943e-05 4.74493212836325
requests 0.00011745360582569885 2.953172659135195
require 5.872680291284943e-05 0.0
reset 5.872680291284943e-05 0.26759531388504365
resnick 0.00011745360582569885 3.1354942159291497
resourceloaderdynamicstyles 5.872680291284943e-05 0.0
retrieved 0.0009396288466055908 0.0
returnto 0.0002349072116513977 0.0
revision 0.00017618040873854828 0.0
revisions 5.872680291284943e-05 0.0
rfr_id 0.0009983556495184401 0.10054122922187746
rft 0.004874324641766502 0.10054122922187746
rft_id 0.0009983556495184401 0.11020314013361425
rft_val_fmt 0.0009983556495184401 0.10054122922187746
rgba 5.872680291284943e-05 0.09097177820572679
richard 0.00035236081747709656 1.486835590341768
richard_greenblatt_ 5.872680291284943e-05 3.3586377672433594
richard_p 5.872680291284943e-05 3.3586377672433594
richard_stallman 5.872680291284943e-05 2.7990219793079367
right 0.000822175240779892 0.0
rl 5.872680291284943e-05 0.0
rlconf 5.872680291284943e-05 0.0
rlpagemodules 5.872680291284943e-05 0.0
rlq 0.00035236081747709656 0.0
rlstate 5.872680291284943e-05 0.0
robert 0.000411087620389946 1.5668782980153044
robert_bruce_findler 5.872680291284943e-05 3.3586377672433594
robert_tappan_morris 0.00011745360582569885 3.3586377672433594
robots 5.872680291284943e-05 0.0
role 0.0009396288466055908 0.0
roman 0.0002349072116513977 0.09097177820572679
rootpage 5.872680291284943e-05 0.0
row 0.0021141649048625794 0.12981161152199053
rpl 0.00011745360582569885 3.3586377672433594
rpl_ 5.872680291284943e-05 3.3586377672433594
rscheme 0.00017618040873854828 3.3586377672433594
rsd 0.00011745360582569885 0.0
ru 0.0002349072116513977 0.6505875661411494
rule 0.00011745360582569885 1.486835590341768
russell 0.00011745360582569885 2.953172659135195
russian 5.872680291284943e-05 0.6505875661411494
s 0.0012919896640826874 0.0
sa 0.00011745360582569885 0.0
said 0.00017618040873854828 2.1799827709017134
same 5.872680291284943e-05 0.8737311174553593
sameas 0.00011745360582569885 0.0
saved 5.872680291284943e-05 0.0
say 5.872680291284943e-05 2.3470368555648795
saying 5.872680291284943e-05 3.6463198396951406
says 5.872680291284943e-05 2.665490586683414
sbcl 5.872680291284943e-05 3.1354942159291497
schema 0.00011745360582569885 0.0
scheme 0.0019967112990368803 2.5477075510270306
scheme_ 0.00029363401456424713 2.7990219793079367
scheme_48 5.872680291284943e-05 3.3586377672433594
scheme_implementation 0.000411087620389946 3.1354942159291497
scheme_requests_for_implementation 5.872680291284943e-05 3.3586377672433594
schemescript 5.872680291284943e-05 4.74493212836325
science 0.00029363401456424713 0.3504829736908114
scientist 0.0002349072116513977 1.377636298376776
scm 0.00011745360582569885 3.1354942159291497
scm_ 5.872680291284943e-05 3.3586377672433594
scope 0.0021728917077754287 0.11995931507897897
scott 0.00011745360582569885 2.665490586683414
scott_fahlman 5.872680291284943e-05 3.3586377672433594
screen 0.00011745360582569885 0.0
scribunto 5.872680291284943e-05 0.008733679968754631
script 0.000822175240779892 0.0
scripts 5.872680291284943e-05 0.0
scsh 0.00017618040873854828 3.3586377672433594
search 0.0015856236786469344 0.0
searchable 5.872680291284943e-05 1.0560526742493137
searchbutton 0.0002349072116513977 0.0
searchform 5.872680291284943e-05 0.0
searchinput 5.872680291284943e-05 0.0
seconds 0.00017618040873854828 0.0
section 0.0010570824524312897 0.0
selected 0.0002349072116513977 0.0
selector 5.872680291284943e-05 0.0
self 0.00017618040873854828 1.749199854809259
selflink 0.00029363401456424713 0.08149303425118301
sentences 5.872680291284943e-05 0.0
september 0.00011745360582569885 0.0
set 0.00017618040873854828 0.0
several 5.872680291284943e-05 0.7195804376281008
seymour 0.00011745360582569885 3.1354942159291497
seymour_papert 5.872680291284943e-05 3.1354942159291497
sha1 5.872680291284943e-05 0.10054122922187746
shadow 0.00017618040873854828 0.5860490450035782
sharealike 5.872680291284943e-05 0.0
sharealike_3 5.872680291284943e-05 0.0
shorter 0.0002349072116513977 3.3586377672433594
shortly 5.872680291284943e-05 3.6463198396951406
should 0.00035236081747709656 1.377636298376776
show 0.0002349072116513977 0.0
shriram 0.00011745360582569885 2.953172659135195
shriram_krishnamurthi 5.872680291284943e-05 3.3586377672433594
sicp 5.872680291284943e-05 3.3586377672433594
sidebar 0.0006459948320413437 0.0
simplesearch 5.872680291284943e-05 0.0
simply 5.872680291284943e-05 2.03688192726104
since 5.872680291284943e-05 0.9162907318741551
siod 0.00017618040873854828 3.3586377672433594
site 0.00035236081747709656 0.0
sitedir 5.872680291284943e-05 0.0
sitelinks 5.872680291284943e-05 0.0
sitenotice 0.00011745360582569885 0.0
sites 0.00017618040873854828 1.9723434061234688
sitesub 5.872680291284943e-05 0.0
sitesupport 5.872680291284943e-05 0.0
situations 5.872680291284943e-05 2.5477075510270306
size 0.0009983556495184401 0.0
sizing 5.872680291284943e-05 0.25629575863111026
skill 0.00011745360582569885 3.1354942159291497
skin 0.0007634484378670426 0.0
skins 0.00035236081747709656 0.0
small 0.00029363401456424713 0.0721032939013439
software 0.0007634484378670426 0.08149303425118301
software_company 5.872680291284943e-05 3.1354942159291497
software_design 5.872680291284943e-05 0.5705448584676129
software_design_pattern 5.872680291284943e-05 4.74493212836325
software_developer 5.872680291284943e-05 0.9382696385929302
software_license 5.872680291284943e-05 1.0072625100798818
software_release_life_cycle 5.872680291284943e-05 0.7018808605286999
solid 0.00017618040873854828 0.2340726218464
solomon 0.00011745360582569885 3.3586377672433594
solved 5.872680291284943e-05 4.051784947803305
some 0.0002349072116513977 0.5108256237659907
source 0.0002349072116513977 0.49643688631389105
source_code 5.872680291284943e-05 2.26002547857525
source_software 5.872680291284943e-05 1.486835590341768
space 0.000411087620389946 0.11995931507897897
spacing 0.0006459948320413437 0.2905848321097423
span 0.026955602536997886 0.0
special 0.0012919896640826874 0.0
specialpages 0.00011745360582569885 0.0
specifics 5.872680291284943e-05 4.74493212836325
spice 0.00011745360582569885 3.3586377672433594
spice_lisp 5.872680291284943e-05 3.3586377672433594
src 0.0006459948320413437 0.0
srcset 0.00029363401456424713 0.0
stable 5.872680291284943e-05 0.7195804376281008
stallman 0.00011745360582569885 2.7990219793079367
standard 0.00029363401456424713 0.0
standardized 5.872680291284943e-05 2.1799827709017134
standards 5.872680291284943e-05 1.4127276181880462
stanford 0.00011745360582569885 2.26002547857525
stanford_artificial_intelligence_laboratory 5.872680291284943e-05 3.3586377672433594
stanford_university_centers_and_institutes 5.872680291284943e-05 2.953172659135195
starlogo 0.00017618040873854828 3.1354942159291497
start 0.00011745360582569885 0.0
started 5.872680291284943e-05 1.377636298376776
startup 0.0002349072116513977 0.0
startup_company 5.872680291284943e-05 4.74493212836325
stated 0.00011745360582569885 2.5477075510270306
statement 5.872680291284943e-05 0.0
static 0.0007634484378670426 0.0
statistics 5.872680291284943e-05 0.0
stats 5.872680291284943e-05 0.0
statslink 5.872680291284943e-05 0.0
status 5.872680291284943e-05 0.0
steel 0.00011745360582569885 3.1354942159291497
steel_bank_common_lisp 5.872680291284943e-05 3.3586377672433594
steele 0.0002349072116513977 2.953172659135195
steve 0.00011745360582569885 2.3470368555648795
steve_russell_ 5.872680291284943e-05 3.3586377672433594
sticky 0.00011745360582569885 0.0
stopmobileredirecttoggle 5.872680291284943e-05 0.0
storage 5.872680291284943e-05 1.449095262358921
stripping 5.872680291284943e-05 4.74493212836325
structure 0.00017618040873854828 1.1073459686368643
structure_and_interpretation_of_computer_programs 5.872680291284943e-05 3.3586377672433594
structured 5.872680291284943e-05 0.0
structures 5.872680291284943e-05 1.16141318990714
style 0.010864458538877143 0.0
styles 0.000822175240779892 0.0
stylesheet 0.00011745360582569885 0.0
subbox 5.872680291284943e-05 0.21233263520999412
subconsciously 5.872680291284943e-05 4.74493212836325
subgroup 0.0007634484378670426 0.454472687214859
subheader 5.872680291284943e-05 0.21233263520999412
subject 5.872680291284943e-05 0.0
sublist 0.0006459948320413437 0.0
submit 0.0002349072116513977 0.0
submitted 5.872680291284943e-05 3.3586377672433594
subscription 0.00011745360582569885 0.09097177820572679
subsection 0.00011745360582569885 0.7195804376281008
subtitle 5.872680291284943e-05 0.0
such 5.872680291284943e-05 0.454472687214859
suggestededitsession 5.872680291284943e-05 0.0
summary 5.872680291284943e-05 0.19105523676270922
sup 0.0021141649048625794 0.0721032939013439
support 5.872680291284943e-05 0.0
supported 5.872680291284943e-05 0.9382696385929302
sussman 0.0002349072116513977 3.3586377672433594
svg 0.0014094432699083862 0.0
switcher 5.872680291284943e-05 0.0
symbol_category_class 0.0007047216349541931 1.0072625100798818
symbol_list_class 0.00035236081747709656 1.6538896750049343
symbolics 0.0002349072116513977 3.3586377672433594
syntax 0.00029363401456424713 0.540239508972284
system 0.0004698144233027954 0.11020314013361425
systems 5.872680291284943e-05 0.454472687214859
t 0.0011745360582569885 0.0
t_ 0.00011745360582569885 3.3586377672433594
tab 0.00029363401456424713 0.0
tabindex 0.00011745360582569885 0.0
table 0.0015856236786469344 0.0
tabs 0.00011745360582569885 0.0
taegyoon 0.00011745360582569885 4.74493212836325
tagline 0.00017618040873854828 0.0
tags 5.872680291284943e-05 0.0
take 0.00011745360582569885 1.6094379124341003
talk 0.0004698144233027954 0.0
tappan 0.00017618040873854828 3.3586377672433594
tar 0.00011745360582569885 4.051784947803305
tar_ 5.872680291284943e-05 4.74493212836325
target 0.0005285412262156448 0.0
targetloader 5.872680291284943e-05 0.0
tb 0.00017618040873854828 0.0
tbody 0.0012919896640826874 0.044451762570833796
td 0.009396288466055908 0.044451762570833796
technical 0.00011745360582569885 1.2185716037470886
technical_standard 5.872680291284943e-05 2.26002547857525
technologies 5.872680291284943e-05 1.486835590341768
technology 0.00011745360582569885 0.7195804376281008
telephone 5.872680291284943e-05 0.0
tell 0.00011745360582569885 2.7990219793079367
template 0.0019967112990368803 0.0
template_talk 0.00011745360582569885 0.41419878807691896
templateargumentsize 5.872680291284943e-05 0.0
templatequote 0.00017618040873854828 2.665490586683414
templatequotecite 5.872680291284943e-05 2.665490586683414
templatestyles 0.0017030772844726333 0.017544309650909525
tenth 5.872680291284943e-05 3.1354942159291497
terms 0.00011745360582569885 0.0
terms_of_use 5.872680291284943e-05 0.0
terse 5.872680291284943e-05 4.051784947803305
terseness 5.872680291284943e-05 4.051784947803305
text 0.003875968992248062 0.0
text_of_the_creative_commons_attribution 5.872680291284943e-05 0.0
th 0.010101010101010102 0.11995931507897897
that 0.0005872680291284943 0.18058393689541388
the 0.003171247357293869 0.0
their 5.872680291284943e-05 0.7559480817989758
then 0.00011745360582569885 0.6017974019717174
there 5.872680291284943e-05 0.8737311174553593
theregister 0.00011745360582569885 3.3586377672433594
think 0.00011745360582569885 2.7990219793079367
thinks 0.00017618040873854828 4.74493212836325
this 0.001526896875734085 0.0
thumb 0.0005285412262156448 0.12981161152199053
thumbnail 5.872680291284943e-05 0.0
ti 0.00011745360582569885 2.7990219793079367
ti_explorer 5.872680291284943e-05 3.3586377672433594
time 0.00029363401456424713 0.0
timeline 5.872680291284943e-05 1.4127276181880462
timestamp 0.00011745360582569885 0.0
timeusage 5.872680291284943e-05 0.008733679968754631
timingprofile 5.872680291284943e-05 0.0
timothy 5.872680291284943e-05 3.1354942159291497
tinyscheme 0.00017618040873854828 3.3586377672433594
title 0.023138360347662673 0.0
titlebar 0.0004698144233027954 0.0
titleform 5.872680291284943e-05 0.0
to 0.002583979328165375 0.0
toc 0.006988489546629082 0.0
toccolours 5.872680291284943e-05 3.6463198396951406
toggle 0.0007634484378670426 0.0
toggle_view_mobile 5.872680291284943e-05 0.0
tokens 5.872680291284943e-05 0.0
toolbar 0.00017618040873854828 0.0
tools 0.0005285412262156448 0.0
top 0.0005872680291284943 0.0
total 0.00017618040873854828 0.0
touch 0.00011745360582569885 0.0
tr 0.009396288466055908 0.044451762570833796
trademark 5.872680291284943e-05 0.0
transclusion 5.872680291284943e-05 0.0
transientcontent 5.872680291284943e-05 0.0
transparent 0.00035236081747709656 0.06280090123903044
tree 0.00011745360582569885 2.1058747987479913
tree_data_structure 5.872680291284943e-05 3.3586377672433594
triggered 5.872680291284943e-05 0.0
true 0.0012919896640826874 0.0
truth 5.872680291284943e-05 4.051784947803305
ttl 5.872680291284943e-05 0.0
tut 0.00011745360582569885 4.74493212836325
tutorial 0.0002349072116513977 1.8545603704670854
txt 0.00017618040873854828 2.1799827709017134
type 0.0021141649048625794 0.0
type_system 5.872680291284943e-05 0.7746402148111283
typed 0.00017618040873854828 1.0313600616589422
typing 0.0002349072116513977 0.7018808605286999
u 0.00011745360582569885 0.0
ucblogo 0.00017618040873854828 3.3586377672433594
ui 0.003464881371858116 0.0
uk 0.00017618040873854828 0.6340582641899388
ul 0.006401221517500587 0.0
uls 0.00029363401456424713 0.0
under 0.00011745360582569885 0.0
united 5.872680291284943e-05 0.9837320126696876
united_kingdom 5.872680291284943e-05 3.1354942159291497
university 0.00017618040873854828 0.8947845266531914
university_of_california 5.872680291284943e-05 3.1354942159291497
unknown 0.0009396288466055908 0.26759531388504365
unofficial 0.0002349072116513977 4.051784947803305
unofficial_versions 0.0002349072116513977 4.74493212836325
unpin 0.00011745360582569885 0.0
unpinned 0.00011745360582569885 0.0
unstandardized 5.872680291284943e-05 3.3586377672433594
unstrip 0.0002349072116513977 0.0
updated 0.00011745360582569885 0.41419878807691896
updates 5.872680291284943e-05 2.7990219793079367
upload 0.001115809255344139 0.0
upper 0.0002349072116513977 0.09097177820572679
url 0.0006459948320413437 0.0
us 0.00011745360582569885 0.0
usa 5.872680291284943e-05 2.03688192726104
usage 0.0002349072116513977 0.0
use 0.0002349072116513977 0.0
used 0.00011745360582569885 0.19105523676270922
useful 5.872680291284943e-05 1.5668782980153044
uselang 5.872680291284943e-05 0.0
user 0.0015856236786469344 0.0
useradd 0.00011745360582569885 0.0
userlogin 0.00011745360582569885 0.0
uses 0.00011745360582569885 0.7746402148111283
using 5.872680291284943e-05 0.0
utc 5.872680291284943e-05 0.0
utf 5.872680291284943e-05 0.0
utm_campaign 5.872680291284943e-05 0.0
utm_medium 5.872680291284943e-05 0.0
utm_source 5.872680291284943e-05 0.0
ux 5.872680291284943e-05 0.08149303425118301
v 0.00011745360582569885 0.3382128810989969
value 0.000822175240779892 0.0
var 0.00011745360582569885 0.0
variant 0.00011745360582569885 0.0
variants 0.00035236081747709656 0.0
vary 5.872680291284943e-05 0.10054122922187746
ve 5.872680291284943e-05 0.0
vector 0.015797509983556494 0.0
verbose 5.872680291284943e-05 3.3586377672433594
version 0.000411087620389946 0.0
versions 0.0007047216349541931 1.0813704822336037
very 5.872680291284943e-05 0.9607424944449889
vevent 5.872680291284943e-05 0.22314355131420976
view 0.0007634484378670426 0.0
viewport 5.872680291284943e-05 0.0
views 0.0002349072116513977 0.0
visible 5.872680291284943e-05 0.09097177820572679
visit 0.00011745360582569885 0.0
visited 5.872680291284943e-05 0.0
visual 5.872680291284943e-05 0.9607424944449889
visualeditor 0.0002349072116513977 0.0
vue 0.00011745360582569885 0.0
w 0.00205543810194973 0.0
walltime 5.872680291284943e-05 0.0
wally 0.00011745360582569885 3.3586377672433594
wally_feurzeig 5.872680291284943e-05 3.3586377672433594
want 5.872680291284943e-05 4.051784947803305
was 0.000411087620389946 0.0
watchlist 5.872680291284943e-05 0.0
watchtoken 5.872680291284943e-05 0.0
wb 0.00011745360582569885 0.0
wbc 5.872680291284943e-05 0.0
wbr 5.872680291284943e-05 0.7195804376281008
we 5.872680291284943e-05 1.4127276181880462
web 0.001115809255344139 0.09097177820572679
website 0.000411087620389946 0.0
weight 0.00029363401456424713 0.05358424613410626
weinreb 0.00011745360582569885 3.3586377672433594
well 5.872680291284943e-05 1.0560526742493137
were 5.872680291284943e-05 0.6844891178168307
wgaction 5.872680291284943e-05 0.0
wgarticleid 5.872680291284943e-05 0.0
wgbackendresponsetime 5.872680291284943e-05 0.0
wgbreakframes 5.872680291284943e-05 0.0
wgcanonicalnamespace 5.872680291284943e-05 0.0
wgcanonicalspecialpagename 5.872680291284943e-05 0.0
wgcategories 5.872680291284943e-05 0.0
wgcentralauthmobiledomain 5.872680291284943e-05 0.0
wgcspnonce 5.872680291284943e-05 0.0
wgcurrevisionid 5.872680291284943e-05 0.0
wgdefaultdateformat 5.872680291284943e-05 0.0
wgdigittransformtable 5.872680291284943e-05 0.0
wgeditsubmitbuttonlabelpublish 5.872680291284943e-05 0.0
wgflaggedrevsparams 5.872680291284943e-05 0.0
wggestructuredtaskrejectionreasontextinputenabled 5.872680291284943e-05 0.0
wggetopicsmatchmodeenabled 5.872680291284943e-05 0.0
wghostname 5.872680291284943e-05 0.0
wgisarticle 5.872680291284943e-05 0.0
wgisprobablyeditable 5.872680291284943e-05 0.0
wgisredirect 5.872680291284943e-05 0.0
wgmediaviewerenabledbydefault 5.872680291284943e-05 0.0
wgmediavieweronclick 5.872680291284943e-05 0.0
wgmfdisplaywikibasedescriptions 5.872680291284943e-05 0.0
wgmonthnames 5.872680291284943e-05 0.0
wgnamespacenumber 5.872680291284943e-05 0.0
wgnoticeproject 5.872680291284943e-05 0.0
wgpagecontentlanguage 5.872680291284943e-05 0.0
wgpagecontentmodel 5.872680291284943e-05 0.0
wgpagename 5.872680291284943e-05 0.0
wgpageparsereport 5.872680291284943e-05 0.0
wgpopupsflags 5.872680291284943e-05 0.0
wgrelevantarticleid 5.872680291284943e-05 0.0
wgrelevantpageisprobablyeditable 5.872680291284943e-05 0.0
wgrelevantpagename 5.872680291284943e-05 0.0
wgrequestid 5.872680291284943e-05 0.0
wgrestrictionedit 5.872680291284943e-05 0.0
wgrestrictionmove 5.872680291284943e-05 0.0
wgrevisionid 5.872680291284943e-05 0.0
wgseparatortransformtable 5.872680291284943e-05 0.0
wgtitle 5.872680291284943e-05 0.0
wgulscurrentautonym 5.872680291284943e-05 0.0
wgulsiscompactlinksenabled 5.872680291284943e-05 0.0
wgulsislanguageselectorempty 5.872680291284943e-05 0.0
wgulsposition 5.872680291284943e-05 0.0
wgusergroups 5.872680291284943e-05 0.0
wgusername 5.872680291284943e-05 0.0
wgvector2022previewpages 5.872680291284943e-05 0.0
wgvisualeditor 5.872680291284943e-05 0.0
wgwikibaseitemid 5.872680291284943e-05 0.0
wgwmepagelength 5.872680291284943e-05 0.0
wgwmeschemaeditattemptstepoversample 5.872680291284943e-05 0.0
what 0.00011745360582569885 0.0
whatlinkshere 0.00011745360582569885 0.0
when 0.00029363401456424713 0.0
where 5.872680291284943e-05 0.9382696385929302
whether 5.872680291284943e-05 2.1058747987479913
which 5.872680291284943e-05 0.3022808718729337
while 5.872680291284943e-05 0.7195804376281008
white 0.0002349072116513977 0.12981161152199053
why 0.00011745360582569885 2.1799827709017134
width 0.0053441390650692975 0.0
wiki 0.01849894291754757 0.0
wikibase 0.0002349072116513977 0.0
wikidata 0.0006459948320413437 0.0
wikimedia 0.002583979328165375 0.0
wikimediabadges 5.872680291284943e-05 0.0
wikimediaevents 5.872680291284943e-05 0.0
wikimediafoundation 0.00011745360582569885 0.0
wikipedia 0.005637773079633545 0.0
wikisource 5.872680291284943e-05 0.09097177820572679
wikitext 5.872680291284943e-05 0.0
william 0.00011745360582569885 1.8545603704670854
william_clinger_ 5.872680291284943e-05 3.3586377672433594
window 0.00017618040873854828 0.0
with 0.0019967112990368803 0.0
wmf 0.00017618040873854828 0.0
word 0.0002349072116513977 0.05358424613410626
wordmark 0.00011745360582569885 0.0
working 5.872680291284943e-05 1.1895840668738364
works 5.872680291284943e-05 0.0
world 0.00029363401456424713 0.8737311174553593
would 0.00017618040873854828 1.1895840668738364
wpformidentifier 5.872680291284943e-05 0.0
wrap 5.872680291284943e-05 0.06280090123903044
write 5.872680291284943e-05 1.16141318990714
written 0.0002349072116513977 0.44086703515908027
ws 5.872680291284943e-05 0.09097177820572679
www 0.0011745360582569885 0.0
x 0.00017618040873854828 0.0
x3j13 0.00017618040873854828 3.3586377672433594
x86 0.00017618040873854828 2.1799827709017134
xanalys 0.00017618040873854828 3.3586377672433594
xml 0.00017618040873854828 0.0
y 0.0002349072116513977 0.0
y_combinator 5.872680291284943e-05 4.74493212836325
years 0.00017618040873854828 0.454472687214859
yes 5.872680291284943e-05 0.0
you 0.00035236081747709656 0.0
yue 0.0002349072116513977 0.540239508972284
z 0.0002349072116513977 0.0
z39 0.0009983556495184401 0.10054122922187746
z3988 0.0009983556495184401 0.10054122922187746
zetalisp 0.00017618040873854828 3.3586377672433594
zh 0.00035236081747709656 0.48225225132193467
zil 5.872680291284943e-05 3.6463198396951406
zil_ 5.872680291284943e-05 3.6463198396951406
zork 5.872680291284943e-05 3.6463198396951406
zork_implementation_language 5.872680291284943e-05 3.6463198396951406
программирования 5.872680291284943e-05 1.8004931491968095
русский 5.872680291284943e-05 0.6505875661411494
язык 5.872680291284943e-05 1.8004931491968095
עברית 5.872680291284943e-05 1.5668782980153044
中文 5.872680291284943e-05 0.8329091229351039
粵語 5.872680291284943e-05 0.540239508972284
