0 0.015801926652019606 0.0
00 0.0003380091262464086 0.0
000 0.0001690045631232043 0.0
00389 0.0006760182524928173 4.74493212836325
02 8.450228156160216e-05 0.48225225132193467
02ba 8.450228156160216e-05 4.74493212836325
03 0.0001690045631232043 0.44086703515908027
039 0.0003380091262464086 0.0
07 0.0002535068446848065 0.6177977433181585
08 0.0001690045631232043 0.4682660093471948
0_unported_license 8.450228156160216e-05 0.0
1 0.006168666553996958 0.0
10 0.001014027378739226 0.0
100 0.002619570728409667 0.0
1000 8.450228156160216e-05 0.0
1000000 0.0001690045631232043 0.0
1007 0.0002535068446848065 1.749199854809259
100px 8.450228156160216e-05 0.9837320126696876
107 8.450228156160216e-05 1.6538896750049343
10px 0.0005915159709312151 0.454472687214859
10t14 0.0001690045631232043 4.74493212836325
11 0.0001690045631232043 0.21233263520999412
110 0.0001690045631232043 1.2791962255635234
114 0.0002535068446848065 0.37548427589622857
1143888798 0.0005915159709312151 4.74493212836325
1145 0.0002535068446848065 1.377636298376776
117 8.450228156160216e-05 0.0
12 0.0001690045631232043 0.18058393689541388
125em 0.0004225114078080108 0.0
127 0.0002535068446848065 0.09097177820572679
1283 0.0001690045631232043 4.74493212836325
12px 8.450228156160216e-05 0.09097177820572679
12s5i 8.450228156160216e-05 0.0
13 0.0005915159709312151 0.0
133 8.450228156160216e-05 0.08149303425118301
1388 0.0001690045631232043 4.74493212836325
139 0.0001690045631232043 2.4423470353692043
14 0.0004225114078080108 0.22314355131420976
146 0.0001690045631232043 2.1058747987479913
15 8.450228156160216e-05 0.3382128810989969
15926704 0.0001690045631232043 4.74493212836325
16 0.0003380091262464086 0.2451224580329849
160 0.001521041068108839 0.0
161 0.0001690045631232043 3.1354942159291497
16px 0.0001690045631232043 1.0072625100798818
17 0.0002535068446848065 0.44086703515908027
18 0.0001690045631232043 0.48225225132193467
180 0.0001690045631232043 0.8947845266531914
185 0.0001690045631232043 0.9607424944449889
19 0.0001690045631232043 0.38822330167365837
1975 8.450228156160216e-05 2.03688192726104
1978 8.450228156160216e-05 1.749199854809259
1980 8.450228156160216e-05 2.1058747987479913
1983 8.450228156160216e-05 1.9723434061234688
1984 8.450228156160216e-05 1.911718784307034
1985 8.450228156160216e-05 1.4127276181880462
1987 0.0001690045631232043 1.6538896750049343
1988 0.0002535068446848065 1.8004931491968095
1989 8.450228156160216e-05 1.749199854809259
1991 8.450228156160216e-05 1.4127276181880462
1993 0.0002535068446848065 1.4127276181880462
1995 8.450228156160216e-05 1.377636298376776
1997 0.000507013689369613 1.7004096906398272
1998 0.000507013689369613 1.377636298376776
1999 8.450228156160216e-05 1.377636298376776
1em 0.0005915159709312151 0.02643325706815543
1px 0.000507013689369613 0.2451224580329849
1x1 8.450228156160216e-05 0.0
2 0.004732127767449721 0.0
20 0.0001690045631232043 0.0
2000 0.0001690045631232043 1.0813704822336037
2002 8.450228156160216e-05 1.0560526742493137
2003 0.0007605205340544195 0.9837320126696876
2004 0.000507013689369613 0.06280090123903044
2005 8.450228156160216e-05 0.8531118302526235
2007 8.450228156160216e-05 0.9382696385929302
2008 8.450228156160216e-05 1.0313600616589422
2011 0.0003380091262464086 0.6017974019717174
20110724171948 8.450228156160216e-05 4.74493212836325
2013 8.450228156160216e-05 0.6844891178168307
2021 8.450228156160216e-05 0.7746402148111283
2022 0.0006760182524928173 0.0
2023 0.0002535068446848065 0.7195804376281008
20230315061628 8.450228156160216e-05 4.74493212836325
20230315061629 0.0001690045631232043 4.74493212836325
2097152 0.0003380091262464086 0.0
20th 0.0002535068446848065 3.3586377672433594
21 0.0001690045631232043 0.3504829736908114
22 0.0006760182524928173 0.26759531388504365
22alma 0.000507013689369613 4.74493212836325
23 0.0003380091262464086 0.48225225132193467
23329 0.0001690045631232043 4.74493212836325
238px 8.450228156160216e-05 0.8329091229351039
23id 0.0001690045631232043 1.2185716037470886
23px 0.0002535068446848065 0.5254244231871433
254 0.0001690045631232043 2.7990219793079367
255 8.450228156160216e-05 0.09097177820572679
2562 8.450228156160216e-05 4.051784947803305
25em 0.0017745479127936454 0.035401927050916
26 0.0002535068446848065 0.0
26_informatica 0.0001690045631232043 3.6463198396951406
27t02 0.0001690045631232043 4.051784947803305
28 0.0001690045631232043 0.5860490450035782
285 0.0001690045631232043 2.953172659135195
288 0.0001690045631232043 3.1354942159291497
29 0.0001690045631232043 0.22314355131420976
2_9 0.0002535068446848065 4.74493212836325
2b 8.450228156160216e-05 0.7195804376281008
2c 0.0009295250971776238 0.48225225132193467
2cicon 8.450228156160216e-05 0.0
2cstyles 8.450228156160216e-05 0.0
2em 0.0001690045631232043 0.06280090123903044
2f 0.0003380091262464086 0.11020314013361425
2f10 0.0001690045631232043 0.8737311174553593
2f3 0.0001690045631232043 3.1354942159291497
2f359496 0.0001690045631232043 4.74493212836325
2fapi 8.450228156160216e-05 1.377636298376776
2fbooks 0.0001690045631232043 1.6538896750049343
2fciteseerx 8.450228156160216e-05 2.1799827709017134
2fcorpusid 8.450228156160216e-05 1.377636298376776
2fen 0.0003380091262464086 0.10054122922187746
2ffmt 0.0003380091262464086 0.10054122922187746
2fp9712 8.450228156160216e-05 4.74493212836325
2fsummary 8.450228156160216e-05 2.1799827709017134
2fviewdoc 8.450228156160216e-05 2.1799827709017134
2fvinny 8.450228156160216e-05 4.74493212836325
2fwww 8.450228156160216e-05 0.3382128810989969
2px 0.000507013689369613 0.26759531388504365
2x 0.000507013689369613 0.0
3 0.0021970593206016562 0.0
30em 8.450228156160216e-05 0.09097177820572679
31 0.0001690045631232043 0.0
3125em 8.450228156160216e-05 0.0
31px 0.0001690045631232043 0.9837320126696876
32 8.450228156160216e-05 0.26759531388504365
320 0.0001690045631232043 2.665490586683414
33 0.0002535068446848065 0.8531118302526235
330 0.0001690045631232043 3.6463198396951406
333 0.0001690045631232043 3.3586377672433594
34 0.0003380091262464086 1.1340142157190256
342 0.0001690045631232043 3.6463198396951406
34d88d98 8.450228156160216e-05 4.74493212836325
35 0.0001690045631232043 1.1073459686368643
359496 8.450228156160216e-05 4.74493212836325
359529 0.0002535068446848065 4.74493212836325
36388 0.0002535068446848065 4.74493212836325
36c 8.450228156160216e-05 1.0072625100798818
38 0.0001690045631232043 1.0313600616589422
39 8.450228156160216e-05 0.3141153295199365
399 8.450228156160216e-05 1.3109449238781037
3a 0.000507013689369613 0.11020314013361425
3a15926704 8.450228156160216e-05 4.74493212836325
3a3 8.450228156160216e-05 0.09097177820572679
3aalma 0.0003380091262464086 4.74493212836325
3abook 0.0002535068446848065 0.22314355131420976
3adoi 0.0001690045631232043 0.9382696385929302
3ajournal 8.450228156160216e-05 0.3260915205666521
3akev 0.0003380091262464086 0.10054122922187746
3amtx 0.0003380091262464086 0.10054122922187746
3aofi 0.0003380091262464086 0.10054122922187746
3asid 0.0003380091262464086 0.10054122922187746
3cols 8.450228156160216e-05 0.21233263520999412
3d10 8.450228156160216e-05 2.1799827709017134
3dciteseerx 8.450228156160216e-05 2.26002547857525
3ds2cid 8.450228156160216e-05 1.377636298376776
3dzs2jyjq3toec 8.450228156160216e-05 4.74493212836325
3em 0.0001690045631232043 0.035401927050916
3fdoi 8.450228156160216e-05 2.1799827709017134
3fid 8.450228156160216e-05 1.3437347467010947
3px 0.0001690045631232043 0.12981161152199053
4 0.0008450228156160216 0.02643325706815543
40 8.450228156160216e-05 0.0
400 0.0001690045631232043 0.0
43b1 8.450228156160216e-05 4.74493212836325
455 0.0001690045631232043 4.051784947803305
45z 0.0003380091262464086 2.7990219793079367
4c 8.450228156160216e-05 0.09097177820572679
4em 0.0001690045631232043 0.40112670650956617
4px 0.0001690045631232043 0.8329091229351039
50 0.0002535068446848065 0.0
500 0.0001690045631232043 0.0
5000000 0.0001690045631232043 0.0
50px 8.450228156160216e-05 1.0072625100798818
512 8.450228156160216e-05 0.6505875661411494
5149451 0.0001690045631232043 4.74493212836325
52 0.0001690045631232043 1.2791962255635234
52428800 0.0001690045631232043 0.008733679968754631
52px 8.450228156160216e-05 1.0072625100798818
54 0.0001690045631232043 1.0072625100798818
540 0.0009295250971776238 2.4423470353692043
59 8.450228156160216e-05 0.40112670650956617
595 0.0001690045631232043 3.3586377672433594
5em 0.0006760182524928173 0.0
5th 0.0001690045631232043 3.6463198396951406
5x 0.000507013689369613 0.0
6 0.0002535068446848065 0.044451762570833796
6000 8.450228156160216e-05 2.3470368555648795
62 0.0001690045631232043 1.377636298376776
63556 0.0001690045631232043 4.74493212836325
65 8.450228156160216e-05 0.05358424613410626
7 0.0001690045631232043 0.0
720px 0.0001690045631232043 0.0
757 0.0001690045631232043 3.1354942159291497
75px 8.450228156160216e-05 1.0072625100798818
78 0.0001690045631232043 1.486835590341768
7cext 0.0002535068446848065 0.0
7cjquery 8.450228156160216e-05 0.41419878807691896
7cmediawiki 8.450228156160216e-05 0.0
7cskins 8.450228156160216e-05 0.0
7cwikibase 8.450228156160216e-05 0.0
7em 8.450228156160216e-05 0.41419878807691896
8 0.0002535068446848065 0.0
81 0.0001690045631232043 1.0560526742493137
8125em 8.450228156160216e-05 0.0
83 0.0001690045631232043 0.8131064956389242
836 0.0002535068446848065 3.6463198396951406
845 0.0003380091262464086 4.74493212836325
85 8.450228156160216e-05 0.5705448584676129
86 0.0001690045631232043 0.7936884097818228
86400 0.0001690045631232043 0.8329091229351039
88 0.0007605205340544195 0.0
9 0.0007605205340544195 0.11020314013361425
90 0.0002535068446848065 0.08149303425118301
91 0.0006760182524928173 0.0721032939013439
93 0.0003380091262464086 0.06280090123903044
933674 0.0002535068446848065 4.74493212836325
949 0.0001690045631232043 4.74493212836325
95 8.450228156160216e-05 0.035401927050916
96 0.000507013689369613 0.4682660093471948
978 0.0006760182524928173 0.9837320126696876
99 0.0002535068446848065 0.6505875661411494
9932cc 8.450228156160216e-05 1.0072625100798818
9bb1 8.450228156160216e-05 4.74493212836325
9px 0.0002535068446848065 0.09097177820572679
_apt 0.0004225114078080108 4.051784947803305
_long_volume_value 8.450228156160216e-05 3.3586377672433594
_oberon 0.0005915159709312151 4.051784947803305
_secondary_and_tertiary_sources 0.0001690045631232043 2.26002547857525
a 0.0390400540814602 0.0
a0 0.0001690045631232043 0.25629575863111026
a2 0.0001690045631232043 2.03688192726104
a2_ 8.450228156160216e-05 3.6463198396951406
a2a9b1 0.0002535068446848065 0.27902400970866637
a48f8541ea81 8.450228156160216e-05 4.74493212836325
a7ois 8.450228156160216e-05 4.74493212836325
a8 0.0003380091262464086 0.6844891178168307
aa 8.450228156160216e-05 0.0721032939013439
abadi 0.0001690045631232043 4.051784947803305
abbr 0.0006760182524928173 0.41419878807691896
ability 8.450228156160216e-05 1.486835590341768
about 0.0007605205340544195 0.0
aboutsite 8.450228156160216e-05 0.0
above 8.450228156160216e-05 0.1599646496926782
abovebelow 0.0004225114078080108 0.44086703515908027
absolute 8.450228156160216e-05 0.0
abstract 0.0001690045631232043 1.449095262358921
academy 0.0001690045631232043 2.3470368555648795
academy_of_sciences_of_the_soviet_union 8.450228156160216e-05 4.051784947803305
acc 8.450228156160216e-05 1.3109449238781037
accessdate 8.450228156160216e-05 0.2451224580329849
accessible 8.450228156160216e-05 1.2484245668967697
accesskey 0.0016055433496704411 0.0
account 0.0003380091262464086 0.0
acm 0.0001690045631232043 1.1895840668738364
acorn 0.0001690045631232043 3.1354942159291497
acorn_computers 8.450228156160216e-05 4.051784947803305
across 8.450228156160216e-05 0.0
action 0.0018590501943552475 0.0
actions 8.450228156160216e-05 0.0
active 0.0002535068446848065 1.8004931491968095
active_oberon 8.450228156160216e-05 3.6463198396951406
actually 8.450228156160216e-05 2.3470368555648795
add 8.450228156160216e-05 0.0
adding 8.450228156160216e-05 0.8947845266531914
additional 8.450228156160216e-05 0.0
address 0.0001690045631232043 0.0
adn_abadi 8.450228156160216e-05 4.051784947803305
advocates 8.450228156160216e-05 3.3586377672433594
ae 8.450228156160216e-05 1.449095262358921
affirm 8.450228156160216e-05 4.74493212836325
after 0.001521041068108839 0.0
ag 8.450228156160216e-05 3.3586377672433594
ago 8.450228156160216e-05 0.5108256237659907
agree 8.450228156160216e-05 0.0
alert 0.0003380091262464086 0.0
algebraic 8.450228156160216e-05 2.26002547857525
align 0.0008450228156160216 0.05358424613410626
all 0.0004225114078080108 0.0
all_articles_lacking_reliable_references 8.450228156160216e-05 2.03688192726104
alma 0.005239141456819334 4.051784947803305
alpha 0.0003380091262464086 0.08149303425118301
also 0.0002535068446848065 0.19105523676270922
alt 0.0009295250971776238 0.0
alternate 0.0002535068446848065 0.0
although 8.450228156160216e-05 1.1340142157190256
ambox 0.002619570728409667 1.0072625100798818
amp 0.008872739563968227 0.0
amsterdam 0.0001690045631232043 2.1799827709017134
an 0.0007605205340544195 0.0
and 0.0023660638837248605 0.0
andrea 0.0004225114078080108 4.051784947803305
andrew 0.0001690045631232043 2.1058747987479913
annotated 8.450228156160216e-05 2.5477075510270306
anon 0.0001690045631232043 0.0
anoncontribs 8.450228156160216e-05 0.0
anontalk 8.450228156160216e-05 0.0
anonymous 8.450228156160216e-05 0.0
another 8.450228156160216e-05 0.09097177820572679
any 8.450228156160216e-05 0.6844891178168307
aos 8.450228156160216e-05 3.6463198396951406
api 0.0001690045631232043 0.0
appeared 8.450228156160216e-05 0.40112670650956617
apple 0.0001690045631232043 0.0
application 0.000507013689369613 0.0
apply 8.450228156160216e-05 0.0
approach 8.450228156160216e-05 1.7004096906398272
april 0.0004225114078080108 0.0
apt 0.0012675342234240324 3.6463198396951406
ar 8.450228156160216e-05 0.6844891178168307
archive 8.450228156160216e-05 0.3504829736908114
are 0.0004225114078080108 0.0
argument 8.450228156160216e-05 0.0
aria 0.002450566165286463 0.0
article 0.0008450228156160216 0.0
articles 0.0005915159709312151 0.0
articles_lacking_reliable_references_from_april_2011 8.450228156160216e-05 4.74493212836325
as 0.0006760182524928173 0.0
as2 8.450228156160216e-05 4.051784947803305
as_eq 8.450228156160216e-05 1.377636298376776
aspects 0.0001690045631232043 2.26002547857525
assignment 0.0002535068446848065 1.9723434061234688
associated 0.0001690045631232043 0.0
async 0.0003380091262464086 0.0
at 0.0001690045631232043 0.0
atitle 8.450228156160216e-05 0.25629575863111026
atom 0.0002535068446848065 0.0
attempts 8.450228156160216e-05 2.3470368555648795
attribution 8.450228156160216e-05 0.0
au 0.0002535068446848065 0.48225225132193467
aufirst 0.0003380091262464086 0.3629054936893685
augmented 8.450228156160216e-05 2.953172659135195
august 8.450228156160216e-05 0.0
aulast 0.0003380091262464086 0.3629054936893685
author 0.0001690045631232043 0.0
auto 0.0003380091262464086 0.0
autocapitalize 8.450228156160216e-05 0.0
automatic 8.450228156160216e-05 1.377636298376776
autostart 8.450228156160216e-05 0.11020314013361425
available 0.0001690045631232043 0.0
avoid 0.0001690045631232043 0.09097177820572679
b 0.0021970593206016562 0.0
b2 8.450228156160216e-05 0.8947845266531914
b32424 0.0001690045631232043 1.0072625100798818
b6ck 8.450228156160216e-05 3.6463198396951406
b6ssenb 8.450228156160216e-05 3.6463198396951406
baby 0.0001690045631232043 4.051784947803305
baby_modula 8.450228156160216e-05 4.051784947803305
background 0.0017745479127936454 0.017544309650909525
backlink 0.0003380091262464086 0.08149303425118301
backtracking 0.0006760182524928173 3.3586377672433594
based 0.0001690045631232043 0.3504829736908114
bcrg_gutknecht 8.450228156160216e-05 3.6463198396951406
bday 8.450228156160216e-05 0.41419878807691896
bdi 0.0003380091262464086 0.7375989431307791
be 0.0004225114078080108 0.06280090123903044
because 8.450228156160216e-05 0.0
been 0.0001690045631232043 0.6844891178168307
before 0.0012675342234240324 0.0
below 8.450228156160216e-05 0.18058393689541388
bezem 8.450228156160216e-05 4.74493212836325
bks 0.0001690045631232043 1.377636298376776
bkt 8.450228156160216e-05 1.377636298376776
blackbox 0.0002535068446848065 3.6463198396951406
blackbox_component_builder 0.0001690045631232043 4.051784947803305
block 0.0001690045631232043 0.18058393689541388
bluebottle 8.450228156160216e-05 3.6463198396951406
body 0.0013520365049856345 0.0
bodycontent 0.0001690045631232043 0.0
bold 8.450228156160216e-05 0.2451224580329849
book 0.0004225114078080108 0.42744401482693967
books 0.0002535068446848065 0.5552773863368246
booksources 0.0003380091262464086 0.6673946844575306
boolean 8.450228156160216e-05 1.5668782980153044
bootstrap 8.450228156160216e-05 0.10054122922187746
border 0.0027885752915328714 0.0
both 8.450228156160216e-05 0.3022808718729337
bottom 0.0002535068446848065 0.05358424613410626
box 0.001521041068108839 0.0
boxtext 8.450228156160216e-05 0.41419878807691896
br 8.450228156160216e-05 0.42744401482693967
bracket 0.0006760182524928173 0.0
brackets 0.0001690045631232043 0.41419878807691896
break 0.0002535068446848065 0.05358424613410626
browsing 8.450228156160216e-05 0.0
brunekree 8.450228156160216e-05 4.74493212836325
brunekreef 0.0001690045631232043 4.74493212836325
btitle 0.0002535068446848065 0.22314355131420976
btn 0.000507013689369613 0.0
builder 0.0002535068446848065 2.1799827709017134
building 8.450228156160216e-05 1.6094379124341003
built 8.450228156160216e-05 1.0072625100798818
business 0.0001690045631232043 1.0072625100798818
but 8.450228156160216e-05 0.3629054936893685
button 0.002704073009971269 0.0
buttons 8.450228156160216e-05 0.0
by 0.0013520365049856345 0.0
by_wirth 8.450228156160216e-05 4.051784947803305
bytes 0.0003380091262464086 0.0
c 0.0003380091262464086 0.0
c13_en 8.450228156160216e-05 0.0
c3 0.0004225114078080108 0.7018808605286999
ca 0.0006760182524928173 0.0
cache 0.0001690045631232043 0.0
cached 8.450228156160216e-05 0.0
cachereport 8.450228156160216e-05 0.0
cactions 0.000507013689369613 0.0
calls 8.450228156160216e-05 0.0
campaigns 8.450228156160216e-05 0.0
can 0.0001690045631232043 0.17022114985986725
canonical 0.0001690045631232043 0.0
cantonese 8.450228156160216e-05 0.540239508972284
caps 8.450228156160216e-05 0.41419878807691896
caption 0.0001690045631232043 0.21233263520999412
cardelli 0.0001690045631232043 3.6463198396951406
categories 0.0001690045631232043 0.02643325706815543
category 0.002704073009971269 0.0
catlinks 0.000507013689369613 0.0
cats 8.450228156160216e-05 0.0721032939013439
ccf 8.450228156160216e-05 0.454472687214859
cell 8.450228156160216e-05 0.7195804376281008
center 0.0011830319418624302 0.017544309650909525
centralauth 0.0001690045631232043 0.0
centralautologin 0.0001690045631232043 0.0
centralnotice 0.0002535068446848065 0.0
centrum 0.0003380091262464086 2.953172659135195
centrum_wiskunde_ 0.0001690045631232043 3.6463198396951406
century 0.0002535068446848065 3.6463198396951406
ceres 0.0001690045631232043 3.6463198396951406
ceres_ 8.450228156160216e-05 3.6463198396951406
change 8.450228156160216e-05 0.0
changes 0.0003380091262464086 0.0
charinsert 8.450228156160216e-05 0.0
charset 8.450228156160216e-05 0.0
checkbox 0.0028730775730944737 0.0
child 0.002112557039040054 0.06280090123903044
choice 8.450228156160216e-05 2.26002547857525
citation 0.001014027378739226 0.08149303425118301
cite 0.0016055433496704411 0.0
cite_book 0.0001690045631232043 1.5668782980153044
cite_note 0.0006760182524928173 0.08149303425118301
cite_ref 0.0006760182524928173 0.08149303425118301
citerefdahl2003 8.450228156160216e-05 4.74493212836325
citerefliumyers2003 8.450228156160216e-05 4.74493212836325
citerefpartington1997 8.450228156160216e-05 4.74493212836325
citerefvan_hentenryckperronpuget2000 8.450228156160216e-05 4.74493212836325
citeseerx 0.0002535068446848065 1.9723434061234688
citeseerx_ 8.450228156160216e-05 2.26002547857525
citethispage 8.450228156160216e-05 0.0
claim 0.0001690045631232043 1.5668782980153044
class 0.0313503464593544 0.0
classname 0.0002535068446848065 0.0
clear 0.0001690045631232043 0.11995931507897897
client 0.000507013689369613 0.0
code 0.0004225114078080108 0.035401927050916
col 8.450228156160216e-05 0.540239508972284
coll 0.0003380091262464086 0.0
collapse 0.0002535068446848065 0.21233263520999412
collapsed 0.0003380091262464086 0.0
collapses 8.450228156160216e-05 0.0
collapsible 0.0009295250971776238 0.0
color 0.001521041068108839 0.017544309650909525
colspan 0.0006760182524928173 0.14981227822866008
column 0.0002535068446848065 0.09097177820572679
columns 0.0004225114078080108 0.09097177820572679
com 0.0005915159709312151 0.11995931507897897
combines 8.450228156160216e-05 2.1799827709017134
commons 0.0004225114078080108 0.0
community 8.450228156160216e-05 0.0
community_portal 8.450228156160216e-05 0.0
compact 0.0001690045631232043 0.8947845266531914
compactlinks 8.450228156160216e-05 0.0
compatible 0.0001690045631232043 1.486835590341768
complications 8.450228156160216e-05 0.0
component 0.0004225114078080108 1.6538896750049343
component_pascal 8.450228156160216e-05 3.1354942159291497
computational 0.0001690045631232043 2.1058747987479913
computer 0.0016900456312320432 0.12981161152199053
computer_science 0.0003380091262464086 0.5860490450035782
computer_scientist 8.450228156160216e-05 1.486835590341768
computers 8.450228156160216e-05 1.0813704822336037
computing 0.0001690045631232043 0.3504829736908114
concrete 8.450228156160216e-05 2.953172659135195
config 0.0001690045631232043 0.0
constraint 0.0007605205340544195 1.911718784307034
constraint_programming 0.0002535068446848065 2.7990219793079367
constraint_programming_languages 8.450228156160216e-05 4.051784947803305
constraints 8.450228156160216e-05 2.1799827709017134
constructs 0.0002535068446848065 1.5668782980153044
contact 0.0003380091262464086 0.0
contact_us 0.0001690045631232043 0.0
contactpage 8.450228156160216e-05 0.0
container 0.0012675342234240324 0.0
containing 8.450228156160216e-05 0.0
content 0.005999661990873754 0.0
contentinfo 8.450228156160216e-05 0.0
contents 0.0010985296603008281 0.0
contentsub 8.450228156160216e-05 0.0
context 0.0001690045631232043 0.0
contribute 8.450228156160216e-05 0.0
contributions 8.450228156160216e-05 0.0
contributors 0.0001690045631232043 0.0
controlled 8.450228156160216e-05 2.665490586683414
controls 0.0001690045631232043 0.0
convenient 8.450228156160216e-05 2.4423470353692043
conversion 8.450228156160216e-05 0.0
cookie 0.0004225114078080108 0.0
cookie_statement 8.450228156160216e-05 0.0
cookiestatement 8.450228156160216e-05 0.0
copyright 0.0002535068446848065 0.0
copyrightico 8.450228156160216e-05 0.0
corporation 0.0001690045631232043 1.3437347467010947
corpusid 8.450228156160216e-05 1.377636298376776
count 0.0001690045631232043 0.0
counter 0.0003380091262464086 0.27902400970866637
counterparts 8.450228156160216e-05 4.051784947803305
counting 8.450228156160216e-05 3.6463198396951406
cpu 8.450228156160216e-05 0.0
cputime 8.450228156160216e-05 0.0
create 0.0004225114078080108 0.0
createaccount 0.0003380091262464086 0.0
created 0.0002535068446848065 0.44086703515908027
creative 8.450228156160216e-05 0.0
creativecommons 0.0001690045631232043 0.0
cross 8.450228156160216e-05 0.0
crossorigin 8.450228156160216e-05 0.0
cs1 0.0019435524759168498 0.09097177820572679
csrftoken 8.450228156160216e-05 0.0
ct 0.0001690045631232043 0.41419878807691896
ctx_ver 0.0003380091262464086 0.10054122922187746
current 0.0001690045631232043 0.0
current_events 8.450228156160216e-05 0.0
currentevents 8.450228156160216e-05 0.0
cursor 8.450228156160216e-05 0.38822330167365837
cwi 0.0005915159709312151 3.3586377672433594
cx 0.0001690045631232043 0.0
d 8.450228156160216e-05 0.06280090123903044
d33 0.0001690045631232043 0.09097177820572679
d6 8.450228156160216e-05 0.09097177820572679
dahl 0.0001690045631232043 2.5477075510270306
data 0.0038871049518336997 0.0
date 0.000507013689369613 0.08149303425118301
datemodified 0.0001690045631232043 0.0
datepublished 0.0001690045631232043 0.0
dates 0.0002535068446848065 1.5260563034950492
dd 0.0013520365049856345 0.22314355131420976
ddf 8.450228156160216e-05 0.454472687214859
de 0.0002535068446848065 0.2905848321097423
dec 0.0001690045631232043 2.03688192726104
dec_systems_research_center 8.450228156160216e-05 3.6463198396951406
december 8.450228156160216e-05 0.0
decimal 8.450228156160216e-05 0.09097177820572679
declarative 0.0008450228156160216 2.1058747987479913
declarative_programming 8.450228156160216e-05 2.5477075510270306
decoding 0.0002535068446848065 0.11020314013361425
decoration 0.0001690045631232043 0.41419878807691896
deduplicate 0.0005915159709312151 0.017544309650909525
deduplicated 0.0003380091262464086 0.06280090123903044
delete 8.450228156160216e-05 0.9162907318741551
demonstrated 8.450228156160216e-05 3.6463198396951406
depth 0.0002535068446848065 0.0
derivative 0.0001690045631232043 2.4423470353692043
derivative_work 0.0001690045631232043 4.051784947803305
description 0.0001690045631232043 0.0
design 0.0001690045631232043 0.3141153295199365
designed 8.450228156160216e-05 0.3504829736908114
designers 0.0002535068446848065 2.7990219793079367
desktoparticletarget 0.0002535068446848065 0.0
detection 8.450228156160216e-05 0.0
determinism 8.450228156160216e-05 3.1354942159291497
developer 0.0002535068446848065 0.0
developers 0.0003380091262464086 0.0
digital 0.0001690045631232043 1.3437347467010947
digital_equipment_corporation 8.450228156160216e-05 2.665490586683414
dir 0.0002535068446848065 0.0
disabled 0.0009295250971776238 0.0
discipline 8.450228156160216e-05 0.8131064956389242
disclaimers 0.0001690045631232043 0.0
discuss 0.0001690045631232043 0.0
discussion 0.0001690045631232043 0.0
display 0.0008450228156160216 0.0
distinct 8.450228156160216e-05 2.26002547857525
div 0.019266520196045293 0.0
dl 0.0008450228156160216 0.19105523676270922
dmy 0.0003380091262464086 0.0
dns 0.0001690045631232043 0.0
dobasicsearch 8.450228156160216e-05 1.377636298376776
doctype 8.450228156160216e-05 0.0
document 0.0003380091262464086 0.0
documentelement 0.0002535068446848065 0.0
does 8.450228156160216e-05 0.4682660093471948
doi 0.0005915159709312151 0.8131064956389242
doi_ 0.0001690045631232043 0.9162907318741551
donate 0.0002535068446848065 0.0
donating 8.450228156160216e-05 0.0
download 0.0003380091262464086 0.0
downloadaspdf 8.450228156160216e-05 0.0
downward 8.450228156160216e-05 4.051784947803305
dropdown 0.002112557039040054 0.0
dt 0.0013520365049856345 0.26759531388504365
dtstart 8.450228156160216e-05 0.41419878807691896
dual 8.450228156160216e-05 3.3586377672433594
e 0.0002535068446848065 0.0
e0 0.0003380091262464086 1.1073459686368643
e6e6ff 8.450228156160216e-05 0.454472687214859
echo 8.450228156160216e-05 0.0
edit 0.002619570728409667 0.0
editable 8.450228156160216e-05 0.0
edited 8.450228156160216e-05 0.0
editing 8.450228156160216e-05 0.0
editor 0.0001690045631232043 0.0
editors 0.0001690045631232043 0.0
editpage 8.450228156160216e-05 0.0
edits 0.0001690045631232043 0.0
editsection 0.001014027378739226 0.0
edituri 8.450228156160216e-05 0.0
edu 0.0001690045631232043 0.9607424944449889
eee 0.0001690045631232043 0.48225225132193467
elego 8.450228156160216e-05 4.051784947803305
element 0.0005915159709312151 0.0
ellipsis 0.0001690045631232043 0.0
elt 0.0004225114078080108 0.0
empty 0.0005915159709312151 0.0
emptyportlet 0.0001690045631232043 0.0
en 0.00312658441777928 0.0
enabled 0.0009295250971776238 0.0
encourage 8.450228156160216e-05 3.3586377672433594
encouraged 0.0003380091262464086 0.0
encyclopedia 0.0001690045631232043 0.0
end 8.450228156160216e-05 0.0
english 0.0002535068446848065 0.0
enhancements 8.450228156160216e-05 0.0721032939013439
entities 8.450228156160216e-05 0.0
entity 0.0003380091262464086 0.0
entityaccesscount 8.450228156160216e-05 0.0
entitypage 0.0001690045631232043 0.0
enwiki 8.450228156160216e-05 0.0
enwikimwclientprefs 8.450228156160216e-05 0.0
equality 8.450228156160216e-05 2.5477075510270306
equipment 0.0001690045631232043 2.4423470353692043
error 0.0001690045631232043 0.09097177820572679
es6 8.450228156160216e-05 0.0
esi 0.0001690045631232043 0.0
esitest 8.450228156160216e-05 0.0
eth 0.0003380091262464086 3.3586377672433594
eth_zurich 0.0001690045631232043 3.3586377672433594
even 0.0005915159709312151 0.40112670650956617
event 0.0008450228156160216 0.0
eventlogging 0.0001690045631232043 0.0
events 0.0001690045631232043 0.0
exact 8.450228156160216e-05 0.0
example 8.450228156160216e-05 0.4682660093471948
excelsior 8.450228156160216e-05 4.051784947803305
excessively 8.450228156160216e-05 2.1799827709017134
exist 8.450228156160216e-05 0.540239508972284
exists 8.450228156160216e-05 0.0
expand 0.0002535068446848065 0.0
expanded 0.0003380091262464086 0.008733679968754631
expansion 0.0001690045631232043 0.0
expansiondepth 8.450228156160216e-05 0.0
expensive 8.450228156160216e-05 0.0
expensivefunctioncount 8.450228156160216e-05 0.0
expiry 0.0001690045631232043 0.0
export 8.450228156160216e-05 0.0
expression 8.450228156160216e-05 1.3437347467010947
expressions 8.450228156160216e-05 1.4127276181880462
ext 0.0022815616021632586 0.0
extending 8.450228156160216e-05 2.665490586683414
extension 0.0004225114078080108 0.7375989431307791
external 0.0016900456312320432 0.0
extiw 8.450228156160216e-05 1.2185716037470886
extra 8.450228156160216e-05 0.0
f 0.0004225114078080108 0.0
f28500 8.450228156160216e-05 1.0072625100798818
f7f7f7 8.450228156160216e-05 0.454472687214859
fa8a495983347898 8.450228156160216e-05 0.0
fallbacksearchbutton 8.450228156160216e-05 0.0
false 0.0008450228156160216 0.0
family 0.000507013689369613 0.7018808605286999
favicon 8.450228156160216e-05 0.0
fbfbfb 8.450228156160216e-05 1.0072625100798818
fc3 8.450228156160216e-05 1.0072625100798818
fdfdfd 0.0002535068446848065 0.44086703515908027
feasibility 8.450228156160216e-05 4.051784947803305
feature 0.0017745479127936454 0.0
featurename 0.0002535068446848065 0.0
features 0.001014027378739226 0.38822330167365837
february 0.0002535068446848065 0.0
fee7e6 8.450228156160216e-05 1.0072625100798818
feed 0.0001690045631232043 0.0
file 0.0008450228156160216 0.0
file_upload_wizard 0.0001690045631232043 0.0
files 8.450228156160216e-05 0.0
find 8.450228156160216e-05 0.6177977433181585
first 0.0012675342234240324 0.0
firstheading 0.0002535068446848065 0.0
float 0.0002535068446848065 0.06280090123903044
flush 0.0004225114078080108 0.0
font 0.0016055433496704411 0.017544309650909525
footer 0.0021970593206016562 0.0
for 0.0016055433496704411 0.0
forall 8.450228156160216e-05 4.051784947803305
form 0.0004225114078080108 0.0
format 0.0002535068446848065 0.0
foundation 0.0007605205340544195 0.0
four 8.450228156160216e-05 1.911718784307034
fran 8.450228156160216e-05 4.74493212836325
françois 8.450228156160216e-05 4.051784947803305
free 0.0004225114078080108 0.0
freely 8.450228156160216e-05 1.1895840668738364
frocos98 8.450228156160216e-05 4.74493212836325
from 0.001014027378739226 0.0
full 0.000507013689369613 0.044451762570833796
fulltext 8.450228156160216e-05 0.0
function 0.000507013689369613 0.0
fundraiserredirector 8.450228156160216e-05 0.0
future 8.450228156160216e-05 1.8004931491968095
g 0.0001690045631232043 0.0
gadget 0.0003380091262464086 0.0
gehomepagesuggestededitsenabletopics 8.450228156160216e-05 0.0
general_disclaimer 8.450228156160216e-05 0.0
generator 8.450228156160216e-05 0.0
generic 8.450228156160216e-05 1.8004931491968095
genre 0.0003380091262464086 0.10054122922187746
geoip 8.450228156160216e-05 0.0
globalcssjs 0.0001690045631232043 0.0
gmbh 8.450228156160216e-05 4.051784947803305
go 0.0004225114078080108 0.0
google 0.0005915159709312151 0.540239508972284
googpub 0.0001690045631232043 0.0
gray 8.450228156160216e-05 0.09097177820572679
greek 0.0001690045631232043 0.09097177820572679
green 8.450228156160216e-05 0.09097177820572679
greg 0.0001690045631232043 2.7990219793079367
greg_nelson_ 8.450228156160216e-05 4.051784947803305
group 0.003718100388710495 0.0
growthexperiments 8.450228156160216e-05 0.0
guidance 8.450228156160216e-05 0.0
guided 8.450228156160216e-05 3.6463198396951406
guides 8.450228156160216e-05 0.0
gutknecht 0.0001690045631232043 3.6463198396951406
gz 8.450228156160216e-05 4.051784947803305
h 0.0001690045631232043 0.0
h1 0.0001690045631232043 0.0
h2 0.0008450228156160216 0.0
hack 0.000507013689369613 0.0
hanspeter 0.0001690045631232043 3.6463198396951406
hanspeter_m 8.450228156160216e-05 3.6463198396951406
has 0.0001690045631232043 0.0
haspopup 0.0004225114078080108 0.0
have 8.450228156160216e-05 0.6340582641899388
head 0.0002535068446848065 0.0
header 0.0023660638837248605 0.0
heading 0.0019435524759168498 0.0
headline 0.000507013689369613 0.0
height 0.0014365387865472369 0.0
help 0.0008450228156160216 0.0
hentenryck 0.0001690045631232043 4.74493212836325
here 8.450228156160216e-05 0.0
hidden 0.0011830319418624302 0.0
hide 0.0003380091262464086 0.0
high 8.450228156160216e-05 0.8531118302526235
highest 8.450228156160216e-05 0.0
history 0.000507013689369613 0.0
hlist 0.004901132330572926 0.2905848321097423
hoare 0.0001690045631232043 2.5477075510270306
hor 0.0001690045631232043 0.0
hosted 8.450228156160216e-05 0.0
how 0.0005915159709312151 0.0
however 0.0003380091262464086 0.0
href 0.0195200270407301 0.0
hreflang 0.0001690045631232043 0.11020314013361425
html 0.0004225114078080108 0.0
http 0.0010985296603008281 0.0
https 0.0027885752915328714 0.0
hub 8.450228156160216e-05 0.0
i 0.002028054757478452 0.008733679968754631
ico 8.450228156160216e-05 0.0
icon 0.0029575798546560756 0.0
icons 0.0003380091262464086 0.0
id 0.012252830826432314 0.0
identifier 0.001014027378739226 0.42744401482693967
idhash 8.450228156160216e-05 0.0
if 0.0001690045631232043 0.0
image 0.0006760182524928173 0.0
imageobject 0.0001690045631232043 0.0
imageright 8.450228156160216e-05 0.8329091229351039
images 0.001014027378739226 0.0
img 0.0007605205340544195 0.0
imperative 0.001521041068108839 1.16141318990714
imperative_and_logic_programming_modes 0.0003380091262464086 4.74493212836325
imperative_programming 0.0001690045631232043 1.2791962255635234
implement 0.0001690045631232043 0.0
implementation 0.0003380091262464086 0.5705448584676129
implementations 8.450228156160216e-05 0.8531118302526235
implemented 0.0001690045631232043 1.0072625100798818
important 8.450228156160216e-05 0.7018808605286999
improve 8.450228156160216e-05 0.9382696385929302
improvements 8.450228156160216e-05 0.0
in 0.002619570728409667 0.0
inc 0.0002535068446848065 0.0
include 0.0002535068446848065 0.0
including 0.0001690045631232043 0.7375989431307791
increment 8.450228156160216e-05 0.26759531388504365
index 0.002112557039040054 0.0
indicators 8.450228156160216e-05 0.0
influenced 8.450228156160216e-05 0.454472687214859
info 0.0012675342234240324 0.0
infobox 0.0029575798546560756 0.21233263520999412
infobox_programming_language 0.0001690045631232043 0.37548427589622857
informatica 0.0003380091262464086 2.953172659135195
information 0.0002535068446848065 0.0
inherit 0.0008450228156160216 0.035401927050916
init 0.0002535068446848065 0.0
inline 0.001014027378739226 0.035401927050916
inner 0.0003380091262464086 0.0
input 0.001014027378739226 0.0
inside 0.0001690045631232043 0.0721032939013439
inspired 8.450228156160216e-05 1.749199854809259
integrate 8.450228156160216e-05 2.665490586683414
integrating 8.450228156160216e-05 3.6463198396951406
interaction 0.0002535068446848065 0.0
interface 0.0001690045631232043 0.0
interlanguage 0.0007605205340544195 0.0
international 0.0001690045631232043 0.9607424944449889
interwiki 0.0001690045631232043 0.11020314013361425
into 0.0001690045631232043 0.48225225132193467
introduces 0.0001690045631232043 2.665490586683414
introduction 0.0002535068446848065 0.0
ip 0.0001690045631232043 0.0
is 0.0007605205340544195 0.0
isbn 0.000507013689369613 0.6673946844575306
isbn_ 0.0001690045631232043 0.6673946844575306
issue 8.450228156160216e-05 0.8947845266531914
ist 0.0001690045631232043 1.9723434061234688
it 0.0006760182524928173 0.0
item 0.004816630049011323 0.0
items 8.450228156160216e-05 0.0
iterable 0.0001690045631232043 4.051784947803305
iteration 8.450228156160216e-05 2.665490586683414
its 8.450228156160216e-05 0.25629575863111026
j 0.0002535068446848065 0.0
jacob 0.0002535068446848065 2.665490586683414
january 0.0002535068446848065 0.0
java 0.0001690045631232043 0.8947845266531914
jean 0.0001690045631232043 2.4423470353692043
jed 0.0001690045631232043 4.74493212836325
jmatch 0.0001690045631232043 4.74493212836325
johannes 0.0001690045631232043 3.3586377672433594
johannes_kepler_university_linz 8.450228156160216e-05 4.051784947803305
journal 8.450228156160216e-05 0.7195804376281008
jquery 0.0002535068446848065 0.0
js 0.0002535068446848065 0.0
json 0.0001690045631232043 0.0
jstor 0.0001690045631232043 1.377636298376776
jtitle 8.450228156160216e-05 0.3260915205666521
july 0.0001690045631232043 0.0
jump 0.0001690045631232043 0.0
june 0.0003380091262464086 0.0
jürg 0.0001690045631232043 3.6463198396951406
k 0.0001690045631232043 0.0
kepler 0.0001690045631232043 3.3586377672433594
kept 8.450228156160216e-05 2.7990219793079367
kern 0.0001690045631232043 0.09097177820572679
key 8.450228156160216e-05 0.0
klomp 0.0001690045631232043 4.74493212836325
knudsen 8.450228156160216e-05 4.051784947803305
kronos 0.0002535068446848065 4.051784947803305
kronos_ 0.0001690045631232043 4.051784947803305
krzysztof 0.0008450228156160216 4.051784947803305
krzysztof_r 0.0004225114078080108 4.051784947803305
la 0.0001690045631232043 2.1058747987479913
label 0.004647625485888119 0.0
labelledby 0.0001690045631232043 0.0
lacking 0.000507013689369613 1.486835590341768
landmark 0.0003380091262464086 0.0
lang 0.0014365387865472369 0.0
langlinks 0.0001690045631232043 0.0
langmaack99 8.450228156160216e-05 4.74493212836325
language 0.0032955889809024846 0.0
languages 0.0019435524759168498 0.0
last 0.0010985296603008281 0.0
lastmod 8.450228156160216e-05 0.0
laurent 0.0001690045631232043 4.051784947803305
lazy 0.0001690045631232043 0.0
ld 0.0001690045631232043 0.0
learn 0.000507013689369613 0.0
lecture 8.450228156160216e-05 2.26002547857525
left 0.002028054757478452 0.0
level 0.000507013689369613 0.0
levels 8.450228156160216e-05 0.0
lexical 8.450228156160216e-05 1.911718784307034
li 0.02264661145850938 0.0
license 0.0003380091262464086 0.0
licenses 0.0001690045631232043 0.0
lilith 0.0003380091262464086 3.6463198396951406
lilith_ 0.0002535068446848065 3.6463198396951406
limit 0.0009295250971776238 0.0
limited 0.0006760182524928173 0.0
limitreport 0.0002535068446848065 0.0
line 0.0003380091262464086 0.10054122922187746
link 0.0032955889809024846 0.0
linked 8.450228156160216e-05 0.0
links 0.0013520365049856345 0.0
linz 0.0001690045631232043 4.051784947803305
list 0.009548757816461044 0.0
listbullet 0.0002535068446848065 0.0
listitem 0.0003380091262464086 0.2905848321097423
liu 0.0001690045631232043 2.953172659135195
load 0.0002535068446848065 0.0
loaded 8.450228156160216e-05 0.0
loader 8.450228156160216e-05 0.0
loading 0.0002535068446848065 0.0
loc 8.450228156160216e-05 0.0
lock 0.001014027378739226 0.09097177820572679
log 0.0005915159709312151 0.0
logged 0.0001690045631232043 0.0
logic 0.0016055433496704411 1.449095262358921
logic_programming 0.0001690045631232043 2.665490586683414
logic_programming_languages 8.450228156160216e-05 3.6463198396951406
login 0.0004225114078080108 0.0
logo 0.0006760182524928173 0.0
lola 0.0001690045631232043 3.6463198396951406
lola_ 8.450228156160216e-05 3.6463198396951406
long 0.0003380091262464086 1.5260563034950492
lower 0.000507013689369613 0.09097177820572679
ltr 0.0005915159709312151 0.0
lua 0.0001690045631232043 0.008733679968754631
luca 0.0001690045631232043 3.6463198396951406
luca_cardelli 8.450228156160216e-05 4.051784947803305
m 0.0001690045631232043 0.0
made 8.450228156160216e-05 0.0
main 0.002112557039040054 0.0
main_page 0.0001690045631232043 0.0
mainentity 0.0001690045631232043 0.0
mainpage 8.450228156160216e-05 0.0
maint 8.450228156160216e-05 0.09097177820572679
maintenance 8.450228156160216e-05 0.9382696385929302
maintenance_template_removal 8.450228156160216e-05 1.0813704822336037
major 8.450228156160216e-05 0.8131064956389242
makecollapsible 0.0002535068446848065 0.42744401482693967
mandatory 0.0003380091262464086 0.0
marc 8.450228156160216e-05 2.665490586683414
march 0.0001690045631232043 0.0
margin 0.0018590501943552475 0.017544309650909525
mart 8.450228156160216e-05 4.051784947803305
martín 0.0001690045631232043 4.051784947803305
match 8.450228156160216e-05 0.0
matching 0.0001690045631232043 1.911718784307034
max 0.0001690045631232043 0.0
may 0.0001690045631232043 0.0
mbox 0.0009295250971776238 1.0072625100798818
means 8.450228156160216e-05 1.5260563034950492
mechanism 8.450228156160216e-05 1.6538896750049343
media 0.0004225114078080108 0.0
mediawiki 0.0007605205340544195 0.0
medos 8.450228156160216e-05 4.051784947803305
memory 8.450228156160216e-05 0.008733679968754631
memusage 8.450228156160216e-05 0.008733679968754631
menu 0.008365725874598615 0.0
message 0.0002535068446848065 0.0
meta 0.0010985296603008281 0.0
metadata 8.450228156160216e-05 0.6017974019717174
method 8.450228156160216e-05 1.3109449238781037
microsystems 8.450228156160216e-05 2.953172659135195
min 0.0001690045631232043 0.12981161152199053
minerva 0.0006760182524928173 0.13976194237515863
mini 0.0002535068446848065 0.41419878807691896
mmv 0.0001690045631232043 0.11020314013361425
mobile 0.0002535068446848065 0.0
mobileaction 8.450228156160216e-05 0.0
mobileview 8.450228156160216e-05 0.0
modes 0.0002535068446848065 3.1354942159291497
modula 0.003971607233395302 2.4423470353692043
modula_programming_language_family 0.0001690045631232043 4.051784947803305
module 8.450228156160216e-05 0.0
modules 0.0002535068446848065 0.0
more 0.0011830319418624302 0.0
move 0.0001690045631232043 0.0
moved 8.450228156160216e-05 0.0
ms 8.450228156160216e-05 0.0
multi 0.001014027378739226 0.8329091229351039
mw 0.03202636471184722 0.0
mw1478 8.450228156160216e-05 3.3586377672433594
mw2385 0.0001690045631232043 3.3586377672433594
mycontributions 8.450228156160216e-05 0.0
myers 0.0001690045631232043 4.051784947803305
mytalk 8.450228156160216e-05 0.0
mössenböck 0.0001690045631232043 3.6463198396951406
n 0.0011830319418624302 0.0
name 0.0027885752915328714 0.0
namespaces 8.450228156160216e-05 0.0
natural 0.0002535068446848065 2.1058747987479913
nav 0.0011830319418624302 0.0
navbar 0.0014365387865472369 0.06280090123903044
navbox 0.010055771505830657 0.454472687214859
navigation 0.001014027378739226 0.0
navigationtiming 8.450228156160216e-05 0.0
nearby 8.450228156160216e-05 0.0
needed 8.450228156160216e-05 1.1340142157190256
nelson 0.0001690045631232043 3.3586377672433594
new 0.0010985296603008281 0.14981227822866008
newpp 8.450228156160216e-05 0.0
news 8.450228156160216e-05 0.5552773863368246
newspapers 8.450228156160216e-05 1.377636298376776
niklaus 0.0005915159709312151 2.3470368555648795
niklaus_wirth 0.0004225114078080108 2.3470368555648795
nine 8.450228156160216e-05 3.6463198396951406
nl 0.0006760182524928173 1.16141318990714
no 0.0006760182524928173 0.0
no_original_research 0.0001690045631232043 2.03688192726104
node 8.450228156160216e-05 0.0
nofollow 0.0016900456312320432 0.0
noicon 0.0004225114078080108 0.0
nojs 8.450228156160216e-05 0.0
non 0.0001690045631232043 0.0
none 0.0021970593206016562 0.0
noprint 0.0003380091262464086 0.0
normal 0.0004225114078080108 0.0
noscript 0.0003380091262464086 0.0
nosnippet 8.450228156160216e-05 0.0
not 0.000507013689369613 0.0
notes 8.450228156160216e-05 1.2185716037470886
notice 8.450228156160216e-05 0.0
november 8.450228156160216e-05 0.0
noviewer 0.0001690045631232043 0.7018808605286999
novosibirsk 0.0002535068446848065 4.051784947803305
nowrap 0.0002535068446848065 0.05358424613410626
nowraplinks 0.000507013689369613 0.454472687214859
ns 0.0001690045631232043 0.0
nstab 8.450228156160216e-05 0.0
null 8.450228156160216e-05 0.0
numb 0.0003380091262464086 0.0
number 0.0002535068446848065 0.0
nv 0.0002535068446848065 0.3141153295199365
nws 8.450228156160216e-05 1.377636298376776
o 0.0003380091262464086 0.0
oberon 0.0019435524759168498 2.953172659135195
oberon_ 0.0003380091262464086 2.953172659135195
oberon_programming_language_family 8.450228156160216e-05 4.051784947803305
object 0.0002535068446848065 0.5254244231871433
object_oberon 8.450228156160216e-05 4.051784947803305
obliq 0.0002535068446848065 4.051784947803305
october 0.0001690045631232043 0.0
odd 0.001014027378739226 0.454472687214859
of 0.0038026026702720974 0.0
og 0.0001690045631232043 0.0
ol 0.0016055433496704411 0.035401927050916
oldid 0.0002535068446848065 0.0
olivetti 0.0002535068446848065 4.051784947803305
on 0.0009295250971776238 0.0
only 0.0004225114078080108 0.0
opensearch_desc 8.450228156160216e-05 0.0
opensearchdescription 8.450228156160216e-05 0.0
operating 0.0004225114078080108 0.41419878807691896
operating_system 0.0004225114078080108 0.5108256237659907
operating_systems 8.450228156160216e-05 2.665490586683414
opl 0.0001690045631232043 3.6463198396951406
options 0.0004225114078080108 0.0
or 0.0004225114078080108 0.0
orc 8.450228156160216e-05 3.6463198396951406
order 8.450228156160216e-05 1.1073459686368643
org 0.005746155146188947 0.0
organiser 8.450228156160216e-05 0.9382696385929302
organization 0.0004225114078080108 0.0
organizations 0.0001690045631232043 1.449095262358921
oriented 8.450228156160216e-05 0.6505875661411494
origin 0.0004225114078080108 0.0
original 0.0001690045631232043 0.3022808718729337
orleans 0.0001690045631232043 4.051784947803305
other 8.450228156160216e-05 0.0
others 0.0001690045631232043 1.486835590341768
out 0.0001690045631232043 0.0
output 0.013520365049856346 0.0
over 8.450228156160216e-05 0.9162907318741551
overflow 0.0002535068446848065 0.0
overview 0.0005915159709312151 1.486835590341768
p 0.0038871049518336997 0.0
p9712 8.450228156160216e-05 4.74493212836325
p9803 8.450228156160216e-05 4.74493212836325
pa 0.0003380091262464086 1.749199854809259
padding 0.004225114078080108 0.017544309650909525
padl 0.0001690045631232043 4.74493212836325
page 0.003971607233395302 0.0
pagelanguagecode 8.450228156160216e-05 0.0
pagelanguagedir 8.450228156160216e-05 0.0
pageprop 8.450228156160216e-05 0.27902400970866637
pages 0.0007605205340544195 0.0
pagevariantfallbacks 8.450228156160216e-05 0.0
panel 0.0003380091262464086 0.0
paradigm 0.0011830319418624302 0.5705448584676129
paradigm_programming_language 8.450228156160216e-05 1.5260563034950492
paradigm_programming_languages 8.450228156160216e-05 2.953172659135195
paradigms 8.450228156160216e-05 1.8004931491968095
parameter 0.0001690045631232043 1.5668782980153044
parameter_ 8.450228156160216e-05 2.4423470353692043
parsed 8.450228156160216e-05 0.0
parser 0.01368936961297955 0.0
partington 0.0004225114078080108 4.74493212836325
pascal 0.0003380091262464086 1.1073459686368643
passing 8.450228156160216e-05 1.7004096906398272
past 8.450228156160216e-05 0.0
patroltoken 8.450228156160216e-05 0.0
pattern 0.0001690045631232043 1.6538896750049343
pcache 8.450228156160216e-05 0.0
pdf 0.0004225114078080108 0.0
people 0.0001690045631232043 1.0560526742493137
permalink 8.450228156160216e-05 0.0
permanent 0.0001690045631232043 0.0
perron 0.0001690045631232043 4.74493212836325
personal 0.0004225114078080108 0.0
php 0.0025350684468480648 0.0
pin 0.0001690045631232043 0.0
pinnable 0.001014027378739226 0.0
pinned 0.0008450228156160216 0.0
placeholder 8.450228156160216e-05 0.0
places 0.0007605205340544195 0.0
plainlinks 0.0002535068446848065 0.20163734609324613
please 8.450228156160216e-05 0.9837320126696876
png 0.0016055433496704411 0.0
points 8.450228156160216e-05 2.4423470353692043
policy 0.0001690045631232043 0.0
popups 8.450228156160216e-05 0.0
portal 0.0002535068446848065 0.0
portlet 0.0022815616021632586 0.0
position 8.450228156160216e-05 0.0
post 0.0001690045631232043 0.0
postexpandincludesize 8.450228156160216e-05 0.0
postscript 8.450228156160216e-05 4.051784947803305
powered 8.450228156160216e-05 0.0
poweredby_mediawiki_132x47 8.450228156160216e-05 0.0
poweredby_mediawiki_176x62 8.450228156160216e-05 0.0
poweredby_mediawiki_88x31 8.450228156160216e-05 0.0
poweredbyico 8.450228156160216e-05 0.0
pp 8.450228156160216e-05 0.9382696385929302
ppvisitednodes 8.450228156160216e-05 0.0
practical 0.0001690045631232043 2.26002547857525
preconnect 8.450228156160216e-05 0.11020314013361425
prefetch 0.0001690045631232043 0.0
preprocessor 8.450228156160216e-05 0.0
presentation 8.450228156160216e-05 0.6177977433181585
preview 8.450228156160216e-05 0.0
primary 0.0002535068446848065 1.449095262358921
primary_sources 0.0003380091262464086 2.26002547857525
principles 8.450228156160216e-05 2.26002547857525
print 0.0001690045631232043 0.0
print_export 0.0002535068446848065 0.0
printable 0.0002535068446848065 0.0
printfooter 8.450228156160216e-05 0.0
prior 8.450228156160216e-05 1.6094379124341003
privacy 0.0002535068446848065 0.0
privacy_policy 0.0001690045631232043 0.0
procedural 0.0002535068446848065 1.0813704822336037
procedural_programming_languages 8.450228156160216e-05 1.749199854809259
proceedings 0.0001690045631232043 1.2484245668967697
profit 8.450228156160216e-05 0.0
programming 0.006084164272435356 0.0
programming_language 0.0003380091262464086 0.08149303425118301
programming_language_implementation 8.450228156160216e-05 1.377636298376776
programming_languages_created_in_the_20th_century 8.450228156160216e-05 4.74493212836325
programming_paradigm 0.0001690045631232043 0.5860490450035782
progressive 0.0002535068446848065 0.0
project 8.450228156160216e-05 0.7936884097818228
projects 0.0001690045631232043 0.0
prop 8.450228156160216e-05 2.26002547857525
property 0.0002535068446848065 0.0
proposal 0.0001690045631232043 2.5477075510270306
proposed 8.450228156160216e-05 2.26002547857525
protection 8.450228156160216e-05 0.9162907318741551
provides 8.450228156160216e-05 0.9162907318741551
ps 0.000507013689369613 2.1058747987479913
psu 0.0001690045631232043 1.9723434061234688
pt 0.000507013689369613 0.0
pub 0.0002535068446848065 0.41419878807691896
published 8.450228156160216e-05 0.3504829736908114
publisher 0.0001690045631232043 0.0
puget 0.0001690045631232043 4.74493212836325
punjabi 8.450228156160216e-05 1.7004096906398272
pure 8.450228156160216e-05 2.03688192726104
purely 8.450228156160216e-05 2.26002547857525
purposes 8.450228156160216e-05 1.9723434061234688
push 0.0002535068446848065 0.0
q 0.0006760182524928173 0.0
q4733507 0.0005915159709312151 4.74493212836325
query 8.450228156160216e-05 1.0813704822336037
question 8.450228156160216e-05 1.6538896750049343
question_book 0.0005915159709312151 1.3437347467010947
quick 8.450228156160216e-05 0.0
quiet 0.000507013689369613 0.0
quotes 8.450228156160216e-05 0.09097177820572679
r 0.0009295250971776238 0.0
r1011085734 8.450228156160216e-05 0.09097177820572679
r1061467846 8.450228156160216e-05 0.454472687214859
r1063604349 8.450228156160216e-05 0.41419878807691896
r1066479718 8.450228156160216e-05 0.21233263520999412
r1097763485 8.450228156160216e-05 1.0072625100798818
r1129693374 0.0001690045631232043 0.2905848321097423
r1133582631 0.0003380091262464086 0.09097177820572679
random 0.0001690045631232043 0.0
randomly 8.450228156160216e-05 0.0
randompage 8.450228156160216e-05 0.0
raw 8.450228156160216e-05 0.0
re 0.0001690045631232043 0.0
read 0.0001690045631232043 0.0
ready 0.001521041068108839 0.0
real 8.450228156160216e-05 0.0
recent 0.0002535068446848065 0.0
recentchanges 0.0002535068446848065 0.0
recentchangeslinked 0.0001690045631232043 0.0
reconciled 8.450228156160216e-05 4.74493212836325
recording 8.450228156160216e-05 2.5477075510270306
recursion 8.450228156160216e-05 0.0
red 8.450228156160216e-05 0.09097177820572679
redirect 0.001014027378739226 0.008733679968754631
redlink 8.450228156160216e-05 0.7746402148111283
reduced 8.450228156160216e-05 0.0
reference 0.0007605205340544195 0.035401927050916
references 0.0014365387865472369 0.008733679968754631
referencetooltips 8.450228156160216e-05 0.0
referrer 0.0002535068446848065 0.0
reflist 0.0012675342234240324 0.09097177820572679
registered 8.450228156160216e-05 0.0
registration 0.0001690045631232043 0.08149303425118301
rel 0.003464593544025689 0.0
related 0.0001690045631232043 0.0
reliable 0.000507013689369613 0.8947845266531914
relies 8.450228156160216e-05 1.911718784307034
removal 8.450228156160216e-05 1.0313600616589422
remove 8.450228156160216e-05 0.9382696385929302
rendering 8.450228156160216e-05 0.0
repeat 0.0003380091262464086 0.0721032939013439
replace 8.450228156160216e-05 0.0
report 0.0004225114078080108 0.0
reports 8.450228156160216e-05 1.9723434061234688
require 8.450228156160216e-05 0.0
research 0.0007605205340544195 0.7018808605286999
reset 8.450228156160216e-05 0.26759531388504365
resourceloaderdynamicstyles 8.450228156160216e-05 0.0
retrieved 0.0001690045631232043 0.0
returnto 0.0003380091262464086 0.0
revision 0.0002535068446848065 0.0
revisions 8.450228156160216e-05 0.0
rfr_id 0.0003380091262464086 0.10054122922187746
rft 0.002704073009971269 0.10054122922187746
rft_id 0.000507013689369613 0.11020314013361425
rft_val_fmt 0.0003380091262464086 0.10054122922187746
rgba 8.450228156160216e-05 0.09097177820572679
right 0.001014027378739226 0.0
rl 8.450228156160216e-05 0.0
rlconf 8.450228156160216e-05 0.0
rlpagemodules 8.450228156160216e-05 0.0
rlq 0.000507013689369613 0.0
rlstate 8.450228156160216e-05 0.0
robots 8.450228156160216e-05 0.0
role 0.0013520365049856345 0.0
roman 0.0003380091262464086 0.09097177820572679
rootpage 8.450228156160216e-05 0.0
row 0.002028054757478452 0.12981161152199053
rsd 0.0001690045631232043 0.0
s 0.0002535068446848065 0.0
s2cid 0.0001690045631232043 1.377636298376776
s2cid_ 8.450228156160216e-05 1.377636298376776
sa 0.0001690045631232043 0.0
sameas 0.0001690045631232043 0.0
saved 8.450228156160216e-05 0.0
schaerf 0.0004225114078080108 4.74493212836325
schema 0.0001690045631232043 0.0
scholar 0.0002535068446848065 1.3109449238781037
science 0.0006760182524928173 0.3504829736908114
sciences 0.0001690045631232043 2.1799827709017134
scientist 8.450228156160216e-05 1.377636298376776
scope 0.0023660638837248605 0.11995931507897897
scope_ 0.0001690045631232043 2.26002547857525
screen 0.0001690045631232043 0.0
scribunto 8.450228156160216e-05 0.008733679968754631
script 0.0011830319418624302 0.0
scripts 8.450228156160216e-05 0.0
search 0.0029575798546560756 0.0
searchbutton 0.0003380091262464086 0.0
searchform 8.450228156160216e-05 0.0
searchinput 8.450228156160216e-05 0.0
secondary 8.450228156160216e-05 1.5260563034950492
seconds 0.0002535068446848065 0.0
section 0.0006760182524928173 0.0
selected 0.0003380091262464086 0.0
selector 8.450228156160216e-05 0.0
selflink 0.0002535068446848065 0.08149303425118301
semantics 0.0001690045631232043 1.2791962255635234
semanticscholar 0.0001690045631232043 1.377636298376776
sentences 8.450228156160216e-05 0.0
september 8.450228156160216e-05 0.0
set 0.0002535068446848065 0.0
sha1 8.450228156160216e-05 0.10054122922187746
shadow 0.0002535068446848065 0.5860490450035782
sharealike 8.450228156160216e-05 0.0
sharealike_3 8.450228156160216e-05 0.0
should 0.0003380091262464086 1.377636298376776
show 0.0003380091262464086 0.0
shunned 8.450228156160216e-05 4.74493212836325
sidebar 0.0009295250971776238 0.0
simpler 0.0001690045631232043 2.3470368555648795
simplesearch 8.450228156160216e-05 0.0
since 8.450228156160216e-05 0.9162907318741551
site 0.0004225114078080108 0.0
sitedir 8.450228156160216e-05 0.0
sitelinks 8.450228156160216e-05 0.0
sitenotice 0.0001690045631232043 0.0
sitesub 8.450228156160216e-05 0.0
sitesupport 8.450228156160216e-05 0.0
situations 8.450228156160216e-05 2.5477075510270306
size 0.0013520365049856345 0.0
sizing 0.0001690045631232043 0.25629575863111026
skin 0.0011830319418624302 0.0
skins 0.000507013689369613 0.0
small 0.0006760182524928173 0.0721032939013439
software 0.0002535068446848065 0.08149303425118301
software_design 8.450228156160216e-05 0.5705448584676129
software_developer 8.450228156160216e-05 0.9382696385929302
solid 0.0009295250971776238 0.2340726218464
solutions 0.0001690045631232043 2.03688192726104
sources 0.0002535068446848065 0.6177977433181585
soviet 0.0003380091262464086 2.953172659135195
space 0.0001690045631232043 0.11995931507897897
spacing 0.0006760182524928173 0.2905848321097423
span 0.017829981409498055 0.0
special 0.0021970593206016562 0.0
specialpages 0.0001690045631232043 0.0
specific 8.450228156160216e-05 0.9837320126696876
specification 8.450228156160216e-05 1.2484245668967697
speedy 8.450228156160216e-05 1.0072625100798818
springer 0.0001690045631232043 1.911718784307034
src 0.001014027378739226 0.0
srcset 0.0004225114078080108 0.0
standard 8.450228156160216e-05 0.0
start 0.0001690045631232043 0.0
startup 0.0001690045631232043 0.0
statement 0.0002535068446848065 0.0
statements 8.450228156160216e-05 0.9382696385929302
static 0.0012675342234240324 0.0
statistics 8.450228156160216e-05 0.0
stats 8.450228156160216e-05 0.0
statslink 8.450228156160216e-05 0.0
status 8.450228156160216e-05 0.0
sticky 0.0001690045631232043 0.0
stopmobileredirecttoggle 8.450228156160216e-05 0.0
strategies 0.0001690045631232043 3.3586377672433594
strongly 0.0001690045631232043 1.8004931491968095
strongly_typed_programming_language 8.450228156160216e-05 4.051784947803305
structured 8.450228156160216e-05 0.0
style 0.008450228156160216 0.0
styles 0.0011830319418624302 0.0
stylesheet 0.0001690045631232043 0.0
subbox 8.450228156160216e-05 0.21233263520999412
subgroup 0.0008450228156160216 0.454472687214859
subheader 8.450228156160216e-05 0.21233263520999412
subject 8.450228156160216e-05 0.0
sublist 0.0003380091262464086 0.0
submit 0.0001690045631232043 0.0
subscription 0.0001690045631232043 0.09097177820572679
subset 8.450228156160216e-05 1.9723434061234688
substantially 0.0001690045631232043 3.6463198396951406
subtitle 8.450228156160216e-05 0.0
such 0.0001690045631232043 0.454472687214859
suggestededitsession 8.450228156160216e-05 0.0
summary 0.0001690045631232043 0.19105523676270922
sup 0.0006760182524928173 0.0721032939013439
support 0.0003380091262464086 0.0
supports 0.0001690045631232043 0.8531118302526235
svg 0.0021970593206016562 0.0
switcher 8.450228156160216e-05 0.0
symbol_category_class 0.001014027378739226 1.0072625100798818
symposium 0.0001690045631232043 2.26002547857525
syntax 8.450228156160216e-05 0.540239508972284
system 0.0005915159709312151 0.11020314013361425
systems 0.0006760182524928173 0.454472687214859
systems_programming_languages 8.450228156160216e-05 2.5477075510270306
t 0.001014027378739226 0.0
tab 0.0004225114078080108 0.0
tabindex 0.0001690045631232043 0.0
table 0.0017745479127936454 0.0
tabs 0.0001690045631232043 0.0
tagline 0.0002535068446848065 0.0
tags 8.450228156160216e-05 0.0
talk 0.000507013689369613 0.0
target 0.0003380091262464086 0.0
targetloader 8.450228156160216e-05 0.0
tb 0.0002535068446848065 0.0
tbm 0.0001690045631232043 1.377636298376776
tbody 0.0013520365049856345 0.044451762570833796
tbs 0.0002535068446848065 1.377636298376776
td 0.005746155146188947 0.044451762570833796
telephone 8.450228156160216e-05 0.0
template 0.002450566165286463 0.0
template_talk 8.450228156160216e-05 0.41419878807691896
templateargumentsize 8.450228156160216e-05 0.0
templatestyles 0.0009295250971776238 0.017544309650909525
terms 0.0001690045631232043 0.0
terms_of_use 8.450228156160216e-05 0.0
tertiary 8.450228156160216e-05 2.1058747987479913
text 0.004140611796518506 0.0
text_of_the_creative_commons_attribution 8.450228156160216e-05 0.0
th 0.004563123204326517 0.11995931507897897
than 0.0001690045631232043 0.6340582641899388
that 0.0007605205340544195 0.18058393689541388
the 0.004056109514956904 0.0
their 8.450228156160216e-05 0.7559480817989758
they 8.450228156160216e-05 0.7195804376281008
this 0.0022815616021632586 0.0
through 8.450228156160216e-05 0.8531118302526235
thumb 0.0007605205340544195 0.12981161152199053
thumbnail 8.450228156160216e-05 0.0
time 0.0004225114078080108 0.0
timestamp 0.0001690045631232043 0.0
timeusage 8.450228156160216e-05 0.008733679968754631
timingprofile 8.450228156160216e-05 0.0
title 0.018083488254182864 0.0
titlebar 0.0006760182524928173 0.0
titleform 8.450228156160216e-05 0.0
to 0.002450566165286463 0.0
toc 0.006168666553996958 0.0
toggle 0.0007605205340544195 0.0
toggle_view_mobile 8.450228156160216e-05 0.0
tokens 8.450228156160216e-05 0.0
tony 0.0001690045631232043 2.26002547857525
tony_hoare 8.450228156160216e-05 2.5477075510270306
toolbar 0.0002535068446848065 0.0
tools 0.0007605205340544195 0.0
top 0.0007605205340544195 0.0
total 0.0001690045631232043 0.0
touch 0.0001690045631232043 0.0
tr 0.00625316883555856 0.044451762570833796
trademark 8.450228156160216e-05 0.0
transactions 0.0001690045631232043 2.953172659135195
transclusion 8.450228156160216e-05 0.0
transientcontent 8.450228156160216e-05 0.0
transparent 0.000507013689369613 0.06280090123903044
trees 8.450228156160216e-05 2.7990219793079367
triggered 8.450228156160216e-05 0.0
true 0.002028054757478452 0.0
ttl 8.450228156160216e-05 0.0
type 0.003042082136217678 0.0
type_system 0.0001690045631232043 0.7746402148111283
typed 0.0001690045631232043 1.0313600616589422
typing 8.450228156160216e-05 0.7018808605286999
u 0.0001690045631232043 0.0
ui 0.004478620922764915 0.0
ul 0.007013689369612979 0.0
uls 0.0004225114078080108 0.0
under 8.450228156160216e-05 0.0
underlying 8.450228156160216e-05 2.26002547857525
unification 0.0001690045631232043 3.6463198396951406
unification_ 8.450228156160216e-05 4.051784947803305
union 0.0001690045631232043 1.749199854809259
university 0.0003380091262464086 0.8947845266531914
unnatural 8.450228156160216e-05 4.74493212836325
unpin 0.0001690045631232043 0.0
unpinned 0.0001690045631232043 0.0
unstrip 0.0003380091262464086 0.0
updated 8.450228156160216e-05 0.41419878807691896
upload 0.0016055433496704411 0.0
upper 0.0003380091262464086 0.09097177820572679
upward 8.450228156160216e-05 4.74493212836325
url 0.0007605205340544195 0.0
us 0.0002535068446848065 0.0
usa 0.0001690045631232043 2.03688192726104
usage 0.0003380091262464086 0.0
use 0.0006760182524928173 0.0
use_dmy_dates 0.0001690045631232043 3.1354942159291497
use_dmy_dates_from_june_2022 8.450228156160216e-05 4.051784947803305
uselang 8.450228156160216e-05 0.0
user 0.0022815616021632586 0.0
useradd 0.0001690045631232043 0.0
userlogin 0.0001690045631232043 0.0
uses 8.450228156160216e-05 0.7746402148111283
using 8.450228156160216e-05 0.0
usually 8.450228156160216e-05 1.6538896750049343
utc 8.450228156160216e-05 0.0
utf 8.450228156160216e-05 0.0
utm_campaign 8.450228156160216e-05 0.0
utm_medium 8.450228156160216e-05 0.0
utm_source 8.450228156160216e-05 0.0
uva 8.450228156160216e-05 4.74493212836325
ux 8.450228156160216e-05 0.08149303425118301
v 8.450228156160216e-05 0.3382128810989969
value 0.0013520365049856345 0.0
van 0.0001690045631232043 2.1058747987479913
var 0.0001690045631232043 0.0
variant 0.0001690045631232043 0.0
variants 0.000507013689369613 0.0
vary 8.450228156160216e-05 0.10054122922187746
ve 8.450228156160216e-05 0.0
vector 0.019858036166976508 0.0
verifiability 0.0001690045631232043 1.2185716037470886
veronica 0.0001690045631232043 4.051784947803305
versa 8.450228156160216e-05 2.665490586683414
version 0.0002535068446848065 0.0
vevent 8.450228156160216e-05 0.22314355131420976
vice 8.450228156160216e-05 2.3470368555648795
view 0.0009295250971776238 0.0
viewdoc 8.450228156160216e-05 1.9723434061234688
viewed 8.450228156160216e-05 2.4423470353692043
viewport 8.450228156160216e-05 0.0
views 0.0002535068446848065 0.0
vincent 0.0003380091262464086 3.3586377672433594
vinny 8.450228156160216e-05 4.74493212836325
visible 8.450228156160216e-05 0.09097177820572679
visit 0.0001690045631232043 0.0
visited 8.450228156160216e-05 0.0
visualeditor 0.0003380091262464086 0.0
vol 0.0001690045631232043 1.449095262358921
volume 0.0003380091262464086 0.8329091229351039
vue 0.0001690045631232043 0.0
w 0.0025350684468480648 0.0
walltime 8.450228156160216e-05 0.0
wanted 8.450228156160216e-05 2.665490586683414
was 0.0002535068446848065 0.0
watchlist 8.450228156160216e-05 0.0
watchtoken 8.450228156160216e-05 0.0
wb 0.0001690045631232043 0.0
wbc 8.450228156160216e-05 0.0
wbr 0.0003380091262464086 0.7195804376281008
wc 8.450228156160216e-05 1.3437347467010947
web 0.0001690045631232043 0.09097177820572679
website 0.0001690045631232043 0.0
weight 0.0004225114078080108 0.05358424613410626
wgaction 8.450228156160216e-05 0.0
wgarticleid 8.450228156160216e-05 0.0
wgbackendresponsetime 8.450228156160216e-05 0.0
wgbreakframes 8.450228156160216e-05 0.0
wgcanonicalnamespace 8.450228156160216e-05 0.0
wgcanonicalspecialpagename 8.450228156160216e-05 0.0
wgcategories 8.450228156160216e-05 0.0
wgcentralauthmobiledomain 8.450228156160216e-05 0.0
wgcspnonce 8.450228156160216e-05 0.0
wgcurrevisionid 8.450228156160216e-05 0.0
wgdefaultdateformat 8.450228156160216e-05 0.0
wgdigittransformtable 8.450228156160216e-05 0.0
wgeditsubmitbuttonlabelpublish 8.450228156160216e-05 0.0
wgflaggedrevsparams 8.450228156160216e-05 0.0
wggestructuredtaskrejectionreasontextinputenabled 8.450228156160216e-05 0.0
wggetopicsmatchmodeenabled 8.450228156160216e-05 0.0
wghostname 8.450228156160216e-05 0.0
wgisarticle 8.450228156160216e-05 0.0
wgisprobablyeditable 8.450228156160216e-05 0.0
wgisredirect 8.450228156160216e-05 0.0
wgmediaviewerenabledbydefault 8.450228156160216e-05 0.0
wgmediavieweronclick 8.450228156160216e-05 0.0
wgmfdisplaywikibasedescriptions 8.450228156160216e-05 0.0
wgmonthnames 8.450228156160216e-05 0.0
wgnamespacenumber 8.450228156160216e-05 0.0
wgnoticeproject 8.450228156160216e-05 0.0
wgpagecontentlanguage 8.450228156160216e-05 0.0
wgpagecontentmodel 8.450228156160216e-05 0.0
wgpagename 8.450228156160216e-05 0.0
wgpageparsereport 8.450228156160216e-05 0.0
wgpopupsflags 8.450228156160216e-05 0.0
wgrelevantarticleid 8.450228156160216e-05 0.0
wgrelevantpageisprobablyeditable 8.450228156160216e-05 0.0
wgrelevantpagename 8.450228156160216e-05 0.0
wgrequestid 8.450228156160216e-05 0.0
wgrestrictionedit 8.450228156160216e-05 0.0
wgrestrictionmove 8.450228156160216e-05 0.0
wgrevisionid 8.450228156160216e-05 0.0
wgseparatortransformtable 8.450228156160216e-05 0.0
wgtitle 8.450228156160216e-05 0.0
wgulscurrentautonym 8.450228156160216e-05 0.0
wgulsiscompactlinksenabled 8.450228156160216e-05 0.0
wgulsislanguageselectorempty 8.450228156160216e-05 0.0
wgulsposition 8.450228156160216e-05 0.0
wgusergroups 8.450228156160216e-05 0.0
wgusername 8.450228156160216e-05 0.0
wgvector2022previewpages 8.450228156160216e-05 0.0
wgvisualeditor 8.450228156160216e-05 0.0
wgwikibaseitemid 8.450228156160216e-05 0.0
wgwmepagelength 8.450228156160216e-05 0.0
wgwmeschemaeditattemptstepoversample 8.450228156160216e-05 0.0
what 8.450228156160216e-05 0.0
whatlinkshere 0.0001690045631232043 0.0
when 0.0004225114078080108 0.0
which 0.0001690045631232043 0.3022808718729337
white 0.0001690045631232043 0.12981161152199053
width 0.00549264830150414 0.0
wiki 0.013351360486733141 0.0
wikibase 0.0003380091262464086 0.0
wikidata 0.0006760182524928173 0.0
wikimedia 0.0035490958255872907 0.0
wikimediabadges 0.0001690045631232043 0.0
wikimediaevents 8.450228156160216e-05 0.0
wikimediafoundation 0.0001690045631232043 0.0
wikipedia 0.007182693932736184 0.0
wikisource 8.450228156160216e-05 0.09097177820572679
wikitext 8.450228156160216e-05 0.0
will 0.0001690045631232043 0.9607424944449889
window 0.0002535068446848065 0.0
wirth 0.0009295250971776238 2.3470368555648795
wiskunde 0.0003380091262464086 3.3586377672433594
with 0.0021970593206016562 0.0
within 8.450228156160216e-05 1.0072625100798818
wmf 0.0002535068446848065 0.0
word 0.0003380091262464086 0.05358424613410626
wordmark 0.0001690045631232043 0.0
work 0.0001690045631232043 0.9607424944449889
works 8.450228156160216e-05 0.0
workstation 0.0005915159709312151 3.1354942159291497
workstations 8.450228156160216e-05 2.953172659135195
wpformidentifier 8.450228156160216e-05 0.0
wrap 0.0001690045631232043 0.06280090123903044
written 8.450228156160216e-05 0.44086703515908027
ws 8.450228156160216e-05 0.09097177820572679
www 0.002028054757478452 0.0
x 0.0002535068446848065 0.0
xml 0.0002535068446848065 0.0
y 0.0001690045631232043 0.0
years 8.450228156160216e-05 0.454472687214859
yes 8.450228156160216e-05 0.0
yields 8.450228156160216e-05 3.1354942159291497
you 0.0004225114078080108 0.0
yue 0.0003380091262464086 0.540239508972284
z 0.0001690045631232043 0.0
z39 0.0003380091262464086 0.10054122922187746
z3988 0.0003380091262464086 0.10054122922187746
zh 0.0001690045631232043 0.48225225132193467
zonnon 0.0002535068446848065 4.051784947803305
zs2jyjq3toec 8.450228156160216e-05 4.74493212836325
zurich 0.0003380091262464086 3.1354942159291497
ਅਲਮ 8.450228156160216e-05 4.74493212836325
ਜ 8.450228156160216e-05 1.749199854809259
ਪ 8.450228156160216e-05 1.749199854809259
ਬ 8.450228156160216e-05 1.749199854809259
粵語 8.450228156160216e-05 0.540239508972284
