0 0.0035291152004033274 0.0
00 0.00016805310478111083 0.0
000 0.00016805310478111083 0.0
003 0.00016805310478111083 0.035401927050916
03 0.00016805310478111083 0.017544309650909525
039 0.00033610620956222166 0.22314355131420976
04t16 0.00016805310478111083 0.0
07 8.402655239055541e-05 0.0
075 0.00016805310478111083 0.035401927050916
08 0.00025207965717166626 0.0
0_unported_license 8.402655239055541e-05 0.0
1 0.0069742038484160995 0.0
10 0.0006722124191244433 0.0
100 0.0006722124191244433 0.0
1000 8.402655239055541e-05 0.0
10000 8.402655239055541e-05 0.008733679968754631
1000000 0.00016805310478111083 0.0
10088 0.00016805310478111083 0.035401927050916
1035 8.402655239055541e-05 0.0
11 0.0005041593143433325 0.008733679968754631
11060635 8.402655239055541e-05 0.0
113 8.402655239055541e-05 0.10054122922187746
11685 0.00016805310478111083 0.035401927050916
117 8.402655239055541e-05 0.0
1181779 0.00025207965717166626 0.035401927050916
12 8.402655239055541e-05 0.008733679968754631
1200 8.402655239055541e-05 1.5668782980153044
1200px 8.402655239055541e-05 0.0
121 8.402655239055541e-05 0.2340726218464
1218 8.402655239055541e-05 0.035401927050916
1219 8.402655239055541e-05 0.035401927050916
121px 8.402655239055541e-05 0.0
125em 8.402655239055541e-05 0.0
127 8.402655239055541e-05 0.11020314013361425
1274 8.402655239055541e-05 0.0
12px 8.402655239055541e-05 0.0
12s5i 8.402655239055541e-05 0.0
13 0.00016805310478111083 0.0
133 8.402655239055541e-05 0.008733679968754631
14 0.0005881858667338879 0.008733679968754631
1415 8.402655239055541e-05 0.0
144 8.402655239055541e-05 0.2340726218464
15 8.402655239055541e-05 0.0
1553 8.402655239055541e-05 0.0
157 8.402655239055541e-05 0.11995931507897897
16 0.00025207965717166626 0.0
160 0.00025207965717166626 0.2340726218464
162 8.402655239055541e-05 0.2340726218464
1643 8.402655239055541e-05 0.0
1649 8.402655239055541e-05 0.0
166 0.00016805310478111083 0.035401927050916
168 0.00016805310478111083 0.035401927050916
17 0.0005041593143433325 0.0
18 8.402655239055541e-05 0.0
1814400 0.00016805310478111083 0.0
182px 8.402655239055541e-05 0.0
1830a 8.402655239055541e-05 0.035401927050916
18t01 0.00016805310478111083 0.0
18z 0.00016805310478111083 0.0
19 0.0005881858667338879 0.0
1926 8.402655239055541e-05 0.0
1968 0.00016805310478111083 0.035401927050916
1970s 0.00016805310478111083 0.02643325706815543
1978 0.00016805310478111083 0.035401927050916
1986 0.00025207965717166626 0.02643325706815543
1998 0.00025207965717166626 0.02643325706815543
1_ 8.402655239055541e-05 0.0
1em 0.00033610620956222166 0.0
1x1 8.402655239055541e-05 0.0
2 0.014368540458784976 0.0
20 0.0013444248382488866 0.0
2004 0.00042013276195277706 0.06280090123903044
2014 8.402655239055541e-05 0.017544309650909525
2020 0.00025207965717166626 0.0
2022 0.00042013276195277706 0.0
20230314110047 8.402655239055541e-05 0.035401927050916
20230314110048 0.00016805310478111083 0.035401927050916
2097152 0.00033610620956222166 0.0
21 8.402655239055541e-05 0.0
22 8.402655239055541e-05 0.0
220 0.00016805310478111083 0.2340726218464
220px 0.00016805310478111083 0.0
222px 0.00016805310478111083 0.0
23 8.402655239055541e-05 0.02643325706815543
242px 8.402655239055541e-05 0.0
2517 8.402655239055541e-05 0.0
254 0.00016805310478111083 0.017544309650909525
255 8.402655239055541e-05 0.044451762570833796
25em 8.402655239055541e-05 0.0
26 8.402655239055541e-05 0.0
2781370 0.00016805310478111083 0.035401927050916
287 0.00016805310478111083 0.035401927050916
28cms 8.402655239055541e-05 0.0
29 8.402655239055541e-05 0.0
2_ 0.00016805310478111083 0.035401927050916
2_compile_time_system_structure_example 0.0006722124191244433 0.0
2_compiler 0.0006722124191244433 0.035401927050916
2_flowcharter 0.00033610620956222166 0.035401927050916
2_librarian 0.00033610620956222166 0.035401927050916
2_monitor 0.00033610620956222166 0.035401927050916
2_programming_language_example 0.0006722124191244433 0.0
2c 8.402655239055541e-05 0.8531118302526235
2cicon 8.402655239055541e-05 0.0
2cstyles 8.402655239055541e-05 0.0
2em 0.00016805310478111083 0.0
2f 0.00016805310478111083 0.0
2fen 0.00025207965717166626 0.0
2ffmt 0.00025207965717166626 0.0
2foutput_statements 8.402655239055541e-05 0.0
2fusers 8.402655239055541e-05 0.0
2fuyk 0.00016805310478111083 0.0
2fziring 8.402655239055541e-05 0.0
2m 8.402655239055541e-05 0.035401927050916
2x 0.0005041593143433325 0.0
2y 0.00042013276195277706 0.035401927050916
2y_programmers_reference_manual_for_the_an_uyk 0.0012603982858583312 0.0
3 0.001596504495420553 0.0
30 0.00016805310478111083 0.035401927050916
304 8.402655239055541e-05 0.035401927050916
30em 8.402655239055541e-05 0.0
31 0.00016805310478111083 0.008733679968754631
3125em 8.402655239055541e-05 0.0
330px 0.00016805310478111083 0.0
36 0.00016805310478111083 0.02643325706815543
38 0.00016805310478111083 0.035401927050916
39 0.00016805310478111083 0.035401927050916
3a 8.402655239055541e-05 0.09097177820572679
3a3 8.402655239055541e-05 0.0
3abook 0.00025207965717166626 0.0
3acms 0.00025207965717166626 0.0
3akev 0.00025207965717166626 0.0
3amtx 0.00025207965717166626 0.0
3aofi 0.00025207965717166626 0.0
3asid 0.00025207965717166626 0.0
3cols 8.402655239055541e-05 0.0
3em 0.00016805310478111083 0.0
3px 8.402655239055541e-05 0.0
4 0.0010923451810772205 0.0
40 8.402655239055541e-05 0.017544309650909525
400 0.00016805310478111083 0.0
41 0.00016805310478111083 0.017544309650909525
418 8.402655239055541e-05 0.8531118302526235
42z 0.00016805310478111083 0.0
43 0.001008318628686665 0.008733679968754631
43_oct86 0.0012603982858583312 0.0
44 0.00042013276195277706 0.0
440px 0.00016805310478111083 0.0
463 0.00016805310478111083 0.035401927050916
47 0.00016805310478111083 0.008733679968754631
4c 8.402655239055541e-05 4.74493212836325
4dd4 8.402655239055541e-05 0.035401927050916
5 0.0011763717334677757 0.0
50 0.00016805310478111083 0.0
500 0.00016805310478111083 0.0
5000000 0.00016805310478111083 0.0
502 0.00016805310478111083 0.035401927050916
52428800 0.00016805310478111083 0.0
55 0.00016805310478111083 0.008733679968754631
590 0.00016805310478111083 0.035401927050916
594 0.00016805310478111083 0.035401927050916
5a 0.00025207965717166626 0.540239508972284
5em 0.00016805310478111083 0.0
5x 0.0005041593143433325 0.11020314013361425
6 0.0005041593143433325 0.0
60 0.00016805310478111083 0.035401927050916
640 8.402655239055541e-05 0.14981227822866008
640px 8.402655239055541e-05 0.0
642 0.0005041593143433325 0.035401927050916
642_object_code_loaders 0.00033610620956222166 0.035401927050916
642b 8.402655239055541e-05 0.035401927050916
65 8.402655239055541e-05 0.02643325706815543
681 0.00016805310478111083 0.035401927050916
69 0.00016805310478111083 0.035401927050916
7 0.0019326107049827746 0.0
72 0.00016805310478111083 0.02643325706815543
720px 8.402655239055541e-05 0.0
736 0.00016805310478111083 0.0
75 0.00016805310478111083 0.035401927050916
753 0.00016805310478111083 0.035401927050916
758 0.00016805310478111083 0.035401927050916
76 0.00016805310478111083 0.02643325706815543
781 0.00016805310478111083 0.035401927050916
7970 0.00016805310478111083 0.035401927050916
7_and_an_uyk 0.0012603982858583312 0.0
7afb 8.402655239055541e-05 0.035401927050916
7cext 0.00025207965717166626 0.0
7cmediawiki 8.402655239055541e-05 0.0
7con 8.402655239055541e-05 0.0
7cskins 8.402655239055541e-05 0.0
7cwikibase 8.402655239055541e-05 0.0
8 0.001008318628686665 0.008733679968754631
80 0.00025207965717166626 0.0
800 8.402655239055541e-05 0.2340726218464
800px 8.402655239055541e-05 0.0
8125em 8.402655239055541e-05 0.0
828 8.402655239055541e-05 0.2451224580329849
85 0.00016805310478111083 0.0
86 0.00016805310478111083 0.017544309650909525
86_ 8.402655239055541e-05 0.0
87 8.402655239055541e-05 0.008733679968754631
88 0.0006722124191244433 0.035401927050916
8c 0.0005041593143433325 0.7195804376281008
8c60 8.402655239055541e-05 0.035401927050916
9 0.00033610620956222166 0.0
90 8.402655239055541e-05 0.0
90c6c866 8.402655239055541e-05 0.035401927050916
91 0.0013444248382488866 0.035401927050916
93 0.0011763717334677757 0.13976194237515863
95 8.402655239055541e-05 0.09097177820572679
96 0.00016805310478111083 0.0
971175746 0.0005881858667338879 0.035401927050916
978 0.00016805310478111083 0.0
9px 0.00025207965717166626 0.0
_key 0.00016805310478111083 0.0
_navy1978 8.402655239055541e-05 0.0
a 0.039744559280732714 0.0
a7 0.00033610620956222166 0.3504829736908114
a8 0.00016805310478111083 0.0
aa 8.402655239055541e-05 0.2340726218464
aadc 8.402655239055541e-05 0.035401927050916
about 0.0008402655239055541 0.0
aboutsite 8.402655239055541e-05 0.0
above 8.402655239055541e-05 0.008733679968754631
abs 8.402655239055541e-05 0.035401927050916
absolute 0.00025207965717166626 0.035401927050916
access 8.402655239055541e-05 0.0
accessdate 8.402655239055541e-05 0.0
accesskey 0.001596504495420553 0.0
accordance 8.402655239055541e-05 0.035401927050916
account 0.00033610620956222166 0.0
accounting 8.402655239055541e-05 0.035401927050916
across 8.402655239055541e-05 0.0
act 8.402655239055541e-05 0.035401927050916
action 0.0033610620956222165 0.0
actions 8.402655239055541e-05 0.0
activity 0.00016805310478111083 0.035401927050916
ada 0.00016805310478111083 0.035401927050916
ada_ 8.402655239055541e-05 3.6463198396951406
add 8.402655239055541e-05 0.0
adding 8.402655239055541e-05 0.0
additional 0.00016805310478111083 0.0
address 0.00033610620956222166 0.0
aegis 8.402655239055541e-05 0.035401927050916
after 0.00016805310478111083 0.02643325706815543
aggregates 0.0006722124191244433 0.035401927050916
agree 8.402655239055541e-05 0.0
alert 0.00033610620956222166 0.11995931507897897
align 0.00016805310478111083 0.0721032939013439
all 0.00016805310478111083 0.0
allocated 8.402655239055541e-05 0.035401927050916
allowable 8.402655239055541e-05 0.035401927050916
alone 8.402655239055541e-05 0.035401927050916
alpha 0.00033610620956222166 0.14981227822866008
also 0.00033610620956222166 0.0
alt 0.0007562389715149988 0.0
alter 8.402655239055541e-05 0.035401927050916
alternate 0.00025207965717166626 0.14981227822866008
amp 0.008822788001008318 0.18058393689541388
an 0.005965885219729435 0.0
and 0.004369380724308882 0.0
anon 0.00016805310478111083 0.0
anoncontribs 8.402655239055541e-05 0.0
anontalk 8.402655239055541e-05 0.0
anonymous 8.402655239055541e-05 0.12981161152199053
another 8.402655239055541e-05 0.0
api 8.402655239055541e-05 0.14981227822866008
appeared 8.402655239055541e-05 0.044451762570833796
apple 0.00016805310478111083 0.13976194237515863
application 0.0005041593143433325 0.0
apply 8.402655239055541e-05 0.0
appropriate 8.402655239055541e-05 0.035401927050916
april 8.402655239055541e-05 0.0
archive 8.402655239055541e-05 0.044451762570833796
archived 8.402655239055541e-05 0.035401927050916
are 0.0011763717334677757 0.0
area 0.00042013276195277706 0.035401927050916
areas 0.00025207965717166626 0.035401927050916
argument 8.402655239055541e-05 0.0
aria 0.002604823124107218 0.0
around 8.402655239055541e-05 0.035401927050916
arranged 8.402655239055541e-05 0.035401927050916
array 0.00025207965717166626 0.017544309650909525
article 0.0005041593143433325 0.0
articles 8.402655239055541e-05 0.0
as 0.0005881858667338879 0.0
assign 8.402655239055541e-05 0.035401927050916
assigned 0.00025207965717166626 0.035401927050916
assistance 8.402655239055541e-05 0.035401927050916
associated 0.00025207965717166626 0.035401927050916
async 0.00033610620956222166 0.37548427589622857
at 0.00025207965717166626 0.0
atom 0.00025207965717166626 0.11995931507897897
attempt 8.402655239055541e-05 0.035401927050916
attribution 8.402655239055541e-05 0.0
au 0.00025207965717166626 0.37548427589622857
august 0.00016805310478111083 0.035401927050916
author 0.00016805310478111083 0.02643325706815543
auto 0.00042013276195277706 0.035401927050916
autocapitalize 8.402655239055541e-05 0.0
autostart 8.402655239055541e-05 0.0
available 0.00016805310478111083 0.0
avoid 0.00016805310478111083 0.19105523676270922
ayk 0.0005041593143433325 0.035401927050916
b 0.0037811948575749935 0.017544309650909525
b1 8.402655239055541e-05 0.3504829736908114
b2 8.402655239055541e-05 0.7195804376281008
b2_ 8.402655239055541e-05 0.0
b3 0.00025207965717166626 0.0
b_1 0.0016805310478111082 0.0
background 0.0006722124191244433 0.2340726218464
backlink 0.00033610620956222166 0.0
basic 0.00025207965717166626 0.0
basics 0.00016805310478111083 0.035401927050916
batch 8.402655239055541e-05 0.035401927050916
be 0.0009242920762961096 0.0
because 8.402655239055541e-05 0.0
before 8.402655239055541e-05 0.017544309650909525
beginning 0.00016805310478111083 0.035401927050916
below 0.00016805310478111083 0.0
between 8.402655239055541e-05 0.017544309650909525
bin 0.00016805310478111083 0.26759531388504365
bit 0.00033610620956222166 0.035401927050916
bits 0.00016805310478111083 0.035401927050916
bitsavers_univacmilimmersreferencemanualfortheanuyk7andanuyk_23389579 8.402655239055541e-05 0.0
blocks 0.00025207965717166626 0.035401927050916
blocks_of_statements 8.402655239055541e-05 0.0
body 0.0011763717334677757 0.11995931507897897
bodycontent 0.00016805310478111083 0.0
book 0.00016805310478111083 0.0721032939013439
boolean 0.00042013276195277706 0.008733679968754631
booleans 8.402655239055541e-05 0.008733679968754631
bootstrap 8.402655239055541e-05 0.0
border 0.00025207965717166626 0.7936884097818228
bottom 0.00016805310478111083 0.12981161152199053
box 0.0008402655239055541 0.0
bracket 0.003865221409965549 0.3141153295199365
branches 8.402655239055541e-05 0.035401927050916
break 0.00025207965717166626 0.19105523676270922
browsing 8.402655239055541e-05 0.27902400970866637
btitle 0.00025207965717166626 0.0
btn 0.00042013276195277706 0.0
buffer 0.00016805310478111083 0.035401927050916
button 0.003193008990841106 0.0
buttons 8.402655239055541e-05 0.0
by 0.0017645576002016637 0.0
bytes 0.00033610620956222166 0.0
c 0.00025207965717166626 0.0
c13_en 8.402655239055541e-05 0.0
ca 0.0007562389715149988 0.035401927050916
cache 0.00016805310478111083 0.0
cached 8.402655239055541e-05 0.0
cachereport 8.402655239055541e-05 0.0
cactions 0.0005041593143433325 0.0
calculations 0.00016805310478111083 0.035401927050916
call 8.402655239055541e-05 0.0
called 0.00025207965717166626 0.0
calls 8.402655239055541e-05 0.0
campaigns 8.402655239055541e-05 0.0
canonical 0.00016805310478111083 0.0
cantonese 8.402655239055541e-05 0.0
caption 0.00025207965717166626 0.0
categories 0.00016805310478111083 0.0
category 0.0005041593143433325 0.0
catlinks 0.00033610620956222166 0.0
cause 8.402655239055541e-05 0.035401927050916
center 0.0005881858667338879 0.02643325706815543
centralauth 0.00016805310478111083 0.0
centralautologin 0.00016805310478111083 0.0
centralnotice 0.00025207965717166626 0.0
cep 0.00033610620956222166 0.0
cgi 0.00016805310478111083 0.19105523676270922
cgibin 0.00016805310478111083 0.0
change 8.402655239055541e-05 0.0
changes 0.00033610620956222166 0.02643325706815543
changing 8.402655239055541e-05 0.035401927050916
char 8.402655239055541e-05 0.035401927050916
character 0.00042013276195277706 0.035401927050916
charinsert 8.402655239055541e-05 0.0
charset 8.402655239055541e-05 0.0
charter 8.402655239055541e-05 0.035401927050916
checkbox 0.002856902781278884 0.0
child 8.402655239055541e-05 0.21233263520999412
citation 0.0010923451810772205 0.017544309650909525
cite 0.001428451390639442 0.0
cite_note 0.0015124779430299975 0.0
cite_ref 0.0023527434669355514 0.0
cite_web 0.00016805310478111083 0.0
citereffleet_combat_direction_systems_support_activity1986 8.402655239055541e-05 0.0
citerefneal_ziring1998 8.402655239055541e-05 0.0
citerefu 8.402655239055541e-05 0.0
citethispage 8.402655239055541e-05 0.0
class 0.04008066549029493 0.0
classname 0.00025207965717166626 0.0
clear 8.402655239055541e-05 0.11020314013361425
client 0.00042013276195277706 0.0
close 8.402655239055541e-05 0.035401927050916
cm2y 0.00033610620956222166 0.0
cms 0.013444248382488866 0.035401927050916
code 0.0015124779430299975 0.0
coll 0.00033610620956222166 0.0
collapsed 0.00025207965717166626 0.0
collapses 8.402655239055541e-05 0.0
collapsible 0.0008402655239055541 0.0
color 0.0005881858667338879 0.3629054936893685
colspan 0.00033610620956222166 0.0
column 0.00025207965717166626 0.11020314013361425
columns 0.00042013276195277706 0.11020314013361425
com 0.00033610620956222166 0.0
combat 0.00016805310478111083 0.035401927050916
combines 8.402655239055541e-05 0.008733679968754631
common 0.00025207965717166626 0.0
commons 0.001596504495420553 0.0
communication 8.402655239055541e-05 0.0
community 8.402655239055541e-05 0.10054122922187746
community_portal 8.402655239055541e-05 0.0
comp 8.402655239055541e-05 0.035401927050916
compactlinks 8.402655239055541e-05 0.0
comparison 8.402655239055541e-05 0.0
compilation 8.402655239055541e-05 0.0
compile 0.0008402655239055541 0.0
compiled 8.402655239055541e-05 0.0
compiler 0.0018485841525922191 0.0
compiler_monitor_system_2_ 0.0005041593143433325 0.035401927050916
complements 8.402655239055541e-05 0.035401927050916
complications 8.402655239055541e-05 0.0
components 8.402655239055541e-05 0.0
composed 0.00016805310478111083 0.035401927050916
computer 0.001008318628686665 0.0
computer_sciences_corporation 0.00016805310478111083 0.0
computers 0.00042013276195277706 0.02643325706815543
concept 8.402655239055541e-05 0.035401927050916
conditional 8.402655239055541e-05 0.008733679968754631
config 0.00016805310478111083 0.0
consist 0.00016805310478111083 0.035401927050916
consists 8.402655239055541e-05 0.008733679968754631
constant 0.00016805310478111083 0.035401927050916
constants 0.00016805310478111083 0.035401927050916
contact 0.00033610620956222166 0.0
contact_us 0.00016805310478111083 0.0
contactpage 8.402655239055541e-05 0.0
contain 0.00016805310478111083 0.035401927050916
contained 8.402655239055541e-05 0.035401927050916
container 0.0011763717334677757 0.14981227822866008
containing 8.402655239055541e-05 0.008733679968754631
content 0.005797832114948324 0.0
contentinfo 8.402655239055541e-05 0.0
contents 0.0011763717334677757 0.0
contentsub 8.402655239055541e-05 0.0
context 0.00016805310478111083 0.017544309650909525
continued 8.402655239055541e-05 0.035401927050916
contribute 8.402655239055541e-05 0.0
contributions 8.402655239055541e-05 0.2340726218464
contributors 0.00016805310478111083 0.017544309650909525
control 0.00016805310478111083 0.0
controls 0.0005041593143433325 0.0
convenience 8.402655239055541e-05 0.035401927050916
conversion 0.00025207965717166626 0.0
cookie 0.00042013276195277706 0.0
cookie_statement 8.402655239055541e-05 0.0
cookiestatement 8.402655239055541e-05 0.0
copyright 0.00025207965717166626 0.0
copyrightico 8.402655239055541e-05 0.0
corad 8.402655239055541e-05 0.035401927050916
core 8.402655239055541e-05 0.0
corporation 0.0005881858667338879 0.035401927050916
count 0.00016805310478111083 0.0
cp 0.0009242920762961096 0.035401927050916
cpu 8.402655239055541e-05 0.0
cputime 8.402655239055541e-05 0.0
create 0.00033610620956222166 0.0
createaccount 0.00033610620956222166 0.0
creative 8.402655239055541e-05 0.0
creativecommons 0.00016805310478111083 0.0
cross 8.402655239055541e-05 0.0
crossorigin 8.402655239055541e-05 0.0
cs 0.00033610620956222166 0.035401927050916
cs1 0.0010923451810772205 0.017544309650909525
cs2 0.00016805310478111083 0.0
csrftoken 8.402655239055541e-05 0.0
ctx_ver 0.00025207965717166626 0.0
current 0.00016805310478111083 0.08149303425118301
current_events 8.402655239055541e-05 0.0
currentevents 8.402655239055541e-05 0.0
cx 0.00016805310478111083 0.0
d 0.00016805310478111083 0.017544309650909525
d33 0.00016805310478111083 0.0
d6 8.402655239055541e-05 0.0
d8 0.0009242920762961096 0.0
d9 0.0005881858667338879 0.0
data 0.006217964876901101 0.0
data_declarative_statements 0.00042013276195277706 0.035401927050916
date 0.00025207965717166626 0.02643325706815543
datemodified 0.00016805310478111083 0.0
datepublished 0.00016805310478111083 0.0
db 0.00033610620956222166 0.6505875661411494
dd 0.0005041593143433325 0.035401927050916
deactivates 8.402655239055541e-05 0.035401927050916
debugging 0.00016805310478111083 0.035401927050916
december 8.402655239055541e-05 0.02643325706815543
decimal 8.402655239055541e-05 0.11020314013361425
declaration 8.402655239055541e-05 0.008733679968754631
declarations 0.00025207965717166626 0.035401927050916
declarative 0.0005881858667338879 0.008733679968754631
decode 8.402655239055541e-05 0.035401927050916
decoding 0.00025207965717166626 0.21233263520999412
deduplicate 0.00025207965717166626 0.0
deduplicated 0.00016805310478111083 0.0
define 0.00016805310478111083 0.008733679968754631
defined 8.402655239055541e-05 0.0
defines 0.00016805310478111083 0.017544309650909525
defining 8.402655239055541e-05 0.008733679968754631
definition 8.402655239055541e-05 0.008733679968754631
definitions 0.00033610620956222166 0.0
delimiter 0.00016805310478111083 0.035401927050916
delimiters 8.402655239055541e-05 0.035401927050916
delimits 0.0008402655239055541 0.035401927050916
depending 8.402655239055541e-05 0.0
depth 0.00025207965717166626 0.0
describe 8.402655239055541e-05 0.035401927050916
description 8.402655239055541e-05 0.0
design 0.00033610620956222166 0.035401927050916
designating 8.402655239055541e-05 0.035401927050916
designed 0.00016805310478111083 0.0
designs 0.00025207965717166626 0.035401927050916
desired 8.402655239055541e-05 0.035401927050916
desktoparticletarget 0.00025207965717166626 0.0
details 8.402655239055541e-05 0.11020314013361425
detection 8.402655239055541e-05 0.10054122922187746
develop 8.402655239055541e-05 0.035401927050916
developed 0.00033610620956222166 0.017544309650909525
developer 0.00025207965717166626 0.02643325706815543
developers 0.00016805310478111083 0.0
device 0.00016805310478111083 0.035401927050916
devices 8.402655239055541e-05 0.035401927050916
dictionary 8.402655239055541e-05 0.035401927050916
diego 8.402655239055541e-05 0.035401927050916
different 0.00016805310478111083 0.0
digital 0.00016805310478111083 0.035401927050916
dir 0.00025207965717166626 0.4682660093471948
direct 0.00016805310478111083 0.035401927050916
direction 0.00016805310478111083 0.035401927050916
directs 0.00033610620956222166 0.035401927050916
disabled 0.0009242920762961096 0.11020314013361425
disclaimers 0.00016805310478111083 0.0
discuss 8.402655239055541e-05 0.05358424613410626
discussion 0.00016805310478111083 0.26759531388504365
display 0.00025207965717166626 0.0
div 0.018653894630703303 0.0
dmy 8.402655239055541e-05 0.08149303425118301
dns 0.00016805310478111083 0.540239508972284
doctype 8.402655239055541e-05 0.0
document 0.00033610620956222166 0.09097177820572679
documentelement 0.00025207965717166626 0.0
does 8.402655239055541e-05 0.0
dollar 8.402655239055541e-05 0.035401927050916
donate 0.00025207965717166626 0.0
donating 8.402655239055541e-05 0.0
download 0.00033610620956222166 0.0
downloadaspdf 8.402655239055541e-05 0.0
dropdown 0.0021006638097638853 0.0
dsn 8.402655239055541e-05 0.0
during 8.402655239055541e-05 0.0
dynamic 0.0008402655239055541 0.0
dynamic_statements 0.00042013276195277706 0.035401927050916
e 0.0005041593143433325 0.0
e1 0.00025207965717166626 0.0
e2 0.00025207965717166626 1.911718784307034
each 8.402655239055541e-05 0.008733679968754631
early 0.00016805310478111083 0.02643325706815543
echo 8.402655239055541e-05 0.0
edit 0.00714225695319721 0.0
editable 8.402655239055541e-05 0.49643688631389105
edited 8.402655239055541e-05 0.0
editing 8.402655239055541e-05 0.11020314013361425
editor 0.00016805310478111083 0.044451762570833796
editors 0.00016805310478111083 0.0
editpage 8.402655239055541e-05 0.0
edits 0.00016805310478111083 0.0
editsection 0.005797832114948324 0.0
edituri 8.402655239055541e-05 0.0
ee95e6069955 8.402655239055541e-05 0.035401927050916
eee 8.402655239055541e-05 0.0
element 0.0009242920762961096 0.0
elements 0.00042013276195277706 0.008733679968754631
ellipsis 0.00016805310478111083 0.2340726218464
elt 8.402655239055541e-05 0.0
embedded 0.0005881858667338879 0.035401927050916
embedded_system 8.402655239055541e-05 0.0
embedded_systems 8.402655239055541e-05 0.0
empty 8.402655239055541e-05 0.008733679968754631
emptyportlet 0.00016805310478111083 0.0
emulating 8.402655239055541e-05 0.035401927050916
en 0.0021006638097638853 0.0
enabled 0.0009242920762961096 0.008733679968754631
encode 8.402655239055541e-05 0.035401927050916
encourage 8.402655239055541e-05 0.035401927050916
encouraged 0.00033610620956222166 1.5668782980153044
encyclopedia 0.00016805310478111083 0.0
end 0.0011763717334677757 0.0
endfile 8.402655239055541e-05 0.035401927050916
english 0.00025207965717166626 0.0
enhancements 8.402655239055541e-05 0.0
enlarge 0.00016805310478111083 0.0
entities 8.402655239055541e-05 0.0
entity 0.00033610620956222166 0.0
entityaccesscount 8.402655239055541e-05 0.0
entitypage 0.00016805310478111083 0.0
entry 8.402655239055541e-05 0.035401927050916
environment 0.00016805310478111083 0.0
enwiki 8.402655239055541e-05 0.0
enwikimwclientprefs 8.402655239055541e-05 0.0
erols 0.00033610620956222166 0.0
error 0.00016805310478111083 0.11020314013361425
es6 8.402655239055541e-05 0.0
esi 0.00016805310478111083 0.7195804376281008
esitest 8.402655239055541e-05 0.0
establish 8.402655239055541e-05 0.035401927050916
event 0.0008402655239055541 0.0
eventlogging 0.00016805310478111083 0.0
events 0.00016805310478111083 0.11020314013361425
eventually 8.402655239055541e-05 0.02643325706815543
exact 8.402655239055541e-05 0.0
example 0.00025207965717166626 0.0
exchange 8.402655239055541e-05 0.035401927050916
exec 8.402655239055541e-05 0.035401927050916
executable 0.00016805310478111083 0.0
execution 0.00025207965717166626 0.0
executive 8.402655239055541e-05 0.035401927050916
exist 8.402655239055541e-05 0.0721032939013439
exists 8.402655239055541e-05 0.0
expand 0.0005041593143433325 0.0
expanded 0.0009242920762961096 0.0
expansion 0.00016805310478111083 0.0
expansiondepth 8.402655239055541e-05 0.0
expensive 8.402655239055541e-05 0.0
expensivefunctioncount 8.402655239055541e-05 0.0
experience 8.402655239055541e-05 0.035401927050916
expiry 0.00016805310478111083 0.0
export 8.402655239055541e-05 0.0
expresses 8.402655239055541e-05 0.008733679968754631
expression 0.00033610620956222166 0.008733679968754631
ext 0.002268716914544996 0.0
extended 8.402655239055541e-05 0.035401927050916
extension 8.402655239055541e-05 0.008733679968754631
external 0.0009242920762961096 0.0
external_links 0.00033610620956222166 0.0
extra 8.402655239055541e-05 0.0
f 0.0010923451810772205 0.0
f1 0.0006722124191244433 0.2451224580329849
fa 0.00033610620956222166 1.8004931491968095
fa8a495983347898 8.402655239055541e-05 0.0
facilitate 0.00016805310478111083 0.035401927050916
facilities 8.402655239055541e-05 0.035401927050916
fallbacksearchbutton 8.402655239055541e-05 0.0
false 0.001008318628686665 0.0
favicon 8.402655239055541e-05 0.0
fcpcpac 8.402655239055541e-05 0.035401927050916
feasibility 8.402655239055541e-05 0.035401927050916
feature 0.0017645576002016637 0.0
featurename 0.00025207965717166626 0.0
features 0.00033610620956222166 0.0
february 8.402655239055541e-05 0.017544309650909525
feed 0.00016805310478111083 0.19105523676270922
fields 0.00025207965717166626 0.0
file 0.0018485841525922191 0.0
file_upload_wizard 0.00016805310478111083 0.0
files 8.402655239055541e-05 0.0
find 8.402655239055541e-05 0.0
first 0.00016805310478111083 0.0
firstheading 0.00025207965717166626 0.0
fix 8.402655239055541e-05 0.008733679968754631
fixed 0.00016805310478111083 0.035401927050916
fleet 0.00025207965717166626 0.035401927050916
float 8.402655239055541e-05 0.06280090123903044
floating 0.00025207965717166626 0.035401927050916
flow 0.00016805310478111083 0.035401927050916
flowchart 8.402655239055541e-05 0.035401927050916
flowcharter 0.00042013276195277706 0.035401927050916
flush 0.00042013276195277706 0.0
followed 0.00016805310478111083 0.035401927050916
font 0.0005881858667338879 0.14981227822866008
footer 0.002184690362154441 0.0
for 0.0029409293336694394 0.0
form 0.0005041593143433325 0.0
format 0.0005041593143433325 0.035401927050916
fortran 0.00025207965717166626 0.035401927050916
foundation 0.0007562389715149988 0.0
free 0.0005041593143433325 0.0
from 0.001008318628686665 0.0
full 0.00025207965717166626 0.044451762570833796
fulltext 8.402655239055541e-05 0.0
function 0.001008318628686665 0.0
functions 8.402655239055541e-05 0.0
fundraiserredirector 8.402655239055541e-05 0.0
further 8.402655239055541e-05 0.0
g 0.00025207965717166626 0.0
gadget 0.00033610620956222166 0.0
gehomepagesuggestededitsenabletopics 8.402655239055541e-05 0.0
general_disclaimer 8.402655239055541e-05 0.0
generate 8.402655239055541e-05 0.0
generates 0.00016805310478111083 0.035401927050916
generation 8.402655239055541e-05 0.0
generator 8.402655239055541e-05 0.0
genre 0.00025207965717166626 0.0
geoip 8.402655239055541e-05 0.0
globalcssjs 0.00016805310478111083 0.0
go 0.00033610620956222166 0.0
googpub 0.00016805310478111083 0.0
goto 8.402655239055541e-05 0.0
gray 8.402655239055541e-05 1.449095262358921
greek 0.00016805310478111083 0.3141153295199365
green 8.402655239055541e-05 0.08149303425118301
group 0.00033610620956222166 0.05358424613410626
grouped 0.00033610620956222166 0.035401927050916
growthexperiments 8.402655239055541e-05 0.0
guidance 8.402655239055541e-05 0.2340726218464
guides 8.402655239055541e-05 4.74493212836325
h 0.00025207965717166626 0.035401927050916
h1 0.00016805310478111083 1.2484245668967697
h2 0.00201663725737333 1.2484245668967697
h3 0.00201663725737333 0.0
hack 0.0005041593143433325 0.0
had 0.00016805310478111083 0.02643325706815543
hardware 8.402655239055541e-05 0.035401927050916
has 8.402655239055541e-05 0.0
haspopup 0.00042013276195277706 0.0
head 0.00042013276195277706 0.0
header 0.0023527434669355514 0.0
heading 0.0019326107049827746 0.0
headline 0.0021006638097638853 0.0
height 0.0013444248382488866 0.0
help 0.0005881858667338879 0.0
here 8.402655239055541e-05 0.008733679968754631
hidden 0.0006722124191244433 0.0
hide 0.00016805310478111083 0.0
high 0.00042013276195277706 0.0
high_level_input 0.00042013276195277706 0.035401927050916
highest 8.402655239055541e-05 0.0
history 0.0010923451810772205 0.0
hold 0.00016805310478111083 0.035401927050916
hollerith 0.00025207965717166626 0.035401927050916
hor 0.00016805310478111083 0.0
hosted 8.402655239055541e-05 0.0721032939013439
how 0.00042013276195277706 0.0
however 0.00033610620956222166 0.0
href 0.016973363582892195 0.0
hreflang 0.00016805310478111083 0.0
html 0.00025207965717166626 0.06280090123903044
http 0.0007562389715149988 0.017544309650909525
https 0.002268716914544996 0.0
hub 8.402655239055541e-05 0.2451224580329849
i 0.0027728762288883285 0.0
ico 8.402655239055541e-05 0.0
icon 0.0036971683051844383 0.0
icons 0.00033610620956222166 0.0
id 0.017561549449626082 0.0
identically 8.402655239055541e-05 0.035401927050916
identifiers 0.00025207965717166626 0.008733679968754631
idhash 8.402655239055541e-05 0.0
if 0.00025207965717166626 0.0
image 0.001428451390639442 0.0
imageobject 0.00016805310478111083 0.0
images 0.001008318628686665 0.0
img 0.0007562389715149988 0.0
imperative 0.00016805310478111083 0.08149303425118301
imperative_programming 8.402655239055541e-05 0.0
implement 8.402655239055541e-05 0.05358424613410626
implemented 8.402655239055541e-05 0.035401927050916
improve 8.402655239055541e-05 0.0
improvements 8.402655239055541e-05 0.08149303425118301
in 0.003445088648012772 0.0
inc 0.00025207965717166626 0.0
include 0.0005041593143433325 0.0
included 0.00016805310478111083 0.02643325706815543
including 8.402655239055541e-05 0.008733679968754631
independent 8.402655239055541e-05 0.0
index 0.0036971683051844383 0.0
indicators 8.402655239055541e-05 0.454472687214859
influenced 8.402655239055541e-05 0.008733679968754631
info 0.0009242920762961096 0.044451762570833796
infobox 0.002268716914544996 0.008733679968754631
infobox_programming_language 0.00016805310478111083 0.008733679968754631
infobox_software 0.00016805310478111083 0.017544309650909525
information 0.0005881858667338879 0.0
inherit 0.0005041593143433325 0.11020314013361425
init 0.00025207965717166626 0.0
initializes 8.402655239055541e-05 0.035401927050916
initiated 8.402655239055541e-05 0.017544309650909525
inline 0.00016805310478111083 0.05358424613410626
inner 0.00016805310478111083 0.0
input 0.0018485841525922191 0.0
inside 0.00016805310478111083 0.0
instructions 8.402655239055541e-05 0.0
integer 8.402655239055541e-05 0.035401927050916
integers 8.402655239055541e-05 0.035401927050916
intended 8.402655239055541e-05 0.035401927050916
interaction 0.00025207965717166626 0.0
interface 0.00016805310478111083 0.0
interlanguage 0.0007562389715149988 0.0
intermetrics 0.0005041593143433325 0.035401927050916
internal 0.00025207965717166626 0.035401927050916
interwiki 0.00016805310478111083 0.0
into 0.0005041593143433325 0.0
introduction 0.00025207965717166626 0.11020314013361425
ip 0.00016805310478111083 0.3141153295199365
is 0.001428451390639442 0.0
it 0.0009242920762961096 0.0
item 0.00714225695319721 0.0
items 0.00025207965717166626 0.0
j 0.00025207965717166626 0.0
january 8.402655239055541e-05 0.0
job 8.402655239055541e-05 0.035401927050916
jobs 8.402655239055541e-05 0.02643325706815543
jovial 0.0005041593143433325 0.035401927050916
jpg 0.0026888496764977733 0.40112670650956617
jquery 8.402655239055541e-05 0.0
js 0.00016805310478111083 0.0
json 0.00016805310478111083 0.11995931507897897
july 8.402655239055541e-05 0.008733679968754631
jump 0.00016805310478111083 0.0
june 8.402655239055541e-05 0.017544309650909525
k 0.00016805310478111083 0.0
kern 0.00016805310478111083 0.0
key 8.402655239055541e-05 0.0
kinds 8.402655239055541e-05 0.035401927050916
known 0.00016805310478111083 0.0
l 8.402655239055541e-05 0.008733679968754631
label 0.004453407276699437 0.0
labelledby 8.402655239055541e-05 0.0
labels 8.402655239055541e-05 0.035401927050916
landmark 0.00033610620956222166 0.0
lang 0.0013444248382488866 0.0
langlinks 0.00016805310478111083 0.0
language 0.002436770019326107 0.0
language_features 0.00033610620956222166 0.035401927050916
languages 0.0006722124191244433 0.0
larger 8.402655239055541e-05 0.035401927050916
last 8.402655239055541e-05 0.0
lastmod 8.402655239055541e-05 0.0
lazy 0.00016805310478111083 0.008733679968754631
ld 0.00016805310478111083 0.7195804376281008
learn 0.00042013276195277706 0.0
left 0.0005881858667338879 0.0
length 0.00016805310478111083 0.035401927050916
letter 8.402655239055541e-05 0.035401927050916
level 0.0023527434669355514 0.0
levels 8.402655239055541e-05 0.0
li 0.015881018401814974 0.0
librarian 0.00033610620956222166 0.035401927050916
library 8.402655239055541e-05 0.0
license 0.00033610620956222166 0.0
licenses 0.00016805310478111083 0.12981161152199053
limit 0.0009242920762961096 0.0
limited 0.0005041593143433325 0.008733679968754631
limitreport 0.00025207965717166626 0.0
link 0.00403327451474666 0.08149303425118301
linked 8.402655239055541e-05 0.0721032939013439
links 0.001596504495420553 0.0
list 0.010335265944038316 0.0
listbullet 0.00025207965717166626 0.0
literature 8.402655239055541e-05 0.035401927050916
load 0.00025207965717166626 0.0
loaded 8.402655239055541e-05 0.0
loader 0.00016805310478111083 0.035401927050916
loaders 0.00033610620956222166 0.035401927050916
loading 0.00033610620956222166 0.0
loc 0.00025207965717166626 0.0
local 8.402655239055541e-05 0.0
location 8.402655239055541e-05 0.035401927050916
lock 0.0009242920762961096 0.11020314013361425
log 0.0005881858667338879 0.0
logged 0.00016805310478111083 0.0
login 0.00042013276195277706 0.3141153295199365
logo 0.0006722124191244433 0.0
loop 8.402655239055541e-05 0.035401927050916
lower 0.0005041593143433325 0.044451762570833796
ltr 0.0005881858667338879 0.0
lua 0.00016805310478111083 0.0
m 0.00016805310478111083 0.08149303425118301
machine 0.00016805310478111083 0.0
made 0.00016805310478111083 0.035401927050916
magnetic 0.00016805310478111083 0.035401927050916
magnify 0.00016805310478111083 0.0
main 0.0021006638097638853 0.0
main_other 0.00016805310478111083 0.035401927050916
main_page 0.00016805310478111083 0.0
mainentity 0.00016805310478111083 0.0
mainpage 8.402655239055541e-05 0.0
maint 8.402655239055541e-05 0.09097177820572679
major 0.00016805310478111083 0.008733679968754631
management 8.402655239055541e-05 0.0
managing 8.402655239055541e-05 0.035401927050916
mandatory 0.00033610620956222166 0.2340726218464
manipulation 8.402655239055541e-05 0.0
manual 0.0007562389715149988 0.035401927050916
manual_4 0.00016805310478111083 0.0
march 8.402655239055541e-05 0.017544309650909525
margin 0.0005881858667338879 0.0
mark 0.00025207965717166626 0.035401927050916
match 8.402655239055541e-05 0.008733679968754631
max 0.00016805310478111083 0.11020314013361425
may 0.001008318628686665 0.0
media 0.00016805310478111083 0.11995931507897897
mediawiki 0.0007562389715149988 0.0
mediums 8.402655239055541e-05 0.035401927050916
memory 8.402655239055541e-05 0.0
memusage 8.402655239055541e-05 0.0
menu 0.008318628686664987 0.0
message 0.00016805310478111083 0.0
meta 0.0018485841525922191 0.09097177820572679
microweb 0.00016805310478111083 0.035401927050916
mil 8.402655239055541e-05 3.6463198396951406
min 8.402655239055541e-05 0.11020314013361425
minerva 0.0005881858667338879 0.0
mmv 0.00016805310478111083 0.0
mobile 0.00025207965717166626 0.0
mobileaction 8.402655239055541e-05 0.0
mobileview 8.402655239055541e-05 0.0
modularization 8.402655239055541e-05 0.035401927050916
module 8.402655239055541e-05 0.044451762570833796
modules 0.00025207965717166626 0.0721032939013439
monitor 0.001008318628686665 0.0
more 0.0011763717334677757 0.0
move 8.402655239055541e-05 0.0
moved 8.402655239055541e-05 0.0
ms 0.0006722124191244433 0.0
multiple 8.402655239055541e-05 0.035401927050916
must 8.402655239055541e-05 0.008733679968754631
mw 0.0271405764221494 0.0
mw1476 0.00016805310478111083 0.035401927050916
mw1498 8.402655239055541e-05 0.0
mycontributions 8.402655239055541e-05 0.0
mytalk 8.402655239055541e-05 0.0
n 0.0011763717334677757 0.08149303425118301
name 0.002856902781278884 0.0
names 8.402655239055541e-05 0.02643325706815543
namespaces 8.402655239055541e-05 0.21233263520999412
nav 0.0011763717334677757 0.7018808605286999
naval 0.00025207965717166626 0.035401927050916
naval_tactical_data_system 0.00016805310478111083 0.0
navbar 8.402655239055541e-05 0.20163734609324613
navedtra 0.00016805310478111083 0.035401927050916
navedtra_10088 0.002604823124107218 0.0
navigation 0.0009242920762961096 0.0
navigationtiming 8.402655239055541e-05 0.0
navy 0.0009242920762961096 0.035401927050916
neal 0.00016805310478111083 0.035401927050916
nearby 8.402655239055541e-05 0.0
new 8.402655239055541e-05 0.0
newpp 8.402655239055541e-05 0.0
no 0.0005881858667338879 0.0
node 8.402655239055541e-05 0.0
nofollow 0.0005041593143433325 0.0
noicon 0.00042013276195277706 0.0
nojs 8.402655239055541e-05 0.0
non 0.00016805310478111083 0.0
none 0.0006722124191244433 0.21233263520999412
noprint 0.00025207965717166626 0.37548427589622857
normal 0.00016805310478111083 0.008733679968754631
noscript 0.00033610620956222166 0.0
nosnippet 8.402655239055541e-05 0.0
not 0.00042013276195277706 0.0
notice 8.402655239055541e-05 0.11020314013361425
november 8.402655239055541e-05 0.0
nowrap 0.00042013276195277706 0.035401927050916
nrl 8.402655239055541e-05 0.0
ns 0.00016805310478111083 0.19105523676270922
nstab 8.402655239055541e-05 0.0
ntds 8.402655239055541e-05 0.035401927050916
null 8.402655239055541e-05 0.0
numb 0.0019326107049827746 0.0
number 0.00016805310478111083 0.0
numeric 8.402655239055541e-05 0.035401927050916
o 0.00042013276195277706 0.035401927050916
object 0.0007562389715149988 0.0
obtain 8.402655239055541e-05 0.035401927050916
obtains 8.402655239055541e-05 0.035401927050916
oct86 8.402655239055541e-05 0.0
october 0.00016805310478111083 0.02643325706815543
of 0.00512561969582388 0.0
og 0.0009242920762961096 0.0
ol 0.00025207965717166626 0.0
oldid 0.00025207965717166626 0.0
on 0.0012603982858583312 0.0
one 8.402655239055541e-05 0.0
only 0.0007562389715149988 0.0
open 8.402655239055541e-05 0.017544309650909525
opensearch_desc 8.402655239055541e-05 0.0
opensearchdescription 8.402655239055541e-05 0.0
operand 8.402655239055541e-05 0.0
operands 8.402655239055541e-05 0.0
operating 8.402655239055541e-05 0.035401927050916
operation 0.00016805310478111083 0.008733679968754631
operations 0.00033610620956222166 0.008733679968754631
operator 0.0005041593143433325 0.008733679968754631
operators 0.0009242920762961096 0.008733679968754631
options 0.00042013276195277706 0.0
or 0.0013444248382488866 0.0
order 8.402655239055541e-05 0.008733679968754631
ordered 8.402655239055541e-05 0.035401927050916
org 0.005293672800604991 0.0
organiser 8.402655239055541e-05 0.0
organization 0.00042013276195277706 0.0
oriented 8.402655239055541e-05 0.0
origin 0.00042013276195277706 0.11020314013361425
original 8.402655239055541e-05 0.02643325706815543
orts 8.402655239055541e-05 0.035401927050916
other 0.00016805310478111083 0.0
out 0.00016805310478111083 0.0
output 0.004453407276699437 0.008733679968754631
output_statements 0.00033610620956222166 0.035401927050916
outputs 8.402655239055541e-05 0.035401927050916
overflow 0.00016805310478111083 0.19105523676270922
p 0.006806150743634989 0.0
pacific 8.402655239055541e-05 0.035401927050916
package 8.402655239055541e-05 0.035401927050916
padding 0.00033610620956222166 0.0
page 0.003949247962356105 0.0
pagelanguagecode 8.402655239055541e-05 0.0
pagelanguagedir 8.402655239055541e-05 0.0
pageprop 8.402655239055541e-05 0.0
pages 0.0005881858667338879 0.0
pagevariantfallbacks 8.402655239055541e-05 0.0
panel 0.00033610620956222166 0.0
paradigm 0.00016805310478111083 0.017544309650909525
parsed 8.402655239055541e-05 0.0
parser 0.0037811948575749935 0.0
part 8.402655239055541e-05 0.0
particular 8.402655239055541e-05 0.008733679968754631
past 8.402655239055541e-05 0.14981227822866008
patroltoken 8.402655239055541e-05 0.0
pcache 8.402655239055541e-05 0.0
pdf 0.00025207965717166626 0.0
pdf_loader 8.402655239055541e-05 0.0
perform 0.00016805310478111083 0.035401927050916
permalink 8.402655239055541e-05 0.0
permanent 0.00025207965717166626 0.035401927050916
permitted 8.402655239055541e-05 0.035401927050916
permitting 8.402655239055541e-05 0.035401927050916
persian 8.402655239055541e-05 0.0
personal 0.0005041593143433325 0.0
php 0.004117301067137215 0.0
piece 8.402655239055541e-05 0.035401927050916
pin 0.00016805310478111083 0.454472687214859
pinnable 0.001008318628686665 0.0
pinned 0.0008402655239055541 0.0
pl 0.00042013276195277706 0.035401927050916
placed 8.402655239055541e-05 0.035401927050916
placeholder 8.402655239055541e-05 0.0
places 0.0008402655239055541 0.035401927050916
png 0.0008402655239055541 0.0
point 0.0005041593143433325 0.02643325706815543
points 8.402655239055541e-05 0.02643325706815543
policy 0.00016805310478111083 0.0
popups 8.402655239055541e-05 0.0
portability 8.402655239055541e-05 0.0
portal 0.00025207965717166626 0.06280090123903044
portions 8.402655239055541e-05 0.035401927050916
portlet 0.002268716914544996 0.0
pos 8.402655239055541e-05 0.035401927050916
position 0.00016805310478111083 0.008733679968754631
post 0.00016805310478111083 0.0
postexpandincludesize 8.402655239055541e-05 0.0
powered 8.402655239055541e-05 1.1340142157190256
poweredby_mediawiki_132x47 8.402655239055541e-05 0.0
poweredby_mediawiki_176x62 8.402655239055541e-05 0.0
poweredby_mediawiki_88x31 8.402655239055541e-05 0.0
poweredbyico 8.402655239055541e-05 0.0
ppvisitednodes 8.402655239055541e-05 0.0
precise 8.402655239055541e-05 0.035401927050916
preconnect 8.402655239055541e-05 0.0
prefetch 0.00016805310478111083 0.0
preprocessor 8.402655239055541e-05 0.0
preview 8.402655239055541e-05 0.14981227822866008
primarily 8.402655239055541e-05 0.035401927050916
primitives 8.402655239055541e-05 0.035401927050916
print 0.00016805310478111083 0.0
print_export 0.00025207965717166626 0.0
printable 0.00025207965717166626 0.14981227822866008
printer 8.402655239055541e-05 0.035401927050916
printfooter 8.402655239055541e-05 0.0
privacy 0.00025207965717166626 0.0
privacy_policy 0.00016805310478111083 0.0
problems 8.402655239055541e-05 0.035401927050916
proc 0.0005881858667338879 0.035401927050916
procedure 0.0010923451810772205 0.035401927050916
procedures 0.00025207965717166626 0.035401927050916
processes 8.402655239055541e-05 0.017544309650909525
processing 0.00033610620956222166 0.035401927050916
processors 8.402655239055541e-05 0.035401927050916
profit 8.402655239055541e-05 0.0
program 0.0017645576002016637 0.0
program_structure 0.00033610620956222166 0.035401927050916
program_structure_declarations 0.00033610620956222166 0.035401927050916
programmer 0.00016805310478111083 0.008733679968754631
programmers 0.00042013276195277706 0.035401927050916
programming 0.0015124779430299975 0.0
programming_language 0.0005041593143433325 0.008733679968754631
programming_paradigm 8.402655239055541e-05 0.0
progressive 0.00025207965717166626 0.0
projects 0.00016805310478111083 0.06280090123903044
property 0.001008318628686665 0.008733679968754631
provide 0.00033610620956222166 0.008733679968754631
provided 8.402655239055541e-05 0.008733679968754631
provides 0.00016805310478111083 0.0
ps 8.402655239055541e-05 0.08149303425118301
pt 0.0005041593143433325 0.02643325706815543
pub 0.00025207965717166626 0.26759531388504365
publisher 0.00016805310478111083 0.41419878807691896
purpose 8.402655239055541e-05 0.0
purposes 8.402655239055541e-05 0.035401927050916
push 0.00025207965717166626 0.0
q 0.00025207965717166626 0.0
q5012997 0.0005881858667338879 0.035401927050916
quick 8.402655239055541e-05 0.0
quiet 0.0005041593143433325 0.0
quotes 8.402655239055541e-05 0.19105523676270922
r 0.00016805310478111083 0.0
r1011085734 8.402655239055541e-05 0.0
r1066479718 8.402655239055541e-05 0.0
r1133582631 0.00025207965717166626 0.0
ran 8.402655239055541e-05 0.035401927050916
rand 0.00033610620956222166 0.035401927050916
rand_corporation 0.00016805310478111083 0.0
random 0.00016805310478111083 0.21233263520999412
randomly 8.402655239055541e-05 0.2340726218464
randompage 8.402655239055541e-05 0.0
rate 0.00016805310478111083 0.035401927050916
raw 8.402655239055541e-05 0.11020314013361425
re 0.00016805310478111083 0.02643325706815543
read 0.00016805310478111083 0.11020314013361425
ready 0.001428451390639442 0.0
real 8.402655239055541e-05 0.0
realtime 8.402655239055541e-05 0.035401927050916
recent 0.00025207965717166626 0.0721032939013439
recentchanges 0.00025207965717166626 0.0
recentchangeslinked 0.00016805310478111083 0.0
record 8.402655239055541e-05 0.035401927050916
recording 8.402655239055541e-05 0.035401927050916
recursion 8.402655239055541e-05 0.0
red 8.402655239055541e-05 0.12981161152199053
redirect 0.0005881858667338879 0.02643325706815543
redirected 8.402655239055541e-05 0.02643325706815543
redirectedfrom 8.402655239055541e-05 0.0
redlink 8.402655239055541e-05 0.0
reduced 8.402655239055541e-05 0.0
reentrant 0.00025207965717166626 0.035401927050916
reference 0.0023527434669355514 0.035401927050916
references 0.0010923451810772205 0.0
referencetooltips 8.402655239055541e-05 0.0
referrer 0.00025207965717166626 0.0
reflist 0.0012603982858583312 0.0
registered 8.402655239055541e-05 0.0
registration 0.00016805310478111083 0.5705448584676129
rel 0.0021006638097638853 0.0
related 0.00016805310478111083 0.02643325706815543
relocatable 8.402655239055541e-05 0.035401927050916
ren 8.402655239055541e-05 0.035401927050916
rendering 8.402655239055541e-05 0.0
repeat 0.00033610620956222166 0.0721032939013439
replace 8.402655239055541e-05 0.008733679968754631
report 0.00016805310478111083 0.0
represents 8.402655239055541e-05 0.035401927050916
require 8.402655239055541e-05 0.0
resident 8.402655239055541e-05 0.0
resident_monitor 8.402655239055541e-05 0.0
resourceloaderdynamicstyles 8.402655239055541e-05 0.0
result 8.402655239055541e-05 0.0
retrieved 0.00016805310478111083 0.0
returnto 0.00033610620956222166 0.0
reusability 8.402655239055541e-05 0.035401927050916
revision 0.00025207965717166626 0.0
revisions 8.402655239055541e-05 0.6844891178168307
rewritten 8.402655239055541e-05 0.017544309650909525
rfr_id 0.00025207965717166626 0.0
rft 0.0012603982858583312 0.0
rft_id 8.402655239055541e-05 0.0
rft_val_fmt 0.00025207965717166626 0.0
rgba 8.402655239055541e-05 0.0
right 0.0007562389715149988 0.0
rl 8.402655239055541e-05 0.0
rlconf 8.402655239055541e-05 0.0
rlpagemodules 8.402655239055541e-05 0.0
rlq 0.0005041593143433325 0.0
rlstate 8.402655239055541e-05 0.0
robots 8.402655239055541e-05 0.5108256237659907
role 0.0011763717334677757 0.0
roman 0.00033610620956222166 0.37548427589622857
rootpage 8.402655239055541e-05 0.0
routines 8.402655239055541e-05 0.035401927050916
row 0.00033610620956222166 0.11020314013361425
rsd 0.00016805310478111083 0.0
run 8.402655239055541e-05 0.0
running 8.402655239055541e-05 0.02643325706815543
s 0.0008402655239055541 0.0
sa 0.00016805310478111083 0.0
sameas 0.00016805310478111083 0.0
san 8.402655239055541e-05 0.035401927050916
saved 8.402655239055541e-05 0.0
schema 0.00016805310478111083 0.02643325706815543
sciences 0.00033610620956222166 0.035401927050916
scope 0.00033610620956222166 0.0721032939013439
screen 0.00016805310478111083 0.044451762570833796
scribunto 8.402655239055541e-05 0.044451762570833796
script 0.0011763717334677757 0.14981227822866008
scripts 8.402655239055541e-05 0.10054122922187746
search 0.002268716914544996 0.0
searchbutton 0.00033610620956222166 0.0
searches 8.402655239055541e-05 0.035401927050916
searchform 8.402655239055541e-05 0.0
searchinput 8.402655239055541e-05 0.0
seconds 0.00025207965717166626 0.0
section 0.003865221409965549 0.008733679968754631
see 0.00025207965717166626 0.0
see_also 0.00033610620956222166 0.0
selected 0.00033610620956222166 0.008733679968754631
selector 8.402655239055541e-05 0.0
selflink 0.00025207965717166626 0.0
sentences 8.402655239055541e-05 0.0
separated 8.402655239055541e-05 0.035401927050916
september 8.402655239055541e-05 0.008733679968754631
set 0.0005041593143433325 0.0
sets 8.402655239055541e-05 0.035401927050916
sha1 8.402655239055541e-05 0.0
sharealike 8.402655239055541e-05 0.0
sharealike_3 8.402655239055541e-05 0.0
show 0.00033610620956222166 0.0
sidebar 0.0009242920762961096 0.0
sign 8.402655239055541e-05 0.035401927050916
signal 8.402655239055541e-05 0.035401927050916
simple 0.00016805310478111083 0.017544309650909525
simplesearch 8.402655239055541e-05 0.0
single 0.00016805310478111083 0.0
site 0.00042013276195277706 0.0
sitedir 8.402655239055541e-05 0.0
sitelinks 8.402655239055541e-05 0.0
sitenotice 0.00016805310478111083 0.0
sitesub 8.402655239055541e-05 0.0
sitesupport 8.402655239055541e-05 0.0
size 0.0007562389715149988 0.0
skin 0.0010923451810772205 0.8131064956389242
skins 0.0005041593143433325 0.0
small 0.00025207965717166626 0.0
smallest 8.402655239055541e-05 0.035401927050916
software 0.00042013276195277706 0.017544309650909525
software_design 8.402655239055541e-05 0.0
software_developer 8.402655239055541e-05 0.0
some 0.00016805310478111083 0.0
source 0.00042013276195277706 0.0
span 0.03226619611797328 0.044451762570833796
special 0.002436770019326107 0.0
special_operators 0.00033610620956222166 0.035401927050916
specialpages 0.00016805310478111083 0.0
specific 0.00016805310478111083 0.0
specified 0.00016805310478111083 0.008733679968754631
specify 8.402655239055541e-05 0.0
speed 8.402655239055541e-05 0.0
src 0.0009242920762961096 0.0
srcset 0.00042013276195277706 0.0
stand 8.402655239055541e-05 0.035401927050916
standard 8.402655239055541e-05 0.0
standardized 8.402655239055541e-05 0.035401927050916
stands 8.402655239055541e-05 0.035401927050916
start 0.00016805310478111083 0.0721032939013439
startup 0.00016805310478111083 0.0
state 0.00016805310478111083 0.035401927050916
statement 0.001008318628686665 0.0
statement_operators 0.00033610620956222166 0.035401927050916
statements 0.0021006638097638853 0.0
states 0.00016805310478111083 0.035401927050916
static 0.0010923451810772205 0.0
statistics 8.402655239055541e-05 0.0
stats 8.402655239055541e-05 0.0
statslink 8.402655239055541e-05 0.0
status 0.00042013276195277706 0.0
sticky 0.00016805310478111083 0.0
stopmobileredirecttoggle 8.402655239055541e-05 0.0
storage 0.00016805310478111083 0.035401927050916
string 0.00025207965717166626 0.0
strings 0.00025207965717166626 0.035401927050916
structural 8.402655239055541e-05 0.035401927050916
structure 0.0006722124191244433 0.035401927050916
structured 0.00016805310478111083 0.035401927050916
structures 8.402655239055541e-05 0.008733679968754631
style 0.00201663725737333 0.0
styles 0.0008402655239055541 0.0
stylesheet 0.00016805310478111083 0.0
subbox 8.402655239055541e-05 0.0
subdivided 8.402655239055541e-05 0.035401927050916
subdivision 8.402655239055541e-05 0.035401927050916
subheader 8.402655239055541e-05 0.0
subject 8.402655239055541e-05 0.10054122922187746
sublist 0.002184690362154441 0.0
submit 0.00016805310478111083 0.0
subscription 0.00016805310478111083 0.0
subsection 0.00025207965717166626 0.0
subtitle 8.402655239055541e-05 0.0
such 8.402655239055541e-05 0.0
suggestededitsession 8.402655239055541e-05 0.0
summarized 8.402655239055541e-05 0.035401927050916
summary 8.402655239055541e-05 0.14981227822866008
sup 0.004369380724308882 0.0
support 0.00025207965717166626 0.0
supporting 8.402655239055541e-05 0.0
svg 0.0005041593143433325 0.0
swap 8.402655239055541e-05 0.035401927050916
switch 0.00025207965717166626 0.035401927050916
switcher 8.402655239055541e-05 0.0
switches 0.0007562389715149988 0.035401927050916
symbolic 8.402655239055541e-05 0.035401927050916
symbols 0.00016805310478111083 0.035401927050916
sys 0.0005041593143433325 0.035401927050916
system 0.0033610620956222165 0.0
systems 0.001008318628686665 0.02643325706815543
systems_programming_languages 8.402655239055541e-05 0.0
t 0.0009242920762961096 0.02643325706815543
tab 0.00042013276195277706 0.19105523676270922
tabindex 0.00016805310478111083 0.0
table 0.001596504495420553 0.0
tables 8.402655239055541e-05 0.0
tabs 0.00016805310478111083 4.051784947803305
tacpol 0.00016805310478111083 0.035401927050916
tacpol_ 8.402655239055541e-05 0.0
tactical 0.00033610620956222166 0.035401927050916
tagline 0.00025207965717166626 0.0
tags 8.402655239055541e-05 0.0
talk 0.00033610620956222166 0.05358424613410626
tape 0.0005041593143433325 0.035401927050916
tape_utility 0.00033610620956222166 0.035401927050916
target 0.00042013276195277706 0.0
targetloader 8.402655239055541e-05 0.0
targets 8.402655239055541e-05 0.035401927050916
task 8.402655239055541e-05 0.02643325706815543
tb 0.00025207965717166626 0.0
tbody 0.0008402655239055541 0.0
td 0.013612301487269978 0.0
telephone 8.402655239055541e-05 0.48225225132193467
template 0.0016805310478111082 0.0
template_other 0.00016805310478111083 0.035401927050916
templateargumentsize 8.402655239055541e-05 0.0
templatestyles 0.00042013276195277706 0.0
temporary 8.402655239055541e-05 0.035401927050916
terminated 8.402655239055541e-05 0.035401927050916
terms 0.00016805310478111083 0.0
terms_of_use 8.402655239055541e-05 0.0
text 0.0032770355432316612 0.0
text_of_the_creative_commons_attribution 8.402655239055541e-05 0.0
th 0.0023527434669355514 1.8545603704670854
that 0.0006722124191244433 0.0
the 0.006722124191244433 0.0
them 8.402655239055541e-05 0.0
there 8.402655239055541e-05 0.0
they 0.00016805310478111083 0.008733679968754631
this 0.001596504495420553 0.0
three 8.402655239055541e-05 0.02643325706815543
thumb 0.0011763717334677757 0.0
thumbcaption 0.00016805310478111083 0.0
thumbimage 0.00016805310478111083 0.0
thumbinner 0.00016805310478111083 0.0
thumbnail 8.402655239055541e-05 0.0
time 0.0012603982858583312 0.0
timestamp 0.00016805310478111083 0.0
timeusage 8.402655239055541e-05 0.0
timingprofile 8.402655239055541e-05 0.0
title 0.014200487354003866 0.0
titlebar 0.0006722124191244433 0.0
titleform 8.402655239055541e-05 0.0
to 0.0037811948575749935 0.0
toc 0.01999831946895219 0.0
toggle 0.0012603982858583312 0.0
toggle_view_mobile 8.402655239055541e-05 0.0
tokens 8.402655239055541e-05 3.6463198396951406
toolbar 0.00025207965717166626 0.0
tools 0.0009242920762961096 0.0
top 0.00033610620956222166 0.0
torpedo 8.402655239055541e-05 0.0
total 0.00025207965717166626 0.0
touch 0.00016805310478111083 2.4423470353692043
tr 0.007394336610368877 0.08149303425118301
trademark 8.402655239055541e-05 0.0
training 0.00016805310478111083 0.035401927050916
transclusion 8.402655239055541e-05 0.0
transfer 8.402655239055541e-05 0.0
transfers 8.402655239055541e-05 0.035401927050916
transformation 8.402655239055541e-05 0.035401927050916
transientcontent 8.402655239055541e-05 0.0
transmittal 8.402655239055541e-05 0.035401927050916
transparent 8.402655239055541e-05 0.11020314013361425
triggered 8.402655239055541e-05 0.0
tright 0.00016805310478111083 0.0
true 0.0018485841525922191 0.0
ttl 8.402655239055541e-05 0.0
tu 8.402655239055541e-05 0.5108256237659907
two 0.00025207965717166626 0.0
type 0.0029409293336694394 0.0
types 0.00033610620956222166 0.0
u 0.0006722124191244433 0.035401927050916
ui 0.005209646248214436 0.0
ul 0.007058230400806655 0.0
uls 0.00042013276195277706 0.0
under 0.00016805310478111083 0.0
unique 8.402655239055541e-05 0.035401927050916
unit 0.00016805310478111083 0.035401927050916
united 0.00016805310478111083 0.035401927050916
united_states_navy 8.402655239055541e-05 0.0
units 0.00042013276195277706 0.035401927050916
univac 0.00016805310478111083 0.035401927050916
univac_1218_military_computer 8.402655239055541e-05 0.0
univac_418 8.402655239055541e-05 0.0
unknown 8.402655239055541e-05 0.008733679968754631
unpacking 8.402655239055541e-05 0.035401927050916
unpin 0.00016805310478111083 0.0
unpinned 0.00016805310478111083 0.0
unstrip 0.00033610620956222166 0.0
up 8.402655239055541e-05 0.0
upload 0.00201663725737333 0.14981227822866008
upper 0.00033610620956222166 0.11020314013361425
url 0.0006722124191244433 0.0721032939013439
us 0.00025207965717166626 0.02643325706815543
usage 0.00033610620956222166 0.0
use 0.00025207965717166626 0.0
used 0.00016805310478111083 0.0
uselang 8.402655239055541e-05 0.0
user 0.0023527434669355514 0.0
useradd 0.00016805310478111083 0.0
userlogin 0.00016805310478111083 0.0
users 8.402655239055541e-05 0.0721032939013439
using 8.402655239055541e-05 0.0
usq 0.0009242920762961096 0.035401927050916
utc 8.402655239055541e-05 0.0
utf 8.402655239055541e-05 0.21233263520999412
utilities 8.402655239055541e-05 0.035401927050916
utility 0.00033610620956222166 0.0
utm_campaign 8.402655239055541e-05 0.0
utm_medium 8.402655239055541e-05 0.0
utm_source 8.402655239055541e-05 0.0
ux 8.402655239055541e-05 0.0
uyk 0.002856902781278884 0.035401927050916
value 0.001428451390639442 0.0
values 0.00016805310478111083 0.0
var 0.00016805310478111083 0.11020314013361425
variable 0.00016805310478111083 0.0
variables 0.0007562389715149988 0.008733679968754631
variant 8.402655239055541e-05 0.0
variants 0.0005041593143433325 0.0
vary 0.00016805310478111083 0.0
ve 8.402655239055541e-05 0.25629575863111026
vector 0.030165532308209394 0.0
version 0.00016805310478111083 0.0
versions 0.00016805310478111083 0.035401927050916
vevent 8.402655239055541e-05 0.0
view 0.0008402655239055541 0.0
viewport 8.402655239055541e-05 0.0
views 0.00025207965717166626 0.02643325706815543
visible 8.402655239055541e-05 0.044451762570833796
visit 0.00016805310478111083 0.0
visited 8.402655239055541e-05 0.0
visualeditor 0.00033610620956222166 0.0
vue 0.00016805310478111083 0.11995931507897897
w 0.004117301067137215 0.0
walltime 8.402655239055541e-05 0.0
was 0.0008402655239055541 0.0
watchlist 8.402655239055541e-05 0.0
watchtoken 8.402655239055541e-05 0.0
wb 0.00016805310478111083 0.0
wbc 8.402655239055541e-05 0.0
web 8.402655239055541e-05 0.0
website 8.402655239055541e-05 0.0
weight 8.402655239055541e-05 0.7195804376281008
were 8.402655239055541e-05 0.02643325706815543
wgaction 8.402655239055541e-05 0.0
wgarticleid 8.402655239055541e-05 0.0
wgbackendresponsetime 8.402655239055541e-05 0.0
wgbreakframes 8.402655239055541e-05 0.0
wgcanonicalnamespace 8.402655239055541e-05 0.0
wgcanonicalspecialpagename 8.402655239055541e-05 0.0
wgcategories 8.402655239055541e-05 0.0
wgcentralauthmobiledomain 8.402655239055541e-05 0.0
wgcspnonce 8.402655239055541e-05 0.0
wgcurrevisionid 8.402655239055541e-05 0.0
wgdefaultdateformat 8.402655239055541e-05 0.0
wgdigittransformtable 8.402655239055541e-05 0.0
wgeditsubmitbuttonlabelpublish 8.402655239055541e-05 0.0
wgflaggedrevsparams 8.402655239055541e-05 0.0
wggestructuredtaskrejectionreasontextinputenabled 8.402655239055541e-05 0.0
wggetopicsmatchmodeenabled 8.402655239055541e-05 0.0
wghostname 8.402655239055541e-05 0.0
wginternalredirecttargeturl 8.402655239055541e-05 0.02643325706815543
wgisarticle 8.402655239055541e-05 0.0
wgisprobablyeditable 8.402655239055541e-05 0.0
wgisredirect 8.402655239055541e-05 0.0
wgmediaviewerenabledbydefault 8.402655239055541e-05 0.0
wgmediavieweronclick 8.402655239055541e-05 0.0
wgmfdisplaywikibasedescriptions 8.402655239055541e-05 0.0
wgmonthnames 8.402655239055541e-05 0.0
wgnamespacenumber 8.402655239055541e-05 0.0
wgnoticeproject 8.402655239055541e-05 0.0
wgpagecontentlanguage 8.402655239055541e-05 0.0
wgpagecontentmodel 8.402655239055541e-05 0.0
wgpagename 8.402655239055541e-05 0.0
wgpageparsereport 8.402655239055541e-05 0.0
wgpopupsflags 8.402655239055541e-05 0.0
wgredirectedfrom 8.402655239055541e-05 0.02643325706815543
wgrelevantarticleid 8.402655239055541e-05 0.0
wgrelevantpageisprobablyeditable 8.402655239055541e-05 0.0
wgrelevantpagename 8.402655239055541e-05 0.0
wgrequestid 8.402655239055541e-05 0.0
wgrestrictionedit 8.402655239055541e-05 0.0
wgrestrictionmove 8.402655239055541e-05 0.0
wgrevisionid 8.402655239055541e-05 0.0
wgseparatortransformtable 8.402655239055541e-05 0.0
wgtitle 8.402655239055541e-05 0.0
wgulscurrentautonym 8.402655239055541e-05 0.0
wgulsiscompactlinksenabled 8.402655239055541e-05 0.0
wgulsislanguageselectorempty 8.402655239055541e-05 0.0
wgulsposition 8.402655239055541e-05 0.0
wgusergroups 8.402655239055541e-05 0.0
wgusername 8.402655239055541e-05 0.0
wgvector2022previewpages 8.402655239055541e-05 0.0
wgvisualeditor 8.402655239055541e-05 0.0
wgwikibaseitemid 8.402655239055541e-05 0.0
wgwmepagelength 8.402655239055541e-05 0.0
wgwmeschemaeditattemptstepoversample 8.402655239055541e-05 0.0
what 8.402655239055541e-05 0.0
whatlinkshere 0.00016805310478111083 0.0
when 0.00016805310478111083 0.0
which 8.402655239055541e-05 0.0
while 8.402655239055541e-05 0.017544309650909525
width 0.002436770019326107 0.0
wiki 0.007478363162759432 0.0
wikibase 0.00033610620956222166 0.0
wikidata 0.0006722124191244433 0.0
wikimedia 0.004201327619527771 0.0
wikimediabadges 0.00016805310478111083 0.0
wikimediaevents 8.402655239055541e-05 0.0
wikimediafoundation 0.00016805310478111083 0.0
wikipedia 0.006470044534072767 0.0
wikisource 8.402655239055541e-05 3.6463198396951406
wikitable 0.00033610620956222166 0.0
wikitext 8.402655239055541e-05 0.0
wilson 8.402655239055541e-05 0.035401927050916
window 0.00025207965717166626 0.11020314013361425
with 0.0008402655239055541 0.0
wmf 0.00025207965717166626 0.0
word 0.00016805310478111083 0.044451762570833796
wordmark 0.00016805310478111083 0.0
words 8.402655239055541e-05 0.035401927050916
work 8.402655239055541e-05 0.017544309650909525
working 8.402655239055541e-05 0.035401927050916
works 8.402655239055541e-05 0.11020314013361425
wpformidentifier 8.402655239055541e-05 0.0
wrap 0.00016805310478111083 0.5108256237659907
writes 8.402655239055541e-05 0.035401927050916
ws 8.402655239055541e-05 0.0
www 0.0008402655239055541 0.0
x 0.00025207965717166626 0.0
xcms 0.0008402655239055541 0.035401927050916
xml 0.00025207965717166626 0.14981227822866008
y 0.00016805310478111083 0.008733679968754631
yes 8.402655239055541e-05 0.7936884097818228
you 0.00042013276195277706 0.0
yue 0.00033610620956222166 0.0
z 0.00016805310478111083 0.11020314013361425
z39 0.00025207965717166626 0.0
z3988 0.00025207965717166626 0.0
zh 0.00016805310478111083 1.3109449238781037
ziring 0.0008402655239055541 0.035401927050916
ziring_2 0.00033610620956222166 0.0
 8.402655239055541e-05 0.0
 8.402655239055541e-05 0.0
 8.402655239055541e-05 0.0
 8.402655239055541e-05 0.0
 8.402655239055541e-05 0.0
 8.402655239055541e-05 0.0
 8.402655239055541e-05 0.0
 8.402655239055541e-05 0.0
 8.402655239055541e-05 0.6177977433181585
