0 0.006665151859425888 0.0
00 0.0001514807240778611 0.0
000 0.00022722108611679165 0.0
001 0.00037870181019465275 0.10054122922187746
004 0.00037870181019465275 0.044451762570833796
00z 0.0001514807240778611 0.0
01 0.0003029614481557222 0.008733679968754631
039 0.0003029614481557222 0.22314355131420976
04 0.0005301825342725138 0.017544309650909525
07 7.574036203893055e-05 0.0
08 0.0006816632583503749 0.0
09 0.00022722108611679165 0.09097177820572679
091 0.0001514807240778611 0.05358424613410626
0_release 0.0001514807240778611 0.0
0_release_1 0.0001514807240778611 0.0
0_unported_license 7.574036203893055e-05 0.0
0f69b568 7.574036203893055e-05 0.10054122922187746
0px 7.574036203893055e-05 0.0
1 0.004923123532530486 0.0
10 0.0013633265167007499 0.0
100 0.000833143982428236 0.0
1000 7.574036203893055e-05 0.0
10000 7.574036203893055e-05 0.008733679968754631
1000000 0.0001514807240778611 0.0
100px 7.574036203893055e-05 0.0
1016 0.0007574036203893055 0.10054122922187746
102 0.0001514807240778611 0.10054122922187746
10px 0.0006059228963114444 0.0
11 0.0009088843444671666 0.008733679968754631
110 7.574036203893055e-05 0.11020314013361425
1109117 0.00022722108611679165 0.10054122922187746
1128912196 0.0005301825342725138 0.10054122922187746
113 0.0001514807240778611 0.10054122922187746
11481 0.0001514807240778611 0.10054122922187746
117 7.574036203893055e-05 0.0
119 7.574036203893055e-05 0.017544309650909525
119167974 0.0001514807240778611 0.0
12 0.000833143982428236 0.008733679968754631
122 0.0001514807240778611 0.09097177820572679
125em 7.574036203893055e-05 0.0
127 7.574036203893055e-05 0.11020314013361425
12px 7.574036203893055e-05 0.0
12s5i 7.574036203893055e-05 0.0
13 0.0001514807240778611 0.0
133 7.574036203893055e-05 0.008733679968754631
14 7.574036203893055e-05 0.008733679968754631
141 0.0003029614481557222 0.044451762570833796
15 0.0003029614481557222 0.0
155 7.574036203893055e-05 0.2340726218464
15px 7.574036203893055e-05 0.0
16 7.574036203893055e-05 0.0
160 0.0003029614481557222 0.2340726218464
175px 7.574036203893055e-05 0.0
18 0.000833143982428236 0.0
1814400 0.0001514807240778611 0.0
185 0.0001514807240778611 0.10054122922187746
19 0.0001514807240778611 0.0
197 0.0003029614481557222 0.09097177820572679
1993 0.0001514807240778611 0.02643325706815543
1995 0.00022722108611679165 0.02643325706815543
1998 0.0003029614481557222 0.02643325706815543
1d 0.00022722108611679165 1.2484245668967697
1em 0.0006059228963114444 0.0
1px 0.0003029614481557222 0.0
1x1 7.574036203893055e-05 0.0
2 0.002499431947284708 0.0
20 0.0003029614481557222 0.0
200 7.574036203893055e-05 0.044451762570833796
2003 0.0010603650685450277 0.02643325706815543
2004 0.0010603650685450277 0.06280090123903044
2006 0.0001514807240778611 0.008733679968754631
2008 0.0001514807240778611 0.02643325706815543
2009 7.574036203893055e-05 0.0
200px 7.574036203893055e-05 0.0
2011 0.00022722108611679165 0.0
2012 0.0004544421722335833 0.0721032939013439
20120425125919 7.574036203893055e-05 0.0
2013 0.00022722108611679165 0.017544309650909525
20130723160143 7.574036203893055e-05 0.0
2014 0.0006816632583503749 0.017544309650909525
2017 7.574036203893055e-05 0.0
2019 7.574036203893055e-05 0.0
2021 0.00037870181019465275 0.008733679968754631
2022 0.000833143982428236 0.0
20230314104001 0.00022722108611679165 0.10054122922187746
2097152 0.0003029614481557222 0.0
20px 7.574036203893055e-05 0.0
21 0.000833143982428236 0.0
213 0.0001514807240778611 0.10054122922187746
21st 7.574036203893055e-05 0.10054122922187746
22 0.00037870181019465275 0.0
222 0.0001514807240778611 0.0
226 0.0001514807240778611 0.10054122922187746
2273 0.0001514807240778611 0.10054122922187746
22t16 0.0001514807240778611 0.0
23 0.00022722108611679165 0.02643325706815543
238px 7.574036203893055e-05 0.0
23px 7.574036203893055e-05 0.0
24 7.574036203893055e-05 0.008733679968754631
25 0.0003029614481557222 0.0
252fj 0.0001514807240778611 0.0
255 7.574036203893055e-05 0.044451762570833796
25em 0.00022722108611679165 0.0
26 0.00022722108611679165 0.0
27t20 0.0001514807240778611 0.0
28 0.0003029614481557222 0.017544309650909525
282009 0.0004544421722335833 0.0
28mace2006 7.574036203893055e-05 0.0
28px 7.574036203893055e-05 0.0
29 0.000833143982428236 0.0
2c 0.00022722108611679165 0.8531118302526235
2cicon 7.574036203893055e-05 0.0
2cstyles 7.574036203893055e-05 0.0
2em 0.0005301825342725138 0.0
2f 0.0010603650685450277 0.0
2f10 0.0003029614481557222 0.0
2f11 7.574036203893055e-05 0.0
2f1995 7.574036203893055e-05 0.0
2f2014 7.574036203893055e-05 0.0
2f2022 0.0001514807240778611 0.0
2fblog 0.00022722108611679165 0.0
2fburgess 0.0001514807240778611 0.0
2fcfengine 0.0004544421722335833 0.0
2fcfengine_history 7.574036203893055e-05 0.0
2fcompsystems 7.574036203893055e-05 0.0
2fdoi 0.0001514807240778611 0.0
2fen 0.000833143982428236 0.0
2ffmt 0.000833143982428236 0.0
2ffull_papers 7.574036203893055e-05 0.0
2fj 0.0004544421722335833 0.0
2flegacy 0.0001514807240778611 0.0
2flibrary 7.574036203893055e-05 0.0
2flinkedin_cfengine_case_study 7.574036203893055e-05 0.0
2flisa98 7.574036203893055e-05 0.0
2fmace 7.574036203893055e-05 0.0
2fnews 7.574036203893055e-05 0.0
2fnorthern 7.574036203893055e-05 0.0
2fpapers 0.0001514807240778611 0.0
2fproceedings 7.574036203893055e-05 0.0
2fpublications 0.0001514807240778611 0.0
2fresearch 7.574036203893055e-05 0.0
2fsum_burgess 7.574036203893055e-05 0.0
2fuploads 7.574036203893055e-05 0.0
2fwelcome 7.574036203893055e-05 0.0
2fwp 7.574036203893055e-05 0.0
2fwww 0.0003029614481557222 0.0
2px 0.0003029614481557222 0.0
2x 0.0006816632583503749 0.0
3 0.003711277739907597 0.0
300px 7.574036203893055e-05 0.0
30em 7.574036203893055e-05 0.0
31 0.00037870181019465275 0.008733679968754631
3125em 7.574036203893055e-05 0.0
32 0.0001514807240778611 0.0
35 0.0001514807240778611 0.02643325706815543
36 0.0001514807240778611 0.02643325706815543
36c 7.574036203893055e-05 0.0
379 0.0001514807240778611 0.10054122922187746
39 7.574036203893055e-05 0.035401927050916
399 7.574036203893055e-05 1.1340142157190256
3_release 0.0001514807240778611 0.0
3_release_2 0.0001514807240778611 0.0
3a 0.0010603650685450277 0.09097177820572679
3a3 7.574036203893055e-05 0.0
3abook 0.0005301825342725138 0.0
3acfengine 0.000833143982428236 0.0
3adoi 0.0001514807240778611 0.0
3ajournal 0.0003029614481557222 0.0
3akev 0.000833143982428236 0.0
3amtx 0.000833143982428236 0.0
3aofi 0.000833143982428236 0.0
3asid 0.000833143982428236 0.0
3cdf 7.574036203893055e-05 0.10054122922187746
3cols 7.574036203893055e-05 0.0
3em 0.0003029614481557222 0.0
3px 7.574036203893055e-05 0.0
4 0.0005301825342725138 0.0
40 0.0007574036203893055 0.017544309650909525
400 0.0001514807240778611 0.0
400px 7.574036203893055e-05 0.0
40881 0.0001514807240778611 0.10054122922187746
40px 0.0001514807240778611 0.0
42px 7.574036203893055e-05 0.0
437 0.0001514807240778611 0.0
451 0.0001514807240778611 0.10054122922187746
46 0.0001514807240778611 0.10054122922187746
48 0.00022722108611679165 0.008733679968754631
482 0.0001514807240778611 0.10054122922187746
49 0.0001514807240778611 0.008733679968754631
4afa 7.574036203893055e-05 0.10054122922187746
4c 7.574036203893055e-05 4.74493212836325
4ccxs4om5py 7.574036203893055e-05 0.0
4px 0.0001514807240778611 0.0
5 0.00037870181019465275 0.0
50 0.0004544421722335833 0.0
500 0.0001514807240778611 0.0
5000000 0.0001514807240778611 0.0
50px 7.574036203893055e-05 0.0
51 0.0001514807240778611 0.0
512 0.00022722108611679165 0.8131064956389242
52428800 0.0001514807240778611 0.0
52px 7.574036203893055e-05 0.0
55 0.0001514807240778611 0.008733679968754631
550 0.0001514807240778611 0.10054122922187746
56px 7.574036203893055e-05 0.0
57 0.0001514807240778611 0.02643325706815543
59z 0.0001514807240778611 0.0
5em 0.000833143982428236 0.0
5x 0.0006816632583503749 0.11020314013361425
6 0.0007574036203893055 0.0
606 0.0001514807240778611 0.10054122922187746
60px 0.0001514807240778611 0.0
644 7.574036203893055e-05 0.017544309650909525
6470378 0.0001514807240778611 0.10054122922187746
65 7.574036203893055e-05 0.02643325706815543
68408 0.0001514807240778611 0.10054122922187746
6em 7.574036203893055e-05 0.0
7 0.0011361054305839581 0.0
720px 0.00022722108611679165 0.0
75px 7.574036203893055e-05 0.0
76 0.0001514807240778611 0.02643325706815543
77 0.0001514807240778611 0.08149303425118301
7cext 0.00022722108611679165 0.0
7cjquery 7.574036203893055e-05 0.0
7cmediawiki 7.574036203893055e-05 0.0
7cskins 7.574036203893055e-05 0.0
7cwikibase 7.574036203893055e-05 0.0
8 0.0009088843444671666 0.008733679968754631
80 7.574036203893055e-05 0.0
80px 0.0001514807240778611 0.0
81 0.0001514807240778611 0.008733679968754631
8125em 7.574036203893055e-05 0.0
823 0.0001514807240778611 0.0
844 0.0001514807240778611 0.10054122922187746
85 7.574036203893055e-05 0.0
88 0.0012118457926228888 0.035401927050916
8a 0.00022722108611679165 0.0
9 0.0005301825342725138 0.0
90 7.574036203893055e-05 0.0
91 0.0011361054305839581 0.035401927050916
93 0.000984624706506097 0.13976194237515863
933 7.574036203893055e-05 1.4127276181880462
95 0.0003029614481557222 0.09097177820572679
99 0.00037870181019465275 0.08149303425118301
992 0.0001514807240778611 0.10054122922187746
9932cc 7.574036203893055e-05 0.0
9em 7.574036203893055e-05 0.0
9px 0.00022722108611679165 0.0
_community 0.0001514807240778611 0.0
a 0.03908202681208816 0.0
a2a9b1 0.0001514807240778611 0.0
a4 0.00022722108611679165 0.0
a_site_configuration_engine 0.0001514807240778611 0.0
a_site_configuration_engine_8 0.0001514807240778611 0.0
aa 7.574036203893055e-05 0.2340726218464
aaa 7.574036203893055e-05 0.0
able 7.574036203893055e-05 0.008733679968754631
about 0.0009088843444671666 0.0
aboutsite 7.574036203893055e-05 0.0
above 0.0001514807240778611 0.008733679968754631
absolute 7.574036203893055e-05 0.035401927050916
accessdate 0.00037870181019465275 0.0
accessible 0.0001514807240778611 0.0721032939013439
accesskey 0.0014390668787396803 0.0
according 0.0001514807240778611 0.09097177820572679
account 0.0003029614481557222 0.0
across 0.0001514807240778611 0.0
action 0.002347951223206847 0.0
actions 0.0001514807240778611 0.0
add 7.574036203893055e-05 0.0
added 7.574036203893055e-05 0.02643325706815543
additional 7.574036203893055e-05 0.0
address 0.0001514807240778611 0.0
administration 0.0005301825342725138 0.10054122922187746
adoption 7.574036203893055e-05 0.10054122922187746
after 0.00037870181019465275 0.02643325706815543
again 0.0001514807240778611 0.0
agent 0.0004544421722335833 0.10054122922187746
agent_systems 7.574036203893055e-05 0.0
agents 7.574036203893055e-05 0.10054122922187746
agree 7.574036203893055e-05 0.0
aix 0.0001514807240778611 0.10054122922187746
aix_operating_system 7.574036203893055e-05 0.0
alert 0.0003029614481557222 0.11995931507897897
align 0.0005301825342725138 0.0721032939013439
all 0.000833143982428236 0.0
all_articles_lacking_in 7.574036203893055e-05 0.0
all_articles_lacking_reliable_references 7.574036203893055e-05 0.0
all_articles_with_unsourced_statements 7.574036203893055e-05 0.0
allowing 7.574036203893055e-05 0.044451762570833796
along 7.574036203893055e-05 0.0721032939013439
alpha 0.0003029614481557222 0.14981227822866008
also 0.0003029614481557222 0.0
alt 0.0010603650685450277 0.0
alternate 0.00022722108611679165 0.14981227822866008
alva 0.0001514807240778611 0.10054122922187746
ambox 0.003938498826024388 0.0
ambox_important 0.0004544421722335833 0.0
amp 0.012724380822540331 0.18058393689541388
an 0.0005301825342725138 0.0
and 0.003938498826024388 0.0
anomaly 0.0003029614481557222 0.10054122922187746
anon 0.0001514807240778611 0.0
anoncontribs 7.574036203893055e-05 0.0
anontalk 7.574036203893055e-05 0.0
anonymous 7.574036203893055e-05 0.12981161152199053
another 7.574036203893055e-05 0.0
ansible 0.0001514807240778611 0.10054122922187746
ansible_ 7.574036203893055e-05 0.0
api 7.574036203893055e-05 0.14981227822866008
apple 0.0001514807240778611 0.13976194237515863
application 0.0004544421722335833 0.0
apply 7.574036203893055e-05 0.0
applying 7.574036203893055e-05 0.10054122922187746
approaches 7.574036203893055e-05 0.10054122922187746
appropriate 7.574036203893055e-05 0.035401927050916
approximated 0.0001514807240778611 0.10054122922187746
april 0.0001514807240778611 0.0
archive 0.0001514807240778611 0.044451762570833796
archived 0.0001514807240778611 0.035401927050916
are 0.0004544421722335833 0.0
argument 7.574036203893055e-05 0.0
aria 0.002347951223206847 0.0
around 7.574036203893055e-05 0.035401927050916
article 0.0010603650685450277 0.0
articles 0.0018935090509732636 0.0
articles_lacking_in 7.574036203893055e-05 0.0
articles_lacking_reliable_references_from_august_2014 7.574036203893055e-05 0.0
articles_with_multiple_maintenance_issues 7.574036203893055e-05 0.0
articles_with_short_description 7.574036203893055e-05 0.0
articles_with_unsourced_statements_from_may_2012 7.574036203893055e-05 0.0
as 0.0015905476028175414 0.0
associated 0.00022722108611679165 0.035401927050916
async 0.0005301825342725138 0.37548427589622857
at 0.0009088843444671666 0.0
atitle 0.0003029614481557222 0.0
atom 0.00022722108611679165 0.11995931507897897
attempt 7.574036203893055e-05 0.035401927050916
attention 7.574036203893055e-05 0.10054122922187746
attribution 7.574036203893055e-05 0.0
au 0.00022722108611679165 0.37548427589622857
aufirst 0.0004544421722335833 0.0
august 0.00037870181019465275 0.035401927050916
aulast 0.0004544421722335833 0.0
author 0.00037870181019465275 0.02643325706815543
auto 0.00037870181019465275 0.035401927050916
autocapitalize 7.574036203893055e-05 0.0
automate 7.574036203893055e-05 0.10054122922187746
automated 0.0001514807240778611 0.017544309650909525
automating 7.574036203893055e-05 0.10054122922187746
automation 0.00022722108611679165 0.02643325706815543
autonomic 0.0004544421722335833 0.10054122922187746
autonomic_computing 7.574036203893055e-05 0.0
autostart 7.574036203893055e-05 0.0
available 0.0001514807240778611 0.0
avoid 0.0001514807240778611 0.19105523676270922
b 0.0032568355676740133 0.017544309650909525
b2ec 7.574036203893055e-05 0.10054122922187746
b32424 0.0001514807240778611 0.0
b4 0.00022722108611679165 0.0
background 0.000833143982428236 0.2340726218464
backlink 0.000833143982428236 0.0
banner 7.574036203893055e-05 0.0
base 0.00022722108611679165 0.02643325706815543
based 0.000833143982428236 0.0
based_intrusion_detection_system 0.0001514807240778611 0.0
be 0.0004544421722335833 0.0
because 0.0001514807240778611 0.0
been 7.574036203893055e-05 0.008733679968754631
before 7.574036203893055e-05 0.017544309650909525
began 7.574036203893055e-05 0.017544309650909525
being 0.0001514807240778611 0.008733679968754631
below 7.574036203893055e-05 0.0
berkeley 7.574036203893055e-05 0.10054122922187746
best 7.574036203893055e-05 0.044451762570833796
between 0.0001514807240778611 0.017544309650909525
block 7.574036203893055e-05 0.044451762570833796
blog 0.00022722108611679165 0.14981227822866008
body 0.0012875861546618192 0.11995931507897897
bodycontent 0.0001514807240778611 0.0
bold 7.574036203893055e-05 0.21233263520999412
book 7.574036203893055e-05 0.0721032939013439
books 7.574036203893055e-05 0.0
bootstrap 7.574036203893055e-05 0.0
border 0.0015905476028175414 0.7936884097818228
both 0.0001514807240778611 0.008733679968754631
bottom 0.00022722108611679165 0.12981161152199053
box 0.0012875861546618192 0.0
bracket 0.0021207301370900554 0.3141153295199365
break 0.00022722108611679165 0.19105523676270922
browsing 7.574036203893055e-05 0.27902400970866637
btitle 0.0005301825342725138 0.0
btn 0.00037870181019465275 0.0
burgess 0.0024236915852457776 0.10054122922187746
but 0.00022722108611679165 0.0
button 0.0027266530334014998 0.0
buttons 7.574036203893055e-05 0.0
by 0.0012875861546618192 0.0
bytes 0.0003029614481557222 0.0
c 0.0001514807240778611 0.0
c13_en 7.574036203893055e-05 0.0
ca 0.0006816632583503749 0.035401927050916
cache 0.0001514807240778611 0.0
cached 7.574036203893055e-05 0.0
cachereport 7.574036203893055e-05 0.0
cactions 0.0004544421722335833 0.0
california 7.574036203893055e-05 0.02643325706815543
calls 7.574036203893055e-05 0.0
campaigns 7.574036203893055e-05 0.0
can 0.0003029614481557222 0.0
canonical 0.0001514807240778611 0.0
capital 7.574036203893055e-05 0.10054122922187746
caption 0.0001514807240778611 0.0
carried 7.574036203893055e-05 0.10054122922187746
case 0.0001514807240778611 0.008733679968754631
categories 0.00022722108611679165 0.0
categorization_approaches 7.574036203893055e-05 0.0
category 0.0027266530334014998 0.0
catlinks 0.0004544421722335833 0.0
cats 7.574036203893055e-05 0.0
cell 0.0003029614481557222 0.21233263520999412
center 0.0006059228963114444 0.02643325706815543
centralauth 0.0001514807240778611 0.0
centralautologin 0.0001514807240778611 0.0
centralnotice 0.00022722108611679165 0.0
centre 7.574036203893055e-05 0.08149303425118301
cern 7.574036203893055e-05 0.10054122922187746
cfengine 0.009846247065060971 0.10054122922187746
cfengine_1 0.0003029614481557222 0.10054122922187746
cfengine_2 0.0003029614481557222 0.10054122922187746
cfengine_3 0.0009088843444671666 0.10054122922187746
cfengine_banner_logo_with_agent_and_text_2021 0.0005301825342725138 0.0
cfengine_history 0.0003029614481557222 0.0
cfengine_history_3 0.0001514807240778611 0.0
change 0.0003029614481557222 0.0
changed 7.574036203893055e-05 0.10054122922187746
changes 0.00037870181019465275 0.02643325706815543
character 7.574036203893055e-05 0.035401927050916
characteristics 0.0006816632583503749 0.10054122922187746
charinsert 7.574036203893055e-05 0.0
charset 7.574036203893055e-05 0.0
checkbox 0.0025751723093236385 0.0
chef 0.0001514807240778611 0.10054122922187746
chef_ 7.574036203893055e-05 0.0
child 7.574036203893055e-05 0.21233263520999412
citation 0.0017420283268954025 0.017544309650909525
citation_needed 0.0001514807240778611 0.48225225132193467
citations 0.0006816632583503749 0.0
cite 0.0031053548435961524 0.0
cite_note 0.001666287964856472 0.0
cite_ref 0.001666287964856472 0.0
cite_web 0.0001514807240778611 0.0
citerefburgess 7.574036203893055e-05 0.0
citerefburgess1995 7.574036203893055e-05 0.0
citerefburgess1998 7.574036203893055e-05 0.0
citerefburgess2003 0.0001514807240778611 0.0
citerefburgesscouch2006 7.574036203893055e-05 0.0
citerefcfengine_team_ 0.0001514807240778611 0.0
citethispage 7.574036203893055e-05 0.0
citing 0.00022722108611679165 0.05358424613410626
citing_sources 0.00022722108611679165 0.0
claim 0.0001514807240778611 0.13976194237515863
claims 7.574036203893055e-05 0.10054122922187746
class 0.0371885177611149 0.0
classname 0.00022722108611679165 0.0
clear 0.00022722108611679165 0.11020314013361425
client 0.0004544421722335833 0.0
clients 7.574036203893055e-05 0.02643325706815543
closely 7.574036203893055e-05 0.044451762570833796
code 7.574036203893055e-05 0.0
coll 0.0003029614481557222 0.0
collaboration 7.574036203893055e-05 0.02643325706815543
collapse 0.0003029614481557222 0.0
collapsed 0.00022722108611679165 0.0
collapses 7.574036203893055e-05 0.0
collapsible 0.000984624706506097 0.0
colleague 7.574036203893055e-05 0.10054122922187746
college 0.00022722108611679165 0.10054122922187746
color 0.0006816632583503749 0.3629054936893685
colspan 0.00022722108611679165 0.0
column 0.00022722108611679165 0.11020314013361425
columns 0.0004544421722335833 0.11020314013361425
com 0.0010603650685450277 0.0
commercial 7.574036203893055e-05 0.044451762570833796
commercialization 0.0005301825342725138 0.10054122922187746
common 7.574036203893055e-05 0.0
commons 0.000833143982428236 0.0
communication 0.0001514807240778611 0.0
communications 7.574036203893055e-05 0.008733679968754631
community 0.0004544421722335833 0.10054122922187746
community_portal 7.574036203893055e-05 0.0
compact 0.0011361054305839581 0.0
compactlinks 7.574036203893055e-05 0.0
companies 7.574036203893055e-05 0.02643325706815543
company 0.00037870181019465275 0.02643325706815543
comparison 0.0001514807240778611 0.0
comparison_of_open 7.574036203893055e-05 0.0
competitors 0.0005301825342725138 0.10054122922187746
completes 0.0003029614481557222 0.10054122922187746
compliance 7.574036203893055e-05 0.10054122922187746
compliant 7.574036203893055e-05 0.10054122922187746
complications 7.574036203893055e-05 0.0
compsystems 7.574036203893055e-05 0.0
computer 0.0015905476028175414 0.0
computer_scientist 0.0005301825342725138 0.0
computers 0.0001514807240778611 0.02643325706815543
computing 0.000833143982428236 0.008733679968754631
computing_platform 7.574036203893055e-05 0.0
conference 0.0001514807240778611 0.10054122922187746
config 0.0001514807240778611 0.0
configurable 0.0001514807240778611 0.10054122922187746
configurable_immunity 0.0001514807240778611 0.0
configurable_immunity_9 0.0001514807240778611 0.0
configuration 0.0018935090509732636 0.02643325706815543
configuration_management 0.0003029614481557222 0.0
consumer 7.574036203893055e-05 0.10054122922187746
contact 0.0003029614481557222 0.0
contact_us 0.0001514807240778611 0.0
contactpage 7.574036203893055e-05 0.0
container 0.0012118457926228888 0.14981227822866008
containing 7.574036203893055e-05 0.008733679968754631
content 0.0050746042566083465 0.0
contentinfo 7.574036203893055e-05 0.0
contents 0.000984624706506097 0.0
contentsub 7.574036203893055e-05 0.0
context 0.0001514807240778611 0.017544309650909525
contribute 7.574036203893055e-05 0.0
contributions 7.574036203893055e-05 0.2340726218464
contributors 0.0001514807240778611 0.017544309650909525
control 7.574036203893055e-05 0.0
controls 0.0003029614481557222 0.0
convergence 0.0006059228963114444 0.10054122922187746
convergent 0.0001514807240778611 0.10054122922187746
converges 7.574036203893055e-05 0.10054122922187746
conversion 7.574036203893055e-05 0.0
cookie 0.00037870181019465275 0.0
cookie_statement 7.574036203893055e-05 0.0
cookiestatement 7.574036203893055e-05 0.0
cooperation 7.574036203893055e-05 0.10054122922187746
copyright 0.00022722108611679165 0.0
copyrightico 7.574036203893055e-05 0.0
core 0.00022722108611679165 0.0
corresponding 7.574036203893055e-05 0.0
couch 0.0001514807240778611 0.10054122922187746
count 0.0001514807240778611 0.0
countries 7.574036203893055e-05 0.10054122922187746
cpu 7.574036203893055e-05 0.0
cputime 7.574036203893055e-05 0.0
create 0.0003029614481557222 0.0
createaccount 0.0003029614481557222 0.0
creating 7.574036203893055e-05 0.0
creative 7.574036203893055e-05 0.0
creativecommons 0.0001514807240778611 0.0
cross 0.0003029614481557222 0.0
crossorigin 7.574036203893055e-05 0.0
cs1 0.0024236915852457776 0.017544309650909525
csrftoken 7.574036203893055e-05 0.0
ctx_ver 0.000833143982428236 0.0
current 0.0001514807240778611 0.08149303425118301
current_events 7.574036203893055e-05 0.0
currentevents 7.574036203893055e-05 0.0
cx 0.0001514807240778611 0.0
cycle 7.574036203893055e-05 0.8737311174553593
d 7.574036203893055e-05 0.017544309650909525
d33 0.0001514807240778611 0.0
d6 7.574036203893055e-05 0.0
data 0.004468681360296902 0.0
datacenter 7.574036203893055e-05 0.10054122922187746
date 0.0009088843444671666 0.02643325706815543
datemodified 0.0001514807240778611 0.0
datepublished 0.0001514807240778611 0.0
de 0.0003029614481557222 0.017544309650909525
deal 7.574036203893055e-05 0.02643325706815543
december 0.0003029614481557222 0.02643325706815543
decided 7.574036203893055e-05 0.02643325706815543
decimal 7.574036203893055e-05 0.11020314013361425
decoding 0.0004544421722335833 0.21233263520999412
deduplicate 0.0005301825342725138 0.0
deduplicated 0.000984624706506097 0.0
delete 7.574036203893055e-05 0.0721032939013439
department 7.574036203893055e-05 0.08149303425118301
depth 0.00022722108611679165 0.0
describes 7.574036203893055e-05 0.10054122922187746
describing 7.574036203893055e-05 0.044451762570833796
description 0.0005301825342725138 0.0
desired 0.0001514807240778611 0.035401927050916
desktop 7.574036203893055e-05 0.14981227822866008
desktop_computer 7.574036203893055e-05 0.0
desktoparticletarget 0.00022722108611679165 0.0
desktops 7.574036203893055e-05 0.10054122922187746
detection 0.0004544421722335833 0.10054122922187746
determined 7.574036203893055e-05 0.10054122922187746
deutsch 7.574036203893055e-05 0.0
developed 0.00022722108611679165 0.017544309650909525
developer 7.574036203893055e-05 0.02643325706815543
developers 0.0001514807240778611 0.0
devices 0.0001514807240778611 0.035401927050916
differences 7.574036203893055e-05 0.044451762570833796
different 0.00037870181019465275 0.0
dir 0.00022722108611679165 0.4682660093471948
disabled 0.000833143982428236 0.11020314013361425
disc 7.574036203893055e-05 0.7195804376281008
disclaimers 0.0001514807240778611 0.0
discovery 7.574036203893055e-05 0.10054122922187746
discuss 0.0001514807240778611 0.05358424613410626
discussing 7.574036203893055e-05 0.10054122922187746
discussion 0.0001514807240778611 0.26759531388504365
display 0.000984624706506097 0.0
distributed 7.574036203893055e-05 0.02643325706815543
div 0.016056956752253274 0.0
dmy 7.574036203893055e-05 0.08149303425118301
dns 0.0001514807240778611 0.540239508972284
doc 7.574036203893055e-05 0.10054122922187746
docs 7.574036203893055e-05 0.10054122922187746
doctoral 7.574036203893055e-05 0.10054122922187746
doctype 7.574036203893055e-05 0.0
document 0.0003029614481557222 0.09097177820572679
documentelement 0.00022722108611679165 0.0
doi 0.0006059228963114444 0.008733679968754631
doi_ 0.0001514807240778611 0.0
domain 7.574036203893055e-05 0.0
donate 0.00022722108611679165 0.0
donating 7.574036203893055e-05 0.0
done 0.0001514807240778611 0.06280090123903044
download 0.0003029614481557222 0.0
downloadaspdf 7.574036203893055e-05 0.0
downloaded 7.574036203893055e-05 0.10054122922187746
dropdown 0.0018935090509732636 0.0
drowning 7.574036203893055e-05 0.10054122922187746
during 7.574036203893055e-05 0.0
e 0.00022722108611679165 0.0
e2 7.574036203893055e-05 1.911718784307034
each 7.574036203893055e-05 0.008733679968754631
echo 7.574036203893055e-05 0.0
ed0dd4e2e97e 7.574036203893055e-05 0.10054122922187746
edit 0.004620162084374763 0.0
editable 7.574036203893055e-05 0.49643688631389105
edited 7.574036203893055e-05 0.0
editing 7.574036203893055e-05 0.11020314013361425
editor 0.0001514807240778611 0.044451762570833796
editors 0.0001514807240778611 0.0
editpage 7.574036203893055e-05 0.0
edits 0.0001514807240778611 0.0
editsection 0.003181095205635083 0.0
edituri 7.574036203893055e-05 0.0
effort 0.0001514807240778611 0.10054122922187746
element 0.0005301825342725138 0.0
ellipsis 0.0001514807240778611 0.2340726218464
elt 0.0003029614481557222 0.0
embedded 7.574036203893055e-05 0.035401927050916
empty 0.0004544421722335833 0.008733679968754631
emptyportlet 0.0001514807240778611 0.0
en 0.002953874119518291 0.0
enabled 0.000833143982428236 0.008733679968754631
encouraged 0.0003029614481557222 1.5668782980153044
encyclopedia 0.0001514807240778611 0.0
end 0.0003029614481557222 0.0
ended 7.574036203893055e-05 0.044451762570833796
engine 0.00022722108611679165 0.02643325706815543
english 0.00022722108611679165 0.0
enhancements 7.574036203893055e-05 0.0
ensures 7.574036203893055e-05 0.0721032939013439
enterprise 0.00022722108611679165 0.02643325706815543
entities 7.574036203893055e-05 0.0
entity 0.0003029614481557222 0.0
entityaccesscount 7.574036203893055e-05 0.0
entitypage 0.0001514807240778611 0.0
entry 0.0001514807240778611 0.035401927050916
environmental 7.574036203893055e-05 0.10054122922187746
environments 0.0001514807240778611 0.0
enwiki 7.574036203893055e-05 0.0
enwikimwclientprefs 7.574036203893055e-05 0.0
error 0.0001514807240778611 0.11020314013361425
es6 7.574036203893055e-05 0.0
esi 0.0001514807240778611 0.7195804376281008
esitest 7.574036203893055e-05 0.0
event 0.0007574036203893055 0.0
eventlogging 0.0001514807240778611 0.0
events 0.0001514807240778611 0.11020314013361425
evolving 0.0001514807240778611 0.10054122922187746
exact 7.574036203893055e-05 0.0
exactly 7.574036203893055e-05 0.10054122922187746
exception 7.574036203893055e-05 0.06280090123903044
excessively 7.574036203893055e-05 0.008733679968754631
execution 7.574036203893055e-05 0.0
exists 7.574036203893055e-05 0.0
expand 0.00037870181019465275 0.0
expanded 0.0005301825342725138 0.0
expansion 0.0001514807240778611 0.0
expansiondepth 7.574036203893055e-05 0.0
expensive 7.574036203893055e-05 0.0
expensivefunctioncount 7.574036203893055e-05 0.0
expert 7.574036203893055e-05 0.10054122922187746
expiry 0.0001514807240778611 0.0
explaining 7.574036203893055e-05 0.10054122922187746
export 7.574036203893055e-05 0.0
ext 0.002044989775051125 0.0
external 0.0018935090509732636 0.0
external_links 0.0003029614481557222 0.0
extra 7.574036203893055e-05 0.0
f 0.0003029614481557222 0.0
f28500 7.574036203893055e-05 0.0
f9f9f9 7.574036203893055e-05 0.0
fa8a495983347898 7.574036203893055e-05 0.0
fact 0.0001514807240778611 0.008733679968754631
fallbacksearchbutton 7.574036203893055e-05 0.0
false 0.0009088843444671666 0.0
favicon 7.574036203893055e-05 0.0
fbfbfb 7.574036203893055e-05 0.0
fc3 7.574036203893055e-05 0.0
feature 0.0015905476028175414 0.0
featurename 0.00022722108611679165 0.0
features 7.574036203893055e-05 0.0
february 0.0001514807240778611 0.017544309650909525
fee7e6 7.574036203893055e-05 0.0
feed 0.0001514807240778611 0.19105523676270922
fellow 7.574036203893055e-05 0.08149303425118301
ferd 7.574036203893055e-05 0.10054122922187746
few 7.574036203893055e-05 0.06280090123903044
field 7.574036203893055e-05 0.10054122922187746
file 0.0012875861546618192 0.0
file_upload_wizard 0.0001514807240778611 0.0
files 7.574036203893055e-05 0.0
final 7.574036203893055e-05 0.02643325706815543
finished 7.574036203893055e-05 0.10054122922187746
first 0.0004544421722335833 0.0
firstheading 0.00022722108611679165 0.0
five 7.574036203893055e-05 0.02643325706815543
fixed 0.0003029614481557222 0.035401927050916
fixed_point_ 7.574036203893055e-05 0.0
fixing 7.574036203893055e-05 0.10054122922187746
flavours 7.574036203893055e-05 0.10054122922187746
float 0.00022722108611679165 0.06280090123903044
flush 0.00037870181019465275 0.0
font 0.0009088843444671666 0.14981227822866008
footer 0.001969249413012194 0.0
for 0.001666287964856472 0.0
form 0.0003029614481557222 0.0
format 0.0006816632583503749 0.035401927050916
formed 7.574036203893055e-05 0.10054122922187746
foundation 0.0006816632583503749 0.0
fr 0.0003029614481557222 0.09097177820572679
framework 7.574036203893055e-05 0.0
français 7.574036203893055e-05 1.16141318990714
free 0.0009088843444671666 0.0
free_and_open 0.0005301825342725138 0.0
free_network_management_software 7.574036203893055e-05 0.0
freely 0.0001514807240778611 0.1599646496926782
french 7.574036203893055e-05 0.09097177820572679
frequency 7.574036203893055e-05 0.10054122922187746
from 0.001666287964856472 0.0
full 0.0001514807240778611 0.044451762570833796
full_papers 7.574036203893055e-05 0.0
fulltext 7.574036203893055e-05 0.0
function 0.0005301825342725138 0.0
funding 7.574036203893055e-05 0.10054122922187746
fundraiserredirector 7.574036203893055e-05 0.0
g 0.00022722108611679165 0.0
gadget 0.0003029614481557222 0.0
gained 7.574036203893055e-05 0.10054122922187746
gehomepagesuggestededitsenabletopics 7.574036203893055e-05 0.0
general 0.00022722108611679165 0.0
general_disclaimer 7.574036203893055e-05 0.0
generator 7.574036203893055e-05 0.0
genre 0.000833143982428236 0.0
geoip 7.574036203893055e-05 0.0
german 7.574036203893055e-05 0.017544309650909525
get 7.574036203893055e-05 0.008733679968754631
github 0.0001514807240778611 0.017544309650909525
globalcssjs 0.0001514807240778611 0.0
gnu 0.0001514807240778611 0.02643325706815543
gnu_general_public_license 7.574036203893055e-05 0.0
go 0.0003029614481557222 0.0
google 7.574036203893055e-05 0.10054122922187746
googpub 0.0001514807240778611 0.0
governmental 7.574036203893055e-05 0.10054122922187746
gpl 0.00022722108611679165 0.09097177820572679
gray 7.574036203893055e-05 1.449095262358921
greek 0.0001514807240778611 0.3141153295199365
green 7.574036203893055e-05 0.08149303425118301
grew 7.574036203893055e-05 0.02643325706815543
group 0.00037870181019465275 0.05358424613410626
growthexperiments 7.574036203893055e-05 0.0
guarantee 7.574036203893055e-05 0.06280090123903044
guidance 7.574036203893055e-05 0.2340726218464
guides 7.574036203893055e-05 4.74493212836325
h 0.0001514807240778611 0.035401927050916
h1 0.0001514807240778611 1.2484245668967697
h2 0.0012118457926228888 1.2484245668967697
h3 0.0010603650685450277 0.0
hack 0.0004544421722335833 0.0
had 7.574036203893055e-05 0.02643325706815543
has 0.0004544421722335833 0.0
haspopup 0.00037870181019465275 0.0
have 0.0001514807240778611 0.008733679968754631
he 0.00022722108611679165 0.044451762570833796
head 0.00022722108611679165 0.0
header 0.001969249413012194 0.0
heading 0.0017420283268954025 0.0
headline 0.0012118457926228888 0.0
healing 0.0001514807240778611 0.10054122922187746
height 0.0018177686889343332 0.0
help 0.0013633265167007499 0.0
here 0.0001514807240778611 0.008733679968754631
heterogeneous 7.574036203893055e-05 0.10054122922187746
hidden 0.0010603650685450277 0.0
hide 0.0006816632583503749 0.0
highest 7.574036203893055e-05 0.0
hio 0.0006059228963114444 0.10054122922187746
his 0.0001514807240778611 0.044451762570833796
history 0.0011361054305839581 0.0
hor 0.0001514807240778611 0.0
host 0.0003029614481557222 0.10054122922187746
hosted 7.574036203893055e-05 0.0721032939013439
hosts 0.0003029614481557222 0.10054122922187746
how 0.0006816632583503749 0.0
however 0.0003029614481557222 0.0
hp 0.00022722108611679165 0.02643325706815543
href 0.01931379231992729 0.0
hreflang 0.00022722108611679165 0.0
html 0.0005301825342725138 0.06280090123903044
http 0.0010603650685450277 0.017544309650909525
https 0.0036355373778686664 0.0
hub 7.574036203893055e-05 0.2451224580329849
human 0.0001514807240778611 0.06280090123903044
i 0.0024236915852457776 0.0
ibm 7.574036203893055e-05 0.02643325706815543
ico 7.574036203893055e-05 0.0
icon 0.0031053548435961524 0.0
icons 0.0003029614481557222 0.0
id 0.014390668787396805 0.0
ideal 7.574036203893055e-05 0.10054122922187746
ideas 7.574036203893055e-05 0.10054122922187746
identifier 0.0003029614481557222 0.044451762570833796
identifying 7.574036203893055e-05 0.2340726218464
identifying_and_using_independent_sources 7.574036203893055e-05 0.0
idhash 7.574036203893055e-05 0.0
ieee 0.0001514807240778611 0.10054122922187746
if 0.0001514807240778611 0.0
image 0.0012118457926228888 0.0
imageobject 0.0001514807240778611 0.0
imageright 0.0001514807240778611 0.0
images 0.0009088843444671666 0.0
img 0.0009088843444671666 0.0
immunity 0.0001514807240778611 0.10054122922187746
immunology 0.00022722108611679165 0.10054122922187746
implement 7.574036203893055e-05 0.05358424613410626
important 0.00037870181019465275 0.008733679968754631
improve 0.00022722108611679165 0.0
improvements 7.574036203893055e-05 0.08149303425118301
in 0.003711277739907597 0.0
inc 0.00022722108611679165 0.0
inception 7.574036203893055e-05 0.10054122922187746
include 0.0001514807240778611 0.0
includes 7.574036203893055e-05 0.05358424613410626
including 7.574036203893055e-05 0.008733679968754631
incorporated 7.574036203893055e-05 0.10054122922187746
independent 0.00022722108611679165 0.0
index 0.002650912671362569 0.0
indicators 7.574036203893055e-05 0.454472687214859
industrial 7.574036203893055e-05 0.10054122922187746
info 0.002196470499128986 0.044451762570833796
infobox 0.0024236915852457776 0.008733679968754631
infobox_software 0.0001514807240778611 0.017544309650909525
information 0.00022722108611679165 0.0
infrastructure 0.00022722108611679165 0.0
inherit 0.0005301825342725138 0.11020314013361425
init 0.00022722108611679165 0.0
initial 0.0001514807240778611 0.10054122922187746
inline 0.0012118457926228888 0.05358424613410626
inline_citations 7.574036203893055e-05 0.0
inner 0.0001514807240778611 0.0
innovation 7.574036203893055e-05 0.10054122922187746
input 0.0009088843444671666 0.0
inside 0.0001514807240778611 0.0
inspired 7.574036203893055e-05 0.017544309650909525
institutions 7.574036203893055e-05 0.10054122922187746
integrated 7.574036203893055e-05 0.0
interaction 0.00022722108611679165 0.0
interface 0.00022722108611679165 0.0
interlanguage 0.000833143982428236 0.0
internal 7.574036203893055e-05 0.035401927050916
international 0.0001514807240778611 0.08149303425118301
interwiki 0.00022722108611679165 0.0
into 0.0001514807240778611 0.0
introduced 7.574036203893055e-05 0.06280090123903044
introducing 7.574036203893055e-05 0.05358424613410626
introduction 0.00022722108611679165 0.11020314013361425
intrusion 0.0003029614481557222 0.10054122922187746
investment 0.0003029614481557222 0.10054122922187746
ip 0.0001514807240778611 0.3141153295199365
is 0.0009088843444671666 0.0
issue 0.00022722108611679165 0.14981227822866008
issues 0.0006059228963114444 0.02643325706815543
it 0.0011361054305839581 0.0
italic 7.574036203893055e-05 0.3141153295199365
item 0.00552904642884193 0.0
items 7.574036203893055e-05 0.0
its 0.00037870181019465275 0.0
iu 0.0006059228963114444 0.10054122922187746
j 0.0003029614481557222 0.0
january 7.574036203893055e-05 0.0
job 7.574036203893055e-05 0.035401927050916
journal 0.00022722108611679165 0.008733679968754631
jquery 0.00022722108611679165 0.0
js 0.00022722108611679165 0.0
json 0.0001514807240778611 0.11995931507897897
jtitle 0.0003029614481557222 0.0
july 7.574036203893055e-05 0.008733679968754631
jump 0.0001514807240778611 0.0
june 0.0001514807240778611 0.017544309650909525
k 0.0001514807240778611 0.0
kern 0.0001514807240778611 0.0
key 7.574036203893055e-05 0.0
knowledge 0.0001514807240778611 0.02643325706815543
label 0.004241460274180111 0.0
labelledby 7.574036203893055e-05 0.0
lacking 0.0009088843444671666 0.008733679968754631
lacks 7.574036203893055e-05 0.05358424613410626
laid 7.574036203893055e-05 0.10054122922187746
landmark 0.0003029614481557222 0.0
lang 0.0012875861546618192 0.0
langlinks 0.0001514807240778611 0.0
language 0.0010603650685450277 0.0
languages 0.00022722108611679165 0.0
large 0.0003029614481557222 0.02643325706815543
largest 7.574036203893055e-05 0.02643325706815543
last 7.574036203893055e-05 0.0
lastmod 7.574036203893055e-05 0.0
later 0.0001514807240778611 0.017544309650909525
launched 7.574036203893055e-05 0.10054122922187746
lazy 0.0001514807240778611 0.008733679968754631
ld 0.0001514807240778611 0.7195804376281008
learn 0.0006816632583503749 0.0
learning 7.574036203893055e-05 0.10054122922187746
lecturing 7.574036203893055e-05 0.10054122922187746
led 7.574036203893055e-05 0.06280090123903044
left 0.0014390668787396803 0.0
legacy 0.0001514807240778611 0.14981227822866008
level 0.0011361054305839581 0.0
levels 7.574036203893055e-05 0.0
li 0.016435658562447927 0.0
library 7.574036203893055e-05 0.0
license 0.000833143982428236 0.0
licenses 0.0001514807240778611 0.12981161152199053
life 7.574036203893055e-05 0.02643325706815543
like 0.0005301825342725138 0.0
limit 0.000833143982428236 0.0
limited 0.0004544421722335833 0.008733679968754631
limitreport 0.00022722108611679165 0.0
line 0.0003029614481557222 0.008733679968754631
link 0.004695902446413694 0.08149303425118301
linked 7.574036203893055e-05 0.0721032939013439
linkedin 0.00037870181019465275 0.10054122922187746
linkedin_cfengine_case_study 7.574036203893055e-05 0.0
links 0.0014390668787396803 0.0
linux 0.0004544421722335833 0.017544309650909525
lisa98 0.0003029614481557222 0.10054122922187746
lisa98_4 0.0001514807240778611 0.0
list 0.008028478376126637 0.0
listbullet 0.00022722108611679165 0.0
little 7.574036203893055e-05 0.044451762570833796
load 0.00022722108611679165 0.0
loaded 7.574036203893055e-05 0.0
loader 7.574036203893055e-05 0.035401927050916
loading 0.00022722108611679165 0.0
loc 7.574036203893055e-05 0.0
lock 0.000984624706506097 0.11020314013361425
log 0.0005301825342725138 0.0
logged 0.0001514807240778611 0.0
logic 7.574036203893055e-05 0.008733679968754631
login 0.00037870181019465275 0.3141153295199365
logo 0.0007574036203893055 0.0
lower 0.0004544421722335833 0.044451762570833796
ltr 0.000984624706506097 0.0
lts 0.0003029614481557222 0.10054122922187746
lua 0.0001514807240778611 0.0
m 0.0001514807240778611 0.08149303425118301
mace 0.0001514807240778611 0.0
mace2006 0.00022722108611679165 0.10054122922187746
mace2006_5 0.0001514807240778611 0.0
machine 7.574036203893055e-05 0.0
machines 7.574036203893055e-05 0.10054122922187746
made 0.0001514807240778611 0.035401927050916
main 0.001969249413012194 0.0
main_page 0.0001514807240778611 0.0
mainentity 0.0001514807240778611 0.0
mainpage 7.574036203893055e-05 0.0
maint 7.574036203893055e-05 0.09097177820572679
maintained 7.574036203893055e-05 0.02643325706815543
maintenance 0.0006816632583503749 0.008733679968754631
maintenance_template_removal 0.0003029614481557222 0.0
major 7.574036203893055e-05 0.008733679968754631
make 0.0001514807240778611 0.0
makecollapsible 0.00022722108611679165 0.0
management 0.002196470499128986 0.0
managing 0.0001514807240778611 0.035401927050916
mandatory 0.0003029614481557222 0.2340726218464
manifesto 7.574036203893055e-05 0.10054122922187746
manner 7.574036203893055e-05 0.0721032939013439
manually 7.574036203893055e-05 0.10054122922187746
many 0.0001514807240778611 0.0
march 0.00037870181019465275 0.017544309650909525
margin 0.001666287964856472 0.0
mark 0.0021207301370900554 0.035401927050916
mark_burgess_ 0.0005301825342725138 0.0
match 7.574036203893055e-05 0.008733679968754631
matches 0.00022722108611679165 0.08149303425118301
mathematics 0.0001514807240778611 0.08149303425118301
max 0.00022722108611679165 0.11020314013361425
may 0.0006059228963114444 0.0
mbox 0.0018935090509732636 0.0
meaning 7.574036203893055e-05 0.10054122922187746
means 7.574036203893055e-05 0.0
mechanisms 7.574036203893055e-05 0.10054122922187746
media 0.0003029614481557222 0.11995931507897897
mediawiki 0.0007574036203893055 0.0
memory 7.574036203893055e-05 0.0
memusage 7.574036203893055e-05 0.0
menu 0.007498295841854124 0.0
message 0.00037870181019465275 0.0
messages 7.574036203893055e-05 0.05358424613410626
meta 0.000984624706506097 0.09097177820572679
metadata 0.00022722108611679165 0.0
middle 0.0001514807240778611 0.21233263520999412
million 0.0001514807240778611 0.02643325706815543
min 0.00022722108611679165 0.11020314013361425
minerva 0.0006059228963114444 0.0
mmv 0.0001514807240778611 0.0
mobile 0.0003029614481557222 0.0
mobileaction 7.574036203893055e-05 0.0
mobileview 7.574036203893055e-05 0.0
model 7.574036203893055e-05 0.0
modelling 0.00022722108611679165 0.10054122922187746
module 7.574036203893055e-05 0.044451762570833796
modules 0.00022722108611679165 0.0721032939013439
monograph 0.0001514807240778611 0.0
monographs 7.574036203893055e-05 0.10054122922187746
more 0.0014390668787396803 0.0
more_footnotes 0.0001514807240778611 0.2451224580329849
most 7.574036203893055e-05 0.0
mountain 7.574036203893055e-05 0.10054122922187746
move 0.0001514807240778611 0.0
moved 7.574036203893055e-05 0.0
ms 7.574036203893055e-05 0.0
much 7.574036203893055e-05 0.017544309650909525
multi 0.0003029614481557222 0.10054122922187746
multiple 0.0007574036203893055 0.035401927050916
multiple_issues 0.0003029614481557222 0.05358424613410626
mw 0.028402635764598956 0.0
mw1352 7.574036203893055e-05 0.0
mw1420 0.0001514807240778611 0.10054122922187746
mycontributions 7.574036203893055e-05 0.0
mytalk 7.574036203893055e-05 0.0
n 0.0010603650685450277 0.08149303425118301
name 0.0024236915852457776 0.0
namespaces 7.574036203893055e-05 0.21233263520999412
nav 0.0010603650685450277 0.7018808605286999
navbar 7.574036203893055e-05 0.20163734609324613
navigation 0.0009088843444671666 0.0
navigationtiming 7.574036203893055e-05 0.0
nearby 7.574036203893055e-05 0.0
necessary 7.574036203893055e-05 0.0721032939013439
needed 0.00037870181019465275 0.0
needs 0.0001514807240778611 0.0
network 0.0005301825342725138 0.10054122922187746
network_management 7.574036203893055e-05 0.0
networked 7.574036203893055e-05 0.02643325706815543
neutral 0.0001514807240778611 0.10054122922187746
neutral_point_of_view 7.574036203893055e-05 0.0
never 7.574036203893055e-05 0.10054122922187746
new 0.0006059228963114444 0.0
newpp 7.574036203893055e-05 0.0
news 7.574036203893055e-05 0.0
no 0.0011361054305839581 0.0
node 7.574036203893055e-05 0.0
noexcerpt 7.574036203893055e-05 0.0
nofollow 0.0015905476028175414 0.0
noicon 0.00037870181019465275 0.0
nojs 7.574036203893055e-05 0.0
nomobile 7.574036203893055e-05 0.0
non 7.574036203893055e-05 0.0
none 0.0014390668787396803 0.21233263520999412
noprint 0.0006059228963114444 0.37548427589622857
normal 0.0001514807240778611 0.008733679968754631
northern 0.000984624706506097 0.10054122922187746
norway 0.0003029614481557222 0.10054122922187746
noscript 0.0003029614481557222 0.0
nosnippet 7.574036203893055e-05 0.0
not 0.00037870181019465275 0.0
notice 7.574036203893055e-05 0.11020314013361425
notion 7.574036203893055e-05 0.10054122922187746
november 0.0001514807240778611 0.0
noviewer 7.574036203893055e-05 0.0
nowrap 0.0011361054305839581 0.035401927050916
ns 0.0001514807240778611 0.19105523676270922
nstab 7.574036203893055e-05 0.0
null 7.574036203893055e-05 0.0
numb 0.0010603650685450277 0.0
number 7.574036203893055e-05 0.0
numbers 7.574036203893055e-05 0.0
o 0.0003029614481557222 0.035401927050916
october 7.574036203893055e-05 0.02643325706815543
of 0.004998863894569416 0.0
offices 7.574036203893055e-05 0.10054122922187746
official 0.00037870181019465275 0.017544309650909525
official_website_different_in_wikidata_and_wikipedia 7.574036203893055e-05 0.0
og 0.0001514807240778611 0.0
ol 0.00037870181019465275 0.0
oldid 0.00022722108611679165 0.0
on 0.0012118457926228888 0.0
on_the_theory_of_system_administration 0.0001514807240778611 0.0
on_the_theory_of_system_administration_10 0.0001514807240778611 0.0
one 0.00022722108611679165 0.0
only 0.00037870181019465275 0.0
oojs_ui_icon_edit 0.0004544421722335833 0.0
open 0.0005301825342725138 0.017544309650909525
opensearch_desc 7.574036203893055e-05 0.0
opensearchdescription 7.574036203893055e-05 0.0
operating 0.0006059228963114444 0.035401927050916
operating_system 0.0001514807240778611 0.540239508972284
operating_systems 7.574036203893055e-05 0.0
operation 7.574036203893055e-05 0.008733679968754631
operations 0.0001514807240778611 0.008733679968754631
operators 7.574036203893055e-05 0.008733679968754631
options 0.00037870181019465275 0.0
or 0.0003029614481557222 0.0
orchestration 0.00022722108611679165 0.10054122922187746
orchestration_software 7.574036203893055e-05 0.0
order 7.574036203893055e-05 0.008733679968754631
org 0.00696811330758161 0.0
organization 0.00037870181019465275 0.0
origin 0.00037870181019465275 0.11020314013361425
original 0.0001514807240778611 0.02643325706815543
oslo 0.0009088843444671666 0.10054122922187746
oslo_university_college 7.574036203893055e-05 0.0
other 7.574036203893055e-05 0.0
otter 0.0001514807240778611 0.10054122922187746
otter_ 7.574036203893055e-05 0.0
out 0.0003029614481557222 0.0
output 0.006437930773309096 0.008733679968754631
overflow 0.00022722108611679165 0.19105523676270922
p 0.004317200636219041 0.0
p1324 7.574036203893055e-05 0.0
package 0.00022722108611679165 0.035401927050916
padding 0.0011361054305839581 0.0
page 0.0035597970158297355 0.0
pagelanguagecode 7.574036203893055e-05 0.0
pagelanguagedir 7.574036203893055e-05 0.0
pageprop 7.574036203893055e-05 0.0
pages 0.0007574036203893055 0.0
pagetype 0.0001514807240778611 0.0
pagevariantfallbacks 7.574036203893055e-05 0.0
panel 0.0003029614481557222 0.0
paper 7.574036203893055e-05 0.06280090123903044
papers 0.0003029614481557222 0.19105523676270922
parsed 7.574036203893055e-05 0.0
parser 0.006589411497386958 0.0
party 0.0003029614481557222 0.05358424613410626
past 7.574036203893055e-05 0.14981227822866008
patroltoken 7.574036203893055e-05 0.0
pcache 7.574036203893055e-05 0.0
pdf 0.0015905476028175414 0.0
peculiarities 7.574036203893055e-05 0.10054122922187746
perform 7.574036203893055e-05 0.035401927050916
permalink 7.574036203893055e-05 0.0
permanent 0.0001514807240778611 0.035401927050916
personal 0.00037870181019465275 0.0
phd 7.574036203893055e-05 0.044451762570833796
php 0.003029614481557222 0.0
physics 7.574036203893055e-05 0.10054122922187746
pin 0.0001514807240778611 0.454472687214859
pinnable 0.0009088843444671666 0.0
pinned 0.0007574036203893055 0.0
pl 0.0003029614481557222 0.035401927050916
place 0.0001514807240778611 0.09097177820572679
placeholder 7.574036203893055e-05 0.0
places 0.0006816632583503749 0.035401927050916
plainlinks 0.0003029614481557222 0.0
plainlist 0.00037870181019465275 0.0
platform 0.0005301825342725138 0.0
platforms 7.574036203893055e-05 0.0
please 0.00022722108611679165 0.0
png 0.002499431947284708 0.0
point 0.00037870181019465275 0.02643325706815543
policy 0.0003029614481557222 0.0
polish 7.574036203893055e-05 1.8545603704670854
polski 7.574036203893055e-05 0.0
popularity 7.574036203893055e-05 0.09097177820572679
popups 7.574036203893055e-05 0.0
portability 0.0005301825342725138 0.0
portal 0.0004544421722335833 0.06280090123903044
portalborder 0.0001514807240778611 0.0
portalbox 0.0006059228963114444 0.0
portalleft 7.574036203893055e-05 0.0
portalright 0.0001514807240778611 0.0
portals 7.574036203893055e-05 0.22314355131420976
portlet 0.002044989775051125 0.0
position 7.574036203893055e-05 0.008733679968754631
post 0.00037870181019465275 0.0
postexpandincludesize 7.574036203893055e-05 0.0
potentially 7.574036203893055e-05 0.10054122922187746
power 7.574036203893055e-05 0.008733679968754631
powered 7.574036203893055e-05 1.1340142157190256
poweredby_mediawiki_132x47 7.574036203893055e-05 0.0
poweredby_mediawiki_176x62 7.574036203893055e-05 0.0
poweredby_mediawiki_88x31 7.574036203893055e-05 0.0
poweredbyico 7.574036203893055e-05 0.0
powerful 7.574036203893055e-05 0.0
pp 7.574036203893055e-05 0.044451762570833796
ppvisitednodes 7.574036203893055e-05 0.0
precise 7.574036203893055e-05 0.035401927050916
preconnect 7.574036203893055e-05 0.0
predictable 7.574036203893055e-05 0.10054122922187746
prefetch 0.0001514807240778611 0.0
preprocessor 7.574036203893055e-05 0.0
presentation 0.00022722108611679165 0.0
presented 7.574036203893055e-05 0.10054122922187746
press 7.574036203893055e-05 0.10054122922187746
pressrelease 7.574036203893055e-05 0.0
preventing 7.574036203893055e-05 0.044451762570833796
preview 7.574036203893055e-05 0.14981227822866008
primary 7.574036203893055e-05 0.008733679968754631
principles 7.574036203893055e-05 0.0721032939013439
print 0.0001514807240778611 0.0
print_export 0.00022722108611679165 0.0
printable 0.00022722108611679165 0.14981227822866008
printfooter 7.574036203893055e-05 0.0
privacy 0.00022722108611679165 0.0
privacy_policy 0.0001514807240778611 0.0
prnewsire 0.0001514807240778611 0.0
prnewsire_6 0.0001514807240778611 0.0
prnewswire 0.0004544421722335833 0.10054122922187746
probably 7.574036203893055e-05 0.044451762570833796
problem 0.0001514807240778611 0.08149303425118301
problems 0.0001514807240778611 0.035401927050916
proceedings 0.00022722108611679165 0.10054122922187746
products 7.574036203893055e-05 0.02643325706815543
profit 7.574036203893055e-05 0.0
programming 0.0003029614481557222 0.0
progressive 0.0006816632583503749 0.0
project 0.00022722108611679165 0.0
projects 0.0001514807240778611 0.06280090123903044
promise 0.00022722108611679165 0.10054122922187746
promise_theory 7.574036203893055e-05 0.0
promises 0.0001514807240778611 0.10054122922187746
property 0.00022722108611679165 0.008733679968754631
protection 7.574036203893055e-05 0.21233263520999412
provide 7.574036203893055e-05 0.008733679968754631
provides 7.574036203893055e-05 0.0
pt 0.0004544421722335833 0.02643325706815543
pub 0.0004544421722335833 0.26759531388504365
public 0.0001514807240778611 0.0
publications 0.0001514807240778611 0.044451762570833796
publicly 7.574036203893055e-05 0.10054122922187746
published 7.574036203893055e-05 0.044451762570833796
published_sources 7.574036203893055e-05 0.0
publisher 0.0001514807240778611 0.41419878807691896
puppet 0.0001514807240778611 0.10054122922187746
puppet_ 7.574036203893055e-05 0.0
push 0.00022722108611679165 0.0
q 0.00022722108611679165 0.0
q505877 0.0006059228963114444 0.10054122922187746
question 7.574036203893055e-05 0.2340726218464
question_book 0.0005301825342725138 0.0
quick 7.574036203893055e-05 0.0
quiet 0.0004544421722335833 0.0
quotes 7.574036203893055e-05 0.19105523676270922
r 0.0001514807240778611 0.0
r1011085734 7.574036203893055e-05 0.0
r1066479718 0.0001514807240778611 0.0
r1086701767 7.574036203893055e-05 0.0
r1097763485 0.00022722108611679165 0.0
r1126788409 7.574036203893055e-05 0.0
r1132942124 7.574036203893055e-05 0.0
r1133582631 0.000833143982428236 0.0
random 0.0001514807240778611 0.21233263520999412
randomly 7.574036203893055e-05 0.2340726218464
randompage 7.574036203893055e-05 0.0
range 7.574036203893055e-05 0.044451762570833796
rate 0.0001514807240778611 0.035401927050916
rather 0.0001514807240778611 0.0
ratio 7.574036203893055e-05 0.10054122922187746
raw 7.574036203893055e-05 0.11020314013361425
re 0.0003029614481557222 0.02643325706815543
read 0.0001514807240778611 0.11020314013361425
ready 0.0013633265167007499 0.0
real 7.574036203893055e-05 0.0
realized 7.574036203893055e-05 0.10054122922187746
received 7.574036203893055e-05 0.044451762570833796
recent 0.00022722108611679165 0.0721032939013439
recentchanges 0.00022722108611679165 0.0
recentchangeslinked 0.0001514807240778611 0.0
recursion 7.574036203893055e-05 0.0
red 7.574036203893055e-05 0.12981161152199053
redirect 0.0009088843444671666 0.02643325706815543
reduced 7.574036203893055e-05 0.0
reference 0.002044989775051125 0.035401927050916
references 0.001514807240778611 0.0
referencetooltips 7.574036203893055e-05 0.0
referrer 0.00022722108611679165 0.0
reflect 7.574036203893055e-05 0.06280090123903044
reflist 0.0011361054305839581 0.0
registered 0.0001514807240778611 0.0
registration 0.0001514807240778611 0.5705448584676129
reiterated 7.574036203893055e-05 0.10054122922187746
rel 0.0038627584639854577 0.0
related 0.00037870181019465275 0.02643325706815543
related_software 7.574036203893055e-05 0.0
release 0.0003029614481557222 0.02643325706815543
released 0.0006059228963114444 0.017544309650909525
releases 0.0001514807240778611 0.0
reliability 7.574036203893055e-05 0.0
reliable 0.0006816632583503749 0.0
rely 7.574036203893055e-05 0.10054122922187746
remains 7.574036203893055e-05 0.10054122922187746
removal 0.0003029614481557222 0.14981227822866008
remove 0.0003029614481557222 0.0
rendering 7.574036203893055e-05 0.0
repeat 0.0003029614481557222 0.0721032939013439
replace 7.574036203893055e-05 0.008733679968754631
replacing 7.574036203893055e-05 0.008733679968754631
report 0.00022722108611679165 0.0
reported 0.0001514807240778611 0.044451762570833796
repository 0.0001514807240778611 0.02643325706815543
repository_ 7.574036203893055e-05 0.0
require 7.574036203893055e-05 0.0
requires 7.574036203893055e-05 0.044451762570833796
research 0.000984624706506097 0.02643325706815543
resourceloaderdynamicstyles 7.574036203893055e-05 0.0
result 7.574036203893055e-05 0.0
results 7.574036203893055e-05 0.0
retrieved 0.0004544421722335833 0.0
returnto 0.0003029614481557222 0.0
revision 0.00022722108611679165 0.0
revisions 7.574036203893055e-05 0.6844891178168307
rfr_id 0.000833143982428236 0.0
rft 0.004923123532530486 0.0
rft_id 0.000984624706506097 0.0
rft_val_fmt 0.000833143982428236 0.0
rgba 7.574036203893055e-05 0.0
right 0.000833143982428236 0.0
rl 7.574036203893055e-05 0.0
rlconf 7.574036203893055e-05 0.0
rlpagemodules 7.574036203893055e-05 0.0
rlq 0.0004544421722335833 0.0
rlstate 7.574036203893055e-05 0.0
robots 7.574036203893055e-05 0.5108256237659907
role 0.0013633265167007499 0.0
roman 0.0003029614481557222 0.37548427589622857
rootpage 7.574036203893055e-05 0.0
round 7.574036203893055e-05 0.10054122922187746
row 0.0006816632583503749 0.11020314013361425
royal 7.574036203893055e-05 0.08149303425118301
rsd 0.0001514807240778611 0.0
rudder 0.0001514807240778611 0.10054122922187746
rudder_ 7.574036203893055e-05 0.0
run 0.00022722108611679165 0.0
running 7.574036203893055e-05 0.02643325706815543
s 0.00022722108611679165 0.0
sa 0.0001514807240778611 0.0
salt 0.0001514807240778611 0.10054122922187746
salt_ 7.574036203893055e-05 0.0
same 7.574036203893055e-05 0.0
sameas 0.0001514807240778611 0.0
saved 7.574036203893055e-05 0.0
scale 0.0001514807240778611 0.10054122922187746
schema 0.0001514807240778611 0.02643325706815543
scico 0.0007574036203893055 0.10054122922187746
science 0.0003029614481557222 0.008733679968754631
scientific 0.0001514807240778611 0.02643325706815543
scientist 0.0005301825342725138 0.2340726218464
scope 0.0006059228963114444 0.0721032939013439
screen 0.0001514807240778611 0.044451762570833796
scribunto 7.574036203893055e-05 0.044451762570833796
script 0.0010603650685450277 0.14981227822866008
scripting 0.0001514807240778611 0.017544309650909525
scripts 0.0001514807240778611 0.10054122922187746
search 0.002044989775051125 0.0
searchaux 7.574036203893055e-05 0.0
searchbutton 0.0003029614481557222 0.0
searchform 7.574036203893055e-05 0.0
searchinput 7.574036203893055e-05 0.0
seconds 0.00022722108611679165 0.0
section 0.0021207301370900554 0.008733679968754631
secure 7.574036203893055e-05 0.10054122922187746
see 0.00022722108611679165 0.0
see_also 0.0003029614481557222 0.0
selected 0.0003029614481557222 0.008733679968754631
selector 7.574036203893055e-05 0.0
self 0.00022722108611679165 0.017544309650909525
selflink 7.574036203893055e-05 0.0
sentences 7.574036203893055e-05 0.0
september 7.574036203893055e-05 0.008733679968754631
series 0.0003029614481557222 0.10054122922187746
server 7.574036203893055e-05 0.017544309650909525
server_ 7.574036203893055e-05 0.0
servers 0.0001514807240778611 0.10054122922187746
set 0.0003029614481557222 0.0
several 0.00022722108611679165 0.0
sha1 7.574036203893055e-05 0.0
sharealike 7.574036203893055e-05 0.0
sharealike_3 7.574036203893055e-05 0.0
short 0.0005301825342725138 0.0
short_description 0.0001514807240778611 0.0
short_description_matches_wikidata 7.574036203893055e-05 0.0
shortdescription 7.574036203893055e-05 0.0
shortly 7.574036203893055e-05 0.044451762570833796
should 0.0001514807240778611 0.10054122922187746
show 0.0003029614481557222 0.0
sidebar 0.000833143982428236 0.0
significant 0.0001514807240778611 0.044451762570833796
significantly 7.574036203893055e-05 0.09097177820572679
simpler 7.574036203893055e-05 0.06280090123903044
simplesearch 7.574036203893055e-05 0.0
site 0.0005301825342725138 0.0
sitedir 7.574036203893055e-05 0.0
sitelinks 7.574036203893055e-05 0.0
sitenotice 0.0001514807240778611 0.0
sites 0.0001514807240778611 0.08149303425118301
sitesub 7.574036203893055e-05 0.0
sitesupport 7.574036203893055e-05 0.0
size 0.0009088843444671666 0.0
sizing 0.0001514807240778611 0.11020314013361425
skin 0.0010603650685450277 0.8131064956389242
skins 0.0004544421722335833 0.0
small 0.0010603650685450277 0.0
smartphone 0.0001514807240778611 0.5108256237659907
smartphones 7.574036203893055e-05 0.10054122922187746
society 7.574036203893055e-05 0.08149303425118301
software 0.00280239339544043 0.017544309650909525
software_categories 7.574036203893055e-05 0.0
software_license 7.574036203893055e-05 0.0
software_release_life_cycle 7.574036203893055e-05 0.0
software_using_the_gpl_license 7.574036203893055e-05 0.0
solaris 0.0001514807240778611 0.02643325706815543
solaris_ 7.574036203893055e-05 0.0
solid 0.0006816632583503749 0.19105523676270922
some 7.574036203893055e-05 0.0
source 0.0004544421722335833 0.0
source_configuration_management_software 7.574036203893055e-05 0.0
source_software 0.0001514807240778611 0.0
source_software_logo_ 0.0004544421722335833 0.0
sources 0.0006059228963114444 0.0
space 0.000833143982428236 0.0721032939013439
span 0.03067484662576687 0.044451762570833796
special 0.001666287964856472 0.0
specialpages 0.0001514807240778611 0.0
specific 7.574036203893055e-05 0.0
speedy 7.574036203893055e-05 0.0
src 0.0010603650685450277 0.0
srcset 0.0006059228963114444 0.0
ssn 7.574036203893055e-05 0.0
stable 7.574036203893055e-05 0.017544309650909525
standard 7.574036203893055e-05 0.0
start 0.0001514807240778611 0.0721032939013439
started 7.574036203893055e-05 0.02643325706815543
startup 0.0001514807240778611 0.0
state 0.00037870181019465275 0.035401927050916
statement 7.574036203893055e-05 0.0
statements 0.0004544421722335833 0.0
static 0.000984624706506097 0.0
statistical 7.574036203893055e-05 0.10054122922187746
statistics 0.0001514807240778611 0.0
stats 7.574036203893055e-05 0.0
statslink 7.574036203893055e-05 0.0
status 7.574036203893055e-05 0.0
stay 7.574036203893055e-05 0.10054122922187746
steps 0.0001514807240778611 0.10054122922187746
sticky 0.0001514807240778611 0.0
stopmobileredirecttoggle 7.574036203893055e-05 0.0
structured 7.574036203893055e-05 0.035401927050916
students 7.574036203893055e-05 0.10054122922187746
study 0.0001514807240778611 0.10054122922187746
style 0.004695902446413694 0.0
styles 0.0009088843444671666 0.0
stylesheet 0.0001514807240778611 0.0
subbox 7.574036203893055e-05 0.0
subheader 7.574036203893055e-05 0.0
subject 0.0001514807240778611 0.10054122922187746
sublist 0.0012118457926228888 0.0
submit 0.0001514807240778611 0.0
subscription 0.0001514807240778611 0.0
subsection 0.0001514807240778611 0.0
subtitle 7.574036203893055e-05 0.0
sufficient 7.574036203893055e-05 0.10054122922187746
suggestededitsession 7.574036203893055e-05 0.0
sum_burgess 7.574036203893055e-05 0.0
summary 7.574036203893055e-05 0.14981227822866008
summer 0.0001514807240778611 0.02643325706815543
sup 0.001969249413012194 0.0
support 0.0001514807240778611 0.0
supports 7.574036203893055e-05 0.008733679968754631
svg 0.0028781337574793607 0.0
switcher 7.574036203893055e-05 0.0
system 0.0014390668787396803 0.0
system_administration 0.0001514807240778611 0.0
systems 0.000984624706506097 0.02643325706815543
t 0.000833143982428236 0.02643325706815543
tab 0.00037870181019465275 0.19105523676270922
tabindex 0.0001514807240778611 0.0
table 0.0012875861546618192 0.0
tablet 0.0001514807240778611 0.10054122922187746
tablet_computer 7.574036203893055e-05 0.0
tabs 0.0001514807240778611 4.051784947803305
tagline 0.00022722108611679165 0.0
tags 7.574036203893055e-05 0.0
taken 7.574036203893055e-05 0.10054122922187746
talk 0.0006816632583503749 0.05358424613410626
talks 7.574036203893055e-05 0.10054122922187746
target 0.00037870181019465275 0.0
targetloader 7.574036203893055e-05 0.0
task 7.574036203893055e-05 0.02643325706815543
tb 0.00022722108611679165 0.0
tbody 0.0006059228963114444 0.0
td 0.0025751723093236385 0.0
team 0.0003029614481557222 0.02643325706815543
tech 0.0011361054305839581 0.017544309650909525
telephone 7.574036203893055e-05 0.48225225132193467
template 0.0024236915852457776 0.0
templateargumentsize 7.574036203893055e-05 0.0
templatestyles 0.001514807240778611 0.0
terms 0.0001514807240778611 0.0
terms_of_use 7.574036203893055e-05 0.0
text 0.005907748239036582 0.0
text_citations 7.574036203893055e-05 0.0
text_citations_from_march_2021 7.574036203893055e-05 0.0
text_document_with_red_question_mark 0.0004544421722335833 0.0
text_of_the_creative_commons_attribution 7.574036203893055e-05 0.0
th 0.0012118457926228888 1.8545603704670854
than 0.00022722108611679165 0.0
that 0.0006059228963114444 0.0
the 0.005377565704764069 0.0
their 7.574036203893055e-05 0.008733679968754631
them 0.0001514807240778611 0.0
then 0.0001514807240778611 0.0
theoretical 0.0001514807240778611 0.10054122922187746
theory 0.00037870181019465275 0.0
there 7.574036203893055e-05 0.0
these 0.0001514807240778611 0.0
third 0.0003029614481557222 0.10054122922187746
this 0.0025751723093236385 0.0
thousand 7.574036203893055e-05 0.10054122922187746
thumb 0.0013633265167007499 0.0
thumbnail 7.574036203893055e-05 0.0
thus 7.574036203893055e-05 0.008733679968754631
time 0.0006816632583503749 0.0
timestamp 0.0001514807240778611 0.0
timeusage 7.574036203893055e-05 0.0
timingprofile 7.574036203893055e-05 0.0
title 0.016056956752253274 0.0
titlebar 0.0006059228963114444 0.0
titleform 7.574036203893055e-05 0.0
to 0.004847383170491555 0.0
toc 0.012118457926228888 0.0
toggle 0.000984624706506097 0.0
toggle_view_mobile 7.574036203893055e-05 0.0
tokens 7.574036203893055e-05 3.6463198396951406
too 0.0001514807240778611 0.02643325706815543
took 0.0001514807240778611 0.10054122922187746
tool 0.0001514807240778611 0.0
toolbar 0.00022722108611679165 0.0
tools 0.0007574036203893055 0.0
top 0.0005301825342725138 0.0
total 0.0001514807240778611 0.0
touch 0.0001514807240778611 2.4423470353692043
towards 7.574036203893055e-05 0.10054122922187746
tr 0.0021207301370900554 0.08149303425118301
trademark 7.574036203893055e-05 0.0
transclusion 7.574036203893055e-05 0.0
transientcontent 7.574036203893055e-05 0.0
transparent 0.0001514807240778611 0.11020314013361425
triggered 7.574036203893055e-05 0.0
tru64 0.0001514807240778611 0.10054122922187746
tru64_unix 7.574036203893055e-05 0.0
true 0.001666287964856472 0.0
ttl 7.574036203893055e-05 0.0
type 0.0027266530334014998 0.0
u 0.0001514807240778611 0.035401927050916
ui 0.004468681360296902 0.0
ul 0.005756267514958721 0.0
uls 0.00037870181019465275 0.0
under 0.00022722108611679165 0.0
understanding 7.574036203893055e-05 0.02643325706815543
unification 0.0003029614481557222 0.10054122922187746
unified 7.574036203893055e-05 0.10054122922187746
universities 7.574036203893055e-05 0.10054122922187746
university 0.0005301825342725138 0.08149303425118301
university_of_oslo 7.574036203893055e-05 0.0
unix 0.000984624706506097 0.02643325706815543
unix_package_management 7.574036203893055e-05 0.0
unknown 0.0006059228963114444 0.008733679968754631
unpin 0.0001514807240778611 0.0
unpinned 0.0001514807240778611 0.0
unsourced 0.0004544421722335833 0.0
unstrip 0.0003029614481557222 0.0
up 0.00037870181019465275 0.0
upload 0.0021207301370900554 0.14981227822866008
uploads 7.574036203893055e-05 0.21233263520999412
upper 0.0003029614481557222 0.11020314013361425
url 0.000833143982428236 0.0721032939013439
us 0.0001514807240778611 0.02643325706815543
usa 0.0001514807240778611 0.10054122922187746
usage 0.0003029614481557222 0.0
use 0.00022722108611679165 0.0
used 0.00022722108611679165 0.0
uselang 7.574036203893055e-05 0.0
usenix 0.0009088843444671666 0.10054122922187746
user 0.0022722108611679163 0.0
user_base 0.0003029614481557222 0.10054122922187746
useradd 0.0001514807240778611 0.0
userlogin 0.0001514807240778611 0.0
users 0.00022722108611679165 0.0721032939013439
using 0.0004544421722335833 0.0
utc 7.574036203893055e-05 0.0
utf 7.574036203893055e-05 0.21233263520999412
utm_campaign 7.574036203893055e-05 0.0
utm_medium 7.574036203893055e-05 0.0
utm_source 7.574036203893055e-05 0.0
ux 0.0003029614481557222 0.0
v 7.574036203893055e-05 0.044451762570833796
v2 0.00037870181019465275 0.09097177820572679
value 0.000984624706506097 0.0
var 0.0001514807240778611 0.11020314013361425
variant 7.574036203893055e-05 0.0
variants 0.0004544421722335833 0.0
vary 7.574036203893055e-05 0.0
ve 7.574036203893055e-05 0.25629575863111026
vector 0.022722108611679163 0.0
verifiability 0.0003029614481557222 0.0
verifiable 7.574036203893055e-05 0.10054122922187746
version 0.0005301825342725138 0.0
version_3 7.574036203893055e-05 1.8004931491968095
version_control 7.574036203893055e-05 0.0
vertical 0.00022722108611679165 0.19105523676270922
vevent 7.574036203893055e-05 0.0
view 0.000833143982428236 0.0
viewport 7.574036203893055e-05 0.0
views 0.00022722108611679165 0.02643325706815543
visible 7.574036203893055e-05 0.044451762570833796
visit 0.0001514807240778611 0.0
visited 7.574036203893055e-05 0.0
visualeditor 0.0003029614481557222 0.0
volume 0.00022722108611679165 0.08149303425118301
vue 0.0001514807240778611 0.11995931507897897
w 0.003029614481557222 0.0
walltime 7.574036203893055e-05 0.0
wants 7.574036203893055e-05 0.10054122922187746
was 0.0005301825342725138 0.0
watch 7.574036203893055e-05 0.454472687214859
watchlist 7.574036203893055e-05 0.0
watchtoken 7.574036203893055e-05 0.0
way 0.0001514807240778611 0.008733679968754631
wb 0.0001514807240778611 0.0
wbc 7.574036203893055e-05 0.0
wbr 0.0003029614481557222 0.0
web 0.000833143982428236 0.0
webscale 0.0001514807240778611 0.10054122922187746
website 0.0005301825342725138 0.0
weight 0.0001514807240778611 0.7195804376281008
welcome 0.00022722108611679165 0.10054122922187746
well 0.0001514807240778611 0.008733679968754631
were 7.574036203893055e-05 0.02643325706815543
wgaction 7.574036203893055e-05 0.0
wgarticleid 7.574036203893055e-05 0.0
wgbackendresponsetime 7.574036203893055e-05 0.0
wgbreakframes 7.574036203893055e-05 0.0
wgcanonicalnamespace 7.574036203893055e-05 0.0
wgcanonicalspecialpagename 7.574036203893055e-05 0.0
wgcategories 7.574036203893055e-05 0.0
wgcentralauthmobiledomain 7.574036203893055e-05 0.0
wgcspnonce 7.574036203893055e-05 0.0
wgcurrevisionid 7.574036203893055e-05 0.0
wgdefaultdateformat 7.574036203893055e-05 0.0
wgdigittransformtable 7.574036203893055e-05 0.0
wgeditsubmitbuttonlabelpublish 7.574036203893055e-05 0.0
wgflaggedrevsparams 7.574036203893055e-05 0.0
wggestructuredtaskrejectionreasontextinputenabled 7.574036203893055e-05 0.0
wggetopicsmatchmodeenabled 7.574036203893055e-05 0.0
wghostname 7.574036203893055e-05 0.0
wgisarticle 7.574036203893055e-05 0.0
wgisprobablyeditable 7.574036203893055e-05 0.0
wgisredirect 7.574036203893055e-05 0.0
wgmediaviewerenabledbydefault 7.574036203893055e-05 0.0
wgmediavieweronclick 7.574036203893055e-05 0.0
wgmfdisplaywikibasedescriptions 7.574036203893055e-05 0.0
wgmonthnames 7.574036203893055e-05 0.0
wgnamespacenumber 7.574036203893055e-05 0.0
wgnoticeproject 7.574036203893055e-05 0.0
wgpagecontentlanguage 7.574036203893055e-05 0.0
wgpagecontentmodel 7.574036203893055e-05 0.0
wgpagename 7.574036203893055e-05 0.0
wgpageparsereport 7.574036203893055e-05 0.0
wgpopupsflags 7.574036203893055e-05 0.0
wgrelevantarticleid 7.574036203893055e-05 0.0
wgrelevantpageisprobablyeditable 7.574036203893055e-05 0.0
wgrelevantpagename 7.574036203893055e-05 0.0
wgrequestid 7.574036203893055e-05 0.0
wgrestrictionedit 7.574036203893055e-05 0.0
wgrestrictionmove 7.574036203893055e-05 0.0
wgrevisionid 7.574036203893055e-05 0.0
wgseparatortransformtable 7.574036203893055e-05 0.0
wgtitle 7.574036203893055e-05 0.0
wgulscurrentautonym 7.574036203893055e-05 0.0
wgulsiscompactlinksenabled 7.574036203893055e-05 0.0
wgulsislanguageselectorempty 7.574036203893055e-05 0.0
wgulsposition 7.574036203893055e-05 0.0
wgusergroups 7.574036203893055e-05 0.0
wgusername 7.574036203893055e-05 0.0
wgvector2022previewpages 7.574036203893055e-05 0.0
wgvisualeditor 7.574036203893055e-05 0.0
wgwikibaseitemid 7.574036203893055e-05 0.0
wgwmepagelength 7.574036203893055e-05 0.0
wgwmeschemaeditattemptstepoversample 7.574036203893055e-05 0.0
what 7.574036203893055e-05 0.0
whatever 7.574036203893055e-05 0.10054122922187746
whatlinkshere 0.0001514807240778611 0.0
when 0.000984624706506097 0.0
when_to_cite 7.574036203893055e-05 0.0
which 0.0004544421722335833 0.0
while 0.0001514807240778611 0.017544309650909525
white 0.0007574036203893055 0.0721032939013439
widely 7.574036203893055e-05 0.08149303425118301
wider 7.574036203893055e-05 0.10054122922187746
width 0.003029614481557222 0.0
wiki 0.010452169961372415 0.0
wikibase 0.0003029614481557222 0.0
wikidata 0.0012875861546618192 0.0
wikimedia 0.0040142391880633186 0.0
wikimediabadges 0.0001514807240778611 0.0
wikimediaevents 7.574036203893055e-05 0.0
wikimediafoundation 0.0001514807240778611 0.0
wikipedia 0.008861622358554875 0.0
wikiproject 7.574036203893055e-05 0.540239508972284
wikiproject_reliability 7.574036203893055e-05 0.0
wikisource 7.574036203893055e-05 3.6463198396951406
wikitext 7.574036203893055e-05 0.0
will 7.574036203893055e-05 0.0
window 0.00022722108611679165 0.11020314013361425
windows 0.0003029614481557222 0.0
with 0.0017420283268954025 0.0
wmf 0.00022722108611679165 0.0
word 0.0001514807240778611 0.044451762570833796
wordmark 0.0001514807240778611 0.0
work 7.574036203893055e-05 0.017544309650909525
working 7.574036203893055e-05 0.035401927050916
works 7.574036203893055e-05 0.11020314013361425
workshop 0.0001514807240778611 0.10054122922187746
workstations 0.0001514807240778611 0.10054122922187746
world 7.574036203893055e-05 0.0
wp 7.574036203893055e-05 0.7746402148111283
wpformidentifier 7.574036203893055e-05 0.0
wrap 0.0001514807240778611 0.5108256237659907
write 0.0001514807240778611 0.017544309650909525
written 0.0001514807240778611 0.0
wrote 0.0001514807240778611 0.044451762570833796
ws 7.574036203893055e-05 0.0
www 0.0013633265167007499 0.0
x 0.00022722108611679165 0.0
xml 0.00022722108611679165 0.14981227822866008
y 0.0001514807240778611 0.008733679968754631
year 7.574036203893055e-05 0.10054122922187746
years 0.0001514807240778611 0.017544309650909525
yes 7.574036203893055e-05 0.7936884097818228
you 0.00037870181019465275 0.0
youtube 0.0003029614481557222 0.10054122922187746
z 0.0001514807240778611 0.11020314013361425
z39 0.000833143982428236 0.0
z3988 0.000833143982428236 0.0
