0 0.0035685963521015066 0.0
00 0.00019825535289452815 0.0
000 0.00019825535289452815 0.0
0010 0.0002973830293417922 3.6463198396951406
01 0.0002973830293417922 0.3382128810989969
039 0.0003965107057890563 0.0
03z 0.00019825535289452815 2.953172659135195
041 0.0003965107057890563 4.051784947803305
08 0.0003965107057890563 0.4682660093471948
088 0.00019825535289452815 4.051784947803305
09 9.912767644726408e-05 0.5860490450035782
09t14 0.00019825535289452815 4.74493212836325
0_unported_license 9.912767644726408e-05 0.0
1 0.005452022204599524 0.0
10 0.001486915146708961 0.0
100 0.0007930214115781126 0.0
1000 9.912767644726408e-05 0.0
1000000 0.00019825535289452815 0.0
1093 0.0011895321173671688 2.953172659135195
11 0.0007930214115781126 0.21233263520999412
1120918771 0.0006938937351308486 4.74493212836325
113 9.912767644726408e-05 2.26002547857525
117 9.912767644726408e-05 0.0
12 0.00019825535289452815 0.18058393689541388
120 0.00019825535289452815 1.5668782980153044
1233 0.00019825535289452815 4.051784947803305
125em 9.912767644726408e-05 0.0
127 9.912767644726408e-05 0.09097177820572679
12px 9.912767644726408e-05 0.09097177820572679
12s5i 9.912767644726408e-05 0.0
13 0.0002973830293417922 0.0
131 0.00019825535289452815 2.953172659135195
133 9.912767644726408e-05 0.08149303425118301
134 0.0009912767644726407 2.4423470353692043
136 9.912767644726408e-05 2.665490586683414
1380 0.00019825535289452815 4.74493212836325
14 0.0002973830293417922 0.22314355131420976
143 0.0002973830293417922 2.4423470353692043
15 0.0003965107057890563 0.3382128810989969
153 0.00019825535289452815 2.7990219793079367
15t14 0.00019825535289452815 4.74493212836325
16 0.0003965107057890563 0.2451224580329849
160 0.0013877874702616971 0.0
161 9.912767644726408e-05 3.1354942159291497
17 0.0004956383822363204 0.44086703515908027
179289d0 9.912767644726408e-05 4.74493212836325
18 9.912767644726408e-05 0.48225225132193467
184 9.912767644726408e-05 2.953172659135195
19 0.00019825535289452815 0.38822330167365837
1960s 0.00019825535289452815 2.4423470353692043
1963 0.0009912767644726407 2.7990219793079367
1963_computer 9.912767644726408e-05 4.74493212836325
1966 0.0003965107057890563 2.7990219793079367
1967 9.912767644726408e-05 3.1354942159291497
1968 0.00019825535289452815 2.665490586683414
1970 9.912767644726408e-05 2.3470368555648795
1970s 9.912767644726408e-05 1.911718784307034
1em 0.0003965107057890563 0.02643325706815543
1x1 9.912767644726408e-05 0.0
2 0.003965107057890563 0.0
20 0.00019825535289452815 0.0
2001 0.00019825535289452815 1.449095262358921
2003 0.00019825535289452815 0.9837320126696876
2004 0.0007930214115781126 0.06280090123903044
2005 0.00019825535289452815 0.8531118302526235
2011 0.00019825535289452815 0.6017974019717174
2013 9.912767644726408e-05 0.6844891178168307
2020 0.0004956383822363204 0.8329091229351039
2021 9.912767644726408e-05 0.7746402148111283
2022 0.0010904044409199049 0.0
20230316092713 0.0002973830293417922 4.74493212836325
20556 0.00019825535289452815 4.74493212836325
2097152 0.0003965107057890563 0.0
215 0.00019825535289452815 3.3586377672433594
22 0.0002973830293417922 0.26759531388504365
22a 9.912767644726408e-05 3.1354942159291497
23 0.00019825535289452815 0.48225225132193467
25167 0.00019825535289452815 4.74493212836325
252f11 9.912767644726408e-05 4.74493212836325
252f6 9.912767644726408e-05 4.051784947803305
252fcomjnl 0.00019825535289452815 3.1354942159291497
255 9.912767644726408e-05 0.09097177820572679
25em 9.912767644726408e-05 0.035401927050916
26 0.0007930214115781126 0.0
261 0.00019825535289452815 2.7990219793079367
26pg 0.00019825535289452815 2.1799827709017134
26q 0.00019825535289452815 2.7990219793079367
284 0.00019825535289452815 3.1354942159291497
28programming 0.0011895321173671688 1.1340142157190256
28programming_language 0.00019825535289452815 1.1340142157190256
29 0.0015860428231562252 0.22314355131420976
2balgol 9.912767644726408e-05 4.74493212836325
2battempted 9.912767644726408e-05 4.74493212836325
2bbeyond 9.912767644726408e-05 4.74493212836325
2bgo 9.912767644726408e-05 4.74493212836325
2blanguage 9.912767644726408e-05 4.74493212836325
2bprogramming 9.912767644726408e-05 4.051784947803305
2bto 9.912767644726408e-05 4.74493212836325
2c 0.0004956383822363204 0.48225225132193467
2cicon 9.912767644726408e-05 0.0
2cstyles 9.912767644726408e-05 0.0
2em 0.00019825535289452815 0.06280090123903044
2f 0.0009912767644726407 0.11020314013361425
2f10 0.0003965107057890563 0.8737311174553593
2f11 0.0002973830293417922 2.26002547857525
2f12 9.912767644726408e-05 2.3470368555648795
2f2020 9.912767644726408e-05 2.953172659135195
2f6 0.0002973830293417922 3.3586377672433594
2fa 9.912767644726408e-05 2.5477075510270306
2farstechnica 9.912767644726408e-05 3.3586377672433594
2fat 9.912767644726408e-05 3.6463198396951406
2fblogs 9.912767644726408e-05 2.26002547857525
2fbooks 0.0003965107057890563 1.6538896750049343
2fc 9.912767644726408e-05 2.3470368555648795
2fcheckers 9.912767644726408e-05 4.74493212836325
2fclive 9.912767644726408e-05 4.74493212836325
2fcomjnl 0.0005947660586835844 2.953172659135195
2fdoi 0.00019825535289452815 1.9723434061234688
2fen 0.0007930214115781126 0.10054122922187746
2ffeatures 9.912767644726408e-05 3.1354942159291497
2ffmt 0.0007930214115781126 0.10054122922187746
2fnorvig 9.912767644726408e-05 4.051784947803305
2fsciam 9.912767644726408e-05 4.74493212836325
2fsystems 9.912767644726408e-05 4.051784947803305
2fwww 9.912767644726408e-05 0.3382128810989969
2x 0.0002973830293417922 0.0
3 0.001486915146708961 0.0
30 0.00019825535289452815 0.5705448584676129
30em 9.912767644726408e-05 0.09097177820572679
31 0.0003965107057890563 0.0
3125em 9.912767644726408e-05 0.0
32 0.0002973830293417922 0.26759531388504365
34 0.00019825535289452815 1.1340142157190256
3a 0.0008921490880253767 0.11020314013361425
3a3 9.912767644726408e-05 0.09097177820572679
3abook 0.0002973830293417922 0.22314355131420976
3acpl 0.0007930214115781126 4.74493212836325
3adoi 0.00019825535289452815 0.9382696385929302
3ajournal 0.0004956383822363204 0.3260915205666521
3akev 0.0007930214115781126 0.10054122922187746
3amtx 0.0007930214115781126 0.10054122922187746
3aofi 0.0007930214115781126 0.10054122922187746
3asid 0.0007930214115781126 0.10054122922187746
3cols 9.912767644726408e-05 0.21233263520999412
3d 9.912767644726408e-05 1.7004096906398272
3d7uh8xgfjbeic 9.912767644726408e-05 4.74493212836325
3dbcpl 9.912767644726408e-05 4.74493212836325
3dcpl 9.912767644726408e-05 4.74493212836325
3dpa100 9.912767644726408e-05 4.051784947803305
3dpa180 9.912767644726408e-05 4.74493212836325
3em 0.00019825535289452815 0.035401927050916
3fid 0.00019825535289452815 1.3437347467010947
3px 9.912767644726408e-05 0.12981161152199053
4 0.0007930214115781126 0.02643325706815543
40 9.912767644726408e-05 0.0
400 0.0003965107057890563 0.0
42 0.0002973830293417922 0.9607424944449889
46 0.00019825535289452815 1.1895840668738364
4620 0.0002973830293417922 4.051784947803305
4647961 0.00019825535289452815 4.74493212836325
48 0.0003965107057890563 0.8531118302526235
484 0.00019825535289452815 4.051784947803305
490 0.00019825535289452815 4.74493212836325
4c 9.912767644726408e-05 0.09097177820572679
4eaa 9.912767644726408e-05 4.74493212836325
5 0.0016851704996034894 0.11020314013361425
50 0.0005947660586835844 0.0
500 0.00019825535289452815 0.0
5000000 0.00019825535289452815 0.0
50z 0.00019825535289452815 2.5477075510270306
521 0.0003965107057890563 3.6463198396951406
52428800 0.00019825535289452815 0.008733679968754631
58 0.00019825535289452815 1.1073459686368643
59 9.912767644726408e-05 0.40112670650956617
599 0.00019825535289452815 2.953172659135195
5em 0.00019825535289452815 0.0
5x 0.0002973830293417922 0.0
6 0.0015860428231562252 0.044451762570833796
60 0.0005947660586835844 0.8131064956389242
65 9.912767644726408e-05 0.05358424613410626
690 0.00019825535289452815 2.7990219793079367
7 0.0006938937351308486 0.0
7000 9.912767644726408e-05 2.7990219793079367
71 9.912767644726408e-05 1.2484245668967697
720px 9.912767644726408e-05 0.0
76 0.00019825535289452815 1.1895840668738364
77 0.00019825535289452815 1.4127276181880462
773 0.00019825535289452815 4.051784947803305
78098 0.0003965107057890563 4.74493212836325
7cext 0.0002973830293417922 0.0
7cmediawiki 9.912767644726408e-05 0.0
7cskins 9.912767644726408e-05 0.0
7cwikibase 9.912767644726408e-05 0.0
7uh8xgfjbeic 9.912767644726408e-05 4.74493212836325
8 0.0009912767644726407 0.0
80 0.0010904044409199049 0.3022808718729337
81 0.0003965107057890563 1.0560526742493137
8125em 9.912767644726408e-05 0.0
82 0.00019825535289452815 0.9162907318741551
828614 0.0002973830293417922 4.74493212836325
83 0.0006938937351308486 0.8131064956389242
8356 0.0003965107057890563 4.74493212836325
84 9.912767644726408e-05 0.7018808605286999
84_ 9.912767644726408e-05 2.3470368555648795
85 9.912767644726408e-05 0.5705448584676129
86 0.00019825535289452815 0.7936884097818228
86400 0.00019825535289452815 0.8329091229351039
86_ 9.912767644726408e-05 1.911718784307034
87 9.912767644726408e-05 1.0560526742493137
88 0.0010904044409199049 0.0
8b 0.0003965107057890563 0.9837320126696876
8c 0.0006938937351308486 1.0313600616589422
8d 0.00019825535289452815 1.6094379124341003
8d_ 0.00019825535289452815 1.749199854809259
8e 9.912767644726408e-05 2.7990219793079367
8f 0.0003965107057890563 1.0813704822336037
8ffa 9.912767644726408e-05 4.74493212836325
9 0.00019825535289452815 0.11020314013361425
90 9.912767644726408e-05 0.08149303425118301
91 0.0009912767644726407 0.0721032939013439
92 0.00019825535289452815 1.449095262358921
93 0.0009912767644726407 0.06280090123903044
935 0.00019825535289452815 4.051784947803305
937f 9.912767644726408e-05 4.74493212836325
94 9.912767644726408e-05 0.9382696385929302
94the 9.912767644726408e-05 3.3586377672433594
95 9.912767644726408e-05 0.035401927050916
950 0.00019825535289452815 4.74493212836325
96 0.00019825535289452815 0.4682660093471948
97 0.00019825535289452815 0.9607424944449889
978 0.0007930214115781126 0.9837320126696876
98 9.912767644726408e-05 0.8131064956389242
99 9.912767644726408e-05 0.6505875661411494
99zyk_programowania 9.912767644726408e-05 2.4423470353692043
9c 9.912767644726408e-05 1.7004096906398272
9e 0.0003965107057890563 1.3109449238781037
9f 9.912767644726408e-05 1.9723434061234688
9px 0.0002973830293417922 0.09097177820572679
_apt 9.912767644726408e-05 4.051784947803305
_barron 9.912767644726408e-05 4.74493212836325
a 0.03776764472640761 0.0
a1 9.912767644726408e-05 1.449095262358921
a2a 9.912767644726408e-05 4.74493212836325
a3o_combinada 9.912767644726408e-05 4.74493212836325
a7 0.0003965107057890563 0.8131064956389242
a8 0.0006938937351308486 0.6844891178168307
a9 9.912767644726408e-05 0.9382696385929302
aa 0.0005947660586835844 0.0721032939013439
abnyohmnjuc 0.00019825535289452815 4.74493212836325
about 0.0009912767644726407 0.0
aboutsite 9.912767644726408e-05 0.0
above 9.912767644726408e-05 0.1599646496926782
absolute 9.912767644726408e-05 0.0
abstractions 9.912767644726408e-05 2.665490586683414
ac 9.912767644726408e-05 0.9607424944449889
accessdate 0.0003965107057890563 0.2451224580329849
accessible 0.00019825535289452815 1.2484245668967697
accesskey 0.0018834258524980175 0.0
account 0.0003965107057890563 0.0
across 9.912767644726408e-05 0.0
action 0.0020816812053925456 0.0
actions 9.912767644726408e-05 0.0
ad 0.00019825535289452815 1.1895840668738364
add 9.912767644726408e-05 0.0
additional 9.912767644726408e-05 0.0
address 0.00019825535289452815 0.0
ae 9.912767644726408e-05 1.449095262358921
after 0.00019825535289452815 0.0
ago 9.912767644726408e-05 0.5108256237659907
agree 9.912767644726408e-05 0.0
al 9.912767644726408e-05 1.7004096906398272
alert 0.0003965107057890563 0.0
algol 0.0006938937351308486 1.3109449238781037
algol_60 0.00019825535289452815 2.03688192726104
align 0.00019825535289452815 0.05358424613410626
all 0.00019825535289452815 0.0
allow 9.912767644726408e-05 1.0313600616589422
alpha 0.0003965107057890563 0.08149303425118301
also 0.0003965107057890563 0.19105523676270922
alt 0.0007930214115781126 0.0
alternate 0.0002973830293417922 0.0
although 9.912767644726408e-05 1.1340142157190256
american 0.0007930214115781126 2.1058747987479913
amp 0.013283108643933386 0.0
an 0.0003965107057890563 0.0
analysis 0.0003965107057890563 1.5260563034950492
ancestor 9.912767644726408e-05 4.051784947803305
ancientgeek 0.00019825535289452815 4.74493212836325
and 0.0027755749405233942 0.0
annotated 0.00019825535289452815 2.5477075510270306
anon 0.00019825535289452815 0.0
anoncontribs 9.912767644726408e-05 0.0
anontalk 9.912767644726408e-05 0.0
anonymous 9.912767644726408e-05 0.0
another 9.912767644726408e-05 0.09097177820572679
api 0.00019825535289452815 0.0
appeared 9.912767644726408e-05 0.40112670650956617
apple 0.00019825535289452815 0.0
application 0.0006938937351308486 0.0
apply 9.912767644726408e-05 0.0
april 0.0003965107057890563 0.0
apt 0.0002973830293417922 3.6463198396951406
archived 9.912767644726408e-05 0.6017974019717174
are 0.0002973830293417922 0.0
area 9.912767644726408e-05 2.3470368555648795
argument 9.912767644726408e-05 0.0
aria 0.0027755749405233942 0.0
ars 0.00019825535289452815 3.3586377672433594
arstechnica 9.912767644726408e-05 3.3586377672433594
article 0.0013877874702616971 0.0
articles 0.0003965107057890563 0.0
articles_with_short_description 9.912767644726408e-05 0.454472687214859
as 0.0010904044409199049 0.0
aspx 9.912767644726408e-05 1.9723434061234688
associated 0.00019825535289452815 0.0
async 9.912767644726408e-05 0.0
at 0.0009912767644726407 0.0
atitle 0.0004956383822363204 0.25629575863111026
atlas 0.00019825535289452815 2.665490586683414
atlas_computer_ 9.912767644726408e-05 4.74493212836325
atom 0.0002973830293417922 0.0
attempted 0.00019825535289452815 3.6463198396951406
attribution 9.912767644726408e-05 0.0
au 0.0004956383822363204 0.48225225132193467
aufirst 0.0006938937351308486 0.3629054936893685
august 0.0003965107057890563 0.0
aulast 0.0006938937351308486 0.3629054936893685
author 0.00019825535289452815 0.0
auto 0.0002973830293417922 0.0
autocapitalize 9.912767644726408e-05 0.0
autonumber 9.912767644726408e-05 2.5477075510270306
available 0.0002973830293417922 0.0
avoid 0.00019825535289452815 0.09097177820572679
b 0.0034694686756542425 0.0
b0 0.0006938937351308486 0.9607424944449889
b1 9.912767644726408e-05 0.9607424944449889
b2 0.00019825535289452815 0.8947845266531914
b3 0.0003965107057890563 0.7559480817989758
b4 0.0016851704996034894 0.8329091229351039
b5 0.0004956383822363204 1.5668782980153044
b7 0.0002973830293417922 0.9837320126696876
b8 0.0004956383822363204 0.9382696385929302
b_ 0.00019825535289452815 3.3586377672433594
ba_ 9.912767644726408e-05 1.8545603704670854
back 0.0003965107057890563 1.5668782980153044
background 0.0008921490880253767 0.017544309650909525
backlink 0.0007930214115781126 0.08149303425118301
bantchev 9.912767644726408e-05 4.74493212836325
barron 0.0004956383822363204 4.051784947803305
bas 9.912767644726408e-05 4.74493212836325
based 9.912767644726408e-05 0.3504829736908114
basic 9.912767644726408e-05 0.7195804376281008
bc 0.0003965107057890563 0.9607424944449889
bcpl 0.0013877874702616971 2.665490586683414
bd 9.912767644726408e-05 1.2484245668967697
bd_ 9.912767644726408e-05 3.6463198396951406
bday 9.912767644726408e-05 0.41419878807691896
bdi 0.0003965107057890563 0.7375989431307791
be 0.0004956383822363204 0.06280090123903044
because 9.912767644726408e-05 0.0
before 9.912767644726408e-05 0.0
being 0.00019825535289452815 0.8737311174553593
below 9.912767644726408e-05 0.18058393689541388
best 0.0002973830293417922 1.9723434061234688
bestval 0.0002973830293417922 4.74493212836325
between 9.912767644726408e-05 0.7375989431307791
beyond 0.00019825535289452815 1.911718784307034
bf 0.0003965107057890563 1.1340142157190256
bg 9.912767644726408e-05 2.1799827709017134
bibliography 0.0006938937351308486 2.665490586683414
big 9.912767644726408e-05 2.5477075510270306
blog 0.00019825535289452815 1.377636298376776
blogs 9.912767644726408e-05 2.26002547857525
bodleian 9.912767644726408e-05 4.74493212836325
body 0.0013877874702616971 0.0
bodycontent 0.00019825535289452815 0.0
book 0.0003965107057890563 0.42744401482693967
books 0.0003965107057890563 0.5552773863368246
booksources 0.0003965107057890563 0.6673946844575306
bootstrap 9.912767644726408e-05 0.10054122922187746
border 0.0002973830293417922 0.0
bottom 0.00019825535289452815 0.05358424613410626
box 0.0009912767644726407 0.0
bracket 0.0011895321173671688 0.0
break 0.0002973830293417922 0.05358424613410626
browsing 9.912767644726408e-05 0.0
btitle 0.0002973830293417922 0.22314355131420976
btn 0.0004956383822363204 0.0
business 9.912767644726408e-05 1.0072625100798818
but 0.0004956383822363204 0.3629054936893685
button 0.0031720856463124504 0.0
buttons 9.912767644726408e-05 0.0
buxton 0.0003965107057890563 4.051784947803305
by 0.0011895321173671688 0.0
bytes 0.0003965107057890563 0.0
c 0.0019825535289452814 0.0
c13_en 9.912767644726408e-05 0.0
c3 0.00019825535289452815 0.7018808605286999
c4 9.912767644726408e-05 2.1058747987479913
c_ 9.912767644726408e-05 0.8329091229351039
c_language 9.912767644726408e-05 4.74493212836325
ca 0.0007930214115781126 0.0
cache 0.00019825535289452815 0.0
cached 9.912767644726408e-05 0.0
cachereport 9.912767644726408e-05 0.0
cactions 0.0005947660586835844 0.0
calculations 9.912767644726408e-05 2.3470368555648795
calls 9.912767644726408e-05 0.0
cam 9.912767644726408e-05 3.1354942159291497
cambridge 0.001288659793814433 2.5477075510270306
campaigns 9.912767644726408e-05 0.0
canonical 0.00019825535289452815 0.0
cantonese 9.912767644726408e-05 0.540239508972284
caption 0.00019825535289452815 0.21233263520999412
cat 9.912767644726408e-05 2.26002547857525
categories 0.00019825535289452815 0.02643325706815543
category 0.0017842981760507533 0.0
catlinks 0.0005947660586835844 0.0
cats 9.912767644726408e-05 0.0721032939013439
center 0.0005947660586835844 0.017544309650909525
centralauth 0.00019825535289452815 0.0
centralautologin 0.00019825535289452815 0.0
centralnotice 0.0002973830293417922 0.0
change 9.912767644726408e-05 0.0
changes 0.0003965107057890563 0.0
charinsert 9.912767644726408e-05 0.0
charset 9.912767644726408e-05 0.0
checkbox 0.0033703409992069788 0.0
checkers 0.0002973830293417922 4.051784947803305
child 9.912767644726408e-05 0.06280090123903044
chinese 9.912767644726408e-05 0.8131064956389242
christopher 0.0005947660586835844 2.953172659135195
christopher_strachey 0.00019825535289452815 4.74493212836325
cid 9.912767644726408e-05 4.051784947803305
citation 0.0015860428231562252 0.08149303425118301
cite 0.0030729579698651863 0.0
cite_journal 0.00019825535289452815 1.5260563034950492
cite_note 0.0017842981760507533 0.08149303425118301
cite_ref 0.0019825535289452814 0.08149303425118301
citerefbarronbuxtonhartleynixon1963 9.912767644726408e-05 4.051784947803305
citerefcoulouris1968 9.912767644726408e-05 4.74493212836325
citerefjensen2020 9.912767644726408e-05 4.051784947803305
citerefmitchellapt2003 9.912767644726408e-05 4.74493212836325
citerefnorvig 9.912767644726408e-05 4.74493212836325
citerefnorvig2011 9.912767644726408e-05 4.74493212836325
citerefyadav2005 9.912767644726408e-05 4.74493212836325
citethispage 9.912767644726408e-05 0.0
cl 9.912767644726408e-05 2.3470368555648795
class 0.03667724028548771 0.0
classname 0.0002973830293417922 0.0
clear 9.912767644726408e-05 0.11995931507897897
client 0.0004956383822363204 0.0
clive 0.0002973830293417922 4.051784947803305
closing 9.912767644726408e-05 2.5477075510270306
code 9.912767644726408e-05 0.035401927050916
coll 0.0003965107057890563 0.0
collapsed 0.0002973830293417922 0.0
collapses 9.912767644726408e-05 0.0
collapsible 0.0009912767644726407 0.0
collected 9.912767644726408e-05 3.6463198396951406
color 0.0007930214115781126 0.017544309650909525
colspan 0.0004956383822363204 0.14981227822866008
column 0.0002973830293417922 0.09097177820572679
columns 0.0004956383822363204 0.09097177820572679
com 0.0011895321173671688 0.11995931507897897
combinada 9.912767644726408e-05 4.74493212836325
combined 0.0006938937351308486 1.8004931491968095
combined_programming_language 0.0004956383822363204 3.6463198396951406
comjnl 0.0003965107057890563 2.953172659135195
command 9.912767644726408e-05 1.2791962255635234
commons 0.0004956383822363204 0.0
community 9.912767644726408e-05 0.0
community_portal 9.912767644726408e-05 0.0
compactlinks 9.912767644726408e-05 0.0
compiler 0.0010904044409199049 0.5108256237659907
compilers 9.912767644726408e-05 1.1340142157190256
complete 0.0003965107057890563 1.4127276181880462
complex 9.912767644726408e-05 1.2185716037470886
complications 9.912767644726408e-05 0.0
computer 0.0016851704996034894 0.12981161152199053
computing 0.0002973830293417922 0.3504829736908114
concepts 0.0003965107057890563 1.486835590341768
config 0.00019825535289452815 0.0
construct 9.912767644726408e-05 2.1799827709017134
contact 0.0003965107057890563 0.0
contact_us 0.00019825535289452815 0.0
contactpage 9.912767644726408e-05 0.0
container 0.0013877874702616971 0.0
containing 9.912767644726408e-05 0.0
content 0.005947660586835844 0.0
contentinfo 9.912767644726408e-05 0.0
contents 0.001288659793814433 0.0
contentsub 9.912767644726408e-05 0.0
context 0.00019825535289452815 0.0
contribute 9.912767644726408e-05 0.0
contributions 9.912767644726408e-05 0.0
contributors 0.00019825535289452815 0.0
control 9.912767644726408e-05 0.44086703515908027
controls 0.00019825535289452815 0.0
conversion 9.912767644726408e-05 0.0
cookie 0.0004956383822363204 0.0
cookie_statement 9.912767644726408e-05 0.0
cookiestatement 9.912767644726408e-05 0.0
copyright 0.0002973830293417922 0.0
copyrightico 9.912767644726408e-05 0.0
correctly 9.912767644726408e-05 3.1354942159291497
coulouris 0.00019825535289452815 4.74493212836325
count 0.00019825535289452815 0.0
cpl 0.0049563838223632035 2.953172659135195
cpl1 0.00019825535289452815 4.74493212836325
cpl2bcpl 9.912767644726408e-05 4.74493212836325
cpl_ 0.003766851704996035 3.3586377672433594
cpl_elementary_programming_manual 9.912767644726408e-05 4.74493212836325
cpl_programming_language 0.00019825535289452815 4.74493212836325
cpl_working_papers 9.912767644726408e-05 4.74493212836325
cpu 9.912767644726408e-05 0.0
cputime 9.912767644726408e-05 0.0
create 0.0003965107057890563 0.0
createaccount 0.0003965107057890563 0.0
created 0.0002973830293417922 0.44086703515908027
creative 9.912767644726408e-05 0.0
creativecommons 0.00019825535289452815 0.0
cross 9.912767644726408e-05 0.0
crossorigin 9.912767644726408e-05 0.0
cs 0.0003965107057890563 0.9607424944449889
cs1 0.002279936558287074 0.09097177820572679
csac 9.912767644726408e-05 4.74493212836325
csac71180 9.912767644726408e-05 4.74493212836325
csrftoken 9.912767644726408e-05 0.0
ctx_ver 0.0007930214115781126 0.10054122922187746
current 0.00019825535289452815 0.0
current_events 9.912767644726408e-05 0.0
currentevents 9.912767644726408e-05 0.0
cx 0.00019825535289452815 0.0
czech 9.912767644726408e-05 1.3109449238781037
d 0.0007930214115781126 0.06280090123903044
d0 0.0013877874702616971 1.4127276181880462
d1 0.0005947660586835844 1.486835590341768
d33 0.00019825535289452815 0.09097177820572679
d6 9.912767644726408e-05 0.09097177820572679
d8 0.0008921490880253767 0.7375989431307791
d9 0.0007930214115781126 0.7936884097818228
damn 0.0003965107057890563 4.051784947803305
data 0.0034694686756542425 0.0
date 0.0005947660586835844 0.08149303425118301
datemodified 0.00019825535289452815 0.0
datepublished 0.00019825535289452815 0.0
dates 0.0002973830293417922 1.5260563034950492
david 0.00019825535289452815 1.16141318990714
david_w 9.912767644726408e-05 4.74493212836325
db 0.0003965107057890563 0.8737311174553593
de 0.0004956383822363204 0.2905848321097423
december 0.0003965107057890563 0.0
decimal 9.912767644726408e-05 0.09097177820572679
deduplicate 0.0002973830293417922 0.017544309650909525
deduplicated 0.0006938937351308486 0.06280090123903044
depth 0.0002973830293417922 0.0
describing 9.912767644726408e-05 1.911718784307034
description 0.0006938937351308486 0.0
design 0.0007930214115781126 0.3141153295199365
designed 9.912767644726408e-05 0.3504829736908114
desktoparticletarget 0.0002973830293417922 0.0
detection 9.912767644726408e-05 0.0
deutsch 9.912767644726408e-05 0.5254244231871433
developed 0.00019825535289452815 0.540239508972284
developer 9.912767644726408e-05 0.0
developers 0.00019825535289452815 0.0
development 9.912767644726408e-05 0.38822330167365837
different 0.0002973830293417922 0.38822330167365837
dir 0.0002973830293417922 0.0
disabled 0.0010904044409199049 0.0
disappeared 9.912767644726408e-05 4.74493212836325
disclaimers 0.00019825535289452815 0.0
discovery 0.00019825535289452815 2.4423470353692043
discuss 9.912767644726408e-05 0.0
discussion 0.00019825535289452815 0.0
display 0.0005947660586835844 0.0
div 0.01724821570182395 0.0
dmy 0.0003965107057890563 0.0
dns 0.00019825535289452815 0.0
do 0.0004956383822363204 0.8329091229351039
doctype 9.912767644726408e-05 0.0
document 0.0003965107057890563 0.0
documentelement 0.0002973830293417922 0.0
does 9.912767644726408e-05 0.4682660093471948
doi 0.0009912767644726407 0.8131064956389242
doi_ 0.00019825535289452815 0.9162907318741551
donate 0.0002973830293417922 0.0
donating 9.912767644726408e-05 0.0
download 0.0003965107057890563 0.0
downloadaspdf 9.912767644726408e-05 0.0
dropdown 0.0024781919111816018 0.0
dtstart 9.912767644726408e-05 0.41419878807691896
e 0.0004956383822363204 0.0
e0 0.0020816812053925456 1.1073459686368643
e2 0.0003965107057890563 0.7018808605286999
e3 0.0006938937351308486 2.4423470353692043
e5 0.00019825535289452815 1.7004096906398272
e5fa2d49cbc0 9.912767644726408e-05 4.74493212836325
e7 0.00019825535289452815 1.7004096906398272
e8 0.0005947660586835844 1.5260563034950492
ea 9.912767644726408e-05 1.8545603704670854
early 0.0002973830293417922 1.2791962255635234
eb 0.0002973830293417922 1.5668782980153044
ec 0.00019825535289452815 1.2185716037470886
echo 9.912767644726408e-05 0.0
ed 9.912767644726408e-05 0.8131064956389242
edit 0.0032712133227597146 0.0
editable 9.912767644726408e-05 0.0
edited 9.912767644726408e-05 0.0
editing 9.912767644726408e-05 0.0
edition 9.912767644726408e-05 1.2484245668967697
editor 0.00019825535289452815 0.0
editors 0.00019825535289452815 0.0
editpage 9.912767644726408e-05 0.0
edits 0.00019825535289452815 0.0
editsection 0.0017842981760507533 0.0
edituri 9.912767644726408e-05 0.0
eee 0.00019825535289452815 0.48225225132193467
elegant 0.00019825535289452815 3.6463198396951406
element 0.0006938937351308486 0.0
elementary 9.912767644726408e-05 3.1354942159291497
ellipsis 0.00019825535289452815 0.0
elt 0.00019825535289452815 0.0
empty 0.00019825535289452815 0.0
emptyportlet 0.00019825535289452815 0.0
en 0.0024781919111816018 0.0
enabled 0.0010904044409199049 0.0
encouraged 0.0003965107057890563 0.0
encyclopedia 0.00019825535289452815 0.0
end 9.912767644726408e-05 0.0
english 0.0002973830293417922 0.0
enhancements 9.912767644726408e-05 0.0721032939013439
entities 9.912767644726408e-05 0.0
entity 0.0003965107057890563 0.0
entityaccesscount 9.912767644726408e-05 0.0
entitypage 0.00019825535289452815 0.0
enwiki 9.912767644726408e-05 0.0
enwikimwclientprefs 9.912767644726408e-05 0.0
error 0.00019825535289452815 0.09097177820572679
es 0.0003965107057890563 0.6844891178168307
es6 9.912767644726408e-05 0.0
esi 0.00019825535289452815 0.0
esitest 9.912767644726408e-05 0.0
español 9.912767644726408e-05 0.7195804376281008
et 9.912767644726408e-05 1.6094379124341003
event 0.0009912767644726407 0.0
eventlogging 0.00019825535289452815 0.0
events 0.00019825535289452815 0.0
evolved 9.912767644726408e-05 2.7990219793079367
exact 9.912767644726408e-05 0.0
example 0.0006938937351308486 0.4682660093471948
existing 9.912767644726408e-05 1.486835590341768
exists 9.912767644726408e-05 0.0
expand 0.0002973830293417922 0.0
expanded 0.0005947660586835844 0.008733679968754631
expansion 0.00019825535289452815 0.0
expansiondepth 9.912767644726408e-05 0.0
expensive 9.912767644726408e-05 0.0
expensivefunctioncount 9.912767644726408e-05 0.0
expiry 0.00019825535289452815 0.0
export 9.912767644726408e-05 0.0
ext 0.00267644726407613 0.0
external 0.0015860428231562252 0.0
extiw 9.912767644726408e-05 1.2185716037470886
extra 9.912767644726408e-05 0.0
extremely 9.912767644726408e-05 2.665490586683414
f 0.0008921490880253767 0.0
fa 0.0003965107057890563 1.0072625100798818
fa8a495983347898 9.912767644726408e-05 0.0
fallbacksearchbutton 9.912767644726408e-05 0.0
false 0.0009912767644726407 0.0
favicon 9.912767644726408e-05 0.0
feather 0.00019825535289452815 4.74493212836325
feature 0.0020816812053925456 0.0
featurename 0.0002973830293417922 0.0
features 0.0004956383822363204 0.38822330167365837
february 9.912767644726408e-05 0.0
feed 0.00019825535289452815 0.0
fi 0.0003965107057890563 1.377636298376776
file 0.0002973830293417922 0.0
file_upload_wizard 0.00019825535289452815 0.0
files 9.912767644726408e-05 0.0
finnish 9.912767644726408e-05 1.5668782980153044
first 0.0005947660586835844 0.0
firstheading 0.0002973830293417922 0.0
float 9.912767644726408e-05 0.06280090123903044
flush 0.0004956383822363204 0.0
font 0.0006938937351308486 0.017544309650909525
footer 0.002577319587628866 0.0
for 0.0016851704996034894 0.0
form 0.0002973830293417922 0.0
format 0.00019825535289452815 0.0
formulated 9.912767644726408e-05 4.74493212836325
foundation 0.0008921490880253767 0.0
fr 0.0003965107057890563 0.6177977433181585
français 9.912767644726408e-05 0.6844891178168307
free 0.0005947660586835844 0.0
freely 0.00019825535289452815 1.1895840668738364
french 9.912767644726408e-05 0.6673946844575306
from 0.001288659793814433 0.0
full 0.0003965107057890563 0.044451762570833796
fulltext 9.912767644726408e-05 0.0
fully 9.912767644726408e-05 1.7004096906398272
function 0.0006938937351308486 0.0
functional 0.00019825535289452815 1.2185716037470886
functional_programming 9.912767644726408e-05 1.6094379124341003
fundamental 0.00019825535289452815 2.5477075510270306
fundamental_concepts_in_programming_languages 9.912767644726408e-05 4.74493212836325
fundraiserredirector 9.912767644726408e-05 0.0
g 0.0003965107057890563 0.0
gadget 0.0003965107057890563 0.0
gained 9.912767644726408e-05 2.953172659135195
games 9.912767644726408e-05 1.8545603704670854
gehomepagesuggestededitsenabletopics 9.912767644726408e-05 0.0
general_disclaimer 9.912767644726408e-05 0.0
generator 9.912767644726408e-05 0.0
genre 0.0007930214115781126 0.10054122922187746
geoip 9.912767644726408e-05 0.0
german 9.912767644726408e-05 0.5108256237659907
globalcssjs 0.00019825535289452815 0.0
go 0.0005947660586835844 0.0
google 0.0003965107057890563 0.540239508972284
googpub 0.00019825535289452815 0.0
gov 9.912767644726408e-05 1.1340142157190256
gray 0.00019825535289452815 0.09097177820572679
greek 0.00019825535289452815 0.09097177820572679
green 9.912767644726408e-05 0.09097177820572679
group 0.0003965107057890563 0.0
growthexperiments 9.912767644726408e-05 0.0
gt 9.912767644726408e-05 0.8531118302526235
guidance 9.912767644726408e-05 0.0
guides 9.912767644726408e-05 0.0
h 0.00019825535289452815 0.0
h1 0.00019825535289452815 0.0
h2 0.0013877874702616971 0.0
hack 0.0005947660586835844 0.0
hartley 0.0002973830293417922 4.051784947803305
has 0.00019825535289452815 0.0
haspopup 0.0004956383822363204 0.0
have 9.912767644726408e-05 0.6340582641899388
head 0.0003965107057890563 0.0
header 0.0027755749405233942 0.0
heading 0.002279936558287074 0.0
headline 0.0007930214115781126 0.0
heavily 9.912767644726408e-05 2.5477075510270306
height 0.0006938937351308486 0.0
help 0.0006938937351308486 0.0
here 9.912767644726408e-05 0.0
hidden 0.001288659793814433 0.0
hide 0.00019825535289452815 0.0
high 9.912767644726408e-05 0.8531118302526235
highest 9.912767644726408e-05 0.0
history 0.0010904044409199049 0.0
history_of_computing_in_the_united_kingdom 9.912767644726408e-05 3.6463198396951406
hor 0.00019825535289452815 0.0
hosted 9.912767644726408e-05 0.0
house 0.00019825535289452815 3.6463198396951406
how 0.0005947660586835844 0.0
however 0.0004956383822363204 0.0
href 0.019131641554321968 0.0
hreflang 0.0016851704996034894 0.11020314013361425
html 0.0006938937351308486 0.0
http 0.0011895321173671688 0.0
https 0.005154639175257732 0.0
hub 9.912767644726408e-05 0.0
i 0.0023790642347343376 0.008733679968754631
ico 9.912767644726408e-05 0.0
icon 0.0034694686756542425 0.0
icons 0.0003965107057890563 0.0
id 0.016157811260904046 0.0
identifier 0.0009912767644726407 0.42744401482693967
idhash 9.912767644726408e-05 0.0
if 0.0002973830293417922 0.0
ii 9.912767644726408e-05 2.03688192726104
image 0.00019825535289452815 0.0
imageobject 0.00019825535289452815 0.0
images 0.0011895321173671688 0.0
img 0.0005947660586835844 0.0
imperative 0.00019825535289452815 1.16141318990714
imperative_programming_language 9.912767644726408e-05 3.6463198396951406
implement 9.912767644726408e-05 0.0
implementation 9.912767644726408e-05 0.5705448584676129
implementations 0.0007930214115781126 0.8531118302526235
implemented 0.0003965107057890563 1.0072625100798818
improvements 9.912767644726408e-05 0.0
in 0.0033703409992069788 0.0
inc 0.0002973830293417922 0.0
include 0.0002973830293417922 0.0
index 0.0024781919111816018 0.0
indicators 9.912767644726408e-05 0.0
industrial 9.912767644726408e-05 2.953172659135195
influenced 0.0002973830293417922 0.454472687214859
influential 9.912767644726408e-05 3.1354942159291497
info 0.002279936558287074 0.0
infobox 0.0024781919111816018 0.21233263520999412
infobox_programming_language 0.00019825535289452815 0.37548427589622857
information 0.0002973830293417922 0.0
inherit 0.0005947660586835844 0.035401927050916
init 0.0002973830293417922 0.0
initially 9.912767644726408e-05 1.7004096906398272
inline 0.0006938937351308486 0.035401927050916
inner 0.00019825535289452815 0.0
input 0.0011895321173671688 0.0
inside 0.00019825535289452815 0.0721032939013439
instead 9.912767644726408e-05 1.2484245668967697
institute 9.912767644726408e-05 1.2185716037470886
intended 0.0002973830293417922 1.449095262358921
interaction 0.0002973830293417922 0.0
interface 0.00019825535289452815 0.0
interlanguage 0.003865979381443299 0.0
interwiki 0.0016851704996034894 0.11020314013361425
introduction 0.0002973830293417922 0.0
involved 9.912767644726408e-05 2.4423470353692043
ip 0.00019825535289452815 0.0
is 0.0011895321173671688 0.0
isbn 0.0005947660586835844 0.6673946844575306
isbn_ 0.00019825535289452815 0.6673946844575306
issn 0.0003965107057890563 1.8545603704670854
issn_ 9.912767644726408e-05 1.8545603704670854
issue 9.912767644726408e-05 0.8947845266531914
it 0.0016851704996034894 0.0
italian 9.912767644726408e-05 0.7559480817989758
italiano 9.912767644726408e-05 0.7746402148111283
item 0.007731958762886598 0.0
items 0.0006938937351308486 0.0
its 0.00019825535289452815 0.25629575863111026
j 0.0007930214115781126 0.0
ja 0.0003965107057890563 0.9162907318741551
january 0.00019825535289452815 0.0
japanese 9.912767644726408e-05 0.9162907318741551
jensen 0.00019825535289452815 2.4423470353692043
john 0.00019825535289452815 1.2185716037470886
jointly 9.912767644726408e-05 3.3586377672433594
journal 0.0006938937351308486 0.7195804376281008
jquery 9.912767644726408e-05 0.0
js 0.00019825535289452815 0.0
json 0.00019825535289452815 0.0
jtitle 0.0004956383822363204 0.3260915205666521
july 9.912767644726408e-05 0.0
jump 0.00019825535289452815 0.0
june 0.00019825535289452815 0.0
język 9.912767644726408e-05 2.3470368555648795
k 0.00019825535289452815 0.0
kern 0.0002973830293417922 0.09097177820572679
key 9.912767644726408e-05 0.0
kingdom 0.0002973830293417922 2.5477075510270306
ko 0.0003965107057890563 1.0813704822336037
korean 9.912767644726408e-05 1.0813704822336037
krzysztof 0.0002973830293417922 4.051784947803305
krzysztof_r 9.912767644726408e-05 4.051784947803305
label 0.0049563838223632035 0.0
labelledby 9.912767644726408e-05 0.0
laboratory 0.0004956383822363204 1.8545603704670854
landmark 0.0003965107057890563 0.0
lang 0.0030729579698651863 0.0
langlinks 0.00019825535289452815 0.0
language 0.0058485329103885805 0.0
languages 0.0018834258524980175 0.0
last 9.912767644726408e-05 0.0
lastmod 9.912767644726408e-05 0.0
later 9.912767644726408e-05 0.8531118302526235
lazy 0.00019825535289452815 0.0
ld 0.00019825535289452815 0.0
learn 0.0004956383822363204 0.0
led 9.912767644726408e-05 1.911718784307034
left 0.0007930214115781126 0.0
level 0.0008921490880253767 0.0
levels 9.912767644726408e-05 0.0
li 0.01873513084853291 0.0
library 9.912767644726408e-05 0.6340582641899388
license 0.0003965107057890563 0.0
licenses 0.00019825535289452815 0.0
limit 0.0010904044409199049 0.0
limited 0.0005947660586835844 0.0
limitreport 0.0002973830293417922 0.0
line 9.912767644726408e-05 0.10054122922187746
linguagem 9.912767644726408e-05 2.1799827709017134
linguagem_de_programa 9.912767644726408e-05 2.26002547857525
link 0.006443298969072165 0.0
linked 9.912767644726408e-05 0.0
links 0.0015860428231562252 0.0
list 0.00971451229183188 0.0
listbullet 0.0002973830293417922 0.0
liu 0.0003965107057890563 2.953172659135195
load 0.0002973830293417922 0.0
loaded 9.912767644726408e-05 0.0
loader 9.912767644726408e-05 0.0
loading 0.0002973830293417922 0.0
loc 9.912767644726408e-05 0.0
lock 0.001288659793814433 0.09097177820572679
log 0.0006938937351308486 0.0
logged 0.00019825535289452815 0.0
login 0.0004956383822363204 0.0
logo 0.0007930214115781126 0.0
london 0.0006938937351308486 2.665490586683414
look 0.0003965107057890563 1.749199854809259
low 9.912767644726408e-05 1.8545603704670854
lower 0.0005947660586835844 0.09097177820572679
ltr 0.0006938937351308486 0.0
lua 0.00019825535289452815 0.008733679968754631
lysator 0.0003965107057890563 3.3586377672433594
m 0.00019825535289452815 0.0
machines 9.912767644726408e-05 1.5668782980153044
made 9.912767644726408e-05 0.0
main 0.0027755749405233942 0.0
main_other 0.00019825535289452815 1.6094379124341003
main_page 0.00019825535289452815 0.0
mainentity 0.00019825535289452815 0.0
mainpage 9.912767644726408e-05 0.0
maint 9.912767644726408e-05 0.09097177820572679
malayalam 9.912767644726408e-05 1.911718784307034
manchester 0.00019825535289452815 2.665490586683414
mandatory 0.0003965107057890563 0.0
manual 9.912767644726408e-05 1.1340142157190256
many 9.912767644726408e-05 0.6673946844575306
march 9.912767644726408e-05 0.0
margin 0.0006938937351308486 0.017544309650909525
martin 9.912767644726408e-05 2.03688192726104
match 0.00019825535289452815 0.0
math 9.912767644726408e-05 1.911718784307034
mathematical 0.00019825535289452815 1.6094379124341003
max 0.0003965107057890563 0.0
may 0.00019825535289452815 0.0
media 0.00019825535289452815 0.0
mediawiki 0.0007930214115781126 0.0
memory 9.912767644726408e-05 0.008733679968754631
memusage 9.912767644726408e-05 0.008733679968754631
menu 0.009813639968279143 0.0
message 0.00019825535289452815 0.0
meta 0.001288659793814433 0.0
min 9.912767644726408e-05 0.12981161152199053
minerva 0.0006938937351308486 0.13976194237515863
mirandese 9.912767644726408e-05 4.051784947803305
mirandés 9.912767644726408e-05 4.051784947803305
mitchell 0.00019825535289452815 4.051784947803305
ml 0.0003965107057890563 1.1895840668738364
mobile 0.0002973830293417922 0.0
mobileaction 9.912767644726408e-05 0.0
mobileview 9.912767644726408e-05 0.0
modern 9.912767644726408e-05 1.449095262358921
module 9.912767644726408e-05 0.0
modules 0.0002973830293417922 0.0
more 0.001486915146708961 0.0
move 9.912767644726408e-05 0.0
moved 9.912767644726408e-05 0.0
mr10 9.912767644726408e-05 4.74493212836325
ms 9.912767644726408e-05 0.0
much 0.0002973830293417922 1.2484245668967697
multi 0.0008921490880253767 0.8329091229351039
mw 0.02795400475812847 0.0
mw1363 0.00019825535289452815 4.74493212836325
mw1430 9.912767644726408e-05 3.3586377672433594
mwl 0.0003965107057890563 4.051784947803305
mycontributions 9.912767644726408e-05 0.0
mytalk 9.912767644726408e-05 0.0
n 0.0016851704996034894 0.0
name 0.0030729579698651863 0.0
namespaces 9.912767644726408e-05 0.0
nationalarchives 9.912767644726408e-05 4.74493212836325
nav 0.0013877874702616971 0.0
navbar 9.912767644726408e-05 0.06280090123903044
navigation 0.0010904044409199049 0.0
navigationtiming 9.912767644726408e-05 0.0
nearby 9.912767644726408e-05 0.0
network 0.00019825535289452815 1.7004096906398272
never 0.00019825535289452815 2.03688192726104
newpp 9.912767644726408e-05 0.0
news 0.00019825535289452815 0.5552773863368246
nicknamed 9.912767644726408e-05 3.6463198396951406
nil 9.912767644726408e-05 2.5477075510270306
nixon 0.0002973830293417922 4.051784947803305
no 0.0005947660586835844 0.0
node 9.912767644726408e-05 0.0
noexcerpt 9.912767644726408e-05 0.42744401482693967
nofollow 0.0016851704996034894 0.0
noicon 0.0004956383822363204 0.0
nojs 9.912767644726408e-05 0.0
nomobile 9.912767644726408e-05 0.4682660093471948
non 9.912767644726408e-05 0.0
none 0.0009912767644726407 0.0
noprint 0.0004956383822363204 0.0
normal 0.00019825535289452815 0.0
norvig 0.0010904044409199049 4.051784947803305
noscript 0.0003965107057890563 0.0
nosnippet 9.912767644726408e-05 0.0
not 0.0007930214115781126 0.0
notice 9.912767644726408e-05 0.0
november 0.00019825535289452815 0.0
nowrap 0.0003965107057890563 0.05358424613410626
ns 0.00019825535289452815 0.0
nstab 9.912767644726408e-05 0.0
null 9.912767644726408e-05 0.0
numb 0.0005947660586835844 0.0
number 9.912767644726408e-05 0.0
o 0.0003965107057890563 0.0
october 9.912767644726408e-05 0.0
of 0.003865979381443299 0.0
og 0.00019825535289452815 0.0
ohjelmointikieli 0.00019825535289452815 2.665490586683414
ol 0.0002973830293417922 0.035401927050916
oldid 0.0002973830293417922 0.0
on 0.001486915146708961 0.0
online 9.912767644726408e-05 1.749199854809259
only 0.0004956383822363204 0.0
opening 9.912767644726408e-05 2.665490586683414
opensearch_desc 9.912767644726408e-05 0.0
opensearchdescription 9.912767644726408e-05 0.0
options 0.0004956383822363204 0.0
or 0.00019825535289452815 0.0
org 0.007632831086439334 0.0
organization 0.0004956383822363204 0.0
origin 0.0004956383822363204 0.0
originally 9.912767644726408e-05 0.9607424944449889
origins 0.0003965107057890563 2.7990219793079367
other 9.912767644726408e-05 0.0
others 9.912767644726408e-05 1.486835590341768
out 0.00019825535289452815 0.0
output 0.004262490087232355 0.0
overflow 0.00019825535289452815 0.0
oxford 9.912767644726408e-05 3.1354942159291497
p 0.0052537668517049965 0.0
pa100 9.912767644726408e-05 4.051784947803305
pa180 9.912767644726408e-05 4.74493212836325
padding 0.0003965107057890563 0.017544309650909525
page 0.004460745440126883 0.0
pagelanguagecode 9.912767644726408e-05 0.0
pagelanguagedir 9.912767644726408e-05 0.0
pageprop 9.912767644726408e-05 0.27902400970866637
pages 0.0008921490880253767 0.0
pagetype 0.00019825535289452815 1.16141318990714
pagevariantfallbacks 9.912767644726408e-05 0.0
panel 0.0003965107057890563 0.0
paper 9.912767644726408e-05 1.6094379124341003
papers 0.00019825535289452815 1.3437347467010947
paradigm 0.0008921490880253767 0.5705448584676129
paradigm_programming_language 0.00019825535289452815 1.5260563034950492
park 9.912767644726408e-05 2.4423470353692043
parse 9.912767644726408e-05 2.7990219793079367
parsed 9.912767644726408e-05 0.0
parser 0.004460745440126883 0.0
partial 9.912767644726408e-05 2.5477075510270306
particularly 9.912767644726408e-05 2.03688192726104
past 9.912767644726408e-05 0.0
patroltoken 9.912767644726408e-05 0.0
pcache 9.912767644726408e-05 0.0
pdf 0.0005947660586835844 0.0
perfect 0.00019825535289452815 4.051784947803305
permalink 9.912767644726408e-05 0.0
permanent 0.00019825535289452815 0.0
persian 9.912767644726408e-05 1.0313600616589422
personal 0.0004956383822363204 0.0
pertaining 9.912767644726408e-05 4.74493212836325
peter 0.0007930214115781126 1.5260563034950492
peter_norvig 0.0005947660586835844 4.051784947803305
peter_norvig_5 0.0005947660586835844 4.74493212836325
pg 0.00019825535289452815 2.03688192726104
php 0.002973830293417922 0.0
pin 0.00019825535289452815 0.0
pinnable 0.0011895321173671688 0.0
pinned 0.0009912767644726407 0.0
pl 0.0003965107057890563 0.9162907318741551
place 9.912767644726408e-05 0.8737311174553593
placeholder 9.912767644726408e-05 0.0
places 0.0008921490880253767 0.0
plus 9.912767644726408e-05 1.9723434061234688
png 0.0009912767644726407 0.0
policy 0.00019825535289452815 0.0
polish 9.912767644726408e-05 0.9837320126696876
polski 9.912767644726408e-05 1.0560526742493137
pop 0.0002973830293417922 2.953172659135195
popular 9.912767644726408e-05 1.5668782980153044
popularity 9.912767644726408e-05 2.26002547857525
popups 9.912767644726408e-05 0.0
portal 0.0002973830293417922 0.0
portlet 0.00267644726407613 0.0
portuguese 9.912767644726408e-05 0.8531118302526235
português 9.912767644726408e-05 0.8531118302526235
position 9.912767644726408e-05 0.0
possibly 9.912767644726408e-05 2.3470368555648795
post 0.00019825535289452815 0.0
postexpandincludesize 9.912767644726408e-05 0.0
powered 9.912767644726408e-05 0.0
poweredby_mediawiki_132x47 9.912767644726408e-05 0.0
poweredby_mediawiki_176x62 9.912767644726408e-05 0.0
poweredby_mediawiki_88x31 9.912767644726408e-05 0.0
poweredbyico 9.912767644726408e-05 0.0
ppvisitednodes 9.912767644726408e-05 0.0
pre 0.00019825535289452815 0.40112670650956617
prefetch 0.00019825535289452815 0.0
preprocessor 9.912767644726408e-05 0.0
prescient 0.00019825535289452815 4.74493212836325
press 0.00019825535289452815 1.3437347467010947
preview 9.912767644726408e-05 0.0
primarily 9.912767644726408e-05 1.911718784307034
print 0.00019825535289452815 0.0
print_export 0.0002973830293417922 0.0
printable 0.0002973830293417922 0.0
printfooter 9.912767644726408e-05 0.0
prior 9.912767644726408e-05 1.6094379124341003
privacy 0.0002973830293417922 0.0
privacy_policy 0.00019825535289452815 0.0
probably 9.912767644726408e-05 2.4423470353692043
procedural 0.0004956383822363204 1.0813704822336037
procedural_programming 9.912767644726408e-05 1.5668782980153044
procedural_programming_languages 9.912767644726408e-05 1.749199854809259
process 9.912767644726408e-05 0.9162907318741551
processing 9.912767644726408e-05 0.8947845266531914
profit 9.912767644726408e-05 0.0
program 0.00019825535289452815 0.41419878807691896
programação 9.912767644726408e-05 2.26002547857525
programming 0.00485725614591594 0.0
programming_language 0.0032712133227597146 0.08149303425118301
programming_languages_created_in_1963 9.912767644726408e-05 4.74493212836325
programming_paradigm 9.912767644726408e-05 0.5860490450035782
programowania 9.912767644726408e-05 2.4423470353692043
progressive 0.0002973830293417922 0.0
projects 0.00019825535289452815 0.0
property 0.0002973830293417922 0.0
pt 0.0009912767644726407 0.0
pub 0.0002973830293417922 0.41419878807691896
published 0.0002973830293417922 0.3504829736908114
publisher 0.00019825535289452815 0.0
publishing 0.00019825535289452815 1.911718784307034
push 0.0002973830293417922 0.0
python 0.0002973830293417922 1.377636298376776
python_ 9.912767644726408e-05 1.377636298376776
q 0.0004956383822363204 0.0
q2347334 0.0006938937351308486 4.74493212836325
quick 9.912767644726408e-05 0.0
quiet 0.0005947660586835844 0.0
quotes 9.912767644726408e-05 0.09097177820572679
r 0.0002973830293417922 0.0
r1011085734 9.912767644726408e-05 0.09097177820572679
r1066479718 9.912767644726408e-05 0.21233263520999412
r1133582631 0.0007930214115781126 0.09097177820572679
random 0.00019825535289452815 0.0
randomly 9.912767644726408e-05 0.0
randompage 9.912767644726408e-05 0.0
raw 9.912767644726408e-05 0.0
re 0.00019825535289452815 0.0
read 0.00019825535289452815 0.0
ready 0.0016851704996034894 0.0
real 9.912767644726408e-05 0.0
recent 0.0002973830293417922 0.0
recentchanges 0.0002973830293417922 0.0
recentchangeslinked 0.00019825535289452815 0.0
records 9.912767644726408e-05 1.749199854809259
recursion 9.912767644726408e-05 0.0
red 9.912767644726408e-05 0.09097177820572679
redirect 0.0009912767644726407 0.008733679968754631
reduced 9.912767644726408e-05 0.0
reference 0.0021808088818398097 0.035401927050916
references 0.0009912767644726407 0.008733679968754631
referencetooltips 9.912767644726408e-05 0.0
referrer 0.0002973830293417922 0.0
reflist 0.001486915146708961 0.09097177820572679
registered 9.912767644726408e-05 0.0
registration 0.00019825535289452815 0.08149303425118301
rel 0.003965107057890563 0.0
related 0.00019825535289452815 0.0
rendering 9.912767644726408e-05 0.0
repeat 0.0003965107057890563 0.0721032939013439
replace 9.912767644726408e-05 0.0
report 0.00019825535289452815 0.0
require 9.912767644726408e-05 0.0
research 9.912767644726408e-05 0.7018808605286999
resourceloaderdynamicstyles 9.912767644726408e-05 0.0
rest 9.912767644726408e-05 2.1799827709017134
result 9.912767644726408e-05 0.9837320126696876
retrieved 0.0004956383822363204 0.0
returnto 0.0003965107057890563 0.0
revision 0.0002973830293417922 0.0
revisions 9.912767644726408e-05 0.0
rfr_id 0.0007930214115781126 0.10054122922187746
rft 0.005650277557494052 0.10054122922187746
rft_id 0.0009912767644726407 0.11020314013361425
rft_val_fmt 0.0007930214115781126 0.10054122922187746
rgba 9.912767644726408e-05 0.09097177820572679
richard 0.00019825535289452815 1.486835590341768
richards 9.912767644726408e-05 4.74493212836325
right 0.0008921490880253767 0.0
rl 9.912767644726408e-05 0.0
rlconf 9.912767644726408e-05 0.0
rlpagemodules 9.912767644726408e-05 0.0
rlq 0.0005947660586835844 0.0
rlstate 9.912767644726408e-05 0.0
robots 9.912767644726408e-05 0.0
role 0.0013877874702616971 0.0
roman 0.0003965107057890563 0.09097177820572679
rootpage 9.912767644726408e-05 0.0
row 0.0002973830293417922 0.12981161152199053
rsd 0.00019825535289452815 0.0
ru 0.0003965107057890563 0.6505875661411494
russian 9.912767644726408e-05 0.6505875661411494
s 0.0003965107057890563 0.0
sa 0.00019825535289452815 0.0
same 9.912767644726408e-05 0.8737311174553593
sameas 0.00019825535289452815 0.0
saved 9.912767644726408e-05 0.0
schema 0.00019825535289452815 0.0
sciam 9.912767644726408e-05 4.74493212836325
science 9.912767644726408e-05 0.3504829736908114
scientific 0.0008921490880253767 1.9723434061234688
scientificamerican 0.00019825535289452815 4.74493212836325
scope 0.0002973830293417922 0.11995931507897897
screen 0.00019825535289452815 0.0
scribunto 9.912767644726408e-05 0.008733679968754631
script 0.0013877874702616971 0.0
scripts 9.912767644726408e-05 0.0
sdcat 0.00019825535289452815 2.953172659135195
se 0.0003965107057890563 2.26002547857525
search 0.00267644726407613 0.0
searchaux 9.912767644726408e-05 0.4682660093471948
searchbutton 0.0003965107057890563 0.0
searchform 9.912767644726408e-05 0.0
searchinput 9.912767644726408e-05 0.0
seconds 0.0002973830293417922 0.0
section 0.001288659793814433 0.0
see 0.0002973830293417922 0.44086703515908027
see_also 0.0003965107057890563 0.6340582641899388
seems 9.912767644726408e-05 4.74493212836325
selected 0.0003965107057890563 0.0
selector 9.912767644726408e-05 0.0
selflink 9.912767644726408e-05 0.08149303425118301
sentences 9.912767644726408e-05 0.0
september 9.912767644726408e-05 0.0
set 0.0002973830293417922 0.0
sha1 9.912767644726408e-05 0.10054122922187746
sharealike 9.912767644726408e-05 0.0
sharealike_3 9.912767644726408e-05 0.0
short 0.0005947660586835844 0.42744401482693967
short_description 0.00019825535289452815 0.5860490450035782
short_description_is_different_from_wikidata 9.912767644726408e-05 1.0072625100798818
shortdescription 9.912767644726408e-05 0.4682660093471948
show 0.0003965107057890563 0.0
sidebar 0.0010904044409199049 0.0
simple 0.00019825535289452815 0.6017974019717174
simpler 9.912767644726408e-05 2.3470368555648795
simplesearch 9.912767644726408e-05 0.0
site 0.0004956383822363204 0.0
sitedir 9.912767644726408e-05 0.0
sitelinks 9.912767644726408e-05 0.0
sitenotice 0.00019825535289452815 0.0
sitesub 9.912767644726408e-05 0.0
sitesupport 9.912767644726408e-05 0.0
size 0.0008921490880253767 0.0
skin 0.001288659793814433 0.0
skins 0.0005947660586835844 0.0
slowly 9.912767644726408e-05 4.051784947803305
small 9.912767644726408e-05 0.0721032939013439
software 9.912767644726408e-05 0.08149303425118301
software_design 9.912767644726408e-05 0.5705448584676129
some 0.0002973830293417922 0.5108256237659907
sometime 9.912767644726408e-05 4.74493212836325
span 0.028152260111022998 0.0
spanish 9.912767644726408e-05 0.7195804376281008
special 0.002577319587628866 0.0
specialpages 0.00019825535289452815 0.0
src 0.0007930214115781126 0.0
srcset 0.00019825535289452815 0.0
standard 9.912767644726408e-05 0.0
start 0.00019825535289452815 0.0
startup 0.00019825535289452815 0.0
statement 9.912767644726408e-05 0.0
static 0.001288659793814433 0.0
statistics 9.912767644726408e-05 0.0
stats 9.912767644726408e-05 0.0
statslink 9.912767644726408e-05 0.0
status 9.912767644726408e-05 0.0
sticky 0.00019825535289452815 0.0
stopmobileredirecttoggle 9.912767644726408e-05 0.0
strachey 0.0007930214115781126 4.051784947803305
stroke 9.912767644726408e-05 3.6463198396951406
structured 0.0005947660586835844 0.0
structured_programming 9.912767644726408e-05 1.7004096906398272
structured_programming_languages 9.912767644726408e-05 2.953172659135195
stupid 0.0003965107057890563 3.3586377672433594
style 0.002973830293417922 0.0
styles 0.0009912767644726407 0.0
stylesheet 0.00019825535289452815 0.0
subbox 9.912767644726408e-05 0.21233263520999412
subheader 9.912767644726408e-05 0.21233263520999412
subject 9.912767644726408e-05 0.0
sublist 0.0005947660586835844 0.0
submit 0.00019825535289452815 0.0
subscription 0.00019825535289452815 0.09097177820572679
subtitle 9.912767644726408e-05 0.0
suggestededitsession 9.912767644726408e-05 0.0
summary 9.912767644726408e-05 0.19105523676270922
suomi 9.912767644726408e-05 1.5668782980153044
sup 0.002577319587628866 0.0721032939013439
support 9.912767644726408e-05 0.0
sv 0.0003965107057890563 1.486835590341768
svenska 9.912767644726408e-05 1.486835590341768
svg 0.0005947660586835844 0.0
swedish 9.912767644726408e-05 1.3437347467010947
switcher 9.912767644726408e-05 0.0
symbol 0.00019825535289452815 1.749199854809259
systems 0.0005947660586835844 0.454472687214859
systems_programming 9.912767644726408e-05 3.3586377672433594
t 0.0010904044409199049 0.0
tab 0.0004956383822363204 0.0
tabindex 0.00019825535289452815 0.0
table 0.0006938937351308486 0.0
tabs 0.00019825535289452815 0.0
tagline 0.0002973830293417922 0.0
tags 9.912767644726408e-05 0.0
talk 0.0003965107057890563 0.0
target 0.0018834258524980175 0.0
targetloader 9.912767644726408e-05 0.0
tb 0.0002973830293417922 0.0
tbody 0.00019825535289452815 0.044451762570833796
td 0.0011895321173671688 0.044451762570833796
technica 0.00019825535289452815 3.3586377672433594
telephone 9.912767644726408e-05 0.0
template 0.0019825535289452814 0.0
templateargumentsize 9.912767644726408e-05 0.0
templatestyles 0.0009912767644726407 0.017544309650909525
terms 0.00019825535289452815 0.0
terms_of_use 9.912767644726408e-05 0.0
text 0.0035685963521015066 0.0
text_of_the_creative_commons_attribution 9.912767644726408e-05 0.0
th 0.0009912767644726407 0.11995931507897897
than 9.912767644726408e-05 0.6340582641899388
that 0.0002973830293417922 0.18058393689541388
the 0.00535289452815226 0.0
then 0.00019825535289452815 0.6017974019717174
theoretical 9.912767644726408e-05 2.7990219793079367
therefore 9.912767644726408e-05 1.749199854809259
thing 0.0003965107057890563 2.4423470353692043
this 0.0018834258524980175 0.0
thought 9.912767644726408e-05 2.665490586683414
through 9.912767644726408e-05 0.8531118302526235
thumbnail 9.912767644726408e-05 0.0
time 0.0005947660586835844 0.0
timestamp 0.00019825535289452815 0.0
timeusage 9.912767644726408e-05 0.008733679968754631
timingprofile 9.912767644726408e-05 0.0
titan 0.00019825535289452815 3.6463198396951406
titan_ 9.912767644726408e-05 4.74493212836325
title 0.015959555908009515 0.0
titlebar 0.0007930214115781126 0.0
titleform 9.912767644726408e-05 0.0
to 0.003667724028548771 0.0
toc 0.00902061855670103 0.0
toggle 0.0008921490880253767 0.0
toggle_view_mobile 9.912767644726408e-05 0.0
tokens 9.912767644726408e-05 0.0
toolbar 0.0002973830293417922 0.0
tools 0.0008921490880253767 0.0
top 0.0003965107057890563 0.0
total 0.00019825535289452815 0.0
touch 0.00019825535289452815 0.0
tr 0.0015860428231562252 0.044451762570833796
trace 9.912767644726408e-05 3.6463198396951406
trademark 9.912767644726408e-05 0.0
transclusion 9.912767644726408e-05 0.0
transientcontent 9.912767644726408e-05 0.0
translator 9.912767644726408e-05 2.1799827709017134
transparent 9.912767644726408e-05 0.06280090123903044
triggered 9.912767644726408e-05 0.0
true 0.0023790642347343376 0.0
ttl 9.912767644726408e-05 0.0
type 0.0033703409992069788 0.0
u 0.00019825535289452815 0.0
ui 0.0052537668517049965 0.0
uk 0.0003965107057890563 0.6340582641899388
ul 0.005154639175257732 0.0
uls 0.0004956383822363204 0.0
under 9.912767644726408e-05 0.0
unicode 9.912767644726408e-05 2.1058747987479913
unit 9.912767644726408e-05 1.5668782980153044
united 0.0002973830293417922 0.9837320126696876
university 0.0009912767644726407 0.8947845266531914
university_of_cambridge 9.912767644726408e-05 4.051784947803305
university_of_cambridge_computer_laboratory 9.912767644726408e-05 4.74493212836325
university_of_london 9.912767644726408e-05 4.74493212836325
unknown 0.00019825535289452815 0.26759531388504365
unpin 0.00019825535289452815 0.0
unpinned 0.00019825535289452815 0.0
unstrip 0.0003965107057890563 0.0
updated 9.912767644726408e-05 0.41419878807691896
upload 0.0008921490880253767 0.0
upper 0.0003965107057890563 0.09097177820572679
url 0.0007930214115781126 0.0
us 0.00019825535289452815 0.0
usage 0.0003965107057890563 0.0
use 0.0005947660586835844 0.0
use_dmy_dates 0.00019825535289452815 3.1354942159291497
use_dmy_dates_from_april_2022 9.912767644726408e-05 4.74493212836325
uselang 9.912767644726408e-05 0.0
user 0.00267644726407613 0.0
useradd 0.00019825535289452815 0.0
userlogin 0.00019825535289452815 0.0
using 0.00019825535289452815 0.0
utc 9.912767644726408e-05 0.0
utf 9.912767644726408e-05 0.0
utm_campaign 9.912767644726408e-05 0.0
utm_medium 9.912767644726408e-05 0.0
utm_source 9.912767644726408e-05 0.0
ux 9.912767644726408e-05 0.08149303425118301
val 0.0002973830293417922 2.953172659135195
value 0.0013877874702616971 0.0
valuefunction 0.00019825535289452815 4.74493212836325
var 0.00019825535289452815 0.0
variant 9.912767644726408e-05 0.0
variants 0.0005947660586835844 0.0
vary 9.912767644726408e-05 0.10054122922187746
ve 9.912767644726408e-05 0.0
vector 0.024682791435368754 0.0
version 0.00019825535289452815 0.0
vertical 9.912767644726408e-05 0.6017974019717174
very 9.912767644726408e-05 0.9607424944449889
vevent 9.912767644726408e-05 0.22314355131420976
via 0.00019825535289452815 1.0313600616589422
view 0.0007930214115781126 0.0
viewport 9.912767644726408e-05 0.0
views 0.0002973830293417922 0.0
visible 9.912767644726408e-05 0.09097177820572679
visit 0.00019825535289452815 0.0
visited 9.912767644726408e-05 0.0
visualeditor 0.0003965107057890563 0.0
volume 0.00019825535289452815 0.8329091229351039
vue 0.00019825535289452815 0.0
w 0.0033703409992069788 0.0
walltime 9.912767644726408e-05 0.0
was 0.0016851704996034894 0.0
watchlist 9.912767644726408e-05 0.0
watchtoken 9.912767644726408e-05 0.0
wb 0.00019825535289452815 0.0
wbc 9.912767644726408e-05 0.0
web 0.00019825535289452815 0.09097177820572679
website 9.912767644726408e-05 0.0
weight 9.912767644726408e-05 0.05358424613410626
were 9.912767644726408e-05 0.6844891178168307
wgaction 9.912767644726408e-05 0.0
wgarticleid 9.912767644726408e-05 0.0
wgbackendresponsetime 9.912767644726408e-05 0.0
wgbreakframes 9.912767644726408e-05 0.0
wgcanonicalnamespace 9.912767644726408e-05 0.0
wgcanonicalspecialpagename 9.912767644726408e-05 0.0
wgcategories 9.912767644726408e-05 0.0
wgcentralauthmobiledomain 9.912767644726408e-05 0.0
wgcspnonce 9.912767644726408e-05 0.0
wgcurrevisionid 9.912767644726408e-05 0.0
wgdefaultdateformat 9.912767644726408e-05 0.0
wgdigittransformtable 9.912767644726408e-05 0.0
wgeditsubmitbuttonlabelpublish 9.912767644726408e-05 0.0
wgflaggedrevsparams 9.912767644726408e-05 0.0
wggestructuredtaskrejectionreasontextinputenabled 9.912767644726408e-05 0.0
wggetopicsmatchmodeenabled 9.912767644726408e-05 0.0
wghostname 9.912767644726408e-05 0.0
wgisarticle 9.912767644726408e-05 0.0
wgisprobablyeditable 9.912767644726408e-05 0.0
wgisredirect 9.912767644726408e-05 0.0
wgmediaviewerenabledbydefault 9.912767644726408e-05 0.0
wgmediavieweronclick 9.912767644726408e-05 0.0
wgmfdisplaywikibasedescriptions 9.912767644726408e-05 0.0
wgmonthnames 9.912767644726408e-05 0.0
wgnamespacenumber 9.912767644726408e-05 0.0
wgnoticeproject 9.912767644726408e-05 0.0
wgpagecontentlanguage 9.912767644726408e-05 0.0
wgpagecontentmodel 9.912767644726408e-05 0.0
wgpagename 9.912767644726408e-05 0.0
wgpageparsereport 9.912767644726408e-05 0.0
wgpopupsflags 9.912767644726408e-05 0.0
wgrelevantarticleid 9.912767644726408e-05 0.0
wgrelevantpageisprobablyeditable 9.912767644726408e-05 0.0
wgrelevantpagename 9.912767644726408e-05 0.0
wgrequestid 9.912767644726408e-05 0.0
wgrestrictionedit 9.912767644726408e-05 0.0
wgrestrictionmove 9.912767644726408e-05 0.0
wgrevisionid 9.912767644726408e-05 0.0
wgseparatortransformtable 9.912767644726408e-05 0.0
wgtitle 9.912767644726408e-05 0.0
wgulscurrentautonym 9.912767644726408e-05 0.0
wgulsiscompactlinksenabled 9.912767644726408e-05 0.0
wgulsislanguageselectorempty 9.912767644726408e-05 0.0
wgulsposition 9.912767644726408e-05 0.0
wgusergroups 9.912767644726408e-05 0.0
wgusername 9.912767644726408e-05 0.0
wgvector2022previewpages 9.912767644726408e-05 0.0
wgvisualeditor 9.912767644726408e-05 0.0
wgwikibaseitemid 9.912767644726408e-05 0.0
wgwmepagelength 9.912767644726408e-05 0.0
wgwmeschemaeditattemptstepoversample 9.912767644726408e-05 0.0
what 9.912767644726408e-05 0.0
whatlinkshere 0.00019825535289452815 0.0
when 0.00019825535289452815 0.0
while 0.00019825535289452815 0.7195804376281008
wider 9.912767644726408e-05 3.3586377672433594
width 0.0017842981760507533 0.0
wiki 0.010606661379857257 0.0
wikibase 0.0003965107057890563 0.0
wikidata 0.0010904044409199049 0.0
wikimedia 0.0031720856463124504 0.0
wikimediabadges 0.00019825535289452815 0.0
wikimediaevents 9.912767644726408e-05 0.0
wikimediafoundation 0.00019825535289452815 0.0
wikipedia 0.008227597145122919 0.0
wikisource 9.912767644726408e-05 0.09097177820572679
wikitext 9.912767644726408e-05 0.0
window 0.0002973830293417922 0.0
with 0.0006938937351308486 0.0
without 9.912767644726408e-05 0.9162907318741551
wmf 0.0002973830293417922 0.0
word 0.00019825535289452815 0.05358424613410626
wordmark 0.00019825535289452815 0.0
work 9.912767644726408e-05 0.9607424944449889
working 9.912767644726408e-05 1.1895840668738364
works 9.912767644726408e-05 0.0
worldcat 9.912767644726408e-05 1.5260563034950492
wpformidentifier 9.912767644726408e-05 0.0
wrap 0.00019825535289452815 0.06280090123903044
writing 9.912767644726408e-05 1.2791962255635234
written 0.00019825535289452815 0.44086703515908027
ws 9.912767644726408e-05 0.09097177820572679
www 0.0016851704996034894 0.0
x 0.0002973830293417922 0.0
xml 0.0002973830293417922 0.0
y 0.00019825535289452815 0.0
yadav 0.00019825535289452815 4.74493212836325
yapps 9.912767644726408e-05 4.74493212836325
years 9.912767644726408e-05 0.454472687214859
yes 9.912767644726408e-05 0.0
you 0.0004956383822363204 0.0
yue 0.0003965107057890563 0.540239508972284
z 0.00019825535289452815 0.0
z39 0.0007930214115781126 0.10054122922187746
z3988 0.0007930214115781126 0.10054122922187746
zh 0.0005947660586835844 0.48225225132193467
čeština 9.912767644726408e-05 1.377636298376776
программирования 9.912767644726408e-05 1.8004931491968095
русский 9.912767644726408e-05 0.6505875661411494
язык 9.912767644726408e-05 1.8004931491968095
ال 9.912767644726408e-05 3.6463198396951406
برنامه 9.912767644726408e-05 2.1058747987479913
زبان 9.912767644726408e-05 1.9723434061234688
سی 9.912767644726408e-05 2.3470368555648795
فارسی 9.912767644726408e-05 1.0313600616589422
نویسی 9.912767644726408e-05 2.1058747987479913
پی 9.912767644726408e-05 4.051784947803305
എൽ 9.912767644726408e-05 4.74493212836325
ഗ 9.912767644726408e-05 2.7990219793079367
ങ 9.912767644726408e-05 2.7990219793079367
പ 0.00019825535289452815 2.5477075510270306
ഭ 9.912767644726408e-05 2.665490586683414
മ 9.912767644726408e-05 2.7990219793079367
മലയ 9.912767644726408e-05 1.911718784307034
ര 0.00019825535289452815 2.665490586683414
ള 9.912767644726408e-05 1.911718784307034
ഷ 9.912767644726408e-05 2.5477075510270306
സ 9.912767644726408e-05 2.665490586683414
プログラミング言語 9.912767644726408e-05 2.7990219793079367
中文 9.912767644726408e-05 0.8329091229351039
日本語 9.912767644726408e-05 0.9382696385929302
程式語言 0.00019825535289452815 2.26002547857525
粵語 9.912767644726408e-05 0.540239508972284
언어 9.912767644726408e-05 2.03688192726104
프로그래밍 9.912767644726408e-05 2.1058747987479913
한국어 9.912767644726408e-05 1.0813704822336037
