0 0.005488134807142305 0.0
00 0.001314060446780552 0.0
000 0.00015459534668006494 0.0
004 0.0003091906933601299 3.1354942159291497
00_10 0.00015459534668006494 4.74493212836325
00_2 0.00015459534668006494 4.74493212836325
00_5 0.00015459534668006494 4.74493212836325
00_6 0.00015459534668006494 4.74493212836325
00_7 0.00015459534668006494 4.74493212836325
02 7.729767334003247e-05 0.48225225132193467
03 0.0002318930200200974 0.44086703515908027
039 0.0003091906933601299 0.0
03_bargain_computing 0.00015459534668006494 4.74493212836325
04 7.729767334003247e-05 0.5254244231871433
05 7.729767334003247e-05 0.6340582641899388
06 7.729767334003247e-05 0.5254244231871433
075 0.00015459534668006494 3.3586377672433594
08 7.729767334003247e-05 0.4682660093471948
09 7.729767334003247e-05 0.5860490450035782
095 0.00015459534668006494 4.74493212836325
0_unported_license 7.729767334003247e-05 0.0
0px 7.729767334003247e-05 0.7375989431307791
1 0.006956790600602922 0.0
10 0.0009275720800803896 0.0
100 0.0006183813867202598 0.0
1000 7.729767334003247e-05 0.0
10000 7.729767334003247e-05 1.2484245668967697
1000000 0.00015459534668006494 0.0
105 0.00015459534668006494 2.3470368555648795
106 0.00015459534668006494 1.749199854809259
11 0.0006956790600602922 0.21233263520999412
111 0.0003091906933601299 2.1058747987479913
1127780146 0.0005410837133802272 4.74493212836325
117 7.729767334003247e-05 0.0
12 0.001004869753420422 0.18058393689541388
1200 7.729767334003247e-05 1.1073459686368643
122 7.729767334003247e-05 1.911718784307034
125em 7.729767334003247e-05 0.0
126 0.0002318930200200974 1.8004931491968095
127 7.729767334003247e-05 0.09097177820572679
1273369 0.0002318930200200974 4.74493212836325
12px 7.729767334003247e-05 0.09097177820572679
12s5i 7.729767334003247e-05 0.0
13 0.0008502744067403571 0.0
133 7.729767334003247e-05 0.08149303425118301
13t18 0.00015459534668006494 4.74493212836325
14 0.0004637860400401948 0.22314355131420976
141 0.00015459534668006494 2.4423470353692043
146 0.00015459534668006494 2.1058747987479913
15 0.0003091906933601299 0.3382128810989969
1536 7.729767334003247e-05 4.74493212836325
1537 7.729767334003247e-05 4.74493212836325
157 7.729767334003247e-05 2.3470368555648795
16 0.0015459534668006492 0.2451224580329849
160 0.003169204606941331 0.0
16k 7.729767334003247e-05 4.74493212836325
16t16 0.00015459534668006494 4.74493212836325
17 0.0004637860400401948 0.44086703515908027
173 0.00015459534668006494 3.1354942159291497
17z 0.00015459534668006494 3.3586377672433594
18 0.0004637860400401948 0.48225225132193467
19 0.0002318930200200974 0.38822330167365837
1979 0.0003091906933601299 2.26002547857525
1980s 7.729767334003247e-05 1.7004096906398272
1983 0.0006183813867202598 1.9723434061234688
1984 0.0006956790600602922 1.911718784307034
1985 0.0005410837133802272 1.4127276181880462
1985_03_byte_10 7.729767334003247e-05 4.74493212836325
1em 0.0003091906933601299 0.02643325706815543
1x1 7.729767334003247e-05 0.0
2 0.0027827162402411687 0.0
20 0.0003091906933601299 0.0
200 7.729767334003247e-05 1.8545603704670854
2004 0.0006956790600602922 0.06280090123903044
20120309213853 7.729767334003247e-05 4.74493212836325
2015 0.001004869753420422 1.0072625100798818
2016 7.729767334003247e-05 0.9837320126696876
2022 0.0006183813867202598 0.0
20230314204104 7.729767334003247e-05 4.74493212836325
20230314204105 0.00015459534668006494 4.74493212836325
2097152 0.0003091906933601299 0.0
21 0.0016232511401406819 0.3504829736908114
217770 7.729767334003247e-05 4.74493212836325
21_ 0.00015459534668006494 4.74493212836325
21z 0.00015459534668006494 2.953172659135195
220 7.729767334003247e-05 1.8004931491968095
220px 7.729767334003247e-05 2.03688192726104
23 7.729767334003247e-05 0.48225225132193467
23id 7.729767334003247e-05 1.2185716037470886
23page 7.729767334003247e-05 3.1354942159291497
240 7.729767334003247e-05 3.1354942159291497
25 0.0003091906933601299 0.3260915205666521
255 0.00015459534668006494 0.09097177820572679
256 0.0002318930200200974 1.449095262358921
25701 0.00015459534668006494 4.74493212836325
25em 7.729767334003247e-05 0.035401927050916
26 0.0003091906933601299 0.0
260 0.00015459534668006494 3.6463198396951406
2617 0.00015459534668006494 4.74493212836325
27 0.0004637860400401948 0.42744401482693967
27100 0.00015459534668006494 4.74493212836325
273 0.00015459534668006494 3.1354942159291497
27s 0.00015459534668006494 1.0813704822336037
28 7.729767334003247e-05 0.5860490450035782
28programming 0.0008502744067403571 1.1340142157190256
28programming_language 0.00015459534668006494 1.1340142157190256
29 0.001004869753420422 0.22314355131420976
2c 0.0006183813867202598 0.48225225132193467
2cicon 7.729767334003247e-05 0.0
2cstyles 7.729767334003247e-05 0.0
2em 0.00015459534668006494 0.06280090123903044
2f 0.0006183813867202598 0.11020314013361425
2f1984 7.729767334003247e-05 4.74493212836325
2f1985_03_byte_10 7.729767334003247e-05 4.74493212836325
2f2up 7.729767334003247e-05 2.7990219793079367
2faction 7.729767334003247e-05 4.74493212836325
2falto 7.729767334003247e-05 4.74493212836325
2fanalog 7.729767334003247e-05 4.74493212836325
2fantic 7.729767334003247e-05 4.74493212836325
2farchive 0.00015459534668006494 1.5668782980153044
2fataripodcast 7.729767334003247e-05 4.74493212836325
2fatariwiki 7.729767334003247e-05 4.74493212836325
2fbyte 7.729767334003247e-05 3.6463198396951406
2fciteseerx 7.729767334003247e-05 2.1799827709017134
2fdetails 7.729767334003247e-05 1.6538896750049343
2fen 0.0005410837133802272 0.10054122922187746
2ffmt 0.0005410837133802272 0.10054122922187746
2fhi 7.729767334003247e-05 4.74493212836325
2fmapping 7.729767334003247e-05 4.74493212836325
2fmicro 0.00015459534668006494 4.051784947803305
2fmode 7.729767334003247e-05 2.7990219793079367
2fn283 7.729767334003247e-05 4.74493212836325
2fn5 7.729767334003247e-05 4.74493212836325
2fpage 7.729767334003247e-05 2.665490586683414
2fpdf 7.729767334003247e-05 2.1058747987479913
2frevisedpreface 7.729767334003247e-05 4.74493212836325
2from 7.729767334003247e-05 4.74493212836325
2fstream 7.729767334003247e-05 3.3586377672433594
2fsummary 7.729767334003247e-05 2.1799827709017134
2fv1n4 7.729767334003247e-05 4.74493212836325
2fviewdoc 7.729767334003247e-05 2.1799827709017134
2fwiki 0.00015459534668006494 2.03688192726104
2fwww 0.0002318930200200974 0.3382128810989969
2fxe 7.729767334003247e-05 4.74493212836325
2fxerox 7.729767334003247e-05 4.051784947803305
2up 7.729767334003247e-05 2.665490586683414
2x 0.0003091906933601299 0.0
3 0.0014686557934606168 0.0
30 0.0004637860400401948 0.5705448584676129
302 0.00015459534668006494 2.665490586683414
30_3 0.00015459534668006494 4.74493212836325
30_8 0.00015459534668006494 4.74493212836325
30em 7.729767334003247e-05 0.09097177820572679
31 0.0007729767334003246 0.0
3125em 7.729767334003247e-05 0.0
3168885 7.729767334003247e-05 4.74493212836325
32 0.0003091906933601299 0.26759531388504365
330px 7.729767334003247e-05 2.1058747987479913
336 7.729767334003247e-05 4.051784947803305
34 7.729767334003247e-05 1.1340142157190256
3574 0.00015459534668006494 4.74493212836325
36 0.00015459534668006494 0.8131064956389242
38 0.00015459534668006494 1.0313600616589422
381 0.00015459534668006494 4.051784947803305
382 0.00015459534668006494 3.1354942159291497
383 0.00015459534668006494 2.7990219793079367
39 0.00015459534668006494 0.3141153295199365
3a 0.0006183813867202598 0.11020314013361425
3a3 7.729767334003247e-05 0.09097177820572679
3aaction 0.0005410837133802272 4.74493212836325
3abook 0.0002318930200200974 0.22314355131420976
3ajournal 0.0003091906933601299 0.3260915205666521
3akev 0.0005410837133802272 0.10054122922187746
3amtx 0.0005410837133802272 0.10054122922187746
3aofi 0.0005410837133802272 0.10054122922187746
3asid 0.0005410837133802272 0.10054122922187746
3cols 7.729767334003247e-05 0.21233263520999412
3d10 7.729767334003247e-05 2.1799827709017134
3dcartridges 7.729767334003247e-05 4.74493212836325
3dciteseerx 7.729767334003247e-05 2.26002547857525
3em 0.00015459534668006494 0.035401927050916
3f 7.729767334003247e-05 1.3109449238781037
3fdoi 7.729767334003247e-05 2.1799827709017134
3fpage 7.729767334003247e-05 2.953172659135195
3px 7.729767334003247e-05 0.12981161152199053
4 0.0008502744067403571 0.02643325706815543
40 7.729767334003247e-05 0.0
400 0.00015459534668006494 0.0
417 0.00015459534668006494 3.6463198396951406
42 0.0002318930200200974 0.9607424944449889
424 0.00015459534668006494 3.3586377672433594
44 0.00015459534668006494 1.2185716037470886
45 0.0002318930200200974 1.1895840668738364
457 7.729767334003247e-05 3.6463198396951406
45_9 0.00015459534668006494 4.74493212836325
4aefceb5ec91 7.729767334003247e-05 4.74493212836325
4c 7.729767334003247e-05 0.09097177820572679
4ef1 7.729767334003247e-05 4.74493212836325
5 0.0009275720800803896 0.11020314013361425
50 0.0006956790600602922 0.0
500 0.00015459534668006494 0.0
5000000 0.00015459534668006494 0.0
52428800 0.00015459534668006494 0.008733679968754631
535 7.729767334003247e-05 3.6463198396951406
54 0.00015459534668006494 1.0072625100798818
55 7.729767334003247e-05 1.1895840668738364
559 7.729767334003247e-05 3.6463198396951406
571 7.729767334003247e-05 3.6463198396951406
5851496 0.00015459534668006494 4.74493212836325
59 0.0003091906933601299 0.40112670650956617
5em 0.0003091906933601299 0.0
5x 0.0003091906933601299 0.0
6 0.001004869753420422 0.044451762570833796
60 7.729767334003247e-05 0.8131064956389242
600 7.729767334003247e-05 2.26002547857525
61 0.00015459534668006494 1.3109449238781037
62 0.0003091906933601299 1.377636298376776
640 7.729767334003247e-05 1.0813704822336037
65 0.0003091906933601299 0.05358424613410626
6502 0.0003864883667001623 4.051784947803305
68 0.0002318930200200974 1.1895840668738364
6877 0.0002318930200200974 4.74493212836325
6em 7.729767334003247e-05 0.7195804376281008
7 0.0006183813867202598 0.0
70 0.00015459534668006494 1.449095262358921
72 0.00015459534668006494 1.1895840668738364
720px 7.729767334003247e-05 0.0
74 0.00015459534668006494 1.0072625100798818
767 7.729767334003247e-05 2.953172659135195
768 7.729767334003247e-05 4.051784947803305
7cext 0.0002318930200200974 0.0
7cmediawiki 7.729767334003247e-05 0.0
7cskins 7.729767334003247e-05 0.0
7cwikibase 7.729767334003247e-05 0.0
8 0.0018551441601607791 0.0
800 7.729767334003247e-05 1.1340142157190256
8125em 7.729767334003247e-05 0.0
8190 0.0003091906933601299 4.74493212836325
82 0.00015459534668006494 0.9162907318741551
857 7.729767334003247e-05 4.051784947803305
86 7.729767334003247e-05 0.7936884097818228
86400 0.00015459534668006494 0.8329091229351039
87455 0.0003091906933601299 4.74493212836325
88 0.0006956790600602922 0.0
898 0.00015459534668006494 2.7990219793079367
9 0.0003864883667001623 0.11020314013361425
90 7.729767334003247e-05 0.08149303425118301
91 0.0017778464868207467 0.0721032939013439
919 0.00015459534668006494 4.051784947803305
92 0.00015459534668006494 1.449095262358921
93 0.0017778464868207467 0.06280090123903044
95 7.729767334003247e-05 0.035401927050916
9px 0.0002318930200200974 0.09097177820572679
_ 0.003169204606941331 1.749199854809259
_ed1985 0.00015459534668006494 4.74493212836325
a 0.044446162170518666 0.0
a243 7.729767334003247e-05 4.74493212836325
a7 7.729767334003247e-05 0.8131064956389242
a9 7.729767334003247e-05 0.9382696385929302
aa 7.729767334003247e-05 0.0721032939013439
ability 7.729767334003247e-05 1.486835590341768
about 0.0010821674267604544 0.0
aboutsite 7.729767334003247e-05 0.0
above 7.729767334003247e-05 0.1599646496926782
absolute 7.729767334003247e-05 0.0
access 7.729767334003247e-05 0.8131064956389242
accessdate 7.729767334003247e-05 0.2451224580329849
accessible 7.729767334003247e-05 1.2484245668967697
accesskey 0.0014686557934606168 0.0
account 0.0003091906933601299 0.0
across 0.00015459534668006494 0.0
action 0.012058437041045065 0.0
action_ 0.00015459534668006494 4.74493212836325
action_programming_language 0.00015459534668006494 4.74493212836325
actions 7.729767334003247e-05 0.0
actionscr 0.0007729767334003246 4.74493212836325
actionversion36_sourcecode 7.729767334003247e-05 4.74493212836325
activation 0.00015459534668006494 3.1354942159291497
activation_record 7.729767334003247e-05 4.051784947803305
add 7.729767334003247e-05 0.0
addition 7.729767334003247e-05 1.16141318990714
additional 7.729767334003247e-05 0.0
addr 7.729767334003247e-05 4.74493212836325
address 0.0003864883667001623 0.0
addresses 7.729767334003247e-05 2.3470368555648795
afff 7.729767334003247e-05 4.74493212836325
after 0.0002318930200200974 0.0
age 0.0002318930200200974 2.665490586683414
ago 0.00015459534668006494 0.5108256237659907
agree 7.729767334003247e-05 0.0
alert 0.0003091906933601299 0.0
alfred 7.729767334003247e-05 3.3586377672433594
algol 0.0004637860400401948 1.3109449238781037
algol_68_dialect 7.729767334003247e-05 4.74493212836325
align 7.729767334003247e-05 0.05358424613410626
all 0.0002318930200200974 0.0
allocated 7.729767334003247e-05 2.665490586683414
allowing 0.00015459534668006494 1.3437347467010947
alpha 0.0003091906933601299 0.08149303425118301
also 0.0004637860400401948 0.19105523676270922
alt 0.0006956790600602922 0.0
alternate 0.0002318930200200974 0.0
alto 0.0006183813867202598 4.74493212836325
america 7.729767334003247e-05 2.7990219793079367
amp 0.01066707892092448 0.0
an 0.0009275720800803896 0.0
analog 0.0005410837133802272 4.74493212836325
analog_computing 0.00015459534668006494 4.74493212836325
anchor_id_list 7.729767334003247e-05 3.3586377672433594
and 0.004251372033701786 0.0
anon 0.00015459534668006494 0.0
anoncontribs 7.729767334003247e-05 0.0
anontalk 7.729767334003247e-05 0.0
anonymous 7.729767334003247e-05 0.0
another 7.729767334003247e-05 0.09097177820572679
antic 0.0006956790600602922 4.74493212836325
antic_ 7.729767334003247e-05 4.74493212836325
any 0.00015459534668006494 0.6844891178168307
api 7.729767334003247e-05 0.0
appeared 7.729767334003247e-05 0.40112670650956617
apple 0.00015459534668006494 0.0
application 0.0004637860400401948 0.0
applications 7.729767334003247e-05 0.7746402148111283
apply 7.729767334003247e-05 0.0
approved 7.729767334003247e-05 2.5477075510270306
april 7.729767334003247e-05 0.0
archive 0.0004637860400401948 0.3504829736908114
are 0.0003864883667001623 0.0
argument 7.729767334003247e-05 0.0
aria 0.0023962278735410064 0.0
array 0.00015459534668006494 1.16141318990714
arrays 7.729767334003247e-05 1.5260563034950492
article 0.0008502744067403571 0.0
articles 0.0003091906933601299 0.0
articles_with_short_description 7.729767334003247e-05 0.454472687214859
arts 0.00015459534668006494 3.1354942159291497
as 0.002009739506840844 0.0
aside 7.729767334003247e-05 2.953172659135195
assembler 0.0002318930200200974 2.03688192726104
assembly 0.00015459534668006494 1.2185716037470886
assigned 7.729767334003247e-05 2.1058747987479913
associated 0.0002318930200200974 0.0
async 0.00015459534668006494 0.0
at 0.0008502744067403571 0.0
atari 0.0025508232202210712 3.1354942159291497
atari8 7.729767334003247e-05 4.74493212836325
atari_8 0.0002318930200200974 4.051784947803305
atari_assembler_editor 7.729767334003247e-05 4.74493212836325
atari_basic 0.00015459534668006494 4.051784947803305
atariage 0.00015459534668006494 4.74493212836325
atariarchives 0.00015459534668006494 4.74493212836325
atariki 0.00015459534668006494 4.74493212836325
atarimagazines 0.00015459534668006494 3.6463198396951406
ataripodcast 7.729767334003247e-05 4.74493212836325
atariwiki 0.0002318930200200974 4.74493212836325
atitle 0.0003864883667001623 0.25629575863111026
atom 0.0002318930200200974 0.0
attribution 7.729767334003247e-05 0.0
au 0.00015459534668006494 0.48225225132193467
aufirst 0.0003864883667001623 0.3629054936893685
august 0.00015459534668006494 0.0
aulast 0.0003864883667001623 0.3629054936893685
author 0.0005410837133802272 0.0
auto 0.0002318930200200974 0.0
autocapitalize 7.729767334003247e-05 0.0
autostart 7.729767334003247e-05 0.11020314013361425
available 0.0003091906933601299 0.0
avoid 0.00015459534668006494 0.09097177820572679
b 0.004096776687021721 0.0
b4 7.729767334003247e-05 0.8329091229351039
background 0.0005410837133802272 0.017544309650909525
backlink 0.0013913581201205844 0.08149303425118301
baker 0.0005410837133802272 3.6463198396951406
bank 0.0003864883667001623 2.1058747987479913
bank_switch 7.729767334003247e-05 4.74493212836325
bank_switching 7.729767334003247e-05 4.74493212836325
based 7.729767334003247e-05 0.3504829736908114
basic 0.0005410837133802272 0.7195804376281008
basic_xl 7.729767334003247e-05 4.051784947803305
bcpl 0.0006183813867202598 2.665490586683414
bday 0.00015459534668006494 0.41419878807691896
bdi 0.00015459534668006494 0.7375989431307791
be 0.0006183813867202598 0.06280090123903044
because 7.729767334003247e-05 0.0
been 7.729767334003247e-05 0.6844891178168307
before 7.729767334003247e-05 0.0
began 7.729767334003247e-05 1.8004931491968095
being 7.729767334003247e-05 0.8737311174553593
below 7.729767334003247e-05 0.18058393689541388
benchmark 7.729767334003247e-05 2.7990219793079367
best 0.00015459534668006494 1.9723434061234688
between 0.0003091906933601299 0.7375989431307791
bibliography 0.0005410837133802272 2.665490586683414
bit 0.0015459534668006492 1.2791962255635234
bit_family 0.00015459534668006494 4.051784947803305
bit_family_software 7.729767334003247e-05 4.74493212836325
bitsavers 0.00015459534668006494 2.3470368555648795
block 7.729767334003247e-05 0.18058393689541388
blocks 0.00015459534668006494 1.449095262358921
body 0.0010821674267604544 0.0
bodycontent 0.00015459534668006494 0.0
book 0.00015459534668006494 0.42744401482693967
bookitem 7.729767334003247e-05 1.749199854809259
booksources 0.00015459534668006494 0.6673946844575306
bootstrap 7.729767334003247e-05 0.10054122922187746
border 0.0002318930200200974 0.0
bottom 0.0002318930200200974 0.05358424613410626
box 0.0007729767334003246 0.0
br 7.729767334003247e-05 0.42744401482693967
bracket 0.002473525546881039 0.0
break 0.0002318930200200974 0.05358424613410626
breaking 7.729767334003247e-05 3.6463198396951406
brian 0.0003091906933601299 1.7004096906398272
brian_moriarty 7.729767334003247e-05 4.74493212836325
browsing 7.729767334003247e-05 0.0
btitle 0.0002318930200200974 0.22314355131420976
btn 0.0004637860400401948 0.0
bushnell 0.00015459534668006494 4.74493212836325
but 0.00015459534668006494 0.3629054936893685
button 0.0029373115869212336 0.0
buttons 7.729767334003247e-05 0.0
by 0.001159465100100487 0.0
byte 0.0017778464868207467 1.9723434061234688
byte_sieve 7.729767334003247e-05 4.74493212836325
bytes 0.0003091906933601299 0.0
c 0.0006956790600602922 0.0
c13_en 7.729767334003247e-05 0.0
c_programming_language 7.729767334003247e-05 2.953172659135195
ca 0.0006183813867202598 0.0
cache 0.00015459534668006494 0.0
cached 7.729767334003247e-05 0.0
cachereport 7.729767334003247e-05 0.0
cactions 0.0004637860400401948 0.0
call 7.729767334003247e-05 1.1073459686368643
calls 7.729767334003247e-05 0.0
camera 0.00015459534668006494 3.3586377672433594
campaigns 7.729767334003247e-05 0.0
can 0.0003864883667001623 0.17022114985986725
canonical 0.00015459534668006494 0.0
cantonese 7.729767334003247e-05 0.540239508972284
capabilities 7.729767334003247e-05 1.911718784307034
capable 7.729767334003247e-05 2.26002547857525
caption 0.0002318930200200974 0.21233263520999412
car 7.729767334003247e-05 2.4423470353692043
card 0.0003864883667001623 2.3470368555648795
cardinal 0.0005410837133802272 4.051784947803305
carolina 0.00015459534668006494 4.051784947803305
cartridge 0.0003091906933601299 4.74493212836325
cartridges 0.0002318930200200974 4.74493212836325
case 7.729767334003247e-05 1.0813704822336037
categories 0.00015459534668006494 0.02643325706815543
category 0.0018551441601607791 0.0
catlinks 0.0004637860400401948 0.0
cats 7.729767334003247e-05 0.0721032939013439
center 0.0003864883667001623 0.017544309650909525
centralauth 0.00015459534668006494 0.0
centralautologin 0.00015459534668006494 0.0
centralnotice 0.0002318930200200974 0.0
chadwick 0.0002318930200200974 4.74493212836325
chadwick1985 0.00015459534668006494 4.74493212836325
chadwick1985_18 0.00015459534668006494 4.74493212836325
change 0.00015459534668006494 0.0
changes 0.0003864883667001623 0.0
changing 7.729767334003247e-05 2.4423470353692043
char 0.00015459534668006494 2.1799827709017134
charinsert 7.729767334003247e-05 0.0
charset 7.729767334003247e-05 0.0
checkbox 0.002628120893561104 0.0
child 7.729767334003247e-05 0.06280090123903044
chopper 7.729767334003247e-05 4.74493212836325
citation 0.001159465100100487 0.08149303425118301
citations 0.0005410837133802272 1.2185716037470886
cite 0.003478395300301461 0.0
cite_note 0.003169204606941331 0.08149303425118301
cite_ref 0.0035556929736414934 0.08149303425118301
cite_web 0.00015459534668006494 0.4682660093471948
cited 7.729767334003247e-05 2.665490586683414
citerefbakerparker1979 0.0002318930200200974 4.74493212836325
citerefchadwick1985 0.00015459534668006494 4.74493212836325
citereflaport1984 0.00015459534668006494 4.74493212836325
citerefmoriarty1984 0.0003864883667001623 4.74493212836325
citerefparker2015 0.0007729767334003246 4.74493212836325
citerefschneeflock 0.00015459534668006494 4.74493212836325
citeseerx 0.0002318930200200974 1.9723434061234688
citeseerx_ 7.729767334003247e-05 2.26002547857525
citethispage 7.729767334003247e-05 0.0
claimed 7.729767334003247e-05 2.665490586683414
claiming 7.729767334003247e-05 3.6463198396951406
class 0.036870990183195486 0.0
classname 0.0002318930200200974 0.0
cleanly 7.729767334003247e-05 3.1354942159291497
clear 7.729767334003247e-05 0.11995931507897897
client 0.0004637860400401948 0.0
clinton 0.0007729767334003246 4.051784947803305
clock 7.729767334003247e-05 3.6463198396951406
closely 7.729767334003247e-05 2.1058747987479913
code 0.001004869753420422 0.035401927050916
coll 0.0003091906933601299 0.0
collapsed 0.0002318930200200974 0.0
collapses 7.729767334003247e-05 0.0
collapsible 0.0007729767334003246 0.0
color 0.0004637860400401948 0.017544309650909525
colspan 0.0002318930200200974 0.14981227822866008
column 0.0002318930200200974 0.09097177820572679
columns 0.0004637860400401948 0.09097177820572679
com 0.0004637860400401948 0.11995931507897897
commander 7.729767334003247e-05 4.74493212836325
commas 7.729767334003247e-05 2.7990219793079367
commercial 7.729767334003247e-05 1.3109449238781037
commons 0.0003864883667001623 0.0
community 7.729767334003247e-05 0.0
community_portal 7.729767334003247e-05 0.0
compactlinks 7.729767334003247e-05 0.0
company 0.00015459534668006494 1.0072625100798818
compared 7.729767334003247e-05 1.9723434061234688
comparison 7.729767334003247e-05 0.7936884097818228
compilation 7.729767334003247e-05 1.7004096906398272
compiler 0.0009275720800803896 0.5108256237659907
compilers 7.729767334003247e-05 1.1340142157190256
compiles 7.729767334003247e-05 2.1799827709017134
complete 7.729767334003247e-05 1.4127276181880462
completed 7.729767334003247e-05 2.5477075510270306
complex 7.729767334003247e-05 1.2185716037470886
complications 7.729767334003247e-05 0.0
computation 7.729767334003247e-05 2.03688192726104
compute 0.00015459534668006494 2.03688192726104
computer 0.0006183813867202598 0.12981161152199053
computer_scientist 0.00015459534668006494 1.486835590341768
computers 0.0002318930200200974 1.0813704822336037
computing 0.0006956790600602922 0.3504829736908114
computing_platform 7.729767334003247e-05 1.6094379124341003
concepts 7.729767334003247e-05 1.486835590341768
concluded 0.00015459534668006494 3.3586377672433594
concluding 7.729767334003247e-05 4.74493212836325
confidence 7.729767334003247e-05 4.051784947803305
config 0.00015459534668006494 0.0
considered 7.729767334003247e-05 1.5668782980153044
constant 0.00015459534668006494 2.03688192726104
constructs 7.729767334003247e-05 1.5668782980153044
contact 0.0003091906933601299 0.0
contact_us 0.00015459534668006494 0.0
contactpage 7.729767334003247e-05 0.0
container 0.0010821674267604544 0.0
containing 7.729767334003247e-05 0.0
content 0.005256241787122208 0.0
contentinfo 7.729767334003247e-05 0.0
contents 0.001004869753420422 0.0
contentsub 7.729767334003247e-05 0.0
context 0.00015459534668006494 0.0
continued 7.729767334003247e-05 1.911718784307034
contribute 7.729767334003247e-05 0.0
contributions 7.729767334003247e-05 0.0
contributors 0.00015459534668006494 0.0
control 0.0002318930200200974 0.44086703515908027
controls 0.0003864883667001623 0.0
conversion 7.729767334003247e-05 0.0
convert 7.729767334003247e-05 2.7990219793079367
converted 7.729767334003247e-05 1.8545603704670854
cookie 0.0003864883667001623 0.0
cookie_statement 7.729767334003247e-05 0.0
cookiestatement 7.729767334003247e-05 0.0
coprocessor 7.729767334003247e-05 4.051784947803305
copyright 0.0002318930200200974 0.0
copyrightico 7.729767334003247e-05 0.0
cord 0.00015459534668006494 4.74493212836325
could 7.729767334003247e-05 1.0813704822336037
count 0.0005410837133802272 0.0
cpu 0.00015459534668006494 0.0
cputime 7.729767334003247e-05 0.0
create 0.0003091906933601299 0.0
createaccount 0.0003091906933601299 0.0
created 0.0002318930200200974 0.44086703515908027
creative 7.729767334003247e-05 0.0
creativecommons 0.00015459534668006494 0.0
cross 0.0002318930200200974 0.0
crossorigin 7.729767334003247e-05 0.0
cs1 0.0016232511401406819 0.09097177820572679
csrftoken 7.729767334003247e-05 0.0
ctx_ver 0.0005410837133802272 0.10054122922187746
current 0.00015459534668006494 0.0
current_events 7.729767334003247e-05 0.0
currentevents 7.729767334003247e-05 0.0
curyear 7.729767334003247e-05 4.74493212836325
cut 7.729767334003247e-05 2.665490586683414
cx 0.00015459534668006494 0.0
cycle 7.729767334003247e-05 0.6844891178168307
cycles 7.729767334003247e-05 3.6463198396951406
d 0.00015459534668006494 0.06280090123903044
d33 0.00015459534668006494 0.09097177820572679
d6 7.729767334003247e-05 0.09097177820572679
d8 0.00015459534668006494 0.7375989431307791
d9 7.729767334003247e-05 0.7936884097818228
d92f 7.729767334003247e-05 4.74493212836325
d9fd5e70 7.729767334003247e-05 4.74493212836325
da 7.729767334003247e-05 1.2185716037470886
dash 7.729767334003247e-05 3.6463198396951406
data 0.0035556929736414934 0.0
data_type 7.729767334003247e-05 2.5477075510270306
data_types 0.0003864883667001623 2.4423470353692043
date 0.0005410837133802272 0.08149303425118301
datemodified 0.00015459534668006494 0.0
datepublished 0.00015459534668006494 0.0
de 0.0003091906933601299 0.2905848321097423
debug 7.729767334003247e-05 2.4423470353692043
debugger 0.00015459534668006494 2.4423470353692043
december 0.0002318930200200974 0.0
decided 0.00015459534668006494 2.1799827709017134
decimal 7.729767334003247e-05 0.09097177820572679
declare 0.0003864883667001623 2.1058747987479913
declaring 7.729767334003247e-05 2.7990219793079367
decoding 7.729767334003247e-05 0.11020314013361425
deduplicate 0.0003091906933601299 0.017544309650909525
deduplicated 0.0005410837133802272 0.06280090123903044
define 7.729767334003247e-05 1.449095262358921
defined 0.00015459534668006494 0.9162907318741551
depth 0.0002318930200200974 0.0
describing 7.729767334003247e-05 1.911718784307034
description 0.0006183813867202598 0.0
design 7.729767334003247e-05 0.3141153295199365
designed 7.729767334003247e-05 0.3504829736908114
desktoparticletarget 0.0002318930200200974 0.0
details 0.00015459534668006494 1.1340142157190256
detection 7.729767334003247e-05 0.0
deutsch 7.729767334003247e-05 0.5254244231871433
develop 7.729767334003247e-05 1.911718784307034
developed 7.729767334003247e-05 0.540239508972284
developer 0.00015459534668006494 0.0
developers 0.00015459534668006494 0.0
development 0.0006183813867202598 0.38822330167365837
development_environment 0.0003091906933601299 3.6463198396951406
di 7.729767334003247e-05 1.8004931491968095
dialect 0.0002318930200200974 1.8004931491968095
did 0.00015459534668006494 1.7004096906398272
difference 7.729767334003247e-05 2.4423470353692043
differences 7.729767334003247e-05 1.911718784307034
different 0.0003091906933601299 0.38822330167365837
difficult 7.729767334003247e-05 2.26002547857525
dimension 7.729767334003247e-05 3.6463198396951406
dir 0.0002318930200200974 0.0
direct 7.729767334003247e-05 1.486835590341768
direct_memory_access 7.729767334003247e-05 4.74493212836325
directive 7.729767334003247e-05 2.26002547857525
disabled 0.0008502744067403571 0.0
disables 7.729767334003247e-05 4.74493212836325
disambig 7.729767334003247e-05 2.26002547857525
disambiguation 0.0002318930200200974 2.26002547857525
disappointed 7.729767334003247e-05 4.74493212836325
disclaimers 0.00015459534668006494 0.0
discuss 7.729767334003247e-05 0.0
discussion 0.00015459534668006494 0.0
display 0.0006956790600602922 0.0
displayed 7.729767334003247e-05 2.5477075510270306
displaying 7.729767334003247e-05 2.665490586683414
distribute 7.729767334003247e-05 3.6463198396951406
distributed 7.729767334003247e-05 1.1895840668738364
distribution 0.00015459534668006494 1.8545603704670854
div 0.01538223699466646 0.0
dma 0.00015459534668006494 4.74493212836325
dmy 7.729767334003247e-05 0.0
dns 0.00015459534668006494 0.0
do 0.0003091906933601299 0.8329091229351039
doctype 7.729767334003247e-05 0.0
document 0.0003091906933601299 0.0
documentelement 0.0002318930200200974 0.0
does 0.00015459534668006494 0.4682660093471948
doi 7.729767334003247e-05 0.8131064956389242
donate 0.0002318930200200974 0.0
donating 7.729767334003247e-05 0.0
down 0.00015459534668006494 1.6094379124341003
download 0.0003091906933601299 0.0
downloadaspdf 7.729767334003247e-05 0.0
driver 7.729767334003247e-05 2.3470368555648795
drivers 7.729767334003247e-05 2.665490586683414
dropdown 0.0019324418335008116 0.0
dtstart 0.00015459534668006494 0.41419878807691896
during 0.0002318930200200974 1.0560526742493137
e 0.0003091906933601299 0.0
earlier 7.729767334003247e-05 2.1058747987479913
easily 7.729767334003247e-05 1.749199854809259
easy 7.729767334003247e-05 1.7004096906398272
echo 7.729767334003247e-05 0.0
ed 0.00015459534668006494 0.8131064956389242
edit 0.004947051093762078 0.0
editable 7.729767334003247e-05 0.0
edited 7.729767334003247e-05 0.0
editing 7.729767334003247e-05 0.0
edition 0.0002318930200200974 1.2484245668967697
editor 0.0010821674267604544 0.0
editors 0.00015459534668006494 0.0
editpage 7.729767334003247e-05 0.0
edits 0.00015459534668006494 0.0
editsection 0.0037102883203215583 0.0
edituri 7.729767334003247e-05 0.0
edu 0.00015459534668006494 0.9607424944449889
effectus 0.00015459534668006494 4.74493212836325
efficient 7.729767334003247e-05 1.8545603704670854
electronic 0.00015459534668006494 2.3470368555648795
electronic_arts 7.729767334003247e-05 4.74493212836325
element 0.0005410837133802272 0.0
eliminates 7.729767334003247e-05 3.3586377672433594
ellipsis 0.00015459534668006494 0.0
else 7.729767334003247e-05 1.4127276181880462
elseif 7.729767334003247e-05 4.051784947803305
elt 7.729767334003247e-05 0.0
empty 7.729767334003247e-05 0.0
emptyportlet 0.00015459534668006494 0.0
en 0.002473525546881039 0.0
enabled 0.0008502744067403571 0.0
encouraged 0.0003091906933601299 0.0
encyclopedia 0.00015459534668006494 0.0
end 7.729767334003247e-05 0.0
ended 7.729767334003247e-05 3.1354942159291497
engine 7.729767334003247e-05 1.2185716037470886
english 0.0002318930200200974 0.0
enhancements 7.729767334003247e-05 0.0721032939013439
enough 0.00015459534668006494 2.4423470353692043
entire 7.729767334003247e-05 1.7004096906398272
entities 7.729767334003247e-05 0.0
entity 0.0003091906933601299 0.0
entityaccesscount 7.729767334003247e-05 0.0
entitypage 0.00015459534668006494 0.0
environment 0.0003864883667001623 0.7375989431307791
environments 7.729767334003247e-05 1.7004096906398272
enwiki 7.729767334003247e-05 0.0
enwikimwclientprefs 7.729767334003247e-05 0.0
eratosthenes 0.00015459534668006494 4.051784947803305
error 0.00015459534668006494 0.09097177820572679
es6 7.729767334003247e-05 0.0
esi 0.00015459534668006494 0.0
esitest 7.729767334003247e-05 0.0
especially 7.729767334003247e-05 1.8004931491968095
event 0.0007729767334003246 0.0
eventlogging 0.00015459534668006494 0.0
events 0.00015459534668006494 0.0
ever 7.729767334003247e-05 2.665490586683414
exact 7.729767334003247e-05 0.0
example 0.0004637860400401948 0.4682660093471948
example_code 0.0003091906933601299 4.051784947803305
examples 7.729767334003247e-05 1.2185716037470886
execution 0.00015459534668006494 0.9607424944449889
exist 7.729767334003247e-05 0.540239508972284
existence 7.729767334003247e-05 2.3470368555648795
exists 7.729767334003247e-05 0.0
exit 7.729767334003247e-05 1.9723434061234688
expand 0.0004637860400401948 0.0
expanded 0.0006956790600602922 0.008733679968754631
expansion 0.00015459534668006494 0.0
expansiondepth 7.729767334003247e-05 0.0
expected 7.729767334003247e-05 1.9723434061234688
expensive 7.729767334003247e-05 0.0
expensivefunctioncount 7.729767334003247e-05 0.0
expiry 0.00015459534668006494 0.0
exploit 7.729767334003247e-05 3.1354942159291497
export 7.729767334003247e-05 0.0
expressed 7.729767334003247e-05 2.4423470353692043
ext 0.002164334853520909 0.0
external 0.0014686557934606168 0.0
external_links 0.0003091906933601299 0.19105523676270922
extra 7.729767334003247e-05 0.0
f 0.0004637860400401948 0.0
fa 0.0003091906933601299 1.0072625100798818
fa8a495983347898 7.729767334003247e-05 0.0
fallbacksearchbutton 7.729767334003247e-05 0.0
false 0.0008502744067403571 0.0
family 0.0006183813867202598 0.7018808605286999
fast 0.0002318930200200974 1.7004096906398272
faster 7.729767334003247e-05 2.3470368555648795
favicon 7.729767334003247e-05 0.0
feature 0.0016232511401406819 0.0
featurename 0.0002318930200200974 0.0
features 7.729767334003247e-05 0.38822330167365837
feb 7.729767334003247e-05 2.665490586683414
february 0.0002318930200200974 0.0
feed 0.00015459534668006494 0.0
fi 0.00015459534668006494 1.377636298376776
figured 7.729767334003247e-05 4.051784947803305
file 0.0005410837133802272 0.0
file_size 7.729767334003247e-05 4.74493212836325
file_upload_wizard 0.00015459534668006494 0.0
files 7.729767334003247e-05 0.0
final 7.729767334003247e-05 1.5668782980153044
finely 7.729767334003247e-05 4.74493212836325
first 0.00015459534668006494 0.0
firstheading 0.0002318930200200974 0.0
fit 7.729767334003247e-05 2.665490586683414
fixed 7.729767334003247e-05 1.8545603704670854
flags 0.0003864883667001623 3.6463198396951406
float 7.729767334003247e-05 0.06280090123903044
floating 0.00015459534668006494 1.6094379124341003
floating_point 7.729767334003247e-05 4.74493212836325
flush 0.0003864883667001623 0.0
focused 7.729767334003247e-05 2.7990219793079367
following 7.729767334003247e-05 0.8131064956389242
font 0.0006956790600602922 0.017544309650909525
footer 0.002009739506840844 0.0
footnotebakerparker19791 0.0002318930200200974 4.74493212836325
footnotebakerparker19791_4 0.0003091906933601299 4.74493212836325
footnotemoriarty1984 0.0003864883667001623 4.74493212836325
footnotemoriarty198455 0.0002318930200200974 4.74493212836325
footnotemoriarty198455_12 0.0003091906933601299 4.74493212836325
footnotemoriarty198460 0.00015459534668006494 4.74493212836325
footnotemoriarty198460_15 0.00015459534668006494 4.74493212836325
footnotemoriarty1984_13 0.0006183813867202598 4.74493212836325
footnoteparker20151 0.0003091906933601299 4.74493212836325
footnoteparker20152 0.0003091906933601299 4.74493212836325
footnoteparker201520 0.0003091906933601299 4.74493212836325
footnoteparker201521 0.0003091906933601299 4.74493212836325
footnoteparker201528 0.0003091906933601299 4.74493212836325
footnoteparker20156 0.0006183813867202598 4.74493212836325
footnoteparker20157 0.0003091906933601299 4.74493212836325
for 0.0030919069336012984 0.0
form 0.0002318930200200974 0.0
format 0.0003864883667001623 0.0
formats 7.729767334003247e-05 1.911718784307034
formerly 0.0002318930200200974 1.911718784307034
formerly_proprietary_software 7.729767334003247e-05 4.74493212836325
forth 7.729767334003247e-05 1.8545603704670854
forums 0.00015459534668006494 2.7990219793079367
foundation 0.0006956790600602922 0.0
four 0.00015459534668006494 1.911718784307034
free 0.0006183813867202598 0.0
free_and_open 7.729767334003247e-05 1.6538896750049343
freely 7.729767334003247e-05 1.1895840668738364
from 0.0013913581201205844 0.0
full 0.0003091906933601299 0.044451762570833796
fullscreen 0.0002318930200200974 4.74493212836325
fulltext 7.729767334003247e-05 0.0
func 7.729767334003247e-05 1.2185716037470886
function 0.0004637860400401948 0.0
functions 7.729767334003247e-05 0.7018808605286999
fundamental 7.729767334003247e-05 2.5477075510270306
fundraiserredirector 7.729767334003247e-05 0.0
g 0.00015459534668006494 0.0
gadget 0.0003091906933601299 0.0
games 0.0002318930200200974 1.8545603704670854
games_computers_play 7.729767334003247e-05 4.74493212836325
gehomepagesuggestededitsenabletopics 7.729767334003247e-05 0.0
general 0.0002318930200200974 0.6844891178168307
general_disclaimer 7.729767334003247e-05 0.0
generator 7.729767334003247e-05 0.0
genre 0.0005410837133802272 0.10054122922187746
geoip 7.729767334003247e-05 0.0
german 7.729767334003247e-05 0.5108256237659907
get 7.729767334003247e-05 1.2791962255635234
global 7.729767334003247e-05 1.4127276181880462
globalcssjs 0.00015459534668006494 0.0
gnu 0.00015459534668006494 1.1340142157190256
gnu_general_public_license 7.729767334003247e-05 2.4423470353692043
go 0.0003864883667001623 0.0
good 0.00015459534668006494 1.8545603704670854
googpub 0.00015459534668006494 0.0
graduate 7.729767334003247e-05 3.6463198396951406
graphics 7.729767334003247e-05 1.6094379124341003
gray 7.729767334003247e-05 0.09097177820572679
greek 0.00015459534668006494 0.09097177820572679
green 7.729767334003247e-05 0.09097177820572679
greensboro 0.00015459534668006494 4.74493212836325
group 0.0003091906933601299 0.0
growthexperiments 7.729767334003247e-05 0.0
gt 0.0002318930200200974 0.8531118302526235
guidance 7.729767334003247e-05 0.0
guides 7.729767334003247e-05 0.0
gury 7.729767334003247e-05 4.74493212836325
h 0.00015459534668006494 0.0
h1 0.00015459534668006494 0.0
h2 0.0015459534668006492 0.0
h3 0.0010821674267604544 0.7195804376281008
hack 0.0004637860400401948 0.0
had 0.0003864883667001623 1.0313600616589422
half 0.00015459534668006494 2.26002547857525
hand 7.729767334003247e-05 2.26002547857525
happen 7.729767334003247e-05 3.1354942159291497
hard 7.729767334003247e-05 2.1799827709017134
has 0.0002318930200200974 0.0
haspopup 0.0003864883667001623 0.0
hatnote 0.0004637860400401948 1.0560526742493137
he 0.0004637860400401948 1.16141318990714
head 0.0002318930200200974 0.0
header 0.002009739506840844 0.0
heading 0.0017778464868207467 0.0
headline 0.0013913581201205844 0.0
height 0.0009275720800803896 0.0
help 0.0005410837133802272 0.0
henry 0.0004637860400401948 2.3470368555648795
henry_baker_ 0.00015459534668006494 4.051784947803305
here 7.729767334003247e-05 0.0
hi 0.0004637860400401948 2.4423470353692043
hidden 0.001004869753420422 0.0
hide 0.00015459534668006494 0.0
high 0.00015459534668006494 0.8531118302526235
highest 7.729767334003247e-05 0.0
himself 7.729767334003247e-05 3.6463198396951406
his 0.0003091906933601299 1.4127276181880462
history 0.0012367627734405195 0.0
home 7.729767334003247e-05 1.4127276181880462
homepak 0.0002318930200200974 4.74493212836325
hor 0.00015459534668006494 0.0
hosted 7.729767334003247e-05 0.0
how 0.0003864883667001623 0.0
however 0.0003864883667001623 0.0
href 0.021720646208549122 0.0
hreflang 0.0004637860400401948 0.11020314013361425
html 0.0002318930200200974 0.0
http 0.0012367627734405195 0.0
https 0.0032465022802813637 0.0
hub 7.729767334003247e-05 0.0
i 0.00471515807374198 0.008733679968754631
ian 0.0002318930200200974 2.7990219793079367
ibm 0.00015459534668006494 1.2185716037470886
ibm_pc 7.729767334003247e-05 3.1354942159291497
icd 0.00015459534668006494 4.74493212836325
ico 7.729767334003247e-05 0.0
icon 0.0034010976269614286 0.0
icons 0.0003091906933601299 0.0
id 0.016541702094766946 0.0
identifier 0.0003864883667001623 0.42744401482693967
idhash 7.729767334003247e-05 0.0
if 0.0003091906933601299 0.0
image 0.0010821674267604544 0.0
imageobject 0.00015459534668006494 0.0
images 0.0009275720800803896 0.0
img 0.0005410837133802272 0.0
impetus 7.729767334003247e-05 4.74493212836325
implement 7.729767334003247e-05 0.0
improvements 7.729767334003247e-05 0.0
in 0.004251372033701786 0.0
inc 0.0003864883667001623 0.0
include 0.0002318930200200974 0.0
included 7.729767334003247e-05 1.1340142157190256
increase 7.729767334003247e-05 2.665490586683414
index 0.0028600139135812014 0.0
indicators 7.729767334003247e-05 0.0
individual 7.729767334003247e-05 2.1058747987479913
info 0.0016232511401406819 0.0
infobox 0.002318930200200974 0.21233263520999412
infobox_software 0.0003091906933601299 1.0313600616589422
information 0.0002318930200200974 0.0
inherit 0.0004637860400401948 0.035401927050916
init 0.0003091906933601299 0.0
initial 7.729767334003247e-05 1.377636298376776
initialize 7.729767334003247e-05 3.1354942159291497
initially 7.729767334003247e-05 1.7004096906398272
inline 0.0005410837133802272 0.035401927050916
inner 0.00015459534668006494 0.0
input 0.0009275720800803896 0.0
inside 0.00015459534668006494 0.0721032939013439
inspired 7.729767334003247e-05 1.749199854809259
instead 7.729767334003247e-05 1.2484245668967697
int 0.0002318930200200974 1.6538896750049343
integer 0.0007729767334003246 1.4127276181880462
integrated 0.0003091906933601299 1.0560526742493137
integrated_development_environment 7.729767334003247e-05 1.7004096906398272
intended 7.729767334003247e-05 1.449095262358921
interaction 0.0002318930200200974 0.0
interest 7.729767334003247e-05 1.9723434061234688
interface 0.00015459534668006494 0.0
interlanguage 0.001314060446780552 0.0
internally 0.0002318930200200974 2.5477075510270306
interview 0.0005410837133802272 2.1058747987479913
interviewed 7.729767334003247e-05 4.051784947803305
interwiki 0.0004637860400401948 0.11020314013361425
into 7.729767334003247e-05 0.48225225132193467
introduction 0.0002318930200200974 0.0
ip 0.00015459534668006494 0.0
is 0.0018551441601607791 0.0
isbn 0.0002318930200200974 0.6673946844575306
isbn_ 7.729767334003247e-05 0.6673946844575306
issue 7.729767334003247e-05 0.8947845266531914
ist 0.00015459534668006494 1.9723434061234688
it 0.002164334853520909 0.0
italian 7.729767334003247e-05 0.7559480817989758
italiano 7.729767334003247e-05 0.7746402148111283
italic 7.729767334003247e-05 0.5705448584676129
item 0.0060292185205225324 0.0
items 7.729767334003247e-05 0.0
iterations 7.729767334003247e-05 3.3586377672433594
its 0.0004637860400401948 0.25629575863111026
itself 7.729767334003247e-05 1.2185716037470886
j 0.00015459534668006494 0.0
january 7.729767334003247e-05 0.0
jiffies 7.729767334003247e-05 4.74493212836325
joyfulcoder 0.00015459534668006494 4.74493212836325
jquery 7.729767334003247e-05 0.0
js 0.00015459534668006494 0.0
json 0.00015459534668006494 0.0
jsp 0.00015459534668006494 3.1354942159291497
jtitle 0.0003091906933601299 0.3260915205666521
july 7.729767334003247e-05 0.0
jump 0.00015459534668006494 0.0
june 0.0002318930200200974 0.0
k 0.0005410837133802272 0.0
kb 0.0003864883667001623 3.1354942159291497
kern 0.00015459534668006494 0.09097177820572679
key 7.729767334003247e-05 0.0
keyword 7.729767334003247e-05 1.6094379124341003
kindig 7.729767334003247e-05 4.74493212836325
krap 7.729767334003247e-05 4.74493212836325
label 0.004096776687021721 0.0
labelledby 7.729767334003247e-05 0.0
lack 0.00015459534668006494 2.26002547857525
landmark 0.0003091906933601299 0.0
lang 0.0017005488134807143 0.0
langlinks 0.00015459534668006494 0.0
language 0.00440596738038185 0.0
languages 0.0012367627734405195 0.0
laport 0.00015459534668006494 4.74493212836325
laporte 0.0002318930200200974 4.74493212836325
largely 7.729767334003247e-05 2.1058747987479913
larger 7.729767334003247e-05 2.665490586683414
last 7.729767334003247e-05 0.0
lastmod 7.729767334003247e-05 0.0
late 0.00015459534668006494 1.6538896750049343
later 0.00015459534668006494 0.8531118302526235
lauded 7.729767334003247e-05 4.74493212836325
lazy 0.00015459534668006494 0.0
ld 0.00015459534668006494 0.0
learn 0.0003864883667001623 0.0
least 0.00015459534668006494 1.8545603704670854
left 0.0006183813867202598 0.0
leftmargin 0.00015459534668006494 4.74493212836325
leo 0.0003091906933601299 4.051784947803305
leo_laporte 7.729767334003247e-05 4.74493212836325
level 0.0013913581201205844 0.0
levels 7.729767334003247e-05 0.0
li 0.017082785808147174 0.0
library 0.00015459534668006494 0.6340582641899388
libsyn 0.00015459534668006494 4.74493212836325
license 0.0004637860400401948 0.0
licenses 0.00015459534668006494 0.0
life 7.729767334003247e-05 0.6340582641899388
lights 0.00015459534668006494 4.74493212836325
like 0.0002318930200200974 0.41419878807691896
limit 0.0008502744067403571 0.0
limited 0.0006183813867202598 0.0
limitreport 0.0003091906933601299 0.0
line 7.729767334003247e-05 0.10054122922187746
lines 7.729767334003247e-05 1.5260563034950492
linguaggio 7.729767334003247e-05 1.8004931491968095
linguaggio_di_programmazione 7.729767334003247e-05 2.1799827709017134
link 0.004251372033701786 0.0
linked 7.729767334003247e-05 0.0
links 0.0014686557934606168 0.0
list 0.008502744067403572 0.0
listbullet 0.0002318930200200974 0.0
little 7.729767334003247e-05 2.26002547857525
living 7.729767334003247e-05 3.3586377672433594
load 0.0002318930200200974 0.0
loaded 7.729767334003247e-05 0.0
loader 7.729767334003247e-05 0.0
loading 0.0002318930200200974 0.0
loc 7.729767334003247e-05 0.0
local 7.729767334003247e-05 1.3437347467010947
lock 0.0009275720800803896 0.09097177820572679
log 0.0005410837133802272 0.0
logged 0.00015459534668006494 0.0
login 0.0003864883667001623 0.0
logo 0.0006956790600602922 0.0
logs 0.00015459534668006494 3.1354942159291497
long 7.729767334003247e-05 1.5260563034950492
lower 0.0005410837133802272 0.09097177820572679
lsh 7.729767334003247e-05 4.74493212836325
lt 0.0003091906933601299 0.9382696385929302
ltr 0.0005410837133802272 0.0
lua 0.00015459534668006494 0.008733679968754631
m 0.00015459534668006494 0.0
machine 7.729767334003247e-05 0.6340582641899388
machine_code_monitor 7.729767334003247e-05 4.74493212836325
made 0.00015459534668006494 0.0
magazine 0.001004869753420422 1.6538896750049343
magazines 7.729767334003247e-05 3.3586377672433594
main 0.002009739506840844 0.0
main_page 0.00015459534668006494 0.0
mainentity 0.00015459534668006494 0.0
mainpage 7.729767334003247e-05 0.0
maint 7.729767334003247e-05 0.09097177820572679
make 7.729767334003247e-05 1.2484245668967697
man 0.00015459534668006494 2.3470368555648795
management 7.729767334003247e-05 1.0813704822336037
mandatory 0.0003091906933601299 0.0
manual 7.729767334003247e-05 1.1340142157190256
many 7.729767334003247e-05 0.6673946844575306
map 7.729767334003247e-05 1.8004931491968095
mapping 0.0003864883667001623 2.5477075510270306
mapping_the_atari 7.729767334003247e-05 4.74493212836325
march 0.0002318930200200974 0.0
margin 0.0007729767334003246 0.017544309650909525
match 7.729767334003247e-05 0.0
max 0.00015459534668006494 0.0
may 0.0003091906933601299 0.0
media 0.00015459534668006494 0.0
mediawiki 0.0006183813867202598 0.0
memory 0.0003091906933601299 0.008733679968754631
memusage 7.729767334003247e-05 0.008733679968754631
menu 0.007652469660663214 0.0
message 0.00015459534668006494 0.0
meta 0.0016232511401406819 0.0
micro 0.0015459534668006492 1.9723434061234688
microcode 0.0003864883667001623 3.6463198396951406
min 7.729767334003247e-05 0.12981161152199053
minerva 0.0005410837133802272 0.13976194237515863
minutes 7.729767334003247e-05 3.1354942159291497
mmv 0.00015459534668006494 0.11020314013361425
mobile 0.0002318930200200974 0.0
mobileaction 7.729767334003247e-05 0.0
mobileview 7.729767334003247e-05 0.0
mod 7.729767334003247e-05 2.1799827709017134
mode 7.729767334003247e-05 1.5260563034950492
modified 7.729767334003247e-05 2.4423470353692043
module 0.00015459534668006494 0.0
modules 0.0002318930200200974 0.0
mon 7.729767334003247e-05 4.74493212836325
monitor 0.0002318930200200974 2.1058747987479913
more 0.001159465100100487 0.0
moriarty 0.0005410837133802272 4.74493212836325
mos 0.00015459534668006494 4.74493212836325
mos_technologies_6502 7.729767334003247e-05 4.74493212836325
most 7.729767334003247e-05 0.6340582641899388
move 7.729767334003247e-05 0.0
moved 0.0002318930200200974 0.0
ms 7.729767334003247e-05 0.0
multiple 0.0002318930200200974 0.7936884097818228
mw 0.02635850660895107 0.0
mw1367 7.729767334003247e-05 3.1354942159291497
mw1451 0.00015459534668006494 4.051784947803305
mycontributions 7.729767334003247e-05 0.0
mytalk 7.729767334003247e-05 0.0
n 0.0028600139135812014 0.0
n283 7.729767334003247e-05 4.74493212836325
n5 7.729767334003247e-05 4.74493212836325
name 0.0025508232202210712 0.0
namespaces 7.729767334003247e-05 0.0
narticle_whitelist 7.729767334003247e-05 3.3586377672433594
native 7.729767334003247e-05 1.3437347467010947
natural 0.0002318930200200974 2.1058747987479913
natural_language 7.729767334003247e-05 4.74493212836325
nav 0.0010821674267604544 0.0
navbar 7.729767334003247e-05 0.06280090123903044
navigation 0.0009275720800803896 0.0
navigationtiming 7.729767334003247e-05 0.0
nearby 7.729767334003247e-05 0.0
needing 7.729767334003247e-05 1.5260563034950492
net 0.0003091906933601299 0.7195804376281008
new 0.0003091906933601299 0.14981227822866008
newpp 7.729767334003247e-05 0.0
news 0.00015459534668006494 0.5552773863368246
nextyear 7.729767334003247e-05 4.74493212836325
no 0.0006956790600602922 0.0
node 7.729767334003247e-05 0.0
noexcerpt 7.729767334003247e-05 0.42744401482693967
nofollow 0.001314060446780552 0.0
noicon 0.0003864883667001623 0.0
nojs 7.729767334003247e-05 0.0
nolan 0.00015459534668006494 4.74493212836325
nolan_bushnell 7.729767334003247e-05 4.74493212836325
nomobile 7.729767334003247e-05 0.4682660093471948
non 7.729767334003247e-05 0.0
none 0.001004869753420422 0.0
noprint 0.0004637860400401948 0.0
normal 0.0002318930200200974 0.0
normally 0.00015459534668006494 2.03688192726104
north 0.0002318930200200974 2.953172659135195
noscript 0.0003091906933601299 0.0
nosnippet 7.729767334003247e-05 0.0
not 0.0007729767334003246 0.0
note 7.729767334003247e-05 0.6340582641899388
notice 7.729767334003247e-05 0.0
noting 7.729767334003247e-05 4.051784947803305
november 0.00015459534668006494 0.0
now 7.729767334003247e-05 1.0072625100798818
nowrap 0.0005410837133802272 0.05358424613410626
ns 0.00015459534668006494 0.0
nstab 7.729767334003247e-05 0.0
ntemplate_list 7.729767334003247e-05 3.3586377672433594
null 7.729767334003247e-05 0.0
numb 0.0012367627734405195 0.0
number 7.729767334003247e-05 0.0
numbers 7.729767334003247e-05 1.16141318990714
numeric 7.729767334003247e-05 1.911718784307034
numerous 7.729767334003247e-05 2.5477075510270306
o 0.0003091906933601299 0.0
october 7.729767334003247e-05 0.0
od 0.0003091906933601299 3.6463198396951406
of 0.0036329906469815256 0.0
off 0.00015459534668006494 1.449095262358921
og 0.0007729767334003246 0.0
ol 0.0002318930200200974 0.035401927050916
oldid 0.0002318930200200974 0.0
on 0.0013913581201205844 0.0
one 0.0004637860400401948 0.42744401482693967
only 0.0003864883667001623 0.0
opcode 0.00015459534668006494 3.6463198396951406
opcodes 7.729767334003247e-05 3.1354942159291497
open 0.0002318930200200974 0.7018808605286999
opensearch_desc 7.729767334003247e-05 0.0
opensearchdescription 7.729767334003247e-05 0.0
operations 7.729767334003247e-05 1.4127276181880462
operator 7.729767334003247e-05 1.2791962255635234
optimizations 7.729767334003247e-05 2.665490586683414
optimized 0.0007729767334003246 2.7990219793079367
optimized_systems_software 0.0003091906933601299 4.051784947803305
options 0.0003864883667001623 0.0
or 0.0003864883667001623 0.0
order 7.729767334003247e-05 1.1073459686368643
org 0.005874623173842467 0.0
organization 0.0004637860400401948 0.0
organized 7.729767334003247e-05 2.953172659135195
origin 0.0003864883667001623 0.0
original 0.00015459534668006494 0.3022808718729337
oss 0.0004637860400401948 4.051784947803305
other 0.0003864883667001623 0.0
out 0.0002318930200200974 0.0
output 0.003787585993661591 0.0
overflow 0.00015459534668006494 0.0
overhead 7.729767334003247e-05 2.4423470353692043
ozbekcha 7.729767334003247e-05 1.749199854809259
p 0.007265981293963051 0.0
package 0.00015459534668006494 1.486835590341768
padding 0.0003864883667001623 0.017544309650909525
page 0.003942181340341655 0.0
pagelanguagecode 7.729767334003247e-05 0.0
pagelanguagedir 7.729767334003247e-05 0.0
pageprop 7.729767334003247e-05 0.27902400970866637
pages 0.0008502744067403571 0.0
pagetype 0.00015459534668006494 1.16141318990714
pagevariantfallbacks 7.729767334003247e-05 0.0
panel 0.0003091906933601299 0.0
paperclip 0.0004637860400401948 4.74493212836325
parc 0.00015459534668006494 4.051784947803305
parker 0.0020870371801808766 3.6463198396951406
parsed 7.729767334003247e-05 0.0
parser 0.003787585993661591 0.0
parsing 7.729767334003247e-05 2.7990219793079367
part 7.729767334003247e-05 0.7375989431307791
partner 7.729767334003247e-05 3.6463198396951406
pascal 7.729767334003247e-05 1.1073459686368643
pass 0.00015459534668006494 1.6538896750049343
pass_compiler 7.729767334003247e-05 4.74493212836325
past 7.729767334003247e-05 0.0
paste 7.729767334003247e-05 3.3586377672433594
patroltoken 7.729767334003247e-05 0.0
pc 0.00015459534668006494 1.6094379124341003
pcache 7.729767334003247e-05 0.0
pdf 0.0004637860400401948 0.0
people 7.729767334003247e-05 1.0560526742493137
performance 0.0002318930200200974 1.486835590341768
period 7.729767334003247e-05 2.4423470353692043
permalink 7.729767334003247e-05 0.0
permanent 0.00015459534668006494 0.0
persian 7.729767334003247e-05 1.0313600616589422
personal 0.0003864883667001623 0.0
phd 7.729767334003247e-05 2.665490586683414
php 0.0035556929736414934 0.0
pin 0.00015459534668006494 0.0
ping 7.729767334003247e-05 4.051784947803305
pinnable 0.0009275720800803896 0.0
pinned 0.0007729767334003246 0.0
pl 0.0004637860400401948 0.9162907318741551
place 7.729767334003247e-05 0.8737311174553593
placeholder 7.729767334003247e-05 0.0
places 0.0006956790600602922 0.0
platform 0.0003091906933601299 0.5552773863368246
platforms 0.00015459534668006494 1.3437347467010947
play 0.0002318930200200974 2.1799827709017134
pm 7.729767334003247e-05 3.3586377672433594
png 0.0015459534668006492 0.0
podcast 7.729767334003247e-05 4.051784947803305
point 0.0005410837133802272 0.9162907318741551
pointer 0.00015459534668006494 1.749199854809259
pointers 7.729767334003247e-05 1.911718784307034
policy 0.00015459534668006494 0.0
polish 7.729767334003247e-05 0.9837320126696876
polski 7.729767334003247e-05 1.0560526742493137
pong 0.0002318930200200974 3.6463198396951406
poor 0.00015459534668006494 2.953172659135195
population 0.00015459534668006494 4.74493212836325
popups 7.729767334003247e-05 0.0
port 7.729767334003247e-05 2.4423470353692043
portal 0.0002318930200200974 0.0
ported 7.729767334003247e-05 2.03688192726104
porting 7.729767334003247e-05 2.953172659135195
portlet 0.0020870371801808766 0.0
position 7.729767334003247e-05 0.0
post 0.00015459534668006494 0.0
posted 7.729767334003247e-05 3.3586377672433594
postexpandincludesize 7.729767334003247e-05 0.0
postgraduate 7.729767334003247e-05 4.74493212836325
power 7.729767334003247e-05 1.449095262358921
powered 7.729767334003247e-05 0.0
poweredby_mediawiki_132x47 7.729767334003247e-05 0.0
poweredby_mediawiki_176x62 7.729767334003247e-05 0.0
poweredby_mediawiki_88x31 7.729767334003247e-05 0.0
poweredbyico 7.729767334003247e-05 0.0
pp 0.00015459534668006494 0.9382696385929302
ppvisitednodes 7.729767334003247e-05 0.0
praised 0.00015459534668006494 4.051784947803305
pre 0.0009275720800803896 0.40112670650956617
precludes 7.729767334003247e-05 4.74493212836325
preconnect 7.729767334003247e-05 0.11020314013361425
preface 0.00015459534668006494 3.6463198396951406
prefetch 0.00015459534668006494 0.0
preprocessor 7.729767334003247e-05 0.0
preventing 7.729767334003247e-05 2.665490586683414
preview 7.729767334003247e-05 0.0
previously 7.729767334003247e-05 1.8545603704670854
prevyear 7.729767334003247e-05 4.74493212836325
prime 0.0003091906933601299 3.1354942159291497
primes 7.729767334003247e-05 3.6463198396951406
print 0.00015459534668006494 0.0
print_export 0.0002318930200200974 0.0
printable 0.0002318930200200974 0.0
printer 0.00015459534668006494 2.665490586683414
printer_driver 7.729767334003247e-05 4.74493212836325
printf 0.00015459534668006494 3.1354942159291497
printfooter 7.729767334003247e-05 0.0
privacy 0.0002318930200200974 0.0
privacy_policy 0.00015459534668006494 0.0
probably 7.729767334003247e-05 2.4423470353692043
proc 0.00015459534668006494 2.3470368555648795
procedural 0.0003091906933601299 1.0813704822336037
procedural_programming_languages 7.729767334003247e-05 1.749199854809259
processing 7.729767334003247e-05 0.8947845266531914
processor 0.0003091906933601299 1.6094379124341003
produced 7.729767334003247e-05 1.9723434061234688
productivity 7.729767334003247e-05 2.3470368555648795
products 7.729767334003247e-05 1.4127276181880462
profit 7.729767334003247e-05 0.0
profitsq1 7.729767334003247e-05 4.74493212836325
profitsq2 7.729767334003247e-05 4.74493212836325
profitsq3 7.729767334003247e-05 4.74493212836325
profitsq4 7.729767334003247e-05 4.74493212836325
program 0.0002318930200200974 0.41419878807691896
programmazione 7.729767334003247e-05 2.1799827709017134
programmed 7.729767334003247e-05 2.26002547857525
programmer 0.0003091906933601299 0.9837320126696876
programmiersprache 0.00015459534668006494 1.8004931491968095
programming 0.002628120893561104 0.0
programming_language 0.003169204606941331 0.08149303425118301
programming_languages_created_in_1983 7.729767334003247e-05 4.051784947803305
programs 0.0004637860400401948 0.6340582641899388
progressive 0.0002318930200200974 0.0
project 7.729767334003247e-05 0.7936884097818228
projects 0.0002318930200200974 0.0
property 0.0008502744067403571 0.0
proprietary 0.0002318930200200974 1.5260563034950492
provide 7.729767334003247e-05 0.9382696385929302
provided 0.0002318930200200974 1.0560526742493137
psu 0.00015459534668006494 1.9723434061234688
pt 0.0004637860400401948 0.0
pub 0.00015459534668006494 0.41419878807691896
public 0.00015459534668006494 0.9162907318741551
publications 0.00015459534668006494 1.5260563034950492
published 0.0002318930200200974 0.3504829736908114
publisher 0.00015459534668006494 0.0
purchased 7.729767334003247e-05 3.1354942159291497
push 0.0002318930200200974 0.0
puts 7.729767334003247e-05 3.3586377672433594
q 0.0002318930200200974 0.0
q343587 0.0005410837133802272 4.74493212836325
quick 0.00015459534668006494 0.0
quiet 0.0004637860400401948 0.0
quotes 7.729767334003247e-05 0.09097177820572679
r 0.00015459534668006494 0.0
r1011085734 7.729767334003247e-05 0.09097177820572679
r1033289096 7.729767334003247e-05 1.0560526742493137
r1066479718 0.00015459534668006494 0.21233263520999412
r1133582631 0.0005410837133802272 0.09097177820572679
racing 7.729767334003247e-05 4.74493212836325
ram 0.00015459534668006494 2.665490586683414
ran 7.729767334003247e-05 2.26002547857525
random 0.00015459534668006494 0.0
randomly 7.729767334003247e-05 0.0
randompage 7.729767334003247e-05 0.0
randy 7.729767334003247e-05 4.74493212836325
range 0.0002318930200200974 1.7004096906398272
raw 7.729767334003247e-05 0.0
re 0.00015459534668006494 0.0
read 0.00015459534668006494 0.0
reading 7.729767334003247e-05 1.16141318990714
ready 0.001314060446780552 0.0
real 7.729767334003247e-05 0.0
reason 7.729767334003247e-05 2.3470368555648795
receive 7.729767334003247e-05 3.1354942159291497
received 7.729767334003247e-05 2.3470368555648795
recent 0.0002318930200200974 0.0
recentchanges 0.0002318930200200974 0.0
recentchangeslinked 0.00015459534668006494 0.0
reception 0.0005410837133802272 3.1354942159291497
recognizes 7.729767334003247e-05 3.6463198396951406
recommend 7.729767334003247e-05 4.74493212836325
record 7.729767334003247e-05 1.749199854809259
records 7.729767334003247e-05 1.749199854809259
recursion 0.0003091906933601299 0.0
red 7.729767334003247e-05 0.09097177820572679
redirect 0.001159465100100487 0.008733679968754631
redlink 7.729767334003247e-05 0.7746402148111283
reduced 7.729767334003247e-05 0.0
reference 0.003323799953621396 0.035401927050916
references 0.001004869753420422 0.008733679968754631
referencetooltips 7.729767334003247e-05 0.0
referrer 0.0002318930200200974 0.0
reflist 0.0012367627734405195 0.09097177820572679
registered 7.729767334003247e-05 0.0
registration 0.00015459534668006494 0.08149303425118301
rel 0.003169204606941331 0.0
related 0.00015459534668006494 0.0
release 0.0002318930200200974 0.49643688631389105
released 7.729767334003247e-05 1.0072625100798818
releasing 7.729767334003247e-05 3.1354942159291497
rendering 7.729767334003247e-05 0.0
repeat 0.0003091906933601299 0.0721032939013439
replace 0.00015459534668006494 0.0
report 0.0003091906933601299 0.0
reported 7.729767334003247e-05 2.7990219793079367
represented 0.0002318930200200974 1.9723434061234688
require 7.729767334003247e-05 0.0
requires 7.729767334003247e-05 1.5668782980153044
res 0.0004637860400401948 3.6463198396951406
res_ 7.729767334003247e-05 4.74493212836325
rescan 0.00015459534668006494 4.74493212836325
resembled 7.729767334003247e-05 4.051784947803305
reserved 0.0003864883667001623 2.3470368555648795
reserved_word 7.729767334003247e-05 4.051784947803305
reserved_words 0.0003091906933601299 4.051784947803305
reset 7.729767334003247e-05 0.26759531388504365
resourceloaderdynamicstyles 7.729767334003247e-05 0.0
responsive 7.729767334003247e-05 4.74493212836325
restore 7.729767334003247e-05 4.051784947803305
retrieved 0.00015459534668006494 0.0
retrobits 0.00015459534668006494 4.74493212836325
return 0.00015459534668006494 1.1073459686368643
returnto 0.0003091906933601299 0.0
review 0.00015459534668006494 2.26002547857525
reviewed 7.729767334003247e-05 3.3586377672433594
revised 0.00015459534668006494 2.1799827709017134
revisedpreface 7.729767334003247e-05 4.74493212836325
revision 0.0002318930200200974 0.0
revisions 7.729767334003247e-05 0.0
rfr_id 0.0005410837133802272 0.10054122922187746
rft 0.0035556929736414934 0.10054122922187746
rft_id 0.0006183813867202598 0.11020314013361425
rft_val_fmt 0.0005410837133802272 0.10054122922187746
rgba 7.729767334003247e-05 0.09097177820572679
right 0.0006956790600602922 0.0
rl 7.729767334003247e-05 0.0
rlconf 7.729767334003247e-05 0.0
rlpagemodules 7.729767334003247e-05 0.0
rlq 0.0004637860400401948 0.0
rlstate 7.729767334003247e-05 0.0
robots 7.729767334003247e-05 0.0
role 0.001159465100100487 0.0
rom 0.0003091906933601299 3.3586377672433594
rom_cartridge 7.729767334003247e-05 4.74493212836325
roman 0.0003091906933601299 0.09097177820572679
rootpage 7.729767334003247e-05 0.0
routinely 7.729767334003247e-05 4.74493212836325
row 0.0004637860400401948 0.12981161152199053
royalties 7.729767334003247e-05 4.74493212836325
rsd 0.00015459534668006494 0.0
rsh 7.729767334003247e-05 4.74493212836325
rtclok 0.0002318930200200974 4.74493212836325
run 0.0004637860400401948 0.7018808605286999
s 0.0009275720800803896 0.0
sa 0.00015459534668006494 0.0
said 7.729767334003247e-05 2.1799827709017134
sales 0.0003091906933601299 2.953172659135195
same 7.729767334003247e-05 0.8737311174553593
sameas 0.00015459534668006494 0.0
saved 7.729767334003247e-05 0.0
schema 0.00015459534668006494 0.0
schneeflock 0.00015459534668006494 4.74493212836325
schneeflock198503 0.00015459534668006494 4.74493212836325
schneeflock198503_17 0.00015459534668006494 4.74493212836325
scientist 0.00015459534668006494 1.377636298376776
scope 0.0004637860400401948 0.11995931507897897
screen 0.0004637860400401948 0.0
scribunto 0.00015459534668006494 0.008733679968754631
script 0.0010821674267604544 0.0
scripts 7.729767334003247e-05 0.0
scrolling 7.729767334003247e-05 4.74493212836325
sdmctl 0.0002318930200200974 4.74493212836325
search 0.002164334853520909 0.0
searchable 7.729767334003247e-05 1.0560526742493137
searchaux 7.729767334003247e-05 0.4682660093471948
searchbutton 0.0003091906933601299 0.0
searchform 7.729767334003247e-05 0.0
searchinput 7.729767334003247e-05 0.0
seconds 0.0003864883667001623 0.0
section 0.002473525546881039 0.0
sections 7.729767334003247e-05 2.4423470353692043
see 0.0003091906933601299 0.44086703515908027
see_also 0.0003091906933601299 0.6340582641899388
selected 0.0003091906933601299 0.0
selector 7.729767334003247e-05 0.0
selflink 7.729767334003247e-05 0.08149303425118301
sentences 7.729767334003247e-05 0.0
separate 7.729767334003247e-05 1.3109449238781037
september 0.0002318930200200974 0.0
serves 7.729767334003247e-05 3.3586377672433594
services 0.00015459534668006494 1.3437347467010947
set 0.0003091906933601299 0.0
several 0.00015459534668006494 0.7195804376281008
sfn 0.0002318930200200974 3.6463198396951406
sha1 7.729767334003247e-05 0.10054122922187746
sharealike 7.729767334003247e-05 0.0
sharealike_3 7.729767334003247e-05 0.0
short 0.0005410837133802272 0.42744401482693967
short_description 0.00015459534668006494 0.5860490450035782
short_description_is_different_from_wikidata 7.729767334003247e-05 1.0072625100798818
shortage 7.729767334003247e-05 4.051784947803305
shortdescription 7.729767334003247e-05 0.4682660093471948
shortly 7.729767334003247e-05 3.6463198396951406
show 0.0003091906933601299 0.0
shtml 7.729767334003247e-05 4.051784947803305
shut 7.729767334003247e-05 3.6463198396951406
sidebar 0.0008502744067403571 0.0
sieve 0.0005410837133802272 3.6463198396951406
sieve_of_eratosthenes 7.729767334003247e-05 4.051784947803305
signed 7.729767334003247e-05 2.7990219793079367
signedness 0.0004637860400401948 4.051784947803305
significant 7.729767334003247e-05 1.377636298376776
similar 7.729767334003247e-05 0.9162907318741551
simple 0.00015459534668006494 0.6017974019717174
simplesearch 7.729767334003247e-05 0.0
since 7.729767334003247e-05 0.9162907318741551
site 0.0003864883667001623 0.0
sitedir 7.729767334003247e-05 0.0
sitelinks 7.729767334003247e-05 0.0
sitenotice 0.00015459534668006494 0.0
sitesub 7.729767334003247e-05 0.0
sitesupport 7.729767334003247e-05 0.0
size 0.0008502744067403571 0.0
skin 0.001004869753420422 0.0
skins 0.0004637860400401948 0.0
small 0.0002318930200200974 0.0721032939013439
so 7.729767334003247e-05 0.8329091229351039
software 0.0017005488134807143 0.08149303425118301
software_release_life_cycle 7.729767334003247e-05 0.7018808605286999
sold 7.729767334003247e-05 2.4423470353692043
something 7.729767334003247e-05 2.4423470353692043
source 0.0006183813867202598 0.49643688631389105
source_software 7.729767334003247e-05 1.486835590341768
sourceforge 0.0003864883667001623 2.3470368555648795
space 0.0004637860400401948 0.11995931507897897
span 0.030532580969312825 0.0
special 0.0019324418335008116 0.0
specialpages 0.00015459534668006494 0.0
speed 7.729767334003247e-05 1.7004096906398272
spl 0.0015459534668006492 4.051784947803305
spl_sep79 0.00015459534668006494 4.74493212836325
split 7.729767334003247e-05 2.5477075510270306
src 0.0006956790600602922 0.0
srcset 0.0002318930200200974 0.0
stack 0.0002318930200200974 1.5260563034950492
standalone 7.729767334003247e-05 2.953172659135195
standard 7.729767334003247e-05 0.0
start 0.0002318930200200974 0.0
start_date_and_age 0.00015459534668006494 2.5477075510270306
started 7.729767334003247e-05 1.377636298376776
starting 7.729767334003247e-05 2.03688192726104
startup 0.00015459534668006494 0.0
statement 0.00015459534668006494 0.0
static 0.001004869753420422 0.0
statically 0.0002318930200200974 1.911718784307034
statically_typed_programming_languages 7.729767334003247e-05 2.4423470353692043
statistics 7.729767334003247e-05 0.0
stats 7.729767334003247e-05 0.0
statslink 7.729767334003247e-05 0.0
status 7.729767334003247e-05 0.0
stealing 7.729767334003247e-05 3.6463198396951406
step 7.729767334003247e-05 1.6094379124341003
sticky 0.00015459534668006494 0.0
stopmobileredirecttoggle 7.729767334003247e-05 0.0
store 7.729767334003247e-05 1.377636298376776
stored 7.729767334003247e-05 1.7004096906398272
stream 7.729767334003247e-05 1.8545603704670854
strong 7.729767334003247e-05 0.8737311174553593
structured 7.729767334003247e-05 0.0
studies 7.729767334003247e-05 2.7990219793079367
style 0.003169204606941331 0.0
styles 0.0007729767334003246 0.0
stylesheet 0.00015459534668006494 0.0
subbox 7.729767334003247e-05 0.21233263520999412
subheader 7.729767334003247e-05 0.21233263520999412
subject 7.729767334003247e-05 0.0
sublist 0.0014686557934606168 0.0
submit 0.00015459534668006494 0.0
subscription 0.00015459534668006494 0.09097177820572679
subsection 0.0002318930200200974 0.7195804376281008
subtitle 7.729767334003247e-05 0.0
suffers 7.729767334003247e-05 4.74493212836325
suggestededitsession 7.729767334003247e-05 0.0
suggesting 7.729767334003247e-05 4.74493212836325
suite 7.729767334003247e-05 1.911718784307034
summary 0.00015459534668006494 0.19105523676270922
sup 0.004792455747082013 0.0721032939013439
super 7.729767334003247e-05 2.953172659135195
supercartridge 0.00015459534668006494 4.74493212836325
support 0.0004637860400401948 0.0
surprise 7.729767334003247e-05 4.74493212836325
svg 0.0004637860400401948 0.0
switch 0.00015459534668006494 1.749199854809259
switched 0.00015459534668006494 2.953172659135195
switcher 7.729767334003247e-05 0.0
switching 0.00015459534668006494 3.3586377672433594
symbol 7.729767334003247e-05 1.749199854809259
synapse 0.00015459534668006494 4.74493212836325
syntax 7.729767334003247e-05 0.540239508972284
sys 7.729767334003247e-05 3.3586377672433594
system 0.0004637860400401948 0.11020314013361425
systems 0.0013913581201205844 0.454472687214859
systems_programming_language 0.00015459534668006494 3.6463198396951406
systems_programming_languages 7.729767334003247e-05 2.5477075510270306
t 0.0010821674267604544 0.0
tab 0.0003864883667001623 0.0
tabindex 0.00015459534668006494 0.0
table 0.0007729767334003246 0.0
tabs 0.00015459534668006494 0.0
tagline 0.0002318930200200974 0.0
tags 7.729767334003247e-05 0.0
take 7.729767334003247e-05 1.6094379124341003
taking 7.729767334003247e-05 2.26002547857525
talk 0.0003091906933601299 0.0
target 0.0006183813867202598 0.0
targetloader 7.729767334003247e-05 0.0
tb 0.0002318930200200974 0.0
tbody 0.00015459534668006494 0.044451762570833796
td 0.0013913581201205844 0.044451762570833796
technical 0.00015459534668006494 1.2185716037470886
technologies 0.00015459534668006494 1.486835590341768
techreport 0.00015459534668006494 3.3586377672433594
telephone 7.729767334003247e-05 0.0
template 0.0015459534668006492 0.0
templateargumentsize 7.729767334003247e-05 0.0
templatestyles 0.0008502744067403571 0.017544309650909525
ten 0.00015459534668006494 2.5477075510270306
terms 0.00015459534668006494 0.0
terms_of_use 7.729767334003247e-05 0.0
test 7.729767334003247e-05 1.486835590341768
testing 7.729767334003247e-05 2.03688192726104
text 0.004328669707041818 0.0
text_of_the_creative_commons_attribution 7.729767334003247e-05 0.0
th 0.0009275720800803896 0.11995931507897897
than 0.00015459534668006494 0.6340582641899388
that 0.0009275720800803896 0.18058393689541388
the 0.009275720800803897 0.0
their 7.729767334003247e-05 0.7559480817989758
then 0.0002318930200200974 0.6017974019717174
theory 7.729767334003247e-05 1.7004096906398272
there 0.0002318930200200974 0.8737311174553593
they 0.00015459534668006494 0.7195804376281008
thing 7.729767334003247e-05 2.4423470353692043
this 0.0023962278735410064 0.0
three 0.00015459534668006494 1.16141318990714
thumb 0.00015459534668006494 0.12981161152199053
thumbnail 7.729767334003247e-05 0.0
time 0.0010821674267604544 0.0
timer 0.00015459534668006494 4.051784947803305
times 0.0002318930200200974 1.8545603704670854
timestamp 0.00015459534668006494 0.0
timeusage 7.729767334003247e-05 0.008733679968754631
timingprofile 7.729767334003247e-05 0.0
title 0.016000618381386722 0.0
titlebar 0.0006183813867202598 0.0
titleform 7.729767334003247e-05 0.0
to 0.005488134807142305 0.0
toc 0.013913581201205843 0.0
toggle 0.001159465100100487 0.0
toggle_view_mobile 7.729767334003247e-05 0.0
tokens 7.729767334003247e-05 0.0
toolbar 0.0002318930200200974 0.0
toolkit 7.729767334003247e-05 1.9723434061234688
tools 0.0007729767334003246 0.0
top 0.0004637860400401948 0.0
topic 7.729767334003247e-05 1.0813704822336037
total 0.00015459534668006494 0.0
touch 0.00015459534668006494 0.0
tr 0.0013913581201205844 0.044451762570833796
traced 7.729767334003247e-05 4.051784947803305
trademark 7.729767334003247e-05 0.0
transclusion 7.729767334003247e-05 0.0
transientcontent 7.729767334003247e-05 0.0
transparent 7.729767334003247e-05 0.06280090123903044
triggered 7.729767334003247e-05 0.0
true 0.0019324418335008116 0.0
ttl 7.729767334003247e-05 0.0
tuned 7.729767334003247e-05 4.74493212836325
tv 7.729767334003247e-05 2.665490586683414
two 0.0003091906933601299 0.6505875661411494
type 0.0030146092602612662 0.0
typed 0.0002318930200200974 1.0313600616589422
types 0.0004637860400401948 0.7375989431307791
u 0.0003091906933601299 0.0
ui 0.004792455747082013 0.0
ul 0.005720027827162403 0.0
uls 0.0003864883667001623 0.0
uncertain 7.729767334003247e-05 4.74493212836325
under 0.00015459534668006494 0.0
unknown 0.00015459534668006494 0.26759531388504365
unlike 7.729767334003247e-05 1.6538896750049343
unpin 0.00015459534668006494 0.0
unpinned 0.00015459534668006494 0.0
unsigned 0.00015459534668006494 3.3586377672433594
unstrip 0.0003091906933601299 0.0
until 7.729767334003247e-05 1.2791962255635234
updated 0.00015459534668006494 0.41419878807691896
upload 0.001314060446780552 0.0
upper 0.0003091906933601299 0.09097177820572679
url 0.0006183813867202598 0.0
us 0.00015459534668006494 0.0
usage 0.0003091906933601299 0.0
use 0.0006183813867202598 0.0
used 0.0003864883667001623 0.19105523676270922
uselang 7.729767334003247e-05 0.0
user 0.0022416325268609415 0.0
useradd 0.00015459534668006494 0.0
userlogin 0.00015459534668006494 0.0
uses 0.00015459534668006494 0.7746402148111283
using 0.00015459534668006494 0.0
utc 7.729767334003247e-05 0.0
utf 7.729767334003247e-05 0.0
utilities 7.729767334003247e-05 2.4423470353692043
utm_campaign 7.729767334003247e-05 0.0
utm_medium 7.729767334003247e-05 0.0
utm_source 7.729767334003247e-05 0.0
ux 7.729767334003247e-05 0.08149303425118301
uz 0.0003091906933601299 1.749199854809259
uzbek 7.729767334003247e-05 1.749199854809259
v 0.00015459534668006494 0.3382128810989969
v1n4 7.729767334003247e-05 4.74493212836325
v3 7.729767334003247e-05 2.665490586683414
valuable 7.729767334003247e-05 4.74493212836325
value 0.001159465100100487 0.0
values 0.0002318930200200974 0.9837320126696876
var 0.00015459534668006494 0.0
variables 0.0003091906933601299 1.0072625100798818
variant 7.729767334003247e-05 0.0
variants 0.0004637860400401948 0.0
vary 7.729767334003247e-05 0.10054122922187746
ve 7.729767334003247e-05 0.0
vector 0.024348767102110227 0.0
version 0.0002318930200200974 0.0
very 7.729767334003247e-05 0.9607424944449889
verycold 7.729767334003247e-05 4.74493212836325
vevent 7.729767334003247e-05 0.22314355131420976
vi 0.00015459534668006494 1.6094379124341003
view 0.0006956790600602922 0.0
viewdoc 7.729767334003247e-05 1.9723434061234688
viewport 7.729767334003247e-05 0.0
views 0.0002318930200200974 0.0
visible 0.00015459534668006494 0.09097177820572679
visit 0.00015459534668006494 0.0
visited 7.729767334003247e-05 0.0
visualeditor 0.0003091906933601299 0.0
vue 0.00015459534668006494 0.0
w 0.003169204606941331 0.0
walltime 7.729767334003247e-05 0.0
was 0.0015459534668006492 0.0
watchlist 7.729767334003247e-05 0.0
watchtoken 7.729767334003247e-05 0.0
wb 0.00015459534668006494 0.0
wbc 7.729767334003247e-05 0.0
weak 7.729767334003247e-05 1.6538896750049343
web 0.0003091906933601299 0.09097177820572679
website 7.729767334003247e-05 0.0
weight 7.729767334003247e-05 0.05358424613410626
well 0.00015459534668006494 1.0560526742493137
were 0.0003864883667001623 0.6844891178168307
wgaction 7.729767334003247e-05 0.0
wgarticleid 7.729767334003247e-05 0.0
wgbackendresponsetime 7.729767334003247e-05 0.0
wgbreakframes 7.729767334003247e-05 0.0
wgcanonicalnamespace 7.729767334003247e-05 0.0
wgcanonicalspecialpagename 7.729767334003247e-05 0.0
wgcategories 7.729767334003247e-05 0.0
wgcentralauthmobiledomain 7.729767334003247e-05 0.0
wgcspnonce 7.729767334003247e-05 0.0
wgcurrevisionid 7.729767334003247e-05 0.0
wgdefaultdateformat 7.729767334003247e-05 0.0
wgdigittransformtable 7.729767334003247e-05 0.0
wgeditsubmitbuttonlabelpublish 7.729767334003247e-05 0.0
wgflaggedrevsparams 7.729767334003247e-05 0.0
wggestructuredtaskrejectionreasontextinputenabled 7.729767334003247e-05 0.0
wggetopicsmatchmodeenabled 7.729767334003247e-05 0.0
wghostname 7.729767334003247e-05 0.0
wgisarticle 7.729767334003247e-05 0.0
wgisprobablyeditable 7.729767334003247e-05 0.0
wgisredirect 7.729767334003247e-05 0.0
wgmediaviewerenabledbydefault 7.729767334003247e-05 0.0
wgmediavieweronclick 7.729767334003247e-05 0.0
wgmfdisplaywikibasedescriptions 7.729767334003247e-05 0.0
wgmonthnames 7.729767334003247e-05 0.0
wgnamespacenumber 7.729767334003247e-05 0.0
wgnoticeproject 7.729767334003247e-05 0.0
wgpagecontentlanguage 7.729767334003247e-05 0.0
wgpagecontentmodel 7.729767334003247e-05 0.0
wgpagename 7.729767334003247e-05 0.0
wgpageparsereport 7.729767334003247e-05 0.0
wgpopupsflags 7.729767334003247e-05 0.0
wgrelevantarticleid 7.729767334003247e-05 0.0
wgrelevantpageisprobablyeditable 7.729767334003247e-05 0.0
wgrelevantpagename 7.729767334003247e-05 0.0
wgrequestid 7.729767334003247e-05 0.0
wgrestrictionedit 7.729767334003247e-05 0.0
wgrestrictionmove 7.729767334003247e-05 0.0
wgrevisionid 7.729767334003247e-05 0.0
wgseparatortransformtable 7.729767334003247e-05 0.0
wgtitle 7.729767334003247e-05 0.0
wgulscurrentautonym 7.729767334003247e-05 0.0
wgulsiscompactlinksenabled 7.729767334003247e-05 0.0
wgulsislanguageselectorempty 7.729767334003247e-05 0.0
wgulsposition 7.729767334003247e-05 0.0
wgusergroups 7.729767334003247e-05 0.0
wgusername 7.729767334003247e-05 0.0
wgvector2022previewpages 7.729767334003247e-05 0.0
wgvisualeditor 7.729767334003247e-05 0.0
wgwikibaseitemid 7.729767334003247e-05 0.0
wgwmepagelength 7.729767334003247e-05 0.0
wgwmeschemaeditattemptstepoversample 7.729767334003247e-05 0.0
what 7.729767334003247e-05 0.0
whatlinkshere 0.00015459534668006494 0.0
when 0.00015459534668006494 0.0
where 7.729767334003247e-05 0.9382696385929302
which 0.0006956790600602922 0.3022808718729337
while 0.0002318930200200974 0.7195804376281008
white 0.0004637860400401948 0.12981161152199053
whole 7.729767334003247e-05 2.26002547857525
width 0.0017778464868207467 0.0
wiki 0.010589781247584447 0.0
wikibase 0.0003091906933601299 0.0
wikidata 0.0008502744067403571 0.0
wikimedia 0.003323799953621396 0.0
wikimediabadges 0.00015459534668006494 0.0
wikimediaevents 7.729767334003247e-05 0.0
wikimediafoundation 0.00015459534668006494 0.0
wikipedia 0.006106516193862565 0.0
wikisource 7.729767334003247e-05 0.09097177820572679
wikitext 7.729767334003247e-05 0.0
window 0.0002318930200200974 0.0
windows 7.729767334003247e-05 0.8329091229351039
with 0.0009275720800803896 0.0
without 7.729767334003247e-05 0.9162907318741551
wmf 0.0002318930200200974 0.0
word 0.0006183813867202598 0.05358424613410626
word_processor 7.729767334003247e-05 4.051784947803305
wordmark 0.00015459534668006494 0.0
words 0.0002318930200200974 1.6538896750049343
work 7.729767334003247e-05 0.9607424944449889
worked 7.729767334003247e-05 2.26002547857525
working 0.0002318930200200974 1.1895840668738364
works 7.729767334003247e-05 0.0
workstation 0.00015459534668006494 3.1354942159291497
workstation_computer 7.729767334003247e-05 4.74493212836325
would 0.00015459534668006494 1.1895840668738364
wound 0.00015459534668006494 4.74493212836325
wpformidentifier 7.729767334003247e-05 0.0
wrap 0.00015459534668006494 0.06280090123903044
write 7.729767334003247e-05 1.16141318990714
written 0.0003091906933601299 0.44086703515908027
wrote 0.00015459534668006494 2.1799827709017134
ws 7.729767334003247e-05 0.09097177820572679
www 0.001004869753420422 0.0
x 0.0003864883667001623 0.0
xe 7.729767334003247e-05 3.6463198396951406
xerox 0.0006956790600602922 3.1354942159291497
xerox_alto 0.0002318930200200974 4.74493212836325
xerox_parc 7.729767334003247e-05 4.74493212836325
xl 0.0003091906933601299 3.1354942159291497
xml 0.0002318930200200974 0.0
xor 7.729767334003247e-05 4.051784947803305
y 0.0003091906933601299 0.0
years 0.0002318930200200974 0.454472687214859
yes 7.729767334003247e-05 0.0
yet 7.729767334003247e-05 1.8004931491968095
you 0.0003864883667001623 0.0
yue 0.0003091906933601299 0.540239508972284
z 0.00015459534668006494 0.0
z39 0.0005410837133802272 0.10054122922187746
z3988 0.0005410837133802272 0.10054122922187746
zero 7.729767334003247e-05 1.7004096906398272
zh 0.00015459534668006494 0.48225225132193467
zip 7.729767334003247e-05 2.665490586683414
 7.729767334003247e-05 1.749199854809259
 7.729767334003247e-05 4.051784947803305
 7.729767334003247e-05 1.0313600616589422
 7.729767334003247e-05 0.540239508972284
