0 0.0048456234080884635 0.0
00 0.00012424675405355034 0.0
000 0.00012424675405355034 0.0
002 6.212337702677517e-05 4.74493212836325
003 0.00012424675405355034 4.051784947803305
00641bd7f77c 6.212337702677517e-05 4.74493212836325
007 6.212337702677517e-05 3.6463198396951406
009 0.00012424675405355034 4.051784947803305
01 0.00012424675405355034 0.3382128810989969
017 0.00012424675405355034 4.051784947803305
01t23 0.00012424675405355034 4.74493212836325
03 0.0002484935081071007 0.44086703515908027
039 0.0002484935081071007 0.0
04 6.212337702677517e-05 0.5254244231871433
06t18 0.00012424675405355034 4.74493212836325
07 0.0002484935081071007 0.6177977433181585
09 6.212337702677517e-05 0.5860490450035782
0_unported_license 6.212337702677517e-05 0.0
0b 6.212337702677517e-05 2.5477075510270306
0px 6.212337702677517e-05 0.7375989431307791
1 0.005715350686463316 0.0
10 0.0011182207864819532 0.0
100 0.0008697272783748525 0.0
1000 6.212337702677517e-05 0.0
1000000 0.00012424675405355034 0.0
100px 6.212337702677517e-05 0.9837320126696876
10px 0.0004969870162142014 0.454472687214859
10z 0.00012424675405355034 3.1354942159291497
11 0.0002484935081071007 0.21233263520999412
1130977558 0.00043486363918742625 4.74493212836325
117 6.212337702677517e-05 0.0
12 0.00037274026216065103 0.18058393689541388
125em 0.00012424675405355034 0.0
127 6.212337702677517e-05 0.09097177820572679
12px 6.212337702677517e-05 0.09097177820572679
12s5i 6.212337702677517e-05 0.0
13 0.00031061688513387586 0.0
133 6.212337702677517e-05 0.08149303425118301
14 0.0002484935081071007 0.22314355131420976
146 0.00012424675405355034 2.1058747987479913
15 0.0002484935081071007 0.3382128810989969
15px 6.212337702677517e-05 0.8531118302526235
16 0.0006212337702677517 0.2451224580329849
160 0.0011182207864819532 0.0
161 0.00012424675405355034 3.1354942159291497
16261 0.00012424675405355034 4.74493212836325
17 6.212337702677517e-05 0.44086703515908027
1782 0.00012424675405355034 4.74493212836325
18 0.0002484935081071007 0.48225225132193467
19 0.00012424675405355034 0.38822330167365837
192 0.00012424675405355034 2.3470368555648795
1979 6.212337702677517e-05 2.26002547857525
1980s 6.212337702677517e-05 1.7004096906398272
1981 6.212337702677517e-05 2.4423470353692043
19820 0.00012424675405355034 4.74493212836325
1986 0.00018637013108032551 1.6538896750049343
1987 6.212337702677517e-05 1.6538896750049343
1988 6.212337702677517e-05 1.8004931491968095
1989 6.212337702677517e-05 1.749199854809259
1991 6.212337702677517e-05 1.4127276181880462
1992 6.212337702677517e-05 1.6538896750049343
1993 6.212337702677517e-05 1.4127276181880462
1995 0.0002484935081071007 1.377636298376776
1996 0.00012424675405355034 1.8004931491968095
1997 0.00012424675405355034 1.7004096906398272
1998 0.00012424675405355034 1.377636298376776
1999 6.212337702677517e-05 1.377636298376776
1em 0.00043486363918742625 0.02643325706815543
1px 0.00037274026216065103 0.2451224580329849
1x1 6.212337702677517e-05 0.0
2 0.0019879480648568055 0.0
20 0.0002484935081071007 0.0
2000 6.212337702677517e-05 1.0813704822336037
2002 6.212337702677517e-05 1.0560526742493137
2003 6.212337702677517e-05 0.9837320126696876
2004 0.00031061688513387586 0.06280090123903044
2005 6.212337702677517e-05 0.8531118302526235
2006 6.212337702677517e-05 1.0072625100798818
2008 6.212337702677517e-05 1.0313600616589422
20080512231655 0.00012424675405355034 4.74493212836325
2009 6.212337702677517e-05 0.9382696385929302
20090719081722 6.212337702677517e-05 4.74493212836325
20100329140936 6.212337702677517e-05 4.74493212836325
2011 6.212337702677517e-05 0.6017974019717174
2012 0.00012424675405355034 0.9382696385929302
20120313161739 6.212337702677517e-05 4.74493212836325
20121016032657 6.212337702677517e-05 4.74493212836325
2014 6.212337702677517e-05 0.8947845266531914
2015 6.212337702677517e-05 1.0072625100798818
2016 0.0005591103932409766 0.9837320126696876
2018 0.00018637013108032551 1.0072625100798818
2019 0.00018637013108032551 0.9162907318741551
2022 0.0009318506554016276 0.0
2023 0.00018637013108032551 0.7195804376281008
20230314215415 6.212337702677517e-05 4.74493212836325
20230314215416 0.00012424675405355034 4.74493212836325
206 0.00012424675405355034 2.4423470353692043
2097152 0.0002484935081071007 0.0
20px 6.212337702677517e-05 0.8531118302526235
22 0.00037274026216065103 0.26759531388504365
22clarion 0.00037274026216065103 4.74493212836325
23 0.00018637013108032551 0.48225225132193467
238px 6.212337702677517e-05 0.8329091229351039
23px 6.212337702677517e-05 0.5254244231871433
25 0.00018637013108032551 0.3260915205666521
252bcompany 6.212337702677517e-05 4.74493212836325
252bhistory 6.212337702677517e-05 4.74493212836325
252bus 6.212337702677517e-05 4.74493212836325
255 6.212337702677517e-05 0.09097177820572679
25em 0.00031061688513387586 0.035401927050916
26 0.00018637013108032551 0.0
26z 0.00012424675405355034 3.1354942159291497
27s 6.212337702677517e-05 1.0813704822336037
28 0.00012424675405355034 0.5860490450035782
28programming 0.00037274026216065103 1.1340142157190256
28programming_language 0.00012424675405355034 1.1340142157190256
29 0.0004969870162142014 0.22314355131420976
2bcompany 6.212337702677517e-05 4.74493212836325
2bhistory 6.212337702677517e-05 4.74493212836325
2bus 6.212337702677517e-05 4.74493212836325
2c_interlanguage_support 6.212337702677517e-05 4.74493212836325
2cicon 6.212337702677517e-05 0.0
2cstyles 6.212337702677517e-05 0.0
2em 0.00018637013108032551 0.06280090123903044
2f 0.00018637013108032551 0.11020314013361425
2fabout 6.212337702677517e-05 2.5477075510270306
2fblog 6.212337702677517e-05 1.9723434061234688
2fclarion 6.212337702677517e-05 4.74493212836325
2fclarionsharp 6.212337702677517e-05 4.74493212836325
2fen 0.00012424675405355034 0.10054122922187746
2fen_us 6.212337702677517e-05 4.74493212836325
2ffmt 0.00012424675405355034 0.10054122922187746
2fmckesson 6.212337702677517e-05 4.74493212836325
2four 0.00012424675405355034 4.74493212836325
2fwww 6.212337702677517e-05 0.3382128810989969
2px 0.00037274026216065103 0.26759531388504365
2x 0.0004969870162142014 0.0
3 0.0012424675405355034 0.0
30 0.00018637013108032551 0.5705448584676129
30000 6.212337702677517e-05 2.665490586683414
308 0.00012424675405355034 3.1354942159291497
30em 6.212337702677517e-05 0.09097177820572679
31 0.00012424675405355034 0.0
3125em 6.212337702677517e-05 0.0
32 0.0006833571472945269 0.26759531388504365
36 6.212337702677517e-05 0.8131064956389242
36c 6.212337702677517e-05 1.0072625100798818
37 0.00012424675405355034 1.0072625100798818
371 0.00012424675405355034 3.1354942159291497
39 0.00018637013108032551 0.3141153295199365
399 6.212337702677517e-05 1.3109449238781037
3a 0.00018637013108032551 0.11020314013361425
3a3 6.212337702677517e-05 0.09097177820572679
3abook 0.00012424675405355034 0.22314355131420976
3aclarion 0.00012424675405355034 4.74493212836325
3akev 0.00012424675405355034 0.10054122922187746
3amtx 0.00012424675405355034 0.10054122922187746
3aofi 0.00012424675405355034 0.10054122922187746
3asid 0.00012424675405355034 0.10054122922187746
3cols 6.212337702677517e-05 0.21233263520999412
3em 0.00018637013108032551 0.035401927050916
3px 0.00012424675405355034 0.12981161152199053
3rd 0.00018637013108032551 2.3470368555648795
4 0.0007454805243213021 0.02643325706815543
40 0.0006833571472945269 0.0
400 0.00012424675405355034 0.0
406 0.00012424675405355034 3.6463198396951406
408 0.00012424675405355034 3.1354942159291497
40px 0.00018637013108032551 1.1340142157190256
42 0.00012424675405355034 0.9607424944449889
4420454 0.00012424675405355034 4.74493212836325
45 0.00012424675405355034 1.1895840668738364
4539 6.212337702677517e-05 4.74493212836325
4585 6.212337702677517e-05 4.74493212836325
47 0.00012424675405355034 1.2484245668967697
48 0.00012424675405355034 0.8531118302526235
49 6.212337702677517e-05 0.9607424944449889
4c 6.212337702677517e-05 0.09097177820572679
4gl 0.00043486363918742625 3.6463198396951406
4px 0.00012424675405355034 0.8329091229351039
5 0.0009318506554016276 0.11020314013361425
50 0.00018637013108032551 0.0
500 0.00012424675405355034 0.0
5000000 0.00012424675405355034 0.0
502 6.212337702677517e-05 3.6463198396951406
505 0.00012424675405355034 3.1354942159291497
507 6.212337702677517e-05 4.051784947803305
508614 0.00018637013108032551 4.74493212836325
50px 6.212337702677517e-05 1.0072625100798818
512 6.212337702677517e-05 0.6505875661411494
52428800 0.00012424675405355034 0.008733679968754631
5269 6.212337702677517e-05 4.74493212836325
528 0.00012424675405355034 3.6463198396951406
52px 6.212337702677517e-05 1.0072625100798818
55 0.00012424675405355034 1.1895840668738364
56 0.00012424675405355034 0.8737311174553593
59 0.00012424675405355034 0.40112670650956617
5em 0.0005591103932409766 0.0
5x 0.0004969870162142014 0.0
6 0.0005591103932409766 0.044451762570833796
60px 0.00018637013108032551 1.3437347467010947
62 0.00012424675405355034 1.377636298376776
634 0.00012424675405355034 3.6463198396951406
640 6.212337702677517e-05 1.0813704822336037
643 0.00012424675405355034 4.051784947803305
65 6.212337702677517e-05 0.05358424613410626
667 0.00012424675405355034 2.7990219793079367
69 0.0002484935081071007 1.2791962255635234
6943382 6.212337702677517e-05 4.74493212836325
699 6.212337702677517e-05 3.1354942159291497
6em 6.212337702677517e-05 0.7195804376281008
7 0.0005591103932409766 0.0
7058730 6.212337702677517e-05 4.74493212836325
71 0.00012424675405355034 1.2484245668967697
71446 0.00012424675405355034 4.74493212836325
720px 0.00012424675405355034 0.0
74 0.00012424675405355034 1.0072625100798818
75px 6.212337702677517e-05 1.0072625100798818
7cext 0.00018637013108032551 0.0
7cjquery 6.212337702677517e-05 0.41419878807691896
7cmediawiki 6.212337702677517e-05 0.0
7cskins 6.212337702677517e-05 0.0
7cwikibase 6.212337702677517e-05 0.0
8 0.00043486363918742625 0.0
80 0.00018637013108032551 0.3022808718729337
80px 0.00018637013108032551 1.2484245668967697
81 0.00012424675405355034 1.0560526742493137
8125em 6.212337702677517e-05 0.0
86 0.00012424675405355034 0.7936884097818228
86400 0.00012424675405355034 0.8329091229351039
88 0.00037274026216065103 0.0
890 0.00012424675405355034 3.3586377672433594
8a 0.00018637013108032551 0.7375989431307791
8a1c 6.212337702677517e-05 4.74493212836325
8b 6.212337702677517e-05 0.9837320126696876
8f 0.00012424675405355034 1.0813704822336037
9 0.00037274026216065103 0.11020314013361425
90 6.212337702677517e-05 0.08149303425118301
91 0.00012424675405355034 0.0721032939013439
92 0.00012424675405355034 1.449095262358921
93 0.00012424675405355034 0.06280090123903044
95 0.0002484935081071007 0.035401927050916
987007551680505171 6.212337702677517e-05 4.74493212836325
99 0.00018637013108032551 0.6505875661411494
9932cc 6.212337702677517e-05 1.0072625100798818
99olcla 6.212337702677517e-05 4.74493212836325
99zyk_programowania 6.212337702677517e-05 2.4423470353692043
9px 0.00018637013108032551 0.09097177820572679
_interlanguage_support 0.0002484935081071007 4.74493212836325
a 0.037522519724172206 0.0
a0 0.00012424675405355034 0.25629575863111026
a2a9b1 0.00018637013108032551 0.27902400970866637
a5k 6.212337702677517e-05 2.5477075510270306
aa 6.212337702677517e-05 0.0721032939013439
abandon 6.212337702677517e-05 4.74493212836325
abc 0.00012424675405355034 2.1799827709017134
abilities 0.00043486363918742625 2.665490586683414
ability 0.00031061688513387586 1.486835590341768
able 0.0002484935081071007 1.911718784307034
about 0.0008076039013480773 0.0
aboutsite 6.212337702677517e-05 0.0
above 6.212337702677517e-05 0.1599646496926782
abovebelow 0.0002484935081071007 0.44086703515908027
absolute 6.212337702677517e-05 0.0
abstract 6.212337702677517e-05 1.449095262358921
abstraction 6.212337702677517e-05 2.1799827709017134
acc 6.212337702677517e-05 1.3109449238781037
accelerated 6.212337702677517e-05 2.7990219793079367
access 0.00037274026216065103 0.8131064956389242
accessdate 6.212337702677517e-05 0.2451224580329849
accessed 6.212337702677517e-05 2.3470368555648795
accesskey 0.0011803441635087283 0.0
account 0.0002484935081071007 0.0
acquired 6.212337702677517e-05 2.4423470353692043
across 6.212337702677517e-05 0.0
action 0.0022985649499906815 0.0
actions 6.212337702677517e-05 0.0
activex 0.00031061688513387586 3.6463198396951406
activex_data_objects 6.212337702677517e-05 4.74493212836325
activities 6.212337702677517e-05 3.6463198396951406
add 0.00012424675405355034 0.0
added 0.0004969870162142014 1.0560526742493137
adding 0.00037274026216065103 0.8947845266531914
addition 6.212337702677517e-05 1.16141318990714
additional 0.0005591103932409766 0.0
address 0.00012424675405355034 0.0
adequate 6.212337702677517e-05 4.051784947803305
ado 0.00012424675405355034 3.3586377672433594
adopts 6.212337702677517e-05 4.051784947803305
advantage 0.00012424675405355034 2.03688192726104
advert 0.0002484935081071007 4.051784947803305
advertisement 6.212337702677517e-05 3.1354942159291497
advertising_and_conflicts_of_interest 6.212337702677517e-05 4.051784947803305
after 0.001056097409455178 0.0
against 6.212337702677517e-05 2.1058747987479913
ago 0.00012424675405355034 0.5108256237659907
agree 6.212337702677517e-05 0.0
alert 0.0002484935081071007 0.0
align 0.0006212337702677517 0.05358424613410626
all 0.0013667142945890539 0.0
all_articles_needing_additional_references 6.212337702677517e-05 1.911718784307034
all_articles_with_a_promotional_tone 6.212337702677517e-05 4.051784947803305
all_pages_needing_cleanup 6.212337702677517e-05 4.051784947803305
allbusiness 0.00012424675405355034 4.74493212836325
alliance 6.212337702677517e-05 3.3586377672433594
allow 6.212337702677517e-05 1.0313600616589422
allowed 0.00012424675405355034 1.7004096906398272
allowing 0.00018637013108032551 1.3437347467010947
allows 0.00037274026216065103 0.8329091229351039
alone 6.212337702677517e-05 2.3470368555648795
alpha 0.0002484935081071007 0.08149303425118301
also 0.00037274026216065103 0.19105523676270922
alt 0.0008076039013480773 0.0
alter 6.212337702677517e-05 2.7990219793079367
altered 6.212337702677517e-05 4.051784947803305
alternate 0.00018637013108032551 0.0
although 0.00012424675405355034 1.1340142157190256
always 0.00012424675405355034 1.6094379124341003
ambox 0.00347890911349941 1.0072625100798818
ambox_important 0.0007454805243213021 2.03688192726104
among 0.00012424675405355034 1.5668782980153044
amounts 6.212337702677517e-05 3.3586377672433594
amp 0.006150214325650743 0.0
an 0.0012424675405355034 0.0
and 0.007516928620239796 0.0
announced 0.00012424675405355034 2.1058747987479913
anon 0.00012424675405355034 0.0
anoncontribs 6.212337702677517e-05 0.0
anontalk 6.212337702677517e-05 0.0
anonymous 6.212337702677517e-05 0.0
another 0.00012424675405355034 0.09097177820572679
answering 6.212337702677517e-05 4.051784947803305
any 0.0005591103932409766 0.6844891178168307
anywhere 0.00012424675405355034 2.5477075510270306
api 0.00031061688513387586 0.0
appear 6.212337702677517e-05 2.26002547857525
appeared 6.212337702677517e-05 0.40112670650956617
apple 0.00012424675405355034 0.0
application 0.0008697272783748525 0.0
applications 0.0005591103932409766 0.7746402148111283
apply 6.212337702677517e-05 0.0
april 0.00031061688513387586 0.0
ar 6.212337702677517e-05 0.6844891178168307
architecture 6.212337702677517e-05 1.2484245668967697
archive 0.00037274026216065103 0.3504829736908114
archived 0.00012424675405355034 0.6017974019717174
are 0.0014909610486426041 0.0
areas 6.212337702677517e-05 2.4423470353692043
argument 6.212337702677517e-05 0.0
aria 0.0018637013108032553 0.0
around 0.00012424675405355034 1.449095262358921
article 0.0008076039013480773 0.0
articles 0.0018015779337764801 0.0
articles_needing_additional_references_from_july_2016 6.212337702677517e-05 4.74493212836325
articles_needing_cleanup_from_december_2022 6.212337702677517e-05 4.74493212836325
articles_with_a_promotional_tone_from_july_2016 6.212337702677517e-05 4.74493212836325
articles_with_j9u_identifiers 6.212337702677517e-05 1.3437347467010947
articles_with_lccn_identifiers 6.212337702677517e-05 1.3437347467010947
articles_with_multiple_maintenance_issues 6.212337702677517e-05 2.1058747987479913
as 0.0012424675405355034 0.0
as_eq 6.212337702677517e-05 1.377636298376776
ascii 0.0002484935081071007 2.953172659135195
asp 6.212337702677517e-05 2.4423470353692043
associated 0.00018637013108032551 0.0
async 0.00037274026216065103 0.0
at 0.0011182207864819532 0.0
atom 0.00018637013108032551 0.0
attracted 6.212337702677517e-05 3.3586377672433594
attributes 6.212337702677517e-05 2.1799827709017134
attribution 6.212337702677517e-05 0.0
augmented 6.212337702677517e-05 2.953172659135195
august 0.00018637013108032551 0.0
author 0.00012424675405355034 0.0
authorities 6.212337702677517e-05 1.3109449238781037
authority 0.00018637013108032551 1.16141318990714
authority_control 0.00018637013108032551 1.1340142157190256
auto 0.00037274026216065103 0.0
autocapitalize 6.212337702677517e-05 0.0
automatic 0.00012424675405355034 1.377636298376776
automatically 6.212337702677517e-05 1.486835590341768
autostart 6.212337702677517e-05 0.11020314013361425
available 0.0004969870162142014 0.0
avoid 0.00012424675405355034 0.09097177820572679
b 0.002919798720258433 0.0
b0 0.00012424675405355034 0.9607424944449889
b2 6.212337702677517e-05 0.8947845266531914
b3 6.212337702677517e-05 0.7559480817989758
b32424 0.00012424675405355034 1.0072625100798818
b3n 6.212337702677517e-05 2.03688192726104
b4 0.00037274026216065103 0.8329091229351039
b7 6.212337702677517e-05 0.9837320126696876
b8 0.00012424675405355034 0.9382696385929302
ba_ 6.212337702677517e-05 1.8545603704670854
back 6.212337702677517e-05 1.5668782980153044
backend 6.212337702677517e-05 2.5477075510270306
background 0.0011182207864819532 0.017544309650909525
backlink 0.00012424675405355034 0.08149303425118301
backward 6.212337702677517e-05 3.1354942159291497
barrier 6.212337702677517e-05 3.3586377672433594
barrington 0.00031061688513387586 4.74493212836325
based 0.00037274026216065103 0.3504829736908114
basic 0.0004969870162142014 0.7195804376281008
bc 0.00012424675405355034 0.9607424944449889
bd 6.212337702677517e-05 1.2484245668967697
bday 0.00012424675405355034 0.41419878807691896
be 0.001428837671615829 0.06280090123903044
because 0.00018637013108032551 0.0
becoming 6.212337702677517e-05 2.4423470353692043
been 0.00043486363918742625 0.6844891178168307
before 0.0008697272783748525 0.0
begin 6.212337702677517e-05 1.6538896750049343
beginners 6.212337702677517e-05 1.7004096906398272
behind 6.212337702677517e-05 2.1058747987479913
being 0.00037274026216065103 0.8737311174553593
below 6.212337702677517e-05 0.18058393689541388
beta 6.212337702677517e-05 1.7004096906398272
between 6.212337702677517e-05 0.7375989431307791
bf 6.212337702677517e-05 1.1340142157190256
binaries 0.00018637013108032551 3.6463198396951406
binary 6.212337702677517e-05 1.7004096906398272
bit 0.0006833571472945269 1.2791962255635234
bit_computing 0.00012424675405355034 4.74493212836325
bks 0.00012424675405355034 1.377636298376776
bkt 6.212337702677517e-05 1.377636298376776
block 0.00018637013108032551 0.18058393689541388
blocks 6.212337702677517e-05 1.449095262358921
blog 0.00018637013108032551 1.377636298376776
body 0.001056097409455178 0.0
bodycontent 0.00012424675405355034 0.0
bokmål 0.00012424675405355034 1.3437347467010947
bold 6.212337702677517e-05 0.2451224580329849
books 6.212337702677517e-05 0.5552773863368246
bootstrap 6.212337702677517e-05 0.10054122922187746
border 0.0016152078026961546 0.0
borland 0.00043486363918742625 2.7990219793079367
both 0.0004969870162142014 0.3022808718729337
bottom 0.00012424675405355034 0.05358424613410626
bought 6.212337702677517e-05 3.1354942159291497
box 0.0011803441635087283 0.0
br 6.212337702677517e-05 0.42744401482693967
bracket 0.002112194818910356 0.0
break 0.00018637013108032551 0.05358424613410626
breaking 6.212337702677517e-05 3.6463198396951406
browse 0.00012424675405355034 3.1354942159291497
browses 6.212337702677517e-05 4.74493212836325
browsing 0.00012424675405355034 0.0
bruce 0.00012424675405355034 2.3470368555648795
btitle 0.00012424675405355034 0.22314355131420976
btn 0.00037274026216065103 0.0
btrieve 0.00018637013108032551 4.74493212836325
buggy 6.212337702677517e-05 4.051784947803305
bugs 6.212337702677517e-05 2.3470368555648795
build 0.0002484935081071007 1.8545603704670854
builder 6.212337702677517e-05 2.1799827709017134
built 0.0002484935081071007 1.0072625100798818
bundled 6.212337702677517e-05 3.6463198396951406
business 0.00018637013108032551 1.0072625100798818
but 0.0006212337702677517 0.3629054936893685
button 0.002112194818910356 0.0
buttons 0.00012424675405355034 0.0
buy 6.212337702677517e-05 3.1354942159291497
buying 6.212337702677517e-05 3.6463198396951406
by 0.002484935081071007 0.0
bypassing 6.212337702677517e-05 3.6463198396951406
bytes 0.0002484935081071007 0.0
c 0.00037274026216065103 0.0
c10 6.212337702677517e-05 4.74493212836325
c13_en 6.212337702677517e-05 0.0
c3 0.00012424675405355034 0.7018808605286999
c4 0.0002484935081071007 2.1058747987479913
c5 6.212337702677517e-05 2.7990219793079367
c55 0.00012424675405355034 4.74493212836325
c6 0.00012424675405355034 3.6463198396951406
c7 0.00018637013108032551 4.051784947803305
c9 6.212337702677517e-05 4.051784947803305
ca 0.0004969870162142014 0.0
cache 0.00012424675405355034 0.0
cached 6.212337702677517e-05 0.0
cachereport 6.212337702677517e-05 0.0
cactions 0.00037274026216065103 0.0
call 0.00012424675405355034 1.1073459686368643
called 0.00018637013108032551 0.6844891178168307
calls 0.00012424675405355034 0.0
came 0.00012424675405355034 3.1354942159291497
campaigns 6.212337702677517e-05 0.0
can 0.0009939740324284027 0.17022114985986725
canonical 0.00012424675405355034 0.0
caption 0.00012424675405355034 0.21233263520999412
care 0.00012424675405355034 2.953172659135195
cascade 6.212337702677517e-05 4.051784947803305
case 0.00012424675405355034 1.0813704822336037
categories 6.212337702677517e-05 0.02643325706815543
category 0.0019879480648568055 0.0
catlinks 0.00037274026216065103 0.0
cats 6.212337702677517e-05 0.0721032939013439
caused 6.212337702677517e-05 2.7990219793079367
causing 6.212337702677517e-05 2.953172659135195
ccf 6.212337702677517e-05 0.454472687214859
cdd 0.0005591103932409766 4.74493212836325
cell 0.00012424675405355034 0.7195804376281008
center 0.0006833571472945269 0.017544309650909525
centralauth 0.00012424675405355034 0.0
centralautologin 0.00012424675405355034 0.0
centralnotice 0.00018637013108032551 0.0
centre 6.212337702677517e-05 2.7990219793079367
centric 6.212337702677517e-05 4.051784947803305
cfd 6.212337702677517e-05 4.74493212836325
challenged 6.212337702677517e-05 1.8004931491968095
change 0.00018637013108032551 0.0
changes 0.0004969870162142014 0.0
changing 6.212337702677517e-05 2.4423470353692043
character 6.212337702677517e-05 1.3437347467010947
charinsert 6.212337702677517e-05 0.0
charset 6.212337702677517e-05 0.0
checkbox 0.002112194818910356 0.0
child 0.0016152078026961546 0.06280090123903044
chosen 0.00018637013108032551 2.26002547857525
cidc 6.212337702677517e-05 4.74493212836325
citation 0.0006212337702677517 0.08149303425118301
citations 0.00012424675405355034 1.2185716037470886
cite 0.0008076039013480773 0.0
cite_note 0.0002484935081071007 0.08149303425118301
cite_ref 0.0002484935081071007 0.08149303425118301
cite_web 0.00012424675405355034 0.4682660093471948
citethispage 6.212337702677517e-05 0.0
clarion 0.0090078896688824 4.74493212836325
clarion7 6.212337702677517e-05 4.74493212836325
clarion_ 0.0034167857364726345 4.74493212836325
clarion_programmering 6.212337702677517e-05 4.74493212836325
clarion_programming_language 0.00012424675405355034 4.74493212836325
clarionfreeimage 6.212337702677517e-05 4.74493212836325
clarionlive 0.00012424675405355034 4.74493212836325
clarionmag 6.212337702677517e-05 4.74493212836325
clarionsharp 0.00012424675405355034 4.74493212836325
clarionv 6.212337702677517e-05 4.74493212836325
class 0.030440454743119835 0.0
class_ 6.212337702677517e-05 2.26002547857525
classes 0.00012424675405355034 1.5260563034950492
classic 6.212337702677517e-05 1.7004096906398272
classname 0.00018637013108032551 0.0
cleanup 0.0011803441635087283 2.953172659135195
cleanup_tagged_articles_with_a_reason_field_from_december_2022 6.212337702677517e-05 4.74493212836325
clear 0.0005591103932409766 0.11995931507897897
clearly 6.212337702677517e-05 2.953172659135195
client 0.00043486363918742625 0.0
clipper 0.00037274026216065103 4.051784947803305
clipper_ 6.212337702677517e-05 4.051784947803305
closer 6.212337702677517e-05 3.3586377672433594
code 0.0032925389824190843 0.035401927050916
code_machine 6.212337702677517e-05 4.051784947803305
coding 0.00012424675405355034 1.8004931491968095
coll 0.0002484935081071007 0.0
collapse 0.0002484935081071007 0.21233263520999412
collapsed 0.00018637013108032551 0.0
collapses 6.212337702677517e-05 0.0
collapsible 0.0008076039013480773 0.0
color 0.001056097409455178 0.017544309650909525
colors 6.212337702677517e-05 3.3586377672433594
colspan 0.00018637013108032551 0.14981227822866008
column 0.00031061688513387586 0.09097177820572679
columns 0.00031061688513387586 0.09097177820572679
com 0.0019879480648568055 0.11995931507897897
combined 6.212337702677517e-05 1.8004931491968095
comma 0.00018637013108032551 3.1354942159291497
commercial 0.00031061688513387586 1.3109449238781037
common 0.00012424675405355034 0.8737311174553593
common_user_access 6.212337702677517e-05 4.74493212836325
commons 0.00031061688513387586 0.0
communication 0.00012424675405355034 1.486835590341768
community 0.0005591103932409766 0.0
community_portal 6.212337702677517e-05 0.0
comp 0.00012424675405355034 1.911718784307034
compact 0.0011182207864819532 0.8947845266531914
compactlinks 6.212337702677517e-05 0.0
company 0.00037274026216065103 1.0072625100798818
compatibility 6.212337702677517e-05 1.9723434061234688
compatible 0.00018637013108032551 1.486835590341768
compile 6.212337702677517e-05 1.486835590341768
compiled 0.0002484935081071007 1.0813704822336037
compiler 0.0006212337702677517 0.5108256237659907
compilers 6.212337702677517e-05 1.1340142157190256
compiling 6.212337702677517e-05 2.03688192726104
completely 0.00018637013108032551 2.1799827709017134
complex 0.0002484935081071007 1.2185716037470886
complexity 6.212337702677517e-05 2.5477075510270306
complications 6.212337702677517e-05 0.0
component 6.212337702677517e-05 1.6538896750049343
composed 6.212337702677517e-05 2.5477075510270306
computer 0.0002484935081071007 0.12981161152199053
computer_architecture 6.212337702677517e-05 3.1354942159291497
computer_programming 6.212337702677517e-05 1.0560526742493137
computer_science 6.212337702677517e-05 0.5860490450035782
computing 0.00043486363918742625 0.3504829736908114
computing_platform 6.212337702677517e-05 1.6094379124341003
concatenated 6.212337702677517e-05 4.74493212836325
conference 6.212337702677517e-05 0.9607424944449889
config 0.00012424675405355034 0.0
connecting 6.212337702677517e-05 4.051784947803305
connection 6.212337702677517e-05 2.665490586683414
constraints 6.212337702677517e-05 2.1799827709017134
constructors 6.212337702677517e-05 2.26002547857525
consumed 6.212337702677517e-05 4.74493212836325
contact 0.0002484935081071007 0.0
contact_us 0.00012424675405355034 0.0
contactpage 6.212337702677517e-05 0.0
contained 0.00012424675405355034 1.911718784307034
container 0.001056097409455178 0.0
containing 6.212337702677517e-05 0.0
contains 0.00012424675405355034 1.4127276181880462
content 0.004721376654034913 0.0
contentinfo 6.212337702677517e-05 0.0
contents 0.0008697272783748525 0.0
contentsub 6.212337702677517e-05 0.0
context 0.00012424675405355034 0.0
continuation 6.212337702677517e-05 2.953172659135195
continued 0.00012424675405355034 1.911718784307034
continues 6.212337702677517e-05 2.4423470353692043
contribute 6.212337702677517e-05 0.0
contributions 6.212337702677517e-05 0.0
contributors 0.00012424675405355034 0.0
control 0.00037274026216065103 0.44086703515908027
controls 0.00018637013108032551 0.0
conversion 6.212337702677517e-05 0.0
cookie 0.00031061688513387586 0.0
cookie_statement 6.212337702677517e-05 0.0
cookiestatement 6.212337702677517e-05 0.0
copyright 0.00018637013108032551 0.0
copyrightico 6.212337702677517e-05 0.0
core 6.212337702677517e-05 1.2791962255635234
corporation 0.00018637013108032551 1.3437347467010947
cost 6.212337702677517e-05 2.4423470353692043
could 0.0008076039013480773 1.0813704822336037
count 0.00012424675405355034 0.0
counter 0.0002484935081071007 0.27902400970866637
cpd 0.00037274026216065103 4.74493212836325
cpu 6.212337702677517e-05 0.0
cputime 6.212337702677517e-05 0.0
create 0.0008076039013480773 0.0
createaccount 0.0002484935081071007 0.0
created 0.00031061688513387586 0.44086703515908027
creating 0.00018637013108032551 1.449095262358921
creative 6.212337702677517e-05 0.0
creativecommons 0.00012424675405355034 0.0
criticisms 0.0005591103932409766 4.051784947803305
cross 6.212337702677517e-05 0.0
crossorigin 6.212337702677517e-05 0.0
crud 0.00012424675405355034 4.74493212836325
cs1 0.0008697272783748525 0.09097177820572679
csrftoken 6.212337702677517e-05 0.0
cstring 6.212337702677517e-05 4.74493212836325
csv 0.00012424675405355034 4.051784947803305
ctx_ver 0.00012424675405355034 0.10054122922187746
cua 0.00012424675405355034 4.74493212836325
current 0.00018637013108032551 0.0
current_events 6.212337702677517e-05 0.0
currentevents 6.212337702677517e-05 0.0
custom 0.00012424675405355034 1.8004931491968095
cuts 6.212337702677517e-05 4.051784947803305
cw 0.0005591103932409766 4.051784947803305
cw20 0.00018637013108032551 4.74493212836325
cx 0.00012424675405355034 0.0
cycle 6.212337702677517e-05 0.6844891178168307
d 6.212337702677517e-05 0.06280090123903044
d0 0.0008697272783748525 1.4127276181880462
d1 0.00037274026216065103 1.486835590341768
d33 0.00012424675405355034 0.09097177820572679
d6 6.212337702677517e-05 0.09097177820572679
da 0.0002484935081071007 1.2185716037470886
danish 6.212337702677517e-05 1.9723434061234688
dansk 6.212337702677517e-05 1.9723434061234688
dat 0.0002484935081071007 4.051784947803305
data 0.00528048704727589 0.0
database 0.0013667142945890539 1.486835590341768
database_flexibility 0.0002484935081071007 4.74493212836325
databases 0.0004969870162142014 2.1799827709017134
date 0.0004969870162142014 0.08149303425118301
datemodified 0.00012424675405355034 0.0
datepublished 0.00012424675405355034 0.0
dbase 0.0004969870162142014 4.051784947803305
dbaseiii 6.212337702677517e-05 4.74493212836325
dbaseiv 6.212337702677517e-05 4.74493212836325
dd 0.0009939740324284027 0.22314355131420976
ddf 6.212337702677517e-05 0.454472687214859
de 0.00031061688513387586 0.2905848321097423
dead 0.00012424675405355034 2.3470368555648795
debugger 0.00018637013108032551 2.4423470353692043
december 0.0007454805243213021 0.0
decided 6.212337702677517e-05 2.1799827709017134
decimal 6.212337702677517e-05 0.09097177820572679
declaration 0.0002484935081071007 1.6094379124341003
declarations 0.00012424675405355034 1.9723434061234688
declare 0.00012424675405355034 2.1058747987479913
declared 0.00012424675405355034 1.6538896750049343
declaring 0.00012424675405355034 2.7990219793079367
decoding 0.00031061688513387586 0.11020314013361425
deduplicate 0.00043486363918742625 0.017544309650909525
deduplicated 0.00031061688513387586 0.06280090123903044
defining 6.212337702677517e-05 2.1799827709017134
definitions 6.212337702677517e-05 1.8004931491968095
delete 0.00012424675405355034 0.9162907318741551
depth 0.00018637013108032551 0.0
describe 0.00012424675405355034 2.1799827709017134
described 6.212337702677517e-05 1.7004096906398272
description 6.212337702677517e-05 0.0
design 6.212337702677517e-05 0.3141153295199365
designed 6.212337702677517e-05 0.3504829736908114
designer 0.0002484935081071007 2.1058747987479913
designing 6.212337702677517e-05 3.3586377672433594
desktop 6.212337702677517e-05 1.749199854809259
desktoparticletarget 0.00018637013108032551 0.0
destructors 6.212337702677517e-05 3.3586377672433594
detection 6.212337702677517e-05 0.0
deutsch 6.212337702677517e-05 0.5254244231871433
develop 6.212337702677517e-05 1.911718784307034
developed 0.0002484935081071007 0.540239508972284
developer 0.0009939740324284027 0.0
developers 0.0008076039013480773 0.0
developing 6.212337702677517e-05 2.1058747987479913
development 0.0008076039013480773 0.38822330167365837
di 6.212337702677517e-05 1.8004931491968095
dictionary 0.0008076039013480773 1.9723434061234688
dictionary_abilities 0.0002484935081071007 4.74493212836325
different 0.00031061688513387586 0.38822330167365837
difficult 6.212337702677517e-05 2.26002547857525
dir 0.00018637013108032551 0.0
direct 6.212337702677517e-05 1.486835590341768
directly 0.00012424675405355034 1.1895840668738364
disabled 0.0006833571472945269 0.0
disaster 6.212337702677517e-05 4.74493212836325
disc 6.212337702677517e-05 1.8004931491968095
disclaimers 0.00012424675405355034 0.0
discuss 0.00012424675405355034 0.0
discussion 0.00012424675405355034 0.0
disk 6.212337702677517e-05 2.3470368555648795
display 0.0008076039013480773 0.0
displayed 6.212337702677517e-05 2.5477075510270306
displaying 6.212337702677517e-05 2.665490586683414
div 0.014102006585077966 0.0
dl 0.0006212337702677517 0.19105523676270922
dll 0.00043486363918742625 3.1354942159291497
dlls 0.00018637013108032551 4.051784947803305
dmc 6.212337702677517e-05 4.74493212836325
dmy 6.212337702677517e-05 0.0
dns 0.00012424675405355034 0.0
do 0.00012424675405355034 0.8329091229351039
dobasicsearch 6.212337702677517e-05 1.377636298376776
doc 6.212337702677517e-05 1.5260563034950492
doctype 6.212337702677517e-05 0.0
document 0.00031061688513387586 0.0
documentation 0.0004969870162142014 1.2185716037470886
documented 6.212337702677517e-05 2.7990219793079367
documentelement 0.00018637013108032551 0.0
does 6.212337702677517e-05 0.4682660093471948
donate 0.00018637013108032551 0.0
donating 6.212337702677517e-05 0.0
done 0.00012424675405355034 1.449095262358921
dongle 0.0002484935081071007 4.74493212836325
dongles 6.212337702677517e-05 4.74493212836325
dos 0.0008697272783748525 2.3470368555648795
down 6.212337702677517e-05 1.6094379124341003
download 0.0002484935081071007 0.0
downloadaspdf 6.212337702677517e-05 0.0
dreaded 6.212337702677517e-05 4.74493212836325
driven 6.212337702677517e-05 2.1058747987479913
driver 0.00031061688513387586 2.3470368555648795
drivers 6.212337702677517e-05 2.665490586683414
dropdown 0.0015530844256693795 0.0
dropped 0.00012424675405355034 2.665490586683414
dt 0.0009939740324284027 0.26759531388504365
dtstart 0.00012424675405355034 0.41419878807691896
due 0.00018637013108032551 1.8004931491968095
during 6.212337702677517e-05 1.0560526742493137
dynamic 0.00018637013108032551 0.8947845266531914
e 0.0002484935081071007 0.0
e6e6ff 6.212337702677517e-05 0.454472687214859
each 6.212337702677517e-05 0.8531118302526235
earlier 6.212337702677517e-05 2.1058747987479913
ease 6.212337702677517e-05 2.7990219793079367
easily 0.00012424675405355034 1.749199854809259
easy 6.212337702677517e-05 1.7004096906398272
echo 6.212337702677517e-05 0.0
edit 0.0048456234080884635 0.0
editable 6.212337702677517e-05 0.0
edited 0.00012424675405355034 0.0
editing 0.00012424675405355034 0.0
edition 0.0005591103932409766 1.2484245668967697
editions 6.212337702677517e-05 3.6463198396951406
editor 0.00031061688513387586 0.0
editors 0.00012424675405355034 0.0
editpage 6.212337702677517e-05 0.0
edits 0.00012424675405355034 0.0
editsection 0.003168292228365534 0.0
edituri 6.212337702677517e-05 0.0
either 0.00018637013108032551 1.3437347467010947
elected 6.212337702677517e-05 4.74493212836325
element 0.00043486363918742625 0.0
ellipsis 0.00012424675405355034 0.0
elt 0.0002484935081071007 0.0
embedded 6.212337702677517e-05 1.449095262358921
embedding 0.00012424675405355034 3.3586377672433594
employees 6.212337702677517e-05 3.3586377672433594
empty 0.00043486363918742625 0.0
emptyportlet 0.00012424675405355034 0.0
emsps 6.212337702677517e-05 4.74493212836325
en 0.0027334285891781078 0.0
en_us 0.00012424675405355034 3.6463198396951406
enabled 0.0006833571472945269 0.0
encapsulation 6.212337702677517e-05 3.1354942159291497
encouraged 0.0002484935081071007 0.0
encyclopedia 0.00012424675405355034 0.0
encyclopedic 6.212337702677517e-05 3.6463198396951406
end 0.0004969870162142014 0.0
endings 6.212337702677517e-05 4.051784947803305
english 0.00018637013108032551 0.0
enhance 6.212337702677517e-05 2.665490586683414
enhanced 0.00043486363918742625 2.1799827709017134
enhancements 0.00012424675405355034 0.0721032939013439
entered 6.212337702677517e-05 2.665490586683414
enterprise 0.00018637013108032551 2.1058747987479913
entities 6.212337702677517e-05 0.0
entity 0.00031061688513387586 0.0
entityaccesscount 6.212337702677517e-05 0.0
entitypage 0.00012424675405355034 0.0
environment 0.00043486363918742625 0.7375989431307791
enwiki 6.212337702677517e-05 0.0
enwikimwclientprefs 6.212337702677517e-05 0.0
error 0.00012424675405355034 0.09097177820572679
es 0.0002484935081071007 0.6844891178168307
es6 6.212337702677517e-05 0.0
esi 0.00012424675405355034 0.0
esitest 6.212337702677517e-05 0.0
español 6.212337702677517e-05 0.7195804376281008
especially 6.212337702677517e-05 1.8004931491968095
essential 6.212337702677517e-05 2.953172659135195
etc 0.00018637013108032551 1.377636298376776
even 0.00018637013108032551 0.40112670650956617
event 0.0006833571472945269 0.0
eventlogging 0.00012424675405355034 0.0
events 0.00012424675405355034 0.0
eventually 6.212337702677517e-05 2.3470368555648795
every 6.212337702677517e-05 1.5260563034950492
everything 6.212337702677517e-05 2.3470368555648795
evidenced 6.212337702677517e-05 4.74493212836325
exact 6.212337702677517e-05 0.0
example 0.00043486363918742625 0.4682660093471948
excluding 6.212337702677517e-05 4.051784947803305
exe 0.00018637013108032551 2.953172659135195
executables 0.00012424675405355034 2.7990219793079367
exes 0.00012424675405355034 4.74493212836325
exist 6.212337702677517e-05 0.540239508972284
existing 6.212337702677517e-05 1.486835590341768
exists 6.212337702677517e-05 0.0
expand 0.0002484935081071007 0.0
expanded 0.0009318506554016276 0.008733679968754631
expansion 0.00012424675405355034 0.0
expansiondepth 6.212337702677517e-05 0.0
expected 6.212337702677517e-05 1.9723434061234688
expensive 6.212337702677517e-05 0.0
expensivefunctioncount 6.212337702677517e-05 0.0
expiry 0.00012424675405355034 0.0
explanation 6.212337702677517e-05 2.7990219793079367
explicit 0.00012424675405355034 1.6094379124341003
export 6.212337702677517e-05 0.0
exports 0.00012424675405355034 4.74493212836325
expose 6.212337702677517e-05 4.74493212836325
expressive 6.212337702677517e-05 2.7990219793079367
ext 0.0016773311797229297 0.0
extend 0.00012424675405355034 2.1058747987479913
extended 0.00012424675405355034 1.377636298376776
extensible 6.212337702677517e-05 1.9723434061234688
extension 0.00018637013108032551 0.7375989431307791
extensions 0.00018637013108032551 0.8131064956389242
extensively 6.212337702677517e-05 3.1354942159291497
external 0.0027334285891781078 0.0
external_links 0.00031061688513387586 0.19105523676270922
extra 6.212337702677517e-05 0.0
f 0.0004969870162142014 0.0
f2 0.00018637013108032551 2.953172659135195
f28500 6.212337702677517e-05 1.0072625100798818
f7f7f7 6.212337702677517e-05 0.454472687214859
fa8a495983347898 6.212337702677517e-05 0.0
fa975b84 6.212337702677517e-05 4.74493212836325
facilities 0.00012424675405355034 1.7004096906398272
fallbacksearchbutton 6.212337702677517e-05 0.0
false 0.0006212337702677517 0.0
familiar 6.212337702677517e-05 2.953172659135195
family 6.212337702677517e-05 0.7018808605286999
far 0.00012424675405355034 1.911718784307034
favicon 6.212337702677517e-05 0.0
fbfbfb 6.212337702677517e-05 1.0072625100798818
fc3 6.212337702677517e-05 1.0072625100798818
fdfdfd 0.00018637013108032551 0.44086703515908027
feature 0.001428837671615829 0.0
featured 6.212337702677517e-05 2.1799827709017134
featurename 0.00018637013108032551 0.0
features 0.00043486363918742625 0.38822330167365837
february 6.212337702677517e-05 0.0
fee7e6 6.212337702677517e-05 1.0072625100798818
feed 0.00012424675405355034 0.0
fi 0.0002484935081071007 1.377636298376776
field 0.00018637013108032551 1.749199854809259
file 0.001739454556749705 0.0
file_upload_wizard 0.00012424675405355034 0.0
files 0.0002484935081071007 0.0
final 0.00043486363918742625 1.5668782980153044
find 0.00012424675405355034 0.6177977433181585
find_code 6.212337702677517e-05 1.3437347467010947
finnish 6.212337702677517e-05 1.5668782980153044
firebird 6.212337702677517e-05 4.74493212836325
firm 6.212337702677517e-05 2.7990219793079367
first 0.0012424675405355034 0.0
firstheading 0.00018637013108032551 0.0
fit 6.212337702677517e-05 2.665490586683414
fixed 6.212337702677517e-05 1.8545603704670854
flat 6.212337702677517e-05 4.74493212836325
flexibility 0.0002484935081071007 2.7990219793079367
float 0.00012424675405355034 0.06280090123903044
flush 0.00031061688513387586 0.0
focus 6.212337702677517e-05 2.5477075510270306
focused 6.212337702677517e-05 2.7990219793079367
font 0.0008697272783748525 0.017544309650909525
footer 0.0016152078026961546 0.0
for 0.0037895259986332856 0.0
foreground 6.212337702677517e-05 3.3586377672433594
form 0.0006833571472945269 0.0
formally 6.212337702677517e-05 2.665490586683414
format 0.00043486363918742625 0.0
formats 0.00012424675405355034 1.911718784307034
formed 6.212337702677517e-05 2.26002547857525
forms 6.212337702677517e-05 1.5668782980153044
forums 0.0002484935081071007 2.7990219793079367
found 6.212337702677517e-05 1.449095262358921
foundation 0.0007454805243213021 0.0
founded 6.212337702677517e-05 2.7990219793079367
founders 0.00012424675405355034 3.3586377672433594
fourth 0.00043486363918742625 2.4423470353692043
foxbase 6.212337702677517e-05 4.74493212836325
foxpro 0.00031061688513387586 3.6463198396951406
fr 0.00031061688513387586 0.6177977433181585
framework 0.00012424675405355034 1.1340142157190256
français 6.212337702677517e-05 0.6844891178168307
free 0.0006212337702677517 0.0
freeimage 0.00012424675405355034 4.74493212836325
french 6.212337702677517e-05 0.6673946844575306
from 0.0022364415729639064 0.0
full 0.00031061688513387586 0.044451762570833796
fulltext 6.212337702677517e-05 0.0
fully 6.212337702677517e-05 1.7004096906398272
func 6.212337702677517e-05 1.2185716037470886
function 0.00043486363918742625 0.0
functions 0.00037274026216065103 0.7018808605286999
fundraiserredirector 6.212337702677517e-05 0.0
further 6.212337702677517e-05 0.7375989431307791
future 0.00012424675405355034 1.8004931491968095
g 0.0002484935081071007 0.0
gadget 0.0002484935081071007 0.0
gehomepagesuggestededitsenabletopics 6.212337702677517e-05 0.0
general_disclaimer 6.212337702677517e-05 0.0
generate 0.00031061688513387586 1.377636298376776
generated 0.0006212337702677517 1.6538896750049343
generates 0.00012424675405355034 2.1058747987479913
generating 0.00012424675405355034 2.953172659135195
generation 0.0008076039013480773 1.486835590341768
generation_programming_language 6.212337702677517e-05 3.3586377672433594
generation_programming_languages 6.212337702677517e-05 3.3586377672433594
generator 0.0002484935081071007 0.0
genre 0.00012424675405355034 0.10054122922187746
geoip 6.212337702677517e-05 0.0
german 6.212337702677517e-05 0.5108256237659907
gieseck 6.212337702677517e-05 4.74493212836325
given 6.212337702677517e-05 1.4127276181880462
global 0.00031061688513387586 1.4127276181880462
globalcssjs 0.00012424675405355034 0.0
go 0.00031061688513387586 0.0
goal 6.212337702677517e-05 2.1058747987479913
gold 0.00012424675405355034 3.6463198396951406
gone 6.212337702677517e-05 3.3586377672433594
google 0.00037274026216065103 0.540239508972284
googpub 0.00012424675405355034 0.0
gov 6.212337702677517e-05 1.1340142157190256
gray 6.212337702677517e-05 0.09097177820572679
greek 0.00012424675405355034 0.09097177820572679
green 6.212337702677517e-05 0.09097177820572679
grew 6.212337702677517e-05 2.4423470353692043
groundwork 6.212337702677517e-05 4.74493212836325
group 0.0008697272783748525 0.0
groups 6.212337702677517e-05 1.5668782980153044
growthexperiments 6.212337702677517e-05 0.0
gui 6.212337702677517e-05 1.7004096906398272
guidance 6.212337702677517e-05 0.0
guides 6.212337702677517e-05 0.0
h 0.00012424675405355034 0.0
h1 0.00012424675405355034 0.0
h2 0.0019879480648568055 0.0
h3 0.0002484935081071007 0.7195804376281008
hack 0.00037274026216065103 0.0
had 0.00012424675405355034 1.0313600616589422
hand 0.00012424675405355034 2.26002547857525
has 0.00043486363918742625 0.0
haspopup 0.00031061688513387586 0.0
have 0.0004969870162142014 0.6340582641899388
hbo 6.212337702677517e-05 4.74493212836325
head 0.00018637013108032551 0.0
header 0.0016152078026961546 0.0
heading 0.001428837671615829 0.0
headline 0.0011803441635087283 0.0
health 0.00012424675405355034 3.3586377672433594
healthcare 6.212337702677517e-05 3.6463198396951406
height 0.0013045909175622788 0.0
held 6.212337702677517e-05 2.3470368555648795
hello 0.00043486363918742625 1.1340142157190256
hello_world 0.0002484935081071007 2.1058747987479913
help 0.001739454556749705 0.0
helpful 6.212337702677517e-05 3.3586377672433594
here 6.212337702677517e-05 0.0
hidden 0.0008697272783748525 0.0
hide 0.0006212337702677517 0.0
higher 0.00018637013108032551 1.486835590341768
highest 6.212337702677517e-05 0.0
his 6.212337702677517e-05 1.4127276181880462
historically 6.212337702677517e-05 3.1354942159291497
history 0.0011182207864819532 0.0
hlist 0.003541032490526185 0.2905848321097423
hor 0.00012424675405355034 0.0
host 6.212337702677517e-05 2.3470368555648795
hosted 6.212337702677517e-05 0.0
how 0.0006833571472945269 0.0
however 0.0004969870162142014 0.0
href 0.016276324781015095 0.0
hreflang 0.0006212337702677517 0.11020314013361425
htm 0.00012424675405355034 1.2484245668967697
html 0.0008076039013480773 0.0
http 0.0016152078026961546 0.0
https 0.003044045474311984 0.0
hub 6.212337702677517e-05 0.0
i 0.0023606883270174566 0.008733679968754631
ia 0.00018637013108032551 2.3470368555648795
ibm 6.212337702677517e-05 1.2185716037470886
ico 6.212337702677517e-05 0.0
icon 0.0023606883270174566 0.0
icons 0.0002484935081071007 0.0
id 0.010871590979685656 0.0
ide 0.0009939740324284027 1.449095262358921
identifiers 0.00043486363918742625 1.0813704822336037
idhash 6.212337702677517e-05 0.0
if 0.0008697272783748525 0.0
il 6.212337702677517e-05 1.2484245668967697
image 0.0009939740324284027 0.0
imageobject 0.00012424675405355034 0.0
imageright 0.00012424675405355034 0.8329091229351039
images 0.0007454805243213021 0.0
img 0.0006833571472945269 0.0
imperative 0.00018637013108032551 1.16141318990714
imperative_programming 6.212337702677517e-05 1.2791962255635234
implement 6.212337702677517e-05 0.0
implemented 6.212337702677517e-05 1.0072625100798818
implicit 0.00018637013108032551 1.8545603704670854
important 0.00031061688513387586 0.7018808605286999
improve 0.0002484935081071007 0.9382696385929302
improvement 6.212337702677517e-05 2.953172659135195
improvements 6.212337702677517e-05 0.0
in 0.004659253277008138 0.0
inappropriate 6.212337702677517e-05 3.1354942159291497
inc 0.00018637013108032551 0.0
include 0.00018637013108032551 0.0
included 0.0002484935081071007 1.1340142157190256
including 0.0004969870162142014 0.7375989431307791
incorporated 6.212337702677517e-05 2.03688192726104
increasingly 6.212337702677517e-05 3.1354942159291497
increment 6.212337702677517e-05 0.26759531388504365
indented 6.212337702677517e-05 3.3586377672433594
indenting 6.212337702677517e-05 4.74493212836325
independent 6.212337702677517e-05 1.377636298376776
index 0.002484935081071007 0.0
indexed 6.212337702677517e-05 3.3586377672433594
indexes 6.212337702677517e-05 3.3586377672433594
indicators 6.212337702677517e-05 0.0
industry 6.212337702677517e-05 2.26002547857525
info 0.0005591103932409766 0.0
infobox 0.002112194818910356 0.21233263520999412
infobox_programming_language 0.00012424675405355034 0.37548427589622857
information 0.0002484935081071007 0.0
informationweek 0.00012424675405355034 4.74493212836325
inherit 0.00043486363918742625 0.035401927050916
inheritance 6.212337702677517e-05 2.1058747987479913
init 0.00018637013108032551 0.0
initial 6.212337702677517e-05 1.377636298376776
initially 0.00012424675405355034 1.7004096906398272
inject 6.212337702677517e-05 4.051784947803305
inline 0.0006833571472945269 0.035401927050916
inner 0.0002484935081071007 0.0
input 0.0007454805243213021 0.0
insensitive 6.212337702677517e-05 3.6463198396951406
inserting 6.212337702677517e-05 4.051784947803305
inside 0.00018637013108032551 0.0721032939013439
installation 6.212337702677517e-05 2.665490586683414
installed 6.212337702677517e-05 2.7990219793079367
instead 6.212337702677517e-05 1.2484245668967697
integrated 0.00031061688513387586 1.0560526742493137
integrated_development_environment 6.212337702677517e-05 1.7004096906398272
integrator 6.212337702677517e-05 4.74493212836325
interact 0.00012424675405355034 2.7990219793079367
interaction 0.00018637013108032551 0.0
interest 6.212337702677517e-05 1.9723434061234688
interface 0.00037274026216065103 0.0
interfaces 6.212337702677517e-05 1.449095262358921
interlanguage 0.001739454556749705 0.0
international 0.0002484935081071007 0.9607424944449889
internet 0.00018637013108032551 2.03688192726104
interoperate 0.00018637013108032551 4.74493212836325
interoperate_with_ 0.0002484935081071007 4.74493212836325
interpreter 6.212337702677517e-05 1.486835590341768
interwiki 0.0006212337702677517 0.11020314013361425
into 0.00037274026216065103 0.48225225132193467
introduced 6.212337702677517e-05 1.1895840668738364
introduction 0.00018637013108032551 0.0
ip 0.00012424675405355034 0.0
is 0.0037895259986332856 0.0
isam 0.00043486363918742625 3.6463198396951406
israel 6.212337702677517e-05 1.3437347467010947
issues 0.0004969870162142014 1.3109449238781037
it 0.0025470584580977824 0.0
italian 6.212337702677517e-05 0.7559480817989758
italiano 6.212337702677517e-05 0.7746402148111283
item 0.005591103932409766 0.0
items 6.212337702677517e-05 0.0
its 0.00018637013108032551 0.25629575863111026
j 0.00018637013108032551 0.0
j9u 0.00018637013108032551 1.3437347467010947
jan 6.212337702677517e-05 2.26002547857525
january 0.00031061688513387586 0.0
jensen 0.00018637013108032551 2.4423470353692043
jezik 6.212337702677517e-05 2.953172659135195
jpi 0.0004969870162142014 4.74493212836325
jquery 0.00018637013108032551 0.0
js 0.00018637013108032551 0.0
json 0.00012424675405355034 0.0
jstor 0.00012424675405355034 1.377636298376776
july 0.0005591103932409766 0.0
jump 0.00012424675405355034 0.0
june 0.0002484935081071007 0.0
just 6.212337702677517e-05 1.2484245668967697
język 6.212337702677517e-05 2.3470368555648795
k 0.0006212337702677517 0.0
kahn 0.00018637013108032551 4.74493212836325
kb 6.212337702677517e-05 3.1354942159291497
kept 6.212337702677517e-05 2.7990219793079367
kern 0.00012424675405355034 0.09097177820572679
key 6.212337702677517e-05 0.0
klarion 6.212337702677517e-05 4.74493212836325
klarion_ 6.212337702677517e-05 4.74493212836325
label 0.0036031558675529603 0.0
labelled 6.212337702677517e-05 3.6463198396951406
labelledby 6.212337702677517e-05 0.0
labels 6.212337702677517e-05 2.3470368555648795
lack 6.212337702677517e-05 2.26002547857525
lacking 6.212337702677517e-05 1.486835590341768
lager 6.212337702677517e-05 4.051784947803305
lagged 6.212337702677517e-05 4.74493212836325
laid 6.212337702677517e-05 3.3586377672433594
landmark 0.0002484935081071007 0.0
lang 0.0016773311797229297 0.0
langage 0.00012424675405355034 1.8004931491968095
langlinks 0.00012424675405355034 0.0
language 0.003975896129713611 0.0
language_properties 0.0002484935081071007 4.74493212836325
languages 0.0006833571472945269 0.0
last 0.0008076039013480773 0.0
lastmod 6.212337702677517e-05 0.0
later 0.00018637013108032551 0.8531118302526235
latest 0.00012424675405355034 1.6538896750049343
layer 0.00018637013108032551 2.5477075510270306
lazy 0.00012424675405355034 0.0
lccn 0.00018637013108032551 1.3109449238781037
ld 0.00012424675405355034 0.0
leader 0.00012424675405355034 3.6463198396951406
learn 0.0006212337702677517 0.0
learning 0.00043486363918742625 1.8545603704670854
least 6.212337702677517e-05 1.8545603704670854
left 0.001428837671615829 0.0
lem 6.212337702677517e-05 4.74493212836325
lems 0.00012424675405355034 4.74493212836325
lenguaje 6.212337702677517e-05 2.03688192726104
lenguaje_de_programaci 6.212337702677517e-05 2.1058747987479913
less 0.00012424675405355034 1.8004931491968095
let 6.212337702677517e-05 2.03688192726104
level 0.0016152078026961546 0.0
levels 6.212337702677517e-05 0.0
leverage 0.00012424675405355034 3.6463198396951406
leveraged 6.212337702677517e-05 4.74493212836325
li 0.017456668944523825 0.0
lib 6.212337702677517e-05 2.953172659135195
libraries 0.00043486363918742625 0.9162907318741551
library 0.00037274026216065103 0.6340582641899388
library_ 6.212337702677517e-05 2.1058747987479913
libs 6.212337702677517e-05 4.74493212836325
license 0.0004969870162142014 0.0
licensed 6.212337702677517e-05 2.665490586683414
licenses 0.00012424675405355034 0.0
life 6.212337702677517e-05 0.6340582641899388
like 0.00012424675405355034 0.41419878807691896
limit 0.0006833571472945269 0.0
limited 0.0006833571472945269 0.0
limitreport 0.00018637013108032551 0.0
lindersoft 6.212337702677517e-05 4.74493212836325
line 0.0004969870162142014 0.10054122922187746
linguaggio 6.212337702677517e-05 1.8004931491968095
linguaggio_di_programmazione 6.212337702677517e-05 2.1799827709017134
link 0.004410759768901038 0.0
link_library 6.212337702677517e-05 3.6463198396951406
linked 0.00012424675405355034 0.0
linker 0.00018637013108032551 2.665490586683414
links 0.0015530844256693795 0.0
list 0.008138162390507547 0.0
listbullet 0.00018637013108032551 0.0
listitem 0.0002484935081071007 0.2905848321097423
lists 6.212337702677517e-05 1.1073459686368643
little 6.212337702677517e-05 2.26002547857525
load 0.00018637013108032551 0.0
loaded 6.212337702677517e-05 0.0
loader 6.212337702677517e-05 0.0
loading 0.00018637013108032551 0.0
loc 0.00012424675405355034 0.0
local 6.212337702677517e-05 1.3437347467010947
local_base 6.212337702677517e-05 1.3109449238781037
lock 0.0006833571472945269 0.09097177820572679
log 0.00043486363918742625 0.0
logged 0.00012424675405355034 0.0
logic 6.212337702677517e-05 1.449095262358921
login 0.00031061688513387586 0.0
logo 0.0004969870162142014 0.0
london 6.212337702677517e-05 2.665490586683414
long 6.212337702677517e-05 1.5260563034950492
longer 6.212337702677517e-05 1.8545603704670854
look 6.212337702677517e-05 1.749199854809259
lookup 6.212337702677517e-05 4.051784947803305
loss 6.212337702677517e-05 3.3586377672433594
lower 0.00037274026216065103 0.09097177820572679
ltr 0.0008076039013480773 0.0
lua 0.00012424675405355034 0.008733679968754631
m 0.00012424675405355034 0.0
machine 0.00031061688513387586 0.6340582641899388
machine_code 6.212337702677517e-05 2.4423470353692043
made 0.0002484935081071007 0.0
magazine 6.212337702677517e-05 1.6538896750049343
main 0.0016152078026961546 0.0
main_page 0.00012424675405355034 0.0
mainentity 0.00012424675405355034 0.0
mainpage 6.212337702677517e-05 0.0
maint 6.212337702677517e-05 0.09097177820572679
maintain 6.212337702677517e-05 2.3470368555648795
maintenance 0.0004969870162142014 0.9382696385929302
maintenance_template_removal 0.00031061688513387586 1.0813704822336037
major 0.00012424675405355034 0.8131064956389242
make 0.00012424675405355034 1.2484245668967697
makecollapsible 0.00018637013108032551 0.42744401482693967
makes 6.212337702677517e-05 1.377636298376776
management 0.00012424675405355034 1.0813704822336037
mandatory 0.0002484935081071007 0.0
manner 6.212337702677517e-05 2.3470368555648795
manual 6.212337702677517e-05 1.1340142157190256
manual_of_style 6.212337702677517e-05 3.1354942159291497
many 0.0006833571472945269 0.6673946844575306
map 0.00037274026216065103 1.8004931491968095
mapped 6.212337702677517e-05 3.1354942159291497
march 0.00012424675405355034 0.0
margin 0.001428837671615829 0.017544309650909525
marketing 6.212337702677517e-05 2.953172659135195
mask 6.212337702677517e-05 3.6463198396951406
match 6.212337702677517e-05 0.0
material 6.212337702677517e-05 1.486835590341768
max 0.00012424675405355034 0.0
maximize 6.212337702677517e-05 4.74493212836325
may 0.0006212337702677517 0.0
mbox 0.0018015779337764801 1.0072625100798818
mckesson 0.0006833571472945269 4.74493212836325
mckesson_corporation 6.212337702677517e-05 4.74493212836325
mdb 6.212337702677517e-05 4.74493212836325
mdi 6.212337702677517e-05 4.051784947803305
meaning 6.212337702677517e-05 1.9723434061234688
means 0.00012424675405355034 1.5260563034950492
media 0.00018637013108032551 0.0
mediawiki 0.0006212337702677517 0.0
meet 6.212337702677517e-05 2.03688192726104
memory 0.00018637013108032551 0.008733679968754631
memusage 6.212337702677517e-05 0.008733679968754631
menu 0.006150214325650743 0.0
merged 6.212337702677517e-05 2.3470368555648795
message 0.00043486363918742625 0.0
messages 6.212337702677517e-05 1.6538896750049343
meta 0.0008076039013480773 0.0
metadata 0.0002484935081071007 0.6017974019717174
method 0.00031061688513387586 1.3109449238781037
methods 0.00012424675405355034 1.449095262358921
microsoft 0.0002484935081071007 0.8531118302526235
microsoft_sql_server 6.212337702677517e-05 3.6463198396951406
microsoft_windows 6.212337702677517e-05 1.6538896750049343
million 6.212337702677517e-05 2.665490586683414
min 0.00012424675405355034 0.12981161152199053
minerva 0.0004969870162142014 0.13976194237515863
minimal 0.00012424675405355034 2.1799827709017134
mixing 6.212337702677517e-05 4.051784947803305
mixture 6.212337702677517e-05 3.1354942159291497
mmv 0.00012424675405355034 0.11020314013361425
mobile 0.00018637013108032551 0.0
mobileaction 6.212337702677517e-05 0.0
mobileview 6.212337702677517e-05 0.0
mode 0.00012424675405355034 1.5260563034950492
model 0.00031061688513387586 0.8737311174553593
modeling 6.212337702677517e-05 2.03688192726104
models 6.212337702677517e-05 1.8004931491968095
modern 6.212337702677517e-05 1.449095262358921
modified 6.212337702677517e-05 2.4423470353692043
module 0.00012424675405355034 0.0
modules 0.00031061688513387586 0.0
monolithic 6.212337702677517e-05 3.6463198396951406
more 0.0013667142945890539 0.0
more_citations_needed 6.212337702677517e-05 2.03688192726104
most 0.00031061688513387586 0.6340582641899388
move 0.00012424675405355034 0.0
moved 6.212337702677517e-05 0.0
ms 0.00012424675405355034 0.0
msbuild 6.212337702677517e-05 3.6463198396951406
much 0.00018637013108032551 1.2484245668967697
multi 0.00031061688513387586 0.8329091229351039
multiple 0.0006212337702677517 0.7936884097818228
multiple_issues 0.0002484935081071007 2.1058747987479913
multithreaded 6.212337702677517e-05 3.3586377672433594
multithreading 0.00012424675405355034 2.953172659135195
multithreading_ 6.212337702677517e-05 3.3586377672433594
must 6.212337702677517e-05 1.2185716037470886
mw 0.0267751754985401 0.0
mw1435 6.212337702677517e-05 3.3586377672433594
mw1473 0.00012424675405355034 4.051784947803305
mycontributions 6.212337702677517e-05 0.0
mysql 6.212337702677517e-05 4.74493212836325
mytalk 6.212337702677517e-05 0.0
n 0.0008697272783748525 0.0
name 0.0020500714418835806 0.0
named 0.0006833571472945269 1.1073459686368643
namely 6.212337702677517e-05 3.3586377672433594
namespaces 6.212337702677517e-05 0.0
narod2 6.212337702677517e-05 4.74493212836325
national 6.212337702677517e-05 0.8947845266531914
native 0.00031061688513387586 1.3437347467010947
natively 6.212337702677517e-05 2.4423470353692043
nav 0.0008697272783748525 0.0
navbar 0.00018637013108032551 0.06280090123903044
navbox 0.003044045474311984 0.454472687214859
navigation 0.0007454805243213021 0.0
navigationtiming 6.212337702677517e-05 0.0
nb 0.00012424675405355034 0.8531118302526235
nearby 6.212337702677517e-05 0.0
nearly 6.212337702677517e-05 2.1799827709017134
need 6.212337702677517e-05 1.377636298376776
needed 0.00018637013108032551 1.1340142157190256
needing 0.0009318506554016276 1.5260563034950492
needs 6.212337702677517e-05 1.0813704822336037
net 0.0018015779337764801 0.7195804376281008
net_framework 6.212337702677517e-05 2.1058747987479913
net_libraries 0.0002484935081071007 4.74493212836325
neutral 0.00012424675405355034 2.665490586683414
neutral_point_of_view 6.212337702677517e-05 2.953172659135195
new 0.0009939740324284027 0.14981227822866008
newpp 6.212337702677517e-05 0.0
news 6.212337702677517e-05 0.5552773863368246
newspapers 6.212337702677517e-05 1.377636298376776
next 6.212337702677517e-05 1.2484245668967697
niels 0.00018637013108032551 4.051784947803305
nli 6.212337702677517e-05 1.3437347467010947
nlx10 6.212337702677517e-05 1.3437347467010947
no 0.0011182207864819532 0.0
no_trial_version_available 0.0002484935081071007 4.74493212836325
node 6.212337702677517e-05 0.0
nofollow 0.002112194818910356 0.0
noicon 0.00031061688513387586 0.0
nojs 6.212337702677517e-05 0.0
non 0.0002484935081071007 0.0
none 0.0011803441635087283 0.0
nonprogrammers 0.00037274026216065103 4.74493212836325
noprint 0.00037274026216065103 0.0
normal 0.00031061688513387586 0.0
norsk 6.212337702677517e-05 1.3437347467010947
norwegian 6.212337702677517e-05 1.3437347467010947
noscript 0.0002484935081071007 0.0
nosnippet 6.212337702677517e-05 0.0
not 0.001056097409455178 0.0
notability 0.00043486363918742625 2.5477075510270306
notable 6.212337702677517e-05 1.8004931491968095
note 0.00012424675405355034 0.6340582641899388
notice 6.212337702677517e-05 0.0
november 0.00018637013108032551 0.0
nowrap 0.00018637013108032551 0.05358424613410626
nowraplinks 6.212337702677517e-05 0.454472687214859
ns 0.00012424675405355034 0.0
nstab 6.212337702677517e-05 0.0
nt 6.212337702677517e-05 2.953172659135195
nuget 0.00018637013108032551 3.6463198396951406
null 6.212337702677517e-05 0.0
numb 0.001056097409455178 0.0
number 0.00012424675405355034 0.0
numerous 6.212337702677517e-05 2.5477075510270306
nws 6.212337702677517e-05 1.377636298376776
o 0.0002484935081071007 0.0
object 0.0004969870162142014 0.5254244231871433
object_ 6.212337702677517e-05 2.953172659135195
objects 0.0002484935081071007 1.0560526742493137
obtained 6.212337702677517e-05 3.1354942159291497
october 0.00018637013108032551 0.0
ocx 6.212337702677517e-05 4.74493212836325
odbc 0.0005591103932409766 4.051784947803305
odd 0.00012424675405355034 0.454472687214859
of 0.005528980555382991 0.0
offered 0.00012424675405355034 2.5477075510270306
official 0.0004969870162142014 0.8737311174553593
official_website_different_in_wikidata_and_wikipedia 6.212337702677517e-05 1.8545603704670854
offset 6.212337702677517e-05 3.1354942159291497
og 0.00012424675405355034 0.0
ohjelmointikieli 0.00012424675405355034 2.665490586683414
ol 0.0011803441635087283 0.035401927050916
oldid 0.00018637013108032551 0.0
oldtools 6.212337702677517e-05 4.74493212836325
omitted 6.212337702677517e-05 2.3470368555648795
on 0.0018637013108032553 0.0
one 0.0007454805243213021 0.42744401482693967
online 6.212337702677517e-05 1.749199854809259
only 0.00037274026216065103 0.0
ons 6.212337702677517e-05 3.3586377672433594
onto 6.212337702677517e-05 2.4423470353692043
onwards 6.212337702677517e-05 3.3586377672433594
oojs_ui_icon_edit 0.00037274026216065103 0.8737311174553593
oop 0.00012424675405355034 2.5477075510270306
opensearch_desc 6.212337702677517e-05 0.0
opensearchdescription 6.212337702677517e-05 0.0
operating 0.00018637013108032551 0.41419878807691896
operating_system 0.00012424675405355034 0.5108256237659907
optional 0.00012424675405355034 1.5668782980153044
options 0.00037274026216065103 0.0
or 0.0016152078026961546 0.0
oracle 0.00018637013108032551 2.4423470353692043
oracle_database 6.212337702677517e-05 4.051784947803305
org 0.00528048704727589 0.0
organiser 6.212337702677517e-05 0.9382696385929302
organization 0.00031061688513387586 0.0
orientated 6.212337702677517e-05 4.74493212836325
oriented 0.0002484935081071007 0.6505875661411494
oriented_programming 0.00012424675405355034 1.0313600616589422
origin 0.00031061688513387586 0.0
original 0.00012424675405355034 0.3022808718729337
os 0.00012424675405355034 0.6177977433181585
other 0.0006212337702677517 0.0
others 0.00012424675405355034 1.486835590341768
our 0.00037274026216065103 2.3470368555648795
out 0.00012424675405355034 0.0
output 0.009939740324284027 0.0
overflow 0.00018637013108032551 0.0
overloading 6.212337702677517e-05 2.665490586683414
overly 6.212337702677517e-05 3.3586377672433594
own 0.00018637013108032551 1.2791962255635234
p 0.011492824749953407 0.0
package 6.212337702677517e-05 1.486835590341768
packages 0.00012424675405355034 1.911718784307034
padding 0.001056097409455178 0.017544309650909525
page 0.002919798720258433 0.0
pagelanguagecode 6.212337702677517e-05 0.0
pagelanguagedir 6.212337702677517e-05 0.0
pageprop 6.212337702677517e-05 0.27902400970866637
pages 0.0008076039013480773 0.0
pagevariantfallbacks 6.212337702677517e-05 0.0
paid 6.212337702677517e-05 3.3586377672433594
panel 0.0002484935081071007 0.0
paradigm 0.00043486363918742625 0.5705448584676129
paradigm_programming_language 6.212337702677517e-05 1.5260563034950492
paradigms 6.212337702677517e-05 1.8004931491968095
paradox 0.00018637013108032551 3.6463198396951406
paradox_ 6.212337702677517e-05 4.74493212836325
parameter 6.212337702677517e-05 1.5668782980153044
parameters 6.212337702677517e-05 1.2791962255635234
parsed 6.212337702677517e-05 0.0
parser 0.009939740324284027 0.0
partners 0.00012424675405355034 3.6463198396951406
party 0.00037274026216065103 1.9723434061234688
party_extensions 0.00031061688513387586 4.74493212836325
pascal 0.0004969870162142014 1.1073459686368643
pascal_ 0.00012424675405355034 1.2791962255635234
passed 6.212337702677517e-05 1.6094379124341003
passing 6.212337702677517e-05 1.7004096906398272
past 6.212337702677517e-05 0.0
patch 6.212337702677517e-05 2.953172659135195
patches 6.212337702677517e-05 4.051784947803305
patroltoken 6.212337702677517e-05 0.0
pc 6.212337702677517e-05 1.6094379124341003
pcache 6.212337702677517e-05 0.0
pdf 0.00031061688513387586 0.0
period 0.00012424675405355034 2.4423470353692043
permalink 6.212337702677517e-05 0.0
permanent 0.00012424675405355034 0.0
person 6.212337702677517e-05 2.4423470353692043
personal 0.0005591103932409766 0.0
perspective 6.212337702677517e-05 2.953172659135195
pervasive 6.212337702677517e-05 3.6463198396951406
philippe 0.00012424675405355034 4.051784947803305
philippe_kahn 6.212337702677517e-05 4.74493212836325
php 0.002795551966204883 0.0
picture 6.212337702677517e-05 2.953172659135195
pin 0.00012424675405355034 0.0
pinnable 0.0007454805243213021 0.0
pinned 0.0006212337702677517 0.0
pl 0.0002484935081071007 0.9162907318741551
placeholder 6.212337702677517e-05 0.0
places 0.0005591103932409766 0.0
plain 0.00012424675405355034 2.953172659135195
plain_text 6.212337702677517e-05 4.74493212836325
plainlinks 0.00031061688513387586 0.20163734609324613
platform 0.00012424675405355034 0.5552773863368246
please 0.0002484935081071007 0.9837320126696876
plugging 6.212337702677517e-05 4.74493212836325
png 0.0015530844256693795 0.0
point 0.00018637013108032551 0.9162907318741551
points 6.212337702677517e-05 2.4423470353692043
policy 0.00012424675405355034 0.0
polish 6.212337702677517e-05 0.9837320126696876
polski 6.212337702677517e-05 1.0560526742493137
popular 0.00018637013108032551 1.5668782980153044
popups 6.212337702677517e-05 0.0
portable 6.212337702677517e-05 1.5260563034950492
portal 0.00018637013108032551 0.0
portlet 0.0016773311797229297 0.0
position 6.212337702677517e-05 0.0
possible 0.00018637013108032551 1.2791962255635234
post 0.00012424675405355034 0.0
postexpandincludesize 6.212337702677517e-05 0.0
postgres 6.212337702677517e-05 4.74493212836325
power 6.212337702677517e-05 1.449095262358921
powered 6.212337702677517e-05 0.0
poweredby_mediawiki_132x47 6.212337702677517e-05 0.0
poweredby_mediawiki_176x62 6.212337702677517e-05 0.0
poweredby_mediawiki_88x31 6.212337702677517e-05 0.0
poweredbyico 6.212337702677517e-05 0.0
ppvisitednodes 6.212337702677517e-05 0.0
pre 0.0004969870162142014 0.40112670650956617
preconnect 6.212337702677517e-05 0.11020314013361425
preemption 6.212337702677517e-05 3.6463198396951406
preemption_ 6.212337702677517e-05 3.6463198396951406
preemptive 6.212337702677517e-05 3.3586377672433594
prefetch 0.00012424675405355034 0.0
preprocessor 6.212337702677517e-05 0.0
present 6.212337702677517e-05 1.6538896750049343
presentation 0.0002484935081071007 0.6177977433181585
preview 6.212337702677517e-05 0.0
previous 6.212337702677517e-05 1.8004931491968095
print 0.00012424675405355034 0.0
print_export 0.00018637013108032551 0.0
printable 0.00018637013108032551 0.0
printfooter 6.212337702677517e-05 0.0
privacy 0.00018637013108032551 0.0
privacy_policy 0.00012424675405355034 0.0
problem 0.00012424675405355034 1.3109449238781037
problems 6.212337702677517e-05 1.749199854809259
procedural 6.212337702677517e-05 1.0813704822336037
procedure 0.00018637013108032551 1.6094379124341003
procedures 0.00012424675405355034 1.5668782980153044
process 6.212337702677517e-05 0.9162907318741551
processing 6.212337702677517e-05 0.8947845266531914
produce 0.00012424675405355034 1.7004096906398272
produced 0.00031061688513387586 1.9723434061234688
produces 0.00012424675405355034 2.665490586683414
product 0.0007454805243213021 1.4127276181880462
products 0.00012424675405355034 1.4127276181880462
professional 0.0004969870162142014 1.8545603704670854
profit 6.212337702677517e-05 0.0
program 0.0009939740324284027 0.41419878807691896
programación 6.212337702677517e-05 2.03688192726104
programmazione 6.212337702677517e-05 2.1799827709017134
programmer 6.212337702677517e-05 0.9837320126696876
programmering 6.212337702677517e-05 4.74493212836325
programmeringsspr 6.212337702677517e-05 2.953172659135195
programmeringsspråk 6.212337702677517e-05 3.1354942159291497
programmers 0.0002484935081071007 1.449095262358921
programmiersprache 0.00012424675405355034 1.8004931491968095
programming 0.0027334285891781078 0.0
programming_for_nonprogrammers 0.0002484935081071007 4.74493212836325
programming_language 0.003044045474311984 0.08149303425118301
programming_paradigm 6.212337702677517e-05 0.5860490450035782
programowania 6.212337702677517e-05 2.4423470353692043
programs 0.0004969870162142014 0.6340582641899388
programski 6.212337702677517e-05 3.1354942159291497
programski_jezik 6.212337702677517e-05 3.3586377672433594
progressive 0.0005591103932409766 0.0
project 6.212337702677517e-05 0.7936884097818228
projects 0.00012424675405355034 0.0
promotional 0.00043486363918742625 4.051784947803305
prompt 6.212337702677517e-05 2.7990219793079367
properties 0.0002484935081071007 1.911718784307034
property 0.00018637013108032551 0.0
proprietary 0.00043486363918742625 1.5260563034950492
proprietary_software 6.212337702677517e-05 2.3470368555648795
protected 6.212337702677517e-05 2.7990219793079367
protection 6.212337702677517e-05 0.9162907318741551
proved 6.212337702677517e-05 2.7990219793079367
provided 0.00018637013108032551 1.0560526742493137
provides 0.00018637013108032551 0.9162907318741551
pseudocode 0.00018637013108032551 4.051784947803305
pstring 6.212337702677517e-05 4.74493212836325
pt 0.00037274026216065103 0.0
pub 6.212337702677517e-05 0.41419878807691896
published 0.00012424675405355034 0.3504829736908114
publisher 0.00012424675405355034 0.0
purposes 6.212337702677517e-05 1.9723434061234688
push 0.00018637013108032551 0.0
q 0.0004969870162142014 0.0
q1095608 0.0004969870162142014 4.74493212836325
quality 0.00012424675405355034 1.8004931491968095
query 0.00012424675405355034 1.0813704822336037
question_book 0.00043486363918742625 1.3437347467010947
questions 6.212337702677517e-05 2.1058747987479913
queues 6.212337702677517e-05 3.3586377672433594
quick 6.212337702677517e-05 0.0
quiet 0.00037274026216065103 0.0
quite 6.212337702677517e-05 2.4423470353692043
quotes 6.212337702677517e-05 0.09097177820572679
r 0.00012424675405355034 0.0
r1011085734 6.212337702677517e-05 0.09097177820572679
r1061467846 6.212337702677517e-05 0.454472687214859
r1066479718 0.00012424675405355034 0.21233263520999412
r1086701767 6.212337702677517e-05 2.1058747987479913
r1097763485 0.0002484935081071007 1.0072625100798818
r1129693374 6.212337702677517e-05 0.2905848321097423
r1133582631 0.00012424675405355034 0.09097177820572679
random 0.00012424675405355034 0.0
randomly 6.212337702677517e-05 0.0
randompage 6.212337702677517e-05 0.0
raw 6.212337702677517e-05 0.0
re 0.00018637013108032551 0.0
read 0.0002484935081071007 0.0
readily 0.00012424675405355034 3.6463198396951406
reads 6.212337702677517e-05 2.953172659135195
ready 0.0011182207864819532 0.0
real 6.212337702677517e-05 0.0
reason 0.00018637013108032551 2.3470368555648795
recent 0.00018637013108032551 0.0
recentchanges 0.00018637013108032551 0.0
recentchangeslinked 0.00012424675405355034 0.0
recommended 6.212337702677517e-05 2.953172659135195
recursion 6.212337702677517e-05 0.0
red 6.212337702677517e-05 0.09097177820572679
redirect 0.0002484935081071007 0.008733679968754631
reduced 6.212337702677517e-05 0.0
reference 0.00031061688513387586 0.035401927050916
references 0.001056097409455178 0.008733679968754631
referencetooltips 6.212337702677517e-05 0.0
referencing 6.212337702677517e-05 1.8004931491968095
referencing_for_beginners 6.212337702677517e-05 1.911718784307034
referred 6.212337702677517e-05 1.9723434061234688
referrer 0.00018637013108032551 0.0
refimprove 6.212337702677517e-05 1.911718784307034
reflected 6.212337702677517e-05 3.3586377672433594
reflist 0.0009318506554016276 0.09097177820572679
regenerated 6.212337702677517e-05 4.74493212836325
registered 6.212337702677517e-05 0.0
registration 0.00012424675405355034 0.08149303425118301
rel 0.00347890911349941 0.0
related 0.00012424675405355034 0.0
relational 6.212337702677517e-05 2.4423470353692043
relationship 6.212337702677517e-05 2.5477075510270306
relatively 6.212337702677517e-05 2.3470368555648795
release 0.0009318506554016276 0.49643688631389105
released 0.001428837671615829 1.0072625100798818
releases 0.00018637013108032551 1.449095262358921
reliable 0.00012424675405355034 0.8947845266531914
remained 6.212337702677517e-05 2.3470368555648795
removal 0.00031061688513387586 1.0313600616589422
remove 0.00031061688513387586 0.9382696385929302
removed 6.212337702677517e-05 1.3109449238781037
removing 6.212337702677517e-05 2.5477075510270306
rendering 6.212337702677517e-05 0.0
repeat 0.0002484935081071007 0.0721032939013439
replace 6.212337702677517e-05 0.0
replaced 0.00012424675405355034 1.8545603704670854
report 0.00018637013108032551 0.0
reports 6.212337702677517e-05 1.9723434061234688
represented 6.212337702677517e-05 1.9723434061234688
request 6.212337702677517e-05 1.1895840668738364
require 0.00012424675405355034 0.0
required 0.00012424675405355034 1.1895840668738364
resembles 6.212337702677517e-05 2.3470368555648795
resembling 6.212337702677517e-05 3.1354942159291497
reset 6.212337702677517e-05 0.26759531388504365
resolved 6.212337702677517e-05 3.3586377672433594
resourceloaderdynamicstyles 6.212337702677517e-05 0.0
result 6.212337702677517e-05 0.9837320126696876
retains 6.212337702677517e-05 4.051784947803305
retrieved 0.00012424675405355034 0.0
return 6.212337702677517e-05 1.1073459686368643
returnto 0.0002484935081071007 0.0
reviewed 6.212337702677517e-05 3.3586377672433594
revision 0.00018637013108032551 0.0
revisions 6.212337702677517e-05 0.0
revolutionary 6.212337702677517e-05 4.051784947803305
rewritten 6.212337702677517e-05 2.1799827709017134
rfr_id 0.00012424675405355034 0.10054122922187746
rft 0.00037274026216065103 0.10054122922187746
rft_id 0.00012424675405355034 0.11020314013361425
rft_val_fmt 0.00012424675405355034 0.10054122922187746
rgba 6.212337702677517e-05 0.09097177820572679
right 0.0006833571472945269 0.0
rl 6.212337702677517e-05 0.0
rlconf 6.212337702677517e-05 0.0
rlpagemodules 6.212337702677517e-05 0.0
rlq 0.00037274026216065103 0.0
rlstate 6.212337702677517e-05 0.0
robert 6.212337702677517e-05 1.5668782980153044
robots 6.212337702677517e-05 0.0
robust 6.212337702677517e-05 2.7990219793079367
role 0.0011803441635087283 0.0
roman 0.0002484935081071007 0.09097177820572679
rootpage 6.212337702677517e-05 0.0
row 0.0006212337702677517 0.12981161152199053
royalty 6.212337702677517e-05 4.74493212836325
rsd 0.00012424675405355034 0.0
ru 0.00031061688513387586 0.6505875661411494
run 6.212337702677517e-05 0.7018808605286999
runs 6.212337702677517e-05 1.749199854809259
russian 6.212337702677517e-05 0.6505875661411494
s 0.0009939740324284027 0.0
sa 0.00012424675405355034 0.0
saas 6.212337702677517e-05 4.051784947803305
same 0.0002484935081071007 0.8737311174553593
sameas 0.00012424675405355034 0.0
sample 0.00012424675405355034 2.1799827709017134
save 6.212337702677517e-05 2.3470368555648795
saved 6.212337702677517e-05 0.0
schema 0.00012424675405355034 0.0
scholar 0.00018637013108032551 1.3109449238781037
science 6.212337702677517e-05 0.3504829736908114
scope 0.0006212337702677517 0.11995931507897897
screen 0.00043486363918742625 0.0
screens 6.212337702677517e-05 2.953172659135195
scribunto 6.212337702677517e-05 0.008733679968754631
script 0.0008697272783748525 0.0
scripts 6.212337702677517e-05 0.0
search 0.0019258246878300304 0.0
searchbutton 0.0002484935081071007 0.0
searchform 6.212337702677517e-05 0.0
searchinput 6.212337702677517e-05 0.0
seconds 0.00018637013108032551 0.0
section 0.0022364415729639064 0.0
sections 0.00012424675405355034 2.4423470353692043
selected 0.0002484935081071007 0.0
selector 6.212337702677517e-05 0.0
selflink 6.212337702677517e-05 0.08149303425118301
sentences 6.212337702677517e-05 0.0
sentiment 6.212337702677517e-05 4.74493212836325
separate 6.212337702677517e-05 1.3109449238781037
separated 0.00012424675405355034 2.26002547857525
separated_values 6.212337702677517e-05 4.051784947803305
separates 6.212337702677517e-05 3.3586377672433594
separator 6.212337702677517e-05 4.051784947803305
september 0.0002484935081071007 0.0
sequential 6.212337702677517e-05 2.4423470353692043
serbian 6.212337702677517e-05 1.9723434061234688
series 6.212337702677517e-05 1.1073459686368643
server 0.00012424675405355034 1.3437347467010947
services 0.00018637013108032551 1.3437347467010947
set 0.00037274026216065103 0.0
settings 6.212337702677517e-05 2.665490586683414
setupbuilder 6.212337702677517e-05 4.74493212836325
several 0.00012424675405355034 0.7195804376281008
sh95005167 6.212337702677517e-05 4.74493212836325
sha1 6.212337702677517e-05 0.10054122922187746
share 6.212337702677517e-05 1.9723434061234688
sharealike 6.212337702677517e-05 0.0
sharealike_3 6.212337702677517e-05 0.0
sharpdevelop 0.0002484935081071007 3.3586377672433594
shipped 0.00012424675405355034 3.3586377672433594
shipping 6.212337702677517e-05 3.6463198396951406
ships 6.212337702677517e-05 4.051784947803305
should 0.00018637013108032551 1.377636298376776
show 0.0002484935081071007 0.0
shown 6.212337702677517e-05 1.7004096906398272
sidebar 0.0006833571472945269 0.0
significant 6.212337702677517e-05 1.377636298376776
significantly 6.212337702677517e-05 2.665490586683414
simple 0.0002484935081071007 0.6017974019717174
simplesearch 6.212337702677517e-05 0.0
simply 6.212337702677517e-05 2.03688192726104
since 6.212337702677517e-05 0.9162907318741551
site 0.00031061688513387586 0.0
sitedir 6.212337702677517e-05 0.0
sitelinks 6.212337702677517e-05 0.0
sitenotice 0.00012424675405355034 0.0
sitesub 6.212337702677517e-05 0.0
sitesupport 6.212337702677517e-05 0.0
size 0.0008697272783748525 0.0
sizing 0.00012424675405355034 0.25629575863111026
skills 6.212337702677517e-05 3.6463198396951406
skin 0.0008697272783748525 0.0
skins 0.00037274026216065103 0.0
skip 6.212337702677517e-05 2.5477075510270306
skipped 6.212337702677517e-05 4.74493212836325
small 0.0009939740324284027 0.0721032939013439
snippets 6.212337702677517e-05 3.6463198396951406
so 0.0002484935081071007 0.8329091229351039
softvelocity 0.0008697272783748525 4.74493212836325
software 0.0006212337702677517 0.08149303425118301
software_developer 6.212337702677517e-05 0.9382696385929302
software_license 6.212337702677517e-05 1.0072625100798818
software_release_life_cycle 6.212337702677517e-05 0.7018808605286999
sold 6.212337702677517e-05 2.4423470353692043
solid 0.0006833571472945269 0.2340726218464
solution 6.212337702677517e-05 2.4423470353692043
solutions 6.212337702677517e-05 2.03688192726104
some 0.0004969870162142014 0.5108256237659907
sometimes 6.212337702677517e-05 2.03688192726104
sophisticated 6.212337702677517e-05 2.665490586683414
source 0.00043486363918742625 0.49643688631389105
source_code 6.212337702677517e-05 2.26002547857525
sources 0.00012424675405355034 0.6177977433181585
space 0.00012424675405355034 0.11995931507897897
spacing 6.212337702677517e-05 0.2905848321097423
spam 0.00012424675405355034 3.3586377672433594
span 0.023482636516121015 0.0
spanish 6.212337702677517e-05 0.7195804376281008
special 0.0013667142945890539 0.0
specialpages 0.00012424675405355034 0.0
specific 0.00031061688513387586 0.9837320126696876
specified 6.212337702677517e-05 1.749199854809259
speedy 6.212337702677517e-05 1.0072625100798818
spends 6.212337702677517e-05 4.051784947803305
split 6.212337702677517e-05 2.5477075510270306
sql 0.0009939740324284027 1.377636298376776
sql_anywhere 6.212337702677517e-05 4.74493212836325
sqlite 6.212337702677517e-05 4.051784947803305
sr 0.0002484935081071007 1.8545603704670854
src 0.0008076039013480773 0.0
srcset 0.00043486363918742625 0.0
srpski 6.212337702677517e-05 1.9723434061234688
stable 0.00012424675405355034 0.7195804376281008
stand 6.212337702677517e-05 2.1799827709017134
standard 0.0002484935081071007 0.0
standards 6.212337702677517e-05 1.4127276181880462
start 0.00018637013108032551 0.0
started 6.212337702677517e-05 1.377636298376776
starts 6.212337702677517e-05 2.4423470353692043
startup 0.00012424675405355034 0.0
statement 0.00031061688513387586 0.0
statements 0.00012424675405355034 0.9382696385929302
states 6.212337702677517e-05 1.0072625100798818
static 0.0008076039013480773 0.0
statistics 6.212337702677517e-05 0.0
stats 6.212337702677517e-05 0.0
statslink 6.212337702677517e-05 0.0
status 6.212337702677517e-05 0.0
sterlingdata 0.00012424675405355034 4.74493212836325
sticky 0.00012424675405355034 0.0
still 0.00012424675405355034 1.1895840668738364
stopmobileredirecttoggle 6.212337702677517e-05 0.0
store 6.212337702677517e-05 1.377636298376776
stores 6.212337702677517e-05 2.665490586683414
straightforward 6.212337702677517e-05 3.1354942159291497
strategy 6.212337702677517e-05 2.3470368555648795
strictly 6.212337702677517e-05 2.5477075510270306
structure 6.212337702677517e-05 1.1073459686368643
structured 0.0002484935081071007 0.0
structured_programming 6.212337702677517e-05 1.7004096906398272
style 0.003106168851338759 0.0
styles 0.0008697272783748525 0.0
stylesheet 0.00012424675405355034 0.0
subbox 6.212337702677517e-05 0.21233263520999412
subgroup 0.00031061688513387586 0.454472687214859
subheader 6.212337702677517e-05 0.21233263520999412
subject 6.212337702677517e-05 0.0
subjects 6.212337702677517e-05 1.3437347467010947
sublist 0.0011182207864819532 0.0
submit 0.00012424675405355034 0.0
subscription 0.00012424675405355034 0.09097177820572679
subsection 6.212337702677517e-05 0.7195804376281008
substandard 0.00018637013108032551 4.74493212836325
substandard_documentation 0.0002484935081071007 4.74493212836325
subtitle 6.212337702677517e-05 0.0
such 0.00012424675405355034 0.454472687214859
suggestededitsession 6.212337702677517e-05 0.0
suited 6.212337702677517e-05 2.665490586683414
summary 6.212337702677517e-05 0.19105523676270922
suomi 6.212337702677517e-05 1.5668782980153044
sup 0.0002484935081071007 0.0721032939013439
support 0.0008697272783748525 0.0
supported 0.00018637013108032551 0.9382696385929302
supports 0.00018637013108032551 0.8531118302526235
surrounding 6.212337702677517e-05 3.1354942159291497
svg 0.0022985649499906815 0.0
switcher 6.212337702677517e-05 0.0
sybase 6.212337702677517e-05 4.051784947803305
syntax 0.00012424675405355034 0.540239508972284
system 0.0004969870162142014 0.11020314013361425
systems 0.00012424675405355034 0.454472687214859
t 0.0007454805243213021 0.0
tab 0.00031061688513387586 0.0
tabindex 0.00012424675405355034 0.0
table 0.0012424675405355034 0.0
tables 0.00037274026216065103 2.1799827709017134
tabs 0.00012424675405355034 0.0
tagged 0.00018637013108032551 2.26002547857525
tagline 0.00018637013108032551 0.0
tags 6.212337702677517e-05 0.0
taking 6.212337702677517e-05 2.26002547857525
talk 0.00043486363918742625 0.0
target 0.0008076039013480773 0.0
targetloader 6.212337702677517e-05 0.0
tb 0.00018637013108032551 0.0
tbm 0.00012424675405355034 1.377636298376776
tbody 0.0007454805243213021 0.044451762570833796
tbs 0.00018637013108032551 1.377636298376776
td 0.0029819220972852082 0.044451762570833796
tdan 6.212337702677517e-05 4.74493212836325
team 0.00012424675405355034 1.6538896750049343
technologies 0.00012424675405355034 1.486835590341768
technology 0.00037274026216065103 0.7195804376281008
telephone 6.212337702677517e-05 0.0
template 0.0026091818351245575 0.0
templateargumentsize 6.212337702677517e-05 0.0
templates 0.001428837671615829 2.4423470353692043
templatestyles 0.0007454805243213021 0.017544309650909525
tends 6.212337702677517e-05 4.051784947803305
termed 6.212337702677517e-05 2.5477075510270306
terminating 6.212337702677517e-05 2.7990219793079367
terminators 6.212337702677517e-05 4.051784947803305
terms 0.00018637013108032551 0.0
terms_of_use 6.212337702677517e-05 0.0
text 0.005528980555382991 0.0
text_of_the_creative_commons_attribution 6.212337702677517e-05 0.0
th 0.0012424675405355034 0.11995931507897897
than 0.0002484935081071007 0.6340582641899388
that 0.0014909610486426041 0.18058393689541388
the 0.012797415667515686 0.0
the_global_map 0.0002484935081071007 4.74493212836325
their 0.0002484935081071007 0.7559480817989758
then 0.00043486363918742625 0.6017974019717174
there 0.00018637013108032551 0.8737311174553593
these 0.00012424675405355034 0.6340582641899388
they 0.00037274026216065103 0.7195804376281008
thin 0.00012424675405355034 3.6463198396951406
thinetsolution 6.212337702677517e-05 4.74493212836325
third 0.00018637013108032551 1.377636298376776
this 0.0033546623594458594 0.0
those 0.00018637013108032551 1.3437347467010947
though 6.212337702677517e-05 1.5668782980153044
three 0.00012424675405355034 1.16141318990714
through 6.212337702677517e-05 0.8531118302526235
thumb 0.0009318506554016276 0.12981161152199053
thumbnail 6.212337702677517e-05 0.0
thus 6.212337702677517e-05 1.0313600616589422
time 0.0008076039013480773 0.0
timestamp 0.00012424675405355034 0.0
timeusage 6.212337702677517e-05 0.008733679968754631
timingprofile 6.212337702677517e-05 0.0
title 0.013977759831024415 0.0
titlebar 0.0004969870162142014 0.0
titleform 6.212337702677517e-05 0.0
to 0.006460831210784618 0.0
toc 0.011803441635087283 0.0
together 6.212337702677517e-05 1.8004931491968095
toggle 0.0006833571472945269 0.0
toggle_view_mobile 6.212337702677517e-05 0.0
tokens 6.212337702677517e-05 0.0
tone 0.00037274026216065103 3.3586377672433594
tool 6.212337702677517e-05 1.1073459686368643
toolbar 0.00018637013108032551 0.0
tools 0.0008697272783748525 0.0
top 0.0006833571472945269 0.0
topics 6.212337702677517e-05 1.8545603704670854
topspeed 0.0006212337702677517 4.74493212836325
total 0.00012424675405355034 0.0
touch 0.00012424675405355034 0.0
tps 0.00018637013108032551 4.74493212836325
tr 0.0026091818351245575 0.044451762570833796
trademark 6.212337702677517e-05 0.0
transclusion 6.212337702677517e-05 0.0
transientcontent 6.212337702677517e-05 0.0
transition 6.212337702677517e-05 2.665490586683414
transparency 6.212337702677517e-05 3.1354942159291497
transparent 0.0002484935081071007 0.06280090123903044
treated 6.212337702677517e-05 3.3586377672433594
trial 0.0002484935081071007 3.3586377672433594
triggered 6.212337702677517e-05 0.0
true 0.0015530844256693795 0.0
ttl 6.212337702677517e-05 0.0
turbo 0.00018637013108032551 2.26002547857525
turbo_pascal 6.212337702677517e-05 2.7990219793079367
turn 0.00012424675405355034 2.03688192726104
turning 6.212337702677517e-05 3.1354942159291497
turns 6.212337702677517e-05 3.1354942159291497
tutorial 6.212337702677517e-05 1.8545603704670854
two 6.212337702677517e-05 0.6505875661411494
type 0.0022985649499906815 0.0
types 0.00018637013108032551 0.7375989431307791
typically 0.00012424675405355034 1.486835590341768
u 0.00012424675405355034 0.0
ui 0.00347890911349941 0.0
uid 0.00018637013108032551 1.1073459686368643
ul 0.0054668571783562155 0.0
uli 6.212337702677517e-05 1.3109449238781037
ulong 6.212337702677517e-05 4.74493212836325
uls 0.00031061688513387586 0.0
unclear 6.212337702677517e-05 2.1058747987479913
under 0.00012424675405355034 0.0
united 6.212337702677517e-05 0.9837320126696876
unknown 0.00012424675405355034 0.26759531388504365
unless 6.212337702677517e-05 2.5477075510270306
unlike 6.212337702677517e-05 1.6538896750049343
unmanaged 0.00012424675405355034 3.3586377672433594
unmanagedexports 0.00012424675405355034 4.74493212836325
unpin 0.00012424675405355034 0.0
unpinned 0.00012424675405355034 0.0
unsourced 6.212337702677517e-05 1.3109449238781037
unstrip 0.0002484935081071007 0.0
unusable 6.212337702677517e-05 4.74493212836325
up 6.212337702677517e-05 0.8947845266531914
update 6.212337702677517e-05 1.8004931491968095
updated 0.00018637013108032551 0.41419878807691896
updating 6.212337702677517e-05 2.953172659135195
upgrade 6.212337702677517e-05 3.1354942159291497
upload 0.0015530844256693795 0.0
upper 0.0002484935081071007 0.09097177820572679
url 0.0006212337702677517 0.0
us 0.00018637013108032551 0.0
usable 6.212337702677517e-05 2.953172659135195
usage 0.0002484935081071007 0.0
use 0.0013045909175622788 0.0
use_of_templates 0.0002484935081071007 4.74493212836325
used 0.0006212337702677517 0.19105523676270922
uselang 6.212337702677517e-05 0.0
usenet 6.212337702677517e-05 3.3586377672433594
user 0.0021743181959371313 0.0
useradd 0.00012424675405355034 0.0
userlogin 0.00012424675405355034 0.0
users 0.00043486363918742625 0.9382696385929302
ushort 6.212337702677517e-05 4.74493212836325
using 0.0006833571472945269 0.0
utc 6.212337702677517e-05 0.0
utf 6.212337702677517e-05 0.0
utilizing 6.212337702677517e-05 4.74493212836325
utm_campaign 6.212337702677517e-05 0.0
utm_medium 6.212337702677517e-05 0.0
utm_source 6.212337702677517e-05 0.0
ux 6.212337702677517e-05 0.08149303425118301
validation 6.212337702677517e-05 2.7990219793079367
value 0.0008076039013480773 0.0
values 0.00012424675405355034 0.9837320126696876
var 0.00012424675405355034 0.0
variable 0.00012424675405355034 0.9382696385929302
variant 6.212337702677517e-05 0.0
variants 0.00037274026216065103 0.0
variety 0.0002484935081071007 2.1799827709017134
various 6.212337702677517e-05 1.377636298376776
vary 6.212337702677517e-05 0.10054122922187746
varying 6.212337702677517e-05 3.3586377672433594
vast 6.212337702677517e-05 4.051784947803305
vb 6.212337702677517e-05 3.1354942159291497
ve 6.212337702677517e-05 0.0
vector 0.02019009753370193 0.0
vendor 0.00012424675405355034 2.665490586683414
vendors 6.212337702677517e-05 2.4423470353692043
verifiability 0.00012424675405355034 1.2185716037470886
verification 6.212337702677517e-05 1.6538896750049343
version 0.0015530844256693795 0.0
versions 0.00012424675405355034 1.0813704822336037
vertical 6.212337702677517e-05 0.6017974019717174
very 0.00012424675405355034 0.9607424944449889
vevent 6.212337702677517e-05 0.22314355131420976
via 0.00031061688513387586 1.0313600616589422
view 0.0007454805243213021 0.0
viewing 6.212337702677517e-05 4.051784947803305
viewport 6.212337702677517e-05 0.0
views 0.00018637013108032551 0.0
virtual 6.212337702677517e-05 1.0313600616589422
visible 6.212337702677517e-05 0.09097177820572679
visit 0.00012424675405355034 0.0
visited 6.212337702677517e-05 0.0
visual 6.212337702677517e-05 0.9607424944449889
visualeditor 0.0002484935081071007 0.0
vue 0.00012424675405355034 0.0
w 0.002795551966204883 0.0
walltime 6.212337702677517e-05 0.0
wants 6.212337702677517e-05 3.3586377672433594
was 0.0036031558675529603 0.0
watchlist 6.212337702677517e-05 0.0
watchtoken 6.212337702677517e-05 0.0
way 6.212337702677517e-05 0.8947845266531914
wayback 0.00031061688513387586 2.03688192726104
wayback_machine 6.212337702677517e-05 2.03688192726104
ways 0.00012424675405355034 1.449095262358921
wb 0.00012424675405355034 0.0
wbc 6.212337702677517e-05 0.0
wbr 0.00012424675405355034 0.7195804376281008
wc 6.212337702677517e-05 1.3437347467010947
web 0.0009318506554016276 0.09097177820572679
webarchive 0.00018637013108032551 2.03688192726104
webarchive_template_wayback_links 6.212337702677517e-05 2.03688192726104
webinar 6.212337702677517e-05 4.74493212836325
website 0.00043486363918742625 0.0
weekly 6.212337702677517e-05 4.051784947803305
weight 0.0002484935081071007 0.05358424613410626
well 0.00012424675405355034 1.0560526742493137
went 6.212337702677517e-05 3.1354942159291497
were 0.00031061688513387586 0.6844891178168307
wgaction 6.212337702677517e-05 0.0
wgarticleid 6.212337702677517e-05 0.0
wgbackendresponsetime 6.212337702677517e-05 0.0
wgbreakframes 6.212337702677517e-05 0.0
wgcanonicalnamespace 6.212337702677517e-05 0.0
wgcanonicalspecialpagename 6.212337702677517e-05 0.0
wgcategories 6.212337702677517e-05 0.0
wgcentralauthmobiledomain 6.212337702677517e-05 0.0
wgcspnonce 6.212337702677517e-05 0.0
wgcurrevisionid 6.212337702677517e-05 0.0
wgdefaultdateformat 6.212337702677517e-05 0.0
wgdigittransformtable 6.212337702677517e-05 0.0
wgeditsubmitbuttonlabelpublish 6.212337702677517e-05 0.0
wgflaggedrevsparams 6.212337702677517e-05 0.0
wggestructuredtaskrejectionreasontextinputenabled 6.212337702677517e-05 0.0
wggetopicsmatchmodeenabled 6.212337702677517e-05 0.0
wghostname 6.212337702677517e-05 0.0
wgisarticle 6.212337702677517e-05 0.0
wgisprobablyeditable 6.212337702677517e-05 0.0
wgisredirect 6.212337702677517e-05 0.0
wgmediaviewerenabledbydefault 6.212337702677517e-05 0.0
wgmediavieweronclick 6.212337702677517e-05 0.0
wgmfdisplaywikibasedescriptions 6.212337702677517e-05 0.0
wgmonthnames 6.212337702677517e-05 0.0
wgnamespacenumber 6.212337702677517e-05 0.0
wgnoticeproject 6.212337702677517e-05 0.0
wgpagecontentlanguage 6.212337702677517e-05 0.0
wgpagecontentmodel 6.212337702677517e-05 0.0
wgpagename 6.212337702677517e-05 0.0
wgpageparsereport 6.212337702677517e-05 0.0
wgpopupsflags 6.212337702677517e-05 0.0
wgrelevantarticleid 6.212337702677517e-05 0.0
wgrelevantpageisprobablyeditable 6.212337702677517e-05 0.0
wgrelevantpagename 6.212337702677517e-05 0.0
wgrequestid 6.212337702677517e-05 0.0
wgrestrictionedit 6.212337702677517e-05 0.0
wgrestrictionmove 6.212337702677517e-05 0.0
wgrevisionid 6.212337702677517e-05 0.0
wgseparatortransformtable 6.212337702677517e-05 0.0
wgtitle 6.212337702677517e-05 0.0
wgulscurrentautonym 6.212337702677517e-05 0.0
wgulsiscompactlinksenabled 6.212337702677517e-05 0.0
wgulsislanguageselectorempty 6.212337702677517e-05 0.0
wgulsposition 6.212337702677517e-05 0.0
wgusergroups 6.212337702677517e-05 0.0
wgusername 6.212337702677517e-05 0.0
wgvector2022previewpages 6.212337702677517e-05 0.0
wgvisualeditor 6.212337702677517e-05 0.0
wgwikibaseitemid 6.212337702677517e-05 0.0
wgwmepagelength 6.212337702677517e-05 0.0
wgwmeschemaeditattemptstepoversample 6.212337702677517e-05 0.0
what 0.00018637013108032551 0.0
what_wikipedia_is_not 6.212337702677517e-05 3.3586377672433594
whatlinkshere 0.00012424675405355034 0.0
when 0.0013045909175622788 0.0
where 0.00018637013108032551 0.9382696385929302
whether 0.00012424675405355034 2.1058747987479913
which 0.0012424675405355034 0.3022808718729337
while 0.00012424675405355034 0.7195804376281008
white 0.00012424675405355034 0.12981161152199053
who 0.00018637013108032551 1.486835590341768
whole 0.00012424675405355034 2.26002547857525
wide 0.0002484935081071007 2.03688192726104
wide_variety_of_3rd 0.00031061688513387586 4.74493212836325
width 0.0025470584580977824 0.0
wiki 0.009318506554016276 0.0
wikibase 0.0002484935081071007 0.0
wikidata 0.0008697272783748525 0.0
wikimedia 0.003044045474311984 0.0
wikimediabadges 0.00012424675405355034 0.0
wikimediaevents 6.212337702677517e-05 0.0
wikimediafoundation 0.00012424675405355034 0.0
wikipedia 0.007144188358079145 0.0
wikipedia_is_not_a_soapbox_or_means_of_promotion 6.212337702677517e-05 4.051784947803305
wikipedia_pages_needing_cleanup_from_december_2022 6.212337702677517e-05 4.74493212836325
wikisource 6.212337702677517e-05 0.09097177820572679
wikitext 6.212337702677517e-05 0.0
will 0.00018637013108032551 0.9607424944449889
win16 0.00012424675405355034 4.74493212836325
win32 0.00037274026216065103 3.3586377672433594
window 0.00031061688513387586 0.0
windows 0.0016152078026961546 0.8329091229351039
wise 6.212337702677517e-05 4.051784947803305
with 0.0036652792445797354 0.0
within 0.00018637013108032551 1.0072625100798818
without 0.0002484935081071007 0.9162907318741551
wizard 6.212337702677517e-05 4.051784947803305
wmf 0.00018637013108032551 0.0
word 0.00018637013108032551 0.05358424613410626
wordmark 0.00012424675405355034 0.0
work 0.00012424675405355034 0.9607424944449889
worked 6.212337702677517e-05 2.26002547857525
workflow 6.212337702677517e-05 2.7990219793079367
working 0.00012424675405355034 1.1895840668738364
works 6.212337702677517e-05 0.0
world 0.00043486363918742625 0.8737311174553593
would 0.0002484935081071007 1.1895840668738364
wpformidentifier 6.212337702677517e-05 0.0
wrap 0.00012424675405355034 0.06280090123903044
write 6.212337702677517e-05 1.16141318990714
writer 6.212337702677517e-05 2.5477075510270306
writes 6.212337702677517e-05 2.953172659135195
writing 6.212337702677517e-05 1.2791962255635234
written 0.00043486363918742625 0.44086703515908027
ws 6.212337702677517e-05 0.09097177820572679
www 0.0022364415729639064 0.0
x 0.0006833571472945269 0.0
xls 6.212337702677517e-05 4.74493212836325
xml 0.0005591103932409766 0.0
y 0.00031061688513387586 0.0
years 0.00018637013108032551 0.454472687214859
yes 6.212337702677517e-05 0.0
yet 0.00012424675405355034 1.8004931491968095
you 0.0004969870162142014 0.0
z 0.00031061688513387586 0.0
z39 0.00012424675405355034 0.10054122922187746
z3988 0.00012424675405355034 0.10054122922187746
программирования 6.212337702677517e-05 1.8004931491968095
русский 6.212337702677517e-05 0.6505875661411494
српски 6.212337702677517e-05 1.9723434061234688
язык 6.212337702677517e-05 1.8004931491968095
