0 0.007286245353159851 0.0
00 0.00029739776951672863 0.0
000 0.00014869888475836432 0.0
01 0.00014869888475836432 0.3382128810989969
02t14 0.00014869888475836432 4.74493212836325
03 0.00014869888475836432 0.44086703515908027
039 0.00029739776951672863 0.0
04 7.434944237918216e-05 0.5254244231871433
045 0.00014869888475836432 4.74493212836325
05 7.434944237918216e-05 0.6340582641899388
06 0.00014869888475836432 0.5254244231871433
07 7.434944237918216e-05 0.6177977433181585
09 0.00014869888475836432 0.5860490450035782
0_unported_license 7.434944237918216e-05 0.0
0px 7.434944237918216e-05 0.7375989431307791
1 0.004907063197026022 0.0
10 0.0004460966542750929 0.0
100 0.0011895910780669145 0.0
1000 7.434944237918216e-05 0.0
10000 7.434944237918216e-05 1.2484245668967697
1000000 0.00014869888475836432 0.0
100pt 7.434944237918216e-05 4.74493212836325
100px 7.434944237918216e-05 0.9837320126696876
106 0.00014869888475836432 1.749199854809259
109 7.434944237918216e-05 1.9723434061234688
10px 0.0005947955390334573 0.454472687214859
11 0.00022304832713754646 0.21233263520999412
1112846816 0.0005204460966542751 4.74493212836325
11348 0.00014869888475836432 4.74493212836325
114 0.00022304832713754646 0.37548427589622857
116 0.00014869888475836432 2.5477075510270306
117 7.434944237918216e-05 0.0
12 0.0008921933085501858 0.18058393689541388
122 0.00014869888475836432 1.911718784307034
123 0.00014869888475836432 2.26002547857525
125em 0.0003717472118959108 0.0
127 7.434944237918216e-05 0.09097177820572679
12pt 0.00014869888475836432 4.74493212836325
12px 7.434944237918216e-05 0.09097177820572679
12s5i 7.434944237918216e-05 0.0
13 0.00014869888475836432 0.0
133 7.434944237918216e-05 0.08149303425118301
138 0.00014869888475836432 2.26002547857525
14 0.00014869888475836432 0.22314355131420976
15px 7.434944237918216e-05 0.8531118302526235
16 0.0004460966542750929 0.2451224580329849
160 0.0011152416356877324 0.0
165 0.00014869888475836432 2.5477075510270306
16pt 7.434944237918216e-05 4.74493212836325
16px 0.00022304832713754646 1.0072625100798818
17 0.00014869888475836432 0.44086703515908027
180 0.00014869888475836432 0.8947845266531914
185 0.00014869888475836432 0.9607424944449889
1881 0.00014869888475836432 4.74493212836325
19 0.00014869888475836432 0.38822330167365837
192 0.00014869888475836432 2.3470368555648795
1998 0.00014869888475836432 1.377636298376776
1em 0.0006691449814126394 0.02643325706815543
1px 0.0005947955390334573 0.2451224580329849
1x1 7.434944237918216e-05 0.0
2 0.002007434944237918 0.0
20 0.0004460966542750929 0.0
2002 0.00014869888475836432 1.0560526742493137
2004 0.00014869888475836432 0.06280090123903044
2005 7.434944237918216e-05 0.8531118302526235
20050714074659 7.434944237918216e-05 4.74493212836325
2008 0.00014869888475836432 1.0313600616589422
20081224002953 7.434944237918216e-05 4.74493212836325
20100102031426 7.434944237918216e-05 4.74493212836325
20110708213458 7.434944237918216e-05 4.74493212836325
2013 0.00029739776951672863 0.6844891178168307
2014 0.00029739776951672863 0.8947845266531914
2015 0.00029739776951672863 1.0072625100798818
2019 0.00029739776951672863 0.9162907318741551
20190325_1 0.00014869888475836432 4.74493212836325
20190513081808 7.434944237918216e-05 4.74493212836325
2020 7.434944237918216e-05 0.8329091229351039
2021 0.00014869888475836432 0.7746402148111283
2022 0.0005947955390334573 0.0
20230314215233 7.434944237918216e-05 4.74493212836325
20230314215234 0.00014869888475836432 4.74493212836325
2097152 0.00029739776951672863 0.0
20px 7.434944237918216e-05 0.8531118302526235
21 0.00014869888475836432 0.3504829736908114
22 0.0004460966542750929 0.26759531388504365
22curl 0.0004460966542750929 4.74493212836325
238px 0.00014869888475836432 0.8329091229351039
23px 0.00022304832713754646 0.5254244231871433
24 7.434944237918216e-05 0.5254244231871433
247 0.00014869888475836432 3.1354942159291497
24px 7.434944237918216e-05 1.8004931491968095
25 0.00014869888475836432 0.3260915205666521
254aa67e 7.434944237918216e-05 4.74493212836325
255 7.434944237918216e-05 0.09097177820572679
25em 0.0006691449814126394 0.035401927050916
25z 0.00014869888475836432 3.1354942159291497
26 7.434944237918216e-05 0.0
2649798 7.434944237918216e-05 4.74493212836325
27 0.00014869888475836432 0.42744401482693967
28 7.434944237918216e-05 0.5860490450035782
28programming 0.0004460966542750929 1.1340142157190256
28programming_language 0.00014869888475836432 1.1340142157190256
28t11 0.00014869888475836432 4.74493212836325
29 0.0005947955390334573 0.22314355131420976
2b 0.00014869888475836432 0.7195804376281008
2cicon 7.434944237918216e-05 0.0
2cstyles 7.434944237918216e-05 0.0
2cwikimediabadges 7.434944237918216e-05 0.6177977433181585
2em 0.00022304832713754646 0.06280090123903044
2f 0.00014869888475836432 0.11020314013361425
2f2019 7.434944237918216e-05 2.665490586683414
2f20190325_1 7.434944237918216e-05 4.74493212836325
2fcurl 7.434944237918216e-05 4.74493212836325
2fen 0.00014869888475836432 0.10054122922187746
2ffmt 0.00014869888475836432 0.10054122922187746
2frelease 7.434944237918216e-05 2.953172659135195
2fwww 0.00014869888475836432 0.3382128810989969
2fwwwpaper 7.434944237918216e-05 4.74493212836325
2px 0.0007434944237918215 0.26759531388504365
2x 0.0008178438661710037 0.0
3 0.0007434944237918215 0.0
30em 7.434944237918216e-05 0.09097177820572679
31 0.00014869888475836432 0.0
3125em 7.434944237918216e-05 0.0
31px 0.00014869888475836432 0.9837320126696876
31z 0.00014869888475836432 3.1354942159291497
32 0.00029739776951672863 0.26759531388504365
32015 0.00014869888475836432 4.74493212836325
32px 7.434944237918216e-05 2.7990219793079367
340 0.00014869888475836432 3.6463198396951406
35 0.00014869888475836432 1.1073459686368643
361 0.00014869888475836432 2.5477075510270306
36c 7.434944237918216e-05 1.0072625100798818
377 0.00014869888475836432 4.051784947803305
39 7.434944237918216e-05 0.3141153295199365
399 7.434944237918216e-05 1.3109449238781037
3a 0.00022304832713754646 0.11020314013361425
3a3 7.434944237918216e-05 0.09097177820572679
3abook 0.00014869888475836432 0.22314355131420976
3acurl 0.00014869888475836432 4.74493212836325
3akev 0.00014869888475836432 0.10054122922187746
3amtx 0.00014869888475836432 0.10054122922187746
3aofi 0.00014869888475836432 0.10054122922187746
3asid 0.00014869888475836432 0.10054122922187746
3cols 7.434944237918216e-05 0.21233263520999412
3em 0.00022304832713754646 0.035401927050916
3px 0.00029739776951672863 0.12981161152199053
4 0.00022304832713754646 0.02643325706815543
40 0.0006691449814126394 0.0
400 0.0004460966542750929 0.0
40px 0.00022304832713754646 1.1340142157190256
42537 0.00022304832713754646 4.74493212836325
43 0.00014869888475836432 1.2185716037470886
466 0.00014869888475836432 4.051784947803305
4688593 0.00014869888475836432 4.74493212836325
48 0.00014869888475836432 0.8531118302526235
4c 7.434944237918216e-05 0.09097177820572679
4e79 7.434944237918216e-05 4.74493212836325
4em 0.00014869888475836432 0.40112670650956617
4px 0.00022304832713754646 0.8329091229351039
5 0.00022304832713754646 0.11020314013361425
50 0.00022304832713754646 0.0
500 0.00014869888475836432 0.0
5000000 0.00014869888475836432 0.0
500px 7.434944237918216e-05 1.9723434061234688
50pt 7.434944237918216e-05 4.74493212836325
50px 7.434944237918216e-05 1.0072625100798818
51 0.00014869888475836432 1.0313600616589422
512 7.434944237918216e-05 0.6505875661411494
52428800 0.00014869888475836432 0.008733679968754631
52px 7.434944237918216e-05 1.0072625100798818
559 0.00014869888475836432 3.6463198396951406
56 0.00022304832713754646 0.8737311174553593
564 0.00014869888475836432 2.953172659135195
59 0.00014869888475836432 0.40112670650956617
5a 7.434944237918216e-05 3.3586377672433594
5em 0.0008178438661710037 0.0
5in 7.434944237918216e-05 4.74493212836325
5x 0.0008178438661710037 0.0
6 0.0003717472118959108 0.044451762570833796
60px 0.00022304832713754646 1.3437347467010947
65 7.434944237918216e-05 0.05358424613410626
67 0.00014869888475836432 1.5668782980153044
67916 0.00014869888475836432 4.74493212836325
6em 0.00014869888475836432 0.7195804376281008
7 0.0004460966542750929 0.0
71 0.00014869888475836432 1.2484245668967697
72 0.00014869888475836432 1.1895840668738364
720px 0.00022304832713754646 0.0
743 0.00014869888475836432 4.051784947803305
75px 7.434944237918216e-05 1.0072625100798818
76 0.00014869888475836432 1.1895840668738364
7cext 0.00022304832713754646 0.0
7cjquery 7.434944237918216e-05 0.41419878807691896
7cmediawiki 7.434944237918216e-05 0.0
7cskins 7.434944237918216e-05 0.0
7cwikibase 7.434944237918216e-05 0.0
7em 7.434944237918216e-05 0.41419878807691896
8 0.0010408921933085502 0.0
80 0.0005204460966542751 0.3022808718729337
80px 0.00022304832713754646 1.2484245668967697
8125em 7.434944237918216e-05 0.0
82 0.00029739776951672863 0.9162907318741551
83 0.0005204460966542751 0.8131064956389242
84 0.00022304832713754646 0.7018808605286999
84_ 7.434944237918216e-05 2.3470368555648795
85 7.434944237918216e-05 0.5705448584676129
86 0.00014869888475836432 0.7936884097818228
8616 7.434944237918216e-05 4.74493212836325
86400 0.00014869888475836432 0.8329091229351039
86_ 7.434944237918216e-05 1.911718784307034
87 7.434944237918216e-05 1.0560526742493137
88 0.0006691449814126394 0.0
8a 0.00022304832713754646 0.7375989431307791
8a1f1651dd21 7.434944237918216e-05 4.74493212836325
8b 0.00022304832713754646 0.9837320126696876
8c 0.00022304832713754646 1.0313600616589422
8d_ 7.434944237918216e-05 1.749199854809259
8f 0.00022304832713754646 1.0813704822336037
9 0.0004460966542750929 0.11020314013361425
90 7.434944237918216e-05 0.08149303425118301
91 0.00022304832713754646 0.0721032939013439
926 0.00014869888475836432 3.6463198396951406
93 0.00022304832713754646 0.06280090123903044
94 7.434944237918216e-05 0.9382696385929302
943 0.00014869888475836432 4.74493212836325
947 0.00014869888475836432 4.74493212836325
95 0.00014869888475836432 0.035401927050916
96 0.0004460966542750929 0.4682660093471948
969 0.00014869888475836432 3.1354942159291497
97 7.434944237918216e-05 0.9607424944449889
98 7.434944237918216e-05 0.8131064956389242
987007535176105171 7.434944237918216e-05 4.74493212836325
99 0.00022304832713754646 0.6505875661411494
9932cc 7.434944237918216e-05 1.0072625100798818
999 0.00014869888475836432 2.665490586683414
9c 7.434944237918216e-05 1.7004096906398272
9e 0.00022304832713754646 1.3109449238781037
9em 0.00022304832713754646 1.3437347467010947
9f 7.434944237918216e-05 1.9723434061234688
9px 0.00022304832713754646 0.09097177820572679
_flavors_and_implementations 7.434944237918216e-05 2.03688192726104
_hostetterd 7.434944237918216e-05 4.74493212836325
_kranzc 7.434944237918216e-05 4.74493212836325
_seedc 7.434944237918216e-05 4.74493212836325
_terman 7.434944237918216e-05 4.74493212836325
a 0.038066914498141265 0.0
a0 0.00014869888475836432 0.25629575863111026
a1 7.434944237918216e-05 1.449095262358921
a2a9b1 0.00022304832713754646 0.27902400970866637
a4 0.00022304832713754646 1.1895840668738364
a7 0.00014869888475836432 0.8131064956389242
a8 0.0005204460966542751 0.6844891178168307
a9 0.00014869888475836432 0.9382696385929302
aa 0.00022304832713754646 0.0721032939013439
aaa 0.00014869888475836432 1.2484245668967697
abbr 0.0005947955390334573 0.41419878807691896
abilities 7.434944237918216e-05 2.665490586683414
about 0.0006691449814126394 0.0
aboutsite 7.434944237918216e-05 0.0
above 7.434944237918216e-05 0.1599646496926782
abovebelow 0.0004460966542750929 0.44086703515908027
absolute 7.434944237918216e-05 0.0
ac_ 7.434944237918216e-05 4.74493212836325
acc 7.434944237918216e-05 1.3109449238781037
accessdate 0.00014869888475836432 0.2451224580329849
accesskey 0.001412639405204461 0.0
accordion 7.434944237918216e-05 4.74493212836325
account 0.00029739776951672863 0.0
across 7.434944237918216e-05 0.0
action 0.001933085501858736 0.0
actions 7.434944237918216e-05 0.0
aculo 0.00022304832713754646 4.74493212836325
ad 0.00014869888475836432 1.1895840668738364
add 7.434944237918216e-05 0.0
added 7.434944237918216e-05 1.0560526742493137
adding 7.434944237918216e-05 0.8947845266531914
addition 7.434944237918216e-05 1.16141318990714
additional 0.0005947955390334573 0.0
address 0.00022304832713754646 0.0
adobe 0.0003717472118959108 2.665490586683414
adobe_air 0.00014869888475836432 3.6463198396951406
adobe_flash 7.434944237918216e-05 3.3586377672433594
adopted 0.00014869888475836432 2.1799827709017134
advantage 7.434944237918216e-05 2.03688192726104
af 7.434944237918216e-05 1.377636298376776
after 0.0013382899628252788 0.0
ago 0.00014869888475836432 0.5108256237659907
agree 7.434944237918216e-05 0.0
air 0.00029739776951672863 2.4423470353692043
alert 0.00029739776951672863 0.0
align 0.0010408921933085502 0.05358424613410626
all 0.0010408921933085502 0.0
all_articles_lacking_in 7.434944237918216e-05 2.4423470353692043
all_articles_needing_additional_references 7.434944237918216e-05 1.911718784307034
all_articles_with_unsourced_statements 7.434944237918216e-05 1.749199854809259
alpha 0.00029739776951672863 0.08149303425118301
already 7.434944237918216e-05 2.1799827709017134
also 0.0005204460966542751 0.19105523676270922
alt 0.0012639405204460967 0.0
alternate 0.00022304832713754646 0.0
alternative 7.434944237918216e-05 1.7004096906398272
although 7.434944237918216e-05 1.1340142157190256
ambox 0.003940520446096654 1.0072625100798818
ambox_important 0.0004460966542750929 2.03688192726104
amp 0.0057992565055762085 0.0
an 0.0006691449814126394 0.0
anchor 7.434944237918216e-05 2.665490586683414
and 0.00275092936802974 0.0
anon 0.00014869888475836432 0.0
anoncontribs 7.434944237918216e-05 0.0
anontalk 7.434944237918216e-05 0.0
anonymous 0.00014869888475836432 0.0
another 0.00022304832713754646 0.09097177820572679
any 0.00029739776951672863 0.6844891178168307
apache 0.00029739776951672863 1.8545603704670854
apache_flex 7.434944237918216e-05 3.3586377672433594
apache_pivot 7.434944237918216e-05 4.051784947803305
api 7.434944237918216e-05 0.0
appeared 7.434944237918216e-05 0.40112670650956617
apple 0.00014869888475836432 0.0
applet 0.00022304832713754646 3.3586377672433594
applets 0.00022304832713754646 3.3586377672433594
application 0.0011152416356877324 0.0
applications 0.0007434944237918215 0.7746402148111283
apply 7.434944237918216e-05 0.0
april 7.434944237918216e-05 0.0
ar 7.434944237918216e-05 0.6844891178168307
architecture 0.0005204460966542751 1.2484245668967697
archive 0.0003717472118959108 0.3504829736908114
archived 0.00014869888475836432 0.6017974019717174
are 0.0005204460966542751 0.0
argument 7.434944237918216e-05 0.0
aria 0.0022304832713754648 0.0
armenian 7.434944237918216e-05 1.9723434061234688
article 0.0010408921933085502 0.0
articles 0.0020817843866171005 0.0
articles_lacking_in 7.434944237918216e-05 2.4423470353692043
articles_needing_additional_references_from_december_2014 7.434944237918216e-05 4.74493212836325
articles_with_j9u_identifiers 7.434944237918216e-05 1.3437347467010947
articles_with_lccn_identifiers 7.434944237918216e-05 1.3437347467010947
articles_with_multiple_maintenance_issues 7.434944237918216e-05 2.1058747987479913
articles_with_unsourced_statements_from_january_2013 7.434944237918216e-05 4.74493212836325
as 0.0013382899628252788 0.0
as_eq 7.434944237918216e-05 1.377636298376776
associated 0.00022304832713754646 0.0
async 0.0007434944237918215 0.0
at 0.0008178438661710037 0.0
atom 0.00022304832713754646 0.0
attach 7.434944237918216e-05 3.3586377672433594
attempts 0.00014869888475836432 2.3470368555648795
attribution 7.434944237918216e-05 0.0
au 0.0003717472118959108 0.48225225132193467
august 7.434944237918216e-05 0.0
author 0.00014869888475836432 0.0
authoring 7.434944237918216e-05 3.6463198396951406
authorities 7.434944237918216e-05 1.3109449238781037
authority 0.00022304832713754646 1.16141318990714
authority_control 7.434944237918216e-05 1.1340142157190256
auto 0.0004460966542750929 0.0
autocapitalize 7.434944237918216e-05 0.0
autocollapse 7.434944237918216e-05 0.9162907318741551
autostart 7.434944237918216e-05 0.11020314013361425
available 0.00014869888475836432 0.0
avoid 0.00014869888475836432 0.09097177820572679
award 7.434944237918216e-05 2.1058747987479913
awarded 7.434944237918216e-05 3.1354942159291497
b 0.0025278810408921933 0.0
b0 0.0003717472118959108 0.9607424944449889
b1 0.00014869888475836432 0.9607424944449889
b2 0.00014869888475836432 0.8947845266531914
b2b 7.434944237918216e-05 4.051784947803305
b2c 7.434944237918216e-05 4.74493212836325
b3 0.00022304832713754646 0.7559480817989758
b32424 0.00014869888475836432 1.0072625100798818
b3n 7.434944237918216e-05 2.03688192726104
b4 0.00029739776951672863 0.8329091229351039
b7 0.00014869888475836432 0.9837320126696876
b70a 7.434944237918216e-05 4.74493212836325
b8 0.00029739776951672863 0.9382696385929302
ba_ 7.434944237918216e-05 1.8545603704670854
background 0.0017843866171003717 0.017544309650909525
backlink 0.00014869888475836432 0.08149303425118301
bar 7.434944237918216e-05 2.3470368555648795
based 7.434944237918216e-05 0.3504829736908114
basic 7.434944237918216e-05 0.7195804376281008
bb 7.434944237918216e-05 1.749199854809259
bc 0.00029739776951672863 0.9607424944449889
bd 7.434944237918216e-05 1.2484245668967697
bday 0.00014869888475836432 0.41419878807691896
be 0.0016356877323420074 0.06280090123903044
because 0.00014869888475836432 0.0
been 0.00014869888475836432 0.6844891178168307
before 0.0011152416356877324 0.0
beginners 7.434944237918216e-05 1.7004096906398272
behavior 7.434944237918216e-05 2.03688192726104
below 0.00014869888475836432 0.18058393689541388
between 0.00014869888475836432 0.7375989431307791
bf 7.434944237918216e-05 1.1340142157190256
bks 0.00014869888475836432 1.377636298376776
bkt 7.434944237918216e-05 1.377636298376776
block 0.00022304832713754646 0.18058393689541388
blocks 0.00014869888475836432 1.449095262358921
blue 7.434944237918216e-05 2.665490586683414
body 0.0012639405204460967 0.0
bodycontent 0.00014869888475836432 0.0
bold 0.00014869888475836432 0.2451224580329849
book 7.434944237918216e-05 0.42744401482693967
books 7.434944237918216e-05 0.5552773863368246
bootstrap 7.434944237918216e-05 0.10054122922187746
border 0.0025278810408921933 0.0
both 0.0004460966542750929 0.3022808718729337
bottom 0.0003717472118959108 0.05358424613410626
box 0.00275092936802974 0.0
boxtext 7.434944237918216e-05 0.41419878807691896
br 7.434944237918216e-05 0.42744401482693967
bracket 0.0008921933085501858 0.0
brackets 0.00014869888475836432 0.41419878807691896
break 0.00022304832713754646 0.05358424613410626
browser 0.0003717472118959108 1.7004096906398272
browsers 0.00014869888475836432 2.7990219793079367
browsing 7.434944237918216e-05 0.0
btitle 0.00014869888475836432 0.22314355131420976
btn 0.0004460966542750929 0.0
builders 7.434944237918216e-05 4.74493212836325
building 7.434944237918216e-05 1.6094379124341003
business 0.0004460966542750929 1.0072625100798818
but 0.00022304832713754646 0.3629054936893685
button 0.002379182156133829 0.0
buttons 7.434944237918216e-05 0.0
by 0.001486988847583643 0.0
bytes 0.00029739776951672863 0.0
c 0.0008178438661710037 0.0
c13_en 7.434944237918216e-05 0.0
c3 7.434944237918216e-05 0.7018808605286999
c_sharp_ 7.434944237918216e-05 1.377636298376776
ca 0.0005947955390334573 0.0
cache 0.00014869888475836432 0.0
cached 7.434944237918216e-05 0.0
cachereport 7.434944237918216e-05 0.0
cactions 0.0004460966542750929 0.0
cag 0.00029739776951672863 4.74493212836325
callbacks 7.434944237918216e-05 4.051784947803305
calls 7.434944237918216e-05 0.0
campaigns 7.434944237918216e-05 0.0
can 0.000966542750929368 0.17022114985986725
canonical 0.00014869888475836432 0.0
cantonese 7.434944237918216e-05 0.540239508972284
cappuccino 7.434944237918216e-05 4.051784947803305
caps 7.434944237918216e-05 0.41419878807691896
caption 0.00014869888475836432 0.21233263520999412
cascading 0.00014869888475836432 4.051784947803305
cascading_style_sheets 7.434944237918216e-05 4.051784947803305
categories 0.00014869888475836432 0.02643325706815543
category 0.00275092936802974 0.0
catlinks 0.0004460966542750929 0.0
cats 7.434944237918216e-05 0.0721032939013439
ccf 7.434944237918216e-05 0.454472687214859
cell 0.00014869888475836432 0.7195804376281008
center 0.0010408921933085502 0.017544309650909525
centralauth 0.00014869888475836432 0.0
centralautologin 0.00014869888475836432 0.0
centralnotice 0.00022304832713754646 0.0
challenged 7.434944237918216e-05 1.8004931491968095
change 7.434944237918216e-05 0.0
changes 0.0004460966542750929 0.0
characters 7.434944237918216e-05 1.3437347467010947
charinsert 7.434944237918216e-05 0.0
charset 7.434944237918216e-05 0.0
checkbox 0.0025278810408921933 0.0
child 0.0018587360594795538 0.06280090123903044
chinese 7.434944237918216e-05 0.8131064956389242
chrome 0.00014869888475836432 3.1354942159291497
citation 0.0008921933085501858 0.08149303425118301
citation_needed 7.434944237918216e-05 1.749199854809259
citations 0.0007434944237918215 1.2185716037470886
cite 0.0010408921933085502 0.0
cite_note 0.00029739776951672863 0.08149303425118301
cite_ref 0.00029739776951672863 0.08149303425118301
cite_web 0.00014869888475836432 0.4682660093471948
citerefm 7.434944237918216e-05 4.74493212836325
citethispage 7.434944237918216e-05 0.0
citing 0.00014869888475836432 1.8545603704670854
citing_sources 0.00014869888475836432 2.1799827709017134
claim 7.434944237918216e-05 1.5668782980153044
class 0.031449814126394054 0.0
classname 0.00022304832713754646 0.0
clear 0.00022304832713754646 0.11995931507897897
clicked 7.434944237918216e-05 4.051784947803305
client 0.0005204460966542751 0.0
co 7.434944237918216e-05 1.449095262358921
code 0.0003717472118959108 0.035401927050916
col 7.434944237918216e-05 0.540239508972284
coll 0.00029739776951672863 0.0
collapse 0.0003717472118959108 0.21233263520999412
collapsed 0.00022304832713754646 0.0
collapses 7.434944237918216e-05 0.0
collapsible 0.0010408921933085502 0.0
color 0.0018587360594795538 0.017544309650909525
colspan 0.0008178438661710037 0.14981227822866008
column 0.00022304832713754646 0.09097177820572679
columns 0.0003717472118959108 0.09097177820572679
com 0.0011895910780669145 0.11995931507897897
combinations 7.434944237918216e-05 2.7990219793079367
combines 7.434944237918216e-05 2.1799827709017134
command 7.434944237918216e-05 1.2791962255635234
commandbutton 0.00014869888475836432 4.74493212836325
comment 0.00022304832713754646 1.377636298376776
comments 7.434944237918216e-05 2.1799827709017134
commercial 7.434944237918216e-05 1.3109449238781037
commons 0.0010408921933085502 0.0
communicate 7.434944237918216e-05 2.4423470353692043
community 7.434944237918216e-05 0.0
community_portal 7.434944237918216e-05 0.0
compact 0.0011152416356877324 0.8947845266531914
compactlinks 7.434944237918216e-05 0.0
compilation 7.434944237918216e-05 1.7004096906398272
compiled 0.00022304832713754646 1.0813704822336037
compiler 0.00014869888475836432 0.5108256237659907
completely 7.434944237918216e-05 2.1799827709017134
complex 0.00014869888475836432 1.2185716037470886
complications 7.434944237918216e-05 0.0
computer 0.0005204460966542751 0.12981161152199053
computer_science 0.00014869888475836432 0.5860490450035782
computer_scientist 7.434944237918216e-05 1.486835590341768
computing 0.00029739776951672863 0.3504829736908114
config 0.00014869888475836432 0.0
confused 7.434944237918216e-05 1.911718784307034
connected 7.434944237918216e-05 3.1354942159291497
consisted 7.434944237918216e-05 3.6463198396951406
consistent 0.00014869888475836432 3.6463198396951406
constructs 7.434944237918216e-05 1.5668782980153044
consumer 0.00014869888475836432 2.5477075510270306
contact 0.00029739776951672863 0.0
contact_us 0.00014869888475836432 0.0
contactpage 7.434944237918216e-05 0.0
container 0.0011895910780669145 0.0
containing 7.434944237918216e-05 0.0
content 0.006096654275092937 0.0
contentinfo 7.434944237918216e-05 0.0
contents 0.000966542750929368 0.0
contentsub 7.434944237918216e-05 0.0
context 0.00022304832713754646 0.0
contribute 7.434944237918216e-05 0.0
contributions 7.434944237918216e-05 0.0
contributors 0.00014869888475836432 0.0
control 0.00029739776951672863 0.44086703515908027
controls 0.00014869888475836432 0.0
conversion 7.434944237918216e-05 0.0
cookie 0.0003717472118959108 0.0
cookie_statement 7.434944237918216e-05 0.0
cookiestatement 7.434944237918216e-05 0.0
copyright 0.00022304832713754646 0.0
copyrightico 7.434944237918216e-05 0.0
corp 0.00022304832713754646 2.953172659135195
corporation 0.00029739776951672863 1.3437347467010947
corresponding 7.434944237918216e-05 1.4127276181880462
could 0.00014869888475836432 1.0813704822336037
count 0.00014869888475836432 0.0
counter 0.00029739776951672863 0.27902400970866637
cpu 7.434944237918216e-05 0.0
cputime 7.434944237918216e-05 0.0
create 0.0003717472118959108 0.0
createaccount 0.00029739776951672863 0.0
creation 7.434944237918216e-05 1.8545603704670854
creative 7.434944237918216e-05 0.0
creativecommons 0.00014869888475836432 0.0
cross 7.434944237918216e-05 0.0
crossorigin 7.434944237918216e-05 0.0
cs1 0.0010408921933085502 0.09097177820572679
csrftoken 7.434944237918216e-05 0.0
css 0.00022304832713754646 3.6463198396951406
ct 0.00014869888475836432 0.41419878807691896
ctx_ver 0.00014869888475836432 0.10054122922187746
curl 0.007211895910780669 4.051784947803305
curl_ 0.0030483271375464686 4.74493212836325
curl_as_lightweight_markup 0.00029739776951672863 4.74493212836325
curl_logo 0.00014869888475836432 4.74493212836325
curl_programming_language 0.00014869888475836432 4.74493212836325
curlap 7.434944237918216e-05 4.74493212836325
current 0.00014869888475836432 0.0
current_events 7.434944237918216e-05 0.0
currentevents 7.434944237918216e-05 0.0
currently 7.434944237918216e-05 1.749199854809259
cursor 7.434944237918216e-05 0.38822330167365837
cx 0.00014869888475836432 0.0
cycle 7.434944237918216e-05 0.6844891178168307
d 0.0008921933085501858 0.06280090123903044
d0 0.0010408921933085502 1.4127276181880462
d1 0.0004460966542750929 1.486835590341768
d33 0.00014869888475836432 0.09097177820572679
d6 7.434944237918216e-05 0.09097177820572679
d8 0.0005947955390334573 0.7375989431307791
d9 0.0005204460966542751 0.7936884097818228
da 7.434944237918216e-05 1.2185716037470886
data 0.005055762081784387 0.0
date 0.00029739776951672863 0.08149303425118301
datemodified 0.00014869888475836432 0.0
datepublished 0.00014869888475836432 0.0
db 0.0003717472118959108 0.8737311174553593
dd 0.0011895910780669145 0.22314355131420976
ddf 7.434944237918216e-05 0.454472687214859
de 0.0004460966542750929 0.2905848321097423
december 0.0003717472118959108 0.0
decimal 7.434944237918216e-05 0.09097177820572679
declarative 0.00022304832713754646 2.1058747987479913
declarative_programming_languages 7.434944237918216e-05 3.6463198396951406
decoding 0.0006691449814126394 0.11020314013361425
decoration 0.00014869888475836432 0.41419878807691896
deduplicate 0.0008178438661710037 0.017544309650909525
deduplicated 0.0005947955390334573 0.06280090123903044
defined 7.434944237918216e-05 0.9162907318741551
defining 7.434944237918216e-05 2.1799827709017134
delete 7.434944237918216e-05 0.9162907318741551
deployed 7.434944237918216e-05 2.7990219793079367
depth 0.00022304832713754646 0.0
description 7.434944237918216e-05 0.0
design 7.434944237918216e-05 0.3141153295199365
designed 0.00014869888475836432 0.3504829736908114
desired 7.434944237918216e-05 2.4423470353692043
desktop 7.434944237918216e-05 1.749199854809259
desktoparticletarget 0.00022304832713754646 0.0
destination 7.434944237918216e-05 2.953172659135195
detached 0.00014869888475836432 4.74493212836325
detection 7.434944237918216e-05 0.0
deutsch 7.434944237918216e-05 0.5254244231871433
develop 7.434944237918216e-05 1.911718784307034
developer 0.00022304832713754646 0.0
developers 0.00022304832713754646 0.0
development 0.00014869888475836432 0.38822330167365837
df 0.0004460966542750929 2.1058747987479913
dguide 7.434944237918216e-05 4.74493212836325
dialects 0.00014869888475836432 1.4127276181880462
dialog 7.434944237918216e-05 2.5477075510270306
different 0.0005947955390334573 0.38822330167365837
difficult 7.434944237918216e-05 2.26002547857525
dir 0.0005947955390334573 0.0
disabled 0.0008178438661710037 0.0
disc 7.434944237918216e-05 1.8004931491968095
discipline 7.434944237918216e-05 0.8131064956389242
disclaimers 0.00014869888475836432 0.0
disconnected 7.434944237918216e-05 4.74493212836325
discuss 0.00022304832713754646 0.0
discussion 0.00014869888475836432 0.0
display 0.0012639405204460967 0.0
distribute 7.434944237918216e-05 3.6463198396951406
div 0.0179182156133829 0.0
dl 0.0007434944237918215 0.19105523676270922
dmy 7.434944237918216e-05 0.0
dns 0.00014869888475836432 0.0
do 7.434944237918216e-05 0.8329091229351039
dobasicsearch 7.434944237918216e-05 1.377636298376776
docs 7.434944237918216e-05 1.1073459686368643
doctype 7.434944237918216e-05 0.0
document 0.0003717472118959108 0.0
documentelement 0.00022304832713754646 0.0
documents 7.434944237918216e-05 1.6538896750049343
domain 7.434944237918216e-05 1.377636298376776
donate 0.00022304832713754646 0.0
donating 7.434944237918216e-05 0.0
download 0.00029739776951672863 0.0
downloadaspdf 7.434944237918216e-05 0.0
dropdown 0.0018587360594795538 0.0
dropped 7.434944237918216e-05 2.665490586683414
dt 0.0011895910780669145 0.26759531388504365
dtstart 0.00014869888475836432 0.41419878807691896
duty 7.434944237918216e-05 4.74493212836325
e 0.00022304832713754646 0.0
e2 7.434944237918216e-05 0.7018808605286999
e3 0.0005204460966542751 2.4423470353692043
e5 7.434944237918216e-05 1.7004096906398272
e6e6ff 7.434944237918216e-05 0.454472687214859
e7 0.00022304832713754646 1.7004096906398272
e8 0.0004460966542750929 1.5260563034950492
ea 7.434944237918216e-05 1.8545603704670854
each 7.434944237918216e-05 0.8531118302526235
eb 0.00022304832713754646 1.5668782980153044
ec 0.00022304832713754646 1.2185716037470886
echo 7.434944237918216e-05 0.0
ed 7.434944237918216e-05 0.8131064956389242
edit 0.002973977695167286 0.0
editable 7.434944237918216e-05 0.0
edited 7.434944237918216e-05 0.0
editing 7.434944237918216e-05 0.0
editor 0.00022304832713754646 0.0
editors 0.00014869888475836432 0.0
editpage 7.434944237918216e-05 0.0
edits 0.00014869888475836432 0.0
editsection 0.0013382899628252788 0.0
edituri 7.434944237918216e-05 0.0
edu 0.00029739776951672863 0.9607424944449889
education 7.434944237918216e-05 1.486835590341768
eee 0.00014869888475836432 0.48225225132193467
element 0.0005204460966542751 0.0
ellipsis 0.00014869888475836432 0.0
elt 0.00029739776951672863 0.0
embed 7.434944237918216e-05 2.953172659135195
empty 0.0005204460966542751 0.0
emptyportlet 0.00014869888475836432 0.0
en 0.004609665427509293 0.0
enabled 0.0008921933085501858 0.0
encoding 7.434944237918216e-05 1.9723434061234688
encouraged 0.00029739776951672863 0.0
encyclopedia 0.00014869888475836432 0.0
end 0.00014869888475836432 0.0
english 0.00029739776951672863 0.0
enhancements 7.434944237918216e-05 0.0721032939013439
enrichens 7.434944237918216e-05 4.74493212836325
entered 7.434944237918216e-05 2.665490586683414
enterprise 7.434944237918216e-05 2.1058747987479913
entire 7.434944237918216e-05 1.7004096906398272
entities 7.434944237918216e-05 0.0
entity 0.00029739776951672863 0.0
entityaccesscount 7.434944237918216e-05 0.0
entitypage 0.00014869888475836432 0.0
environment 0.00014869888475836432 0.7375989431307791
enwiki 7.434944237918216e-05 0.0
enwikimwclientprefs 7.434944237918216e-05 0.0
error 0.00014869888475836432 0.09097177820572679
es 0.00029739776951672863 0.6844891178168307
es6 7.434944237918216e-05 0.0
escaping 7.434944237918216e-05 4.051784947803305
esi 0.00014869888475836432 0.0
esitest 7.434944237918216e-05 0.0
español 7.434944237918216e-05 0.7195804376281008
even 0.00014869888475836432 0.40112670650956617
event 0.0008921933085501858 0.0
eventlogging 0.00014869888475836432 0.0
events 0.00014869888475836432 0.0
exact 7.434944237918216e-05 0.0
example 0.00014869888475836432 0.4682660093471948
exists 7.434944237918216e-05 0.0
expand 0.00022304832713754646 0.0
expanded 0.0004460966542750929 0.008733679968754631
expansion 0.00014869888475836432 0.0
expansiondepth 7.434944237918216e-05 0.0
expensive 7.434944237918216e-05 0.0
expensivefunctioncount 7.434944237918216e-05 0.0
expiry 0.00014869888475836432 0.0
export 7.434944237918216e-05 0.0
ext 0.0020817843866171005 0.0
extended 7.434944237918216e-05 1.377636298376776
external 0.0020817843866171005 0.0
external_links 0.00029739776951672863 0.19105523676270922
extiw 0.00014869888475836432 1.2185716037470886
extra 7.434944237918216e-05 0.0
f 0.0003717472118959108 0.0
f28500 7.434944237918216e-05 1.0072625100798818
f7f7f7 7.434944237918216e-05 0.454472687214859
f9f9f9 7.434944237918216e-05 1.3437347467010947
fa 0.00029739776951672863 1.0072625100798818
fa8a495983347898 7.434944237918216e-05 0.0
fact 0.00014869888475836432 1.1340142157190256
fallbacksearchbutton 7.434944237918216e-05 0.0
false 0.0007434944237918215 0.0
familiar 7.434944237918216e-05 2.953172659135195
favicon 7.434944237918216e-05 0.0
fbfbfb 7.434944237918216e-05 1.0072625100798818
fc3 7.434944237918216e-05 1.0072625100798818
fdfdfd 0.00022304832713754646 0.44086703515908027
feature 0.0015613382899628252 0.0
featurename 0.00022304832713754646 0.0
features 0.00014869888475836432 0.38822330167365837
february 7.434944237918216e-05 0.0
fee7e6 7.434944237918216e-05 1.0072625100798818
feed 0.00014869888475836432 0.0
file 0.001933085501858736 0.0
file_upload_wizard 0.00014869888475836432 0.0
files 0.00014869888475836432 0.0
final 7.434944237918216e-05 1.5668782980153044
find 0.00014869888475836432 0.6177977433181585
find_code 7.434944237918216e-05 1.3437347467010947
first 0.0011152416356877324 0.0
firstheading 0.00022304832713754646 0.0
flash 0.00014869888475836432 2.953172659135195
flex 0.0004460966542750929 1.749199854809259
float 0.00029739776951672863 0.06280090123903044
flow 7.434944237918216e-05 1.0813704822336037
fluid 0.00014869888475836432 4.051784947803305
fluid_ 7.434944237918216e-05 4.74493212836325
flush 0.0003717472118959108 0.0
following 7.434944237918216e-05 0.8131064956389242
follows 7.434944237918216e-05 1.486835590341768
font 0.001933085501858736 0.017544309650909525
footer 0.001933085501858736 0.0
for 0.0020817843866171005 0.0
form 0.00022304832713754646 0.0
format 0.00022304832713754646 0.0
formats 7.434944237918216e-05 1.911718784307034
formatted 7.434944237918216e-05 2.7990219793079367
formatting 7.434944237918216e-05 2.665490586683414
found 7.434944237918216e-05 1.449095262358921
foundation 0.0006691449814126394 0.0
fr 0.00029739776951672863 0.6177977433181585
framework 0.00029739776951672863 1.1340142157190256
frameworks 0.0005204460966542751 2.1058747987479913
français 7.434944237918216e-05 0.6844891178168307
free 0.00029739776951672863 0.0
french 7.434944237918216e-05 0.6673946844575306
friendly 7.434944237918216e-05 3.3586377672433594
from 0.001412639405204461 0.0
full 0.0004460966542750929 0.044451762570833796
fulltext 7.434944237918216e-05 0.0
func 7.434944237918216e-05 1.2185716037470886
function 0.0004460966542750929 0.0
functional 0.00022304832713754646 1.2185716037470886
functional_languages 7.434944237918216e-05 2.1799827709017134
fundraiserredirector 7.434944237918216e-05 0.0
further 7.434944237918216e-05 0.7375989431307791
g 0.00014869888475836432 0.0
gadget 0.00029739776951672863 0.0
gears 0.00014869888475836432 3.6463198396951406
gears_ 7.434944237918216e-05 3.6463198396951406
gehomepagesuggestededitsenabletopics 7.434944237918216e-05 0.0
general 7.434944237918216e-05 0.6844891178168307
general_disclaimer 7.434944237918216e-05 0.0
generator 7.434944237918216e-05 0.0
genre 0.00014869888475836432 0.10054122922187746
gentle 0.00014869888475836432 4.051784947803305
geoip 7.434944237918216e-05 0.0
german 7.434944237918216e-05 0.5108256237659907
getting 7.434944237918216e-05 2.7990219793079367
gif 0.00022304832713754646 3.6463198396951406
globalcssjs 0.00014869888475836432 0.0
go 0.0003717472118959108 0.0
goal 7.434944237918216e-05 2.1058747987479913
gollum 0.00014869888475836432 3.6463198396951406
gollum_browser 7.434944237918216e-05 4.74493212836325
google 0.0006691449814126394 0.540239508972284
google_chrome 7.434944237918216e-05 3.6463198396951406
google_web_toolkit 7.434944237918216e-05 2.953172659135195
googpub 0.00014869888475836432 0.0
gov 7.434944237918216e-05 1.1340142157190256
gray 7.434944237918216e-05 0.09097177820572679
greek 0.00014869888475836432 0.09097177820572679
green 0.00014869888475836432 0.09097177820572679
groovy 0.00022304832713754646 3.3586377672433594
groovy_ 7.434944237918216e-05 3.3586377672433594
group 0.0012639405204460967 0.0
growthexperiments 7.434944237918216e-05 0.0
guidance 7.434944237918216e-05 0.0
guides 7.434944237918216e-05 0.0
h 0.00014869888475836432 0.0
h1 0.00014869888475836432 0.0
h2 0.0010408921933085502 0.0
hack 0.0004460966542750929 0.0
handler 0.00014869888475836432 2.5477075510270306
has 0.0004460966542750929 0.0
haspopup 0.0003717472118959108 0.0
hatnote 0.0004460966542750929 1.0560526742493137
have 7.434944237918216e-05 0.6340582641899388
head 0.00022304832713754646 0.0
header 0.0020817843866171005 0.0
heading 0.0018587360594795538 0.0
headline 0.0005947955390334573 0.0
heavy 7.434944237918216e-05 3.3586377672433594
height 0.002453531598513011 0.0
heller 7.434944237918216e-05 3.6463198396951406
hello 0.00014869888475836432 1.1340142157190256
helloworld 7.434944237918216e-05 3.6463198396951406
help 0.0016356877323420074 0.0
here 0.00022304832713754646 0.0
hidden 0.0011152416356877324 0.0
hide 0.0005947955390334573 0.0
high 7.434944237918216e-05 0.8531118302526235
highest 7.434944237918216e-05 0.0
highlight 0.0007434944237918215 0.6177977433181585
history 0.0004460966542750929 0.0
hlist 0.0044609665427509295 0.2905848321097423
homoiconic 0.00022304832713754646 3.3586377672433594
homoiconic_programming_languages 7.434944237918216e-05 4.051784947803305
homoiconicity 0.00022304832713754646 3.3586377672433594
hor 0.00014869888475836432 0.0
hosted 7.434944237918216e-05 0.0
hostetter 0.00014869888475836432 4.74493212836325
how 0.0006691449814126394 0.0
however 0.00029739776951672863 0.0
href 0.018141263940520447 0.0
hreflang 0.000966542750929368 0.11020314013361425
html 0.0020817843866171005 0.0
http 0.0012639405204460967 0.0
https 0.0036431226765799257 0.0
hub 7.434944237918216e-05 0.0
hurdle 7.434944237918216e-05 4.74493212836325
hy 0.00029739776951672863 1.9723434061234688
i 0.0015613382899628252 0.008733679968754631
ico 7.434944237918216e-05 0.0
icon 0.0026022304832713753 0.0
icons 0.00029739776951672863 0.0
id 0.010780669144981412 0.0
ide 0.00014869888475836432 1.449095262358921
identifiers 0.0005204460966542751 1.0813704822336037
idhash 7.434944237918216e-05 0.0
if 0.00029739776951672863 0.0
il 7.434944237918216e-05 1.2484245668967697
image 0.0013382899628252788 0.0
imageobject 0.00014869888475836432 0.0
imageright 0.00022304832713754646 0.8329091229351039
images 0.0008921933085501858 0.0
img 0.0011152416356877324 0.0
implement 7.434944237918216e-05 0.0
implementation 0.00014869888475836432 0.5705448584676129
implemented 0.00014869888475836432 1.0072625100798818
important 0.0003717472118959108 0.7018808605286999
imposed 7.434944237918216e-05 3.3586377672433594
improve 0.00022304832713754646 0.9382696385929302
improvements 7.434944237918216e-05 0.0
in 0.003940520446096654 0.0
in_ 7.434944237918216e-05 3.6463198396951406
inc 0.0003717472118959108 0.0
include 0.00029739776951672863 0.0
included 7.434944237918216e-05 1.1340142157190256
includes 0.00014869888475836432 1.1340142157190256
including 7.434944237918216e-05 0.7375989431307791
inclusion 7.434944237918216e-05 2.953172659135195
increment 7.434944237918216e-05 0.26759531388504365
indent 7.434944237918216e-05 2.26002547857525
independent 7.434944237918216e-05 1.377636298376776
index 0.0020817843866171005 0.0
index_en 7.434944237918216e-05 4.74493212836325
indicators 7.434944237918216e-05 0.0
influenced 7.434944237918216e-05 0.454472687214859
info 0.0006691449814126394 0.0
infobox 0.002825278810408922 0.21233263520999412
infobox_programming_language 0.00014869888475836432 0.37548427589622857
information 0.00029739776951672863 0.0
infoworld 0.0003717472118959108 2.3470368555648795
inherit 0.0008921933085501858 0.035401927050916
inheritance 0.00014869888475836432 2.1058747987479913
init 0.00022304832713754646 0.0
initially 0.00014869888475836432 1.7004096906398272
inline 0.0013382899628252788 0.035401927050916
inline_citations 7.434944237918216e-05 2.3470368555648795
inner 0.0003717472118959108 0.0
input 0.0008921933085501858 0.0
inside 0.00014869888475836432 0.0721032939013439
installed 7.434944237918216e-05 2.7990219793079367
institute 0.00014869888475836432 1.2185716037470886
interaction 0.00022304832713754646 0.0
interactive 7.434944237918216e-05 1.3437347467010947
interface 0.00022304832713754646 0.0
interlanguage 0.0021561338289962824 0.0
internal 7.434944237918216e-05 1.16141318990714
international 7.434944237918216e-05 0.9607424944449889
internet 0.00022304832713754646 2.03688192726104
interpreter 7.434944237918216e-05 1.486835590341768
interwiki 0.0008921933085501858 0.11020314013361425
into 7.434944237918216e-05 0.48225225132193467
introducing 7.434944237918216e-05 1.749199854809259
introduction 0.00022304832713754646 0.0
invisible 7.434944237918216e-05 4.051784947803305
invokes 7.434944237918216e-05 3.6463198396951406
ip 0.00014869888475836432 0.0
is 0.0015613382899628252 0.0
israel 7.434944237918216e-05 1.3437347467010947
issues 0.0005947955390334573 1.3109449238781037
it 0.0013382899628252788 0.0
italian 7.434944237918216e-05 0.7559480817989758
italiano 7.434944237918216e-05 0.7746402148111283
italic 7.434944237918216e-05 0.5705448584676129
item 0.005427509293680298 0.0
items 0.00014869888475836432 0.0
its 0.00014869888475836432 0.25629575863111026
itself 0.00022304832713754646 1.2185716037470886
j 0.00014869888475836432 0.0
j9u 0.00022304832713754646 1.3437347467010947
ja 0.00029739776951672863 0.9162907318741551
january 0.0003717472118959108 0.0
japanese 7.434944237918216e-05 0.9162907318741551
java 0.00014869888475836432 0.8947845266531914
java_ 7.434944237918216e-05 1.1073459686368643
javafx 0.00022304832713754646 4.051784947803305
javascript 0.0007434944237918215 1.377636298376776
jp 0.00014869888475836432 2.953172659135195
jquery 0.00022304832713754646 0.0
js 0.00022304832713754646 0.0
json 0.00014869888475836432 0.0
jstor 0.00014869888475836432 1.377636298376776
july 0.00014869888475836432 0.0
jump 0.00014869888475836432 0.0
june 0.0003717472118959108 0.0
just 0.00029739776951672863 1.2484245668967697
jvm 7.434944237918216e-05 3.1354942159291497
jvx 0.00014869888475836432 4.74493212836325
jvx_ 7.434944237918216e-05 4.74493212836325
k 0.00014869888475836432 0.0
kern 0.00014869888475836432 0.09097177820572679
kernel 0.00014869888475836432 1.911718784307034
key 7.434944237918216e-05 0.0
ko 0.00029739776951672863 1.0813704822336037
korean 7.434944237918216e-05 1.0813704822336037
kranz 0.00014869888475836432 4.74493212836325
label 0.004386617100371747 0.0
labelledby 0.00014869888475836432 0.0
laboratory 0.00022304832713754646 1.8545603704670854
lacking 0.0004460966542750929 1.486835590341768
lacks 7.434944237918216e-05 1.9723434061234688
landmark 0.00029739776951672863 0.0
lang 0.002379182156133829 0.0
langage 0.00014869888475836432 1.8004931491968095
langlinks 0.00014869888475836432 0.0
language 0.004237918215613383 0.0
languages 0.001486988847583643 0.0
last 0.000966542750929368 0.0
lastmod 7.434944237918216e-05 0.0
later 7.434944237918216e-05 0.8531118302526235
layout 7.434944237918216e-05 2.5477075510270306
lazy 0.00014869888475836432 0.0
lccn 0.00022304832713754646 1.3109449238781037
lcs 0.00029739776951672863 3.6463198396951406
ld 0.00014869888475836432 0.0
learn 0.0006691449814126394 0.0
least 7.434944237918216e-05 1.8545603704670854
left 0.0021561338289962824 0.0
lenguaje 7.434944237918216e-05 2.03688192726104
lenguaje_de_programaci 7.434944237918216e-05 2.1058747987479913
level 0.0006691449814126394 0.0
levels 0.00014869888475836432 0.0
li 0.019628252788104088 0.0
libraries 7.434944237918216e-05 0.9162907318741551
library 7.434944237918216e-05 0.6340582641899388
license 0.00029739776951672863 0.0
licenses 0.00014869888475836432 0.0
life 7.434944237918216e-05 0.6340582641899388
lightweight 0.0005204460966542751 2.665490586683414
lightweight_markup_languages 7.434944237918216e-05 4.74493212836325
like 0.00014869888475836432 0.41419878807691896
limbajul 7.434944237918216e-05 4.051784947803305
limbajul_de_programare_curl 7.434944237918216e-05 4.74493212836325
limit 0.0008178438661710037 0.0
limited 0.0004460966542750929 0.0
limitreport 0.00022304832713754646 0.0
line 0.000966542750929368 0.10054122922187746
link 0.004981412639405204 0.0
linked 7.434944237918216e-05 0.0
links 0.001412639405204461 0.0
linux 0.00022304832713754646 1.0313600616589422
lisp 0.00014869888475836432 1.2185716037470886
lisp_ 7.434944237918216e-05 1.3437347467010947
list 0.008252788104089219 0.0
list_of_rich_web_application_frameworks 7.434944237918216e-05 4.74493212836325
listbullet 0.00022304832713754646 0.0
listitem 0.00029739776951672863 0.2905848321097423
lively 0.00014869888475836432 3.3586377672433594
lively_kernel 7.434944237918216e-05 4.051784947803305
load 0.00022304832713754646 0.0
loaded 7.434944237918216e-05 0.0
loader 7.434944237918216e-05 0.0
loading 0.00022304832713754646 0.0
loc 0.00014869888475836432 0.0
local_base 7.434944237918216e-05 1.3109449238781037
lock 0.0008178438661710037 0.09097177820572679
log 0.0005204460966542751 0.0
logged 0.00014869888475836432 0.0
login 0.0003717472118959108 0.0
logo 0.0016356877323420074 0.0
long 7.434944237918216e-05 1.5260563034950492
lower 0.0004460966542750929 0.09097177820572679
ltr 0.0017100371747211895 0.0
lua 0.00014869888475836432 0.008733679968754631
m 0.00029739776951672863 0.0
machine 7.434944237918216e-05 0.6340582641899388
macos 0.00022304832713754646 1.8545603704670854
macro 7.434944237918216e-05 1.8004931491968095
macro_ 7.434944237918216e-05 2.1058747987479913
macros 7.434944237918216e-05 2.26002547857525
made 7.434944237918216e-05 0.0
main 0.001933085501858736 0.0
main_page 0.00014869888475836432 0.0
mainentity 0.00014869888475836432 0.0
mainpage 7.434944237918216e-05 0.0
maint 7.434944237918216e-05 0.09097177820572679
maintenance 0.0005204460966542751 0.9382696385929302
maintenance_template_removal 0.00029739776951672863 1.0813704822336037
major 7.434944237918216e-05 0.8131064956389242
majority 7.434944237918216e-05 3.1354942159291497
make 7.434944237918216e-05 1.2484245668967697
makecollapsible 0.00022304832713754646 0.42744401482693967
makes 7.434944237918216e-05 1.377636298376776
mandatory 0.00029739776951672863 0.0
manner 0.00014869888475836432 2.3470368555648795
march 0.00014869888475836432 0.0
margin 0.0026022304832713753 0.017544309650909525
markup 0.001412639405204461 1.9723434061234688
markup_language 0.00014869888475836432 3.6463198396951406
markup_languages 7.434944237918216e-05 4.74493212836325
martin 7.434944237918216e-05 2.03688192726104
massachusetts 0.00014869888475836432 1.7004096906398272
massachusetts_institute_of_technology 0.00014869888475836432 1.911718784307034
match 7.434944237918216e-05 0.0
material 7.434944237918216e-05 1.486835590341768
max 0.00014869888475836432 0.0
may 0.00029739776951672863 0.0
mbox 0.0018587360594795538 1.0072625100798818
media 0.0003717472118959108 0.0
mediawiki 0.0007434944237918215 0.0
memory 7.434944237918216e-05 0.008733679968754631
memusage 7.434944237918216e-05 0.008733679968754631
menu 0.007806691449814126 0.0
message 0.0005947955390334573 0.0
messages 7.434944237918216e-05 1.6538896750049343
meta 0.000966542750929368 0.0
metadata 0.00022304832713754646 0.6017974019717174
methods 0.00014869888475836432 1.449095262358921
microsoft 0.00029739776951672863 0.8531118302526235
microsoft_silverlight 7.434944237918216e-05 3.6463198396951406
microsoft_windows 0.00014869888475836432 1.6538896750049343
might 7.434944237918216e-05 1.749199854809259
min 0.00029739776951672863 0.12981161152199053
minerva 0.0005947955390334573 0.13976194237515863
mini 0.00022304832713754646 0.41419878807691896
mit 0.0007434944237918215 1.2484245668967697
mmv 0.00014869888475836432 0.11020314013361425
mobile 0.00022304832713754646 0.0
mobileaction 7.434944237918216e-05 0.0
mobileview 7.434944237918216e-05 0.0
modern 7.434944237918216e-05 1.449095262358921
module 7.434944237918216e-05 0.0
modules 0.00022304832713754646 0.0
months 7.434944237918216e-05 1.7004096906398272
moonlight 0.00014869888475836432 4.051784947803305
moonlight_ 7.434944237918216e-05 4.051784947803305
more 0.0011152416356877324 0.0
more_citations_needed 0.00022304832713754646 2.03688192726104
more_footnotes 0.00014869888475836432 3.1354942159291497
most 0.00022304832713754646 0.6340582641899388
move 0.00014869888475836432 0.0
moved 7.434944237918216e-05 0.0
mozilla 0.00014869888475836432 4.051784947803305
mozilla_prism 7.434944237918216e-05 4.74493212836325
ms 7.434944237918216e-05 0.0
much 7.434944237918216e-05 1.2484245668967697
multi 0.00022304832713754646 0.8329091229351039
multiple 0.0006691449814126394 0.7936884097818228
multiple_inheritance 7.434944237918216e-05 2.953172659135195
multiple_issues 0.00029739776951672863 2.1058747987479913
mw 0.033903345724907066 0.0
mw1364 7.434944237918216e-05 3.3586377672433594
mw1368 0.00014869888475836432 3.6463198396951406
mycontributions 7.434944237918216e-05 0.0
mytalk 7.434944237918216e-05 0.0
n 0.0010408921933085502 0.0
name 0.002379182156133829 0.0
named 7.434944237918216e-05 1.1073459686368643
namespaces 7.434944237918216e-05 0.0
national 7.434944237918216e-05 0.8947845266531914
native 7.434944237918216e-05 1.3437347467010947
nav 0.0010408921933085502 0.0
navbar 0.0012639405204460967 0.06280090123903044
navbox 0.004758364312267658 0.454472687214859
navigation 0.0011895910780669145 0.0
navigationtiming 7.434944237918216e-05 0.0
nearby 7.434944237918216e-05 0.0
needed 0.00014869888475836432 1.1340142157190256
needing 0.0005204460966542751 1.5260563034950492
needs 0.00014869888475836432 1.0813704822336037
network 7.434944237918216e-05 1.7004096906398272
new 0.0005204460966542751 0.14981227822866008
newpp 7.434944237918216e-05 0.0
news 7.434944237918216e-05 0.5552773863368246
newspapers 7.434944237918216e-05 1.377636298376776
nli 7.434944237918216e-05 1.3437347467010947
nlx10 7.434944237918216e-05 1.3437347467010947
no 0.0004460966542750929 0.0
node 7.434944237918216e-05 0.0
nofollow 0.0017100371747211895 0.0
noicon 0.0003717472118959108 0.0
nojs 7.434944237918216e-05 0.0
non 7.434944237918216e-05 0.0
none 0.002379182156133829 0.0
noprint 0.0005204460966542751 0.0
normal 0.0004460966542750929 0.0
noscript 0.00029739776951672863 0.0
noslogan 0.000966542750929368 2.1799827709017134
nosnippet 7.434944237918216e-05 0.0
not 0.0005204460966542751 0.0
note 7.434944237918216e-05 0.6340582641899388
notice 7.434944237918216e-05 0.0
november 7.434944237918216e-05 0.0
noviewer 0.00029739776951672863 0.7018808605286999
now 7.434944237918216e-05 1.0072625100798818
nowrap 0.0004460966542750929 0.05358424613410626
nowraplinks 0.00014869888475836432 0.454472687214859
ns 0.00014869888475836432 0.0
nstab 7.434944237918216e-05 0.0
null 7.434944237918216e-05 0.0
numb 0.0004460966542750929 0.0
number 7.434944237918216e-05 0.0
nv 0.00022304832713754646 0.3141153295199365
nws 7.434944237918216e-05 1.377636298376776
o 0.00029739776951672863 0.0
object 0.0008178438661710037 0.5254244231871433
objects 7.434944237918216e-05 1.0560526742493137
observe 7.434944237918216e-05 3.6463198396951406
occasionally 7.434944237918216e-05 4.051784947803305
october 7.434944237918216e-05 0.0
odd 0.00022304832713754646 0.454472687214859
of 0.0036431226765799257 0.0
off 7.434944237918216e-05 1.449095262358921
often 0.00022304832713754646 1.486835590341768
og 0.00014869888475836432 0.0
ol 0.0015613382899628252 0.035401927050916
old_ide 7.434944237918216e-05 4.74493212836325
oldid 0.00022304832713754646 0.0
on 0.001486988847583643 0.0
one 0.0003717472118959108 0.42744401482693967
only 0.00029739776951672863 0.0
oojs_ui_icon_edit 0.0004460966542750929 0.8737311174553593
openlaszlo 0.00022304832713754646 4.051784947803305
opensearch_desc 7.434944237918216e-05 0.0
opensearchdescription 7.434944237918216e-05 0.0
operating 0.00022304832713754646 0.41419878807691896
operating_system 7.434944237918216e-05 0.5108256237659907
options 0.0003717472118959108 0.0
or 0.0005204460966542751 0.0
orange 7.434944237918216e-05 4.74493212836325
org 0.007137546468401487 0.0
organiser 7.434944237918216e-05 0.9382696385929302
organization 0.0003717472118959108 0.0
oriented 0.0005947955390334573 0.6505875661411494
oriented_programming 0.00014869888475836432 1.0313600616589422
oriented_programming_language 7.434944237918216e-05 4.051784947803305
origin 0.0003717472118959108 0.0
original 0.00014869888475836432 0.3022808718729337
os 7.434944237918216e-05 0.6177977433181585
other 0.00022304832713754646 0.0
otherproject 0.00014869888475836432 1.8004931491968095
otherprojects 0.00022304832713754646 1.8004931491968095
out 0.00014869888475836432 0.0
output 0.013977695167286246 0.0
over 7.434944237918216e-05 0.9162907318741551
overflow 0.00022304832713754646 0.0
owned 0.00014869888475836432 4.051784947803305
p 0.004758364312267658 0.0
padding 0.0023048327137546467 0.017544309650909525
page 0.0035687732342007433 0.0
pagelanguagecode 7.434944237918216e-05 0.0
pagelanguagedir 7.434944237918216e-05 0.0
pageprop 7.434944237918216e-05 0.27902400970866637
pages 0.0005204460966542751 0.0
pagevariantfallbacks 7.434944237918216e-05 0.0
panel 0.00029739776951672863 0.0
panes 7.434944237918216e-05 4.051784947803305
paradigm 0.00029739776951672863 0.5705448584676129
paradigm_programming_language 7.434944237918216e-05 1.5260563034950492
paragraph 0.00029739776951672863 3.1354942159291497
parent 7.434944237918216e-05 2.7990219793079367
parsed 7.434944237918216e-05 0.0
parser 0.01412639405204461 0.0
past 7.434944237918216e-05 0.0
patroltoken 7.434944237918216e-05 0.0
pcache 7.434944237918216e-05 0.0
pdf 0.00014869888475836432 0.0
permalink 7.434944237918216e-05 0.0
permanent 0.00014869888475836432 0.0
permits 7.434944237918216e-05 3.1354942159291497
persian 7.434944237918216e-05 1.0313600616589422
personal 0.0003717472118959108 0.0
php 0.0025278810408921933 0.0
pin 0.00014869888475836432 0.0
pinnable 0.0008921933085501858 0.0
pinned 0.0007434944237918215 0.0
pivot 0.00014869888475836432 4.051784947803305
placeholder 7.434944237918216e-05 0.0
places 0.0006691449814126394 0.0
plain 0.00014869888475836432 2.953172659135195
plainlinks 0.0004460966542750929 0.20163734609324613
plainlist 0.0003717472118959108 1.7004096906398272
platforms 7.434944237918216e-05 1.3437347467010947
please 0.00022304832713754646 0.9837320126696876
plug 0.00014869888475836432 2.4423470353692043
plugin 7.434944237918216e-05 2.4423470353692043
png 0.0025278810408921933 0.0
poem 0.00022304832713754646 4.74493212836325
poetry 7.434944237918216e-05 4.051784947803305
policy 0.00014869888475836432 0.0
popup 7.434944237918216e-05 4.74493212836325
popups 7.434944237918216e-05 0.0
portal 0.00022304832713754646 0.0
portlet 0.0021561338289962824 0.0
position 7.434944237918216e-05 0.0
possible 7.434944237918216e-05 1.2791962255635234
post 0.00014869888475836432 0.0
postexpandincludesize 7.434944237918216e-05 0.0
powered 7.434944237918216e-05 0.0
poweredby_mediawiki_132x47 7.434944237918216e-05 0.0
poweredby_mediawiki_176x62 7.434944237918216e-05 0.0
poweredby_mediawiki_88x31 7.434944237918216e-05 0.0
poweredbyico 7.434944237918216e-05 0.0
ppvisitednodes 7.434944237918216e-05 0.0
pre 0.0007434944237918215 0.40112670650956617
precise 7.434944237918216e-05 2.03688192726104
preconnect 7.434944237918216e-05 0.11020314013361425
prefetch 0.00014869888475836432 0.0
preprocessor 7.434944237918216e-05 0.0
presentation 0.00022304832713754646 0.6177977433181585
presenting 7.434944237918216e-05 4.74493212836325
preview 7.434944237918216e-05 0.0
print 0.00014869888475836432 0.0
print_export 0.00022304832713754646 0.0
printable 0.00022304832713754646 0.0
printfooter 7.434944237918216e-05 0.0
prism 0.00014869888475836432 4.74493212836325
privacy 0.00022304832713754646 0.0
privacy_policy 0.00014869888475836432 0.0
problem 7.434944237918216e-05 1.3109449238781037
problems 7.434944237918216e-05 1.749199854809259
procedure 0.00014869888475836432 1.6094379124341003
procedures 0.00022304832713754646 1.5668782980153044
prod 7.434944237918216e-05 3.6463198396951406
product 7.434944237918216e-05 1.4127276181880462
products 0.00029739776951672863 1.4127276181880462
profit 7.434944237918216e-05 0.0
programación 7.434944237918216e-05 2.03688192726104
programare 7.434944237918216e-05 2.5477075510270306
programmiersprache 0.00014869888475836432 1.8004931491968095
programming 0.0030483271375464686 0.0
programming_language 0.00275092936802974 0.08149303425118301
programming_paradigm 7.434944237918216e-05 0.5860490450035782
programs 7.434944237918216e-05 0.6340582641899388
progressive 0.0006691449814126394 0.0
project 0.00014869888475836432 0.7936884097818228
projects 0.00022304832713754646 0.0
property 0.00022304832713754646 0.0
protection 7.434944237918216e-05 0.9162907318741551
prototype 0.00014869888475836432 2.1799827709017134
prototype_javascript_framework 7.434944237918216e-05 4.051784947803305
provide 7.434944237918216e-05 0.9382696385929302
provides 0.00014869888475836432 0.9162907318741551
providing 7.434944237918216e-05 1.8004931491968095
pt 0.0004460966542750929 0.0
pub 0.00014869888475836432 0.41419878807691896
published 0.00014869888475836432 0.3504829736908114
publisher 0.00014869888475836432 0.0
push 0.00022304832713754646 0.0
pygments 0.00014869888475836432 0.6177977433181585
q 0.0005947955390334573 0.0
q1144631 0.0005947955390334573 4.74493212836325
qt 0.00014869888475836432 2.953172659135195
qt_quick 7.434944237918216e-05 4.74493212836325
query 7.434944237918216e-05 1.0813704822336037
question_book 0.0005204460966542751 1.3437347467010947
questions 7.434944237918216e-05 2.1058747987479913
quick 0.00022304832713754646 0.0
quiet 0.0004460966542750929 0.0
quot 0.0008921933085501858 0.9837320126696876
quotes 7.434944237918216e-05 0.09097177820572679
r 0.00014869888475836432 0.0
r1011085734 7.434944237918216e-05 0.09097177820572679
r1033289096 7.434944237918216e-05 1.0560526742493137
r1061467846 0.00014869888475836432 0.454472687214859
r1063604349 7.434944237918216e-05 0.41419878807691896
r1066479718 0.00014869888475836432 0.21233263520999412
r1086701767 7.434944237918216e-05 2.1058747987479913
r1097763485 0.00022304832713754646 1.0072625100798818
r1126788409 7.434944237918216e-05 1.7004096906398272
r1129693374 0.00029739776951672863 0.2905848321097423
r1133582631 0.00014869888475836432 0.09097177820572679
r1134653256 7.434944237918216e-05 2.03688192726104
random 0.00014869888475836432 0.0
randomly 7.434944237918216e-05 0.0
randompage 7.434944237918216e-05 0.0
range 0.00014869888475836432 1.7004096906398272
raw 7.434944237918216e-05 0.0
re 0.00014869888475836432 0.0
read 0.00014869888475836432 0.0
readily 7.434944237918216e-05 3.6463198396951406
ready 0.001412639405204461 0.0
real 7.434944237918216e-05 0.0
recent 0.00022304832713754646 0.0
recentchanges 0.00022304832713754646 0.0
recentchangeslinked 0.00014869888475836432 0.0
recently 7.434944237918216e-05 2.7990219793079367
recursion 7.434944237918216e-05 0.0
red 0.00014869888475836432 0.09097177820572679
redirect 0.000966542750929368 0.008733679968754631
reduced 7.434944237918216e-05 0.0
reference 0.0004460966542750929 0.035401927050916
references 0.0013382899628252788 0.008733679968754631
referencetooltips 7.434944237918216e-05 0.0
referencing 7.434944237918216e-05 1.8004931491968095
referencing_for_beginners 7.434944237918216e-05 1.911718784307034
referrer 0.00022304832713754646 0.0
refimprove 7.434944237918216e-05 1.911718784307034
refined 7.434944237918216e-05 3.3586377672433594
reflection 7.434944237918216e-05 2.26002547857525
reflection_ 7.434944237918216e-05 2.665490586683414
reflective 7.434944237918216e-05 2.665490586683414
reflist 0.0011152416356877324 0.09097177820572679
registered 7.434944237918216e-05 0.0
registration 0.00014869888475836432 0.08149303425118301
rel 0.0035687732342007433 0.0
related 0.00014869888475836432 0.0
release 0.00029739776951672863 0.49643688631389105
reliability 7.434944237918216e-05 2.1799827709017134
reliable 0.00014869888475836432 0.8947845266531914
removal 0.00029739776951672863 1.0313600616589422
remove 0.00029739776951672863 0.9382696385929302
removed 7.434944237918216e-05 1.3109449238781037
rendering 7.434944237918216e-05 0.0
repeat 0.00029739776951672863 0.0721032939013439
replace 7.434944237918216e-05 0.0
replacement 7.434944237918216e-05 2.3470368555648795
report 0.00014869888475836432 0.0
request 7.434944237918216e-05 1.1895840668738364
require 0.00014869888475836432 0.0
required 7.434944237918216e-05 1.1895840668738364
research 0.00014869888475836432 0.7018808605286999
reset 7.434944237918216e-05 0.26759531388504365
resourceloaderdynamicstyles 7.434944237918216e-05 0.0
results 0.00022304832713754646 1.486835590341768
retrieved 0.00022304832713754646 0.0
returnto 0.00029739776951672863 0.0
review 0.00014869888475836432 2.26002547857525
revision 0.00022304832713754646 0.0
revisions 7.434944237918216e-05 0.0
rfr_id 0.00014869888475836432 0.10054122922187746
rft 0.0008178438661710037 0.10054122922187746
rft_id 0.00014869888475836432 0.11020314013361425
rft_val_fmt 0.00014869888475836432 0.10054122922187746
rgba 7.434944237918216e-05 0.09097177820572679
rich 0.0008921933085501858 2.1799827709017134
rich_internet_application 7.434944237918216e-05 4.74493212836325
rich_web_application 7.434944237918216e-05 3.6463198396951406
rich_web_application_frameworks 7.434944237918216e-05 4.74493212836325
rich_web_applications 0.0005947955390334573 4.74493212836325
right 0.0012639405204460967 0.0
rl 7.434944237918216e-05 0.0
rlconf 7.434944237918216e-05 0.0
rlpagemodules 7.434944237918216e-05 0.0
rlq 0.0004460966542750929 0.0
rlstate 7.434944237918216e-05 0.0
ro 0.00029739776951672863 1.5260563034950492
robots 7.434944237918216e-05 0.0
role 0.001486988847583643 0.0
roman 0.00029739776951672863 0.09097177820572679
romanian 7.434944237918216e-05 1.5260563034950492
română 7.434944237918216e-05 1.5260563034950492
root 7.434944237918216e-05 1.8545603704670854
rootpage 7.434944237918216e-05 0.0
row 0.0008178438661710037 0.12981161152199053
rsd 0.00014869888475836432 0.0
rte 0.00022304832713754646 4.74493212836325
ru 0.00029739776951672863 0.6505875661411494
run 0.00022304832713754646 0.7018808605286999
runs 7.434944237918216e-05 1.749199854809259
runtime 0.00029739776951672863 1.1340142157190256
runtime_environment 7.434944237918216e-05 4.051784947803305
russian 7.434944237918216e-05 0.6505875661411494
s 0.0005204460966542751 0.0
sa 0.00014869888475836432 0.0
same 0.00022304832713754646 0.8737311174553593
sameas 0.00014869888475836432 0.0
saved 7.434944237918216e-05 0.0
schema 0.00014869888475836432 0.0
scholar 0.00022304832713754646 1.3109449238781037
science 0.0003717472118959108 0.3504829736908114
scientist 7.434944237918216e-05 1.377636298376776
scope 0.0008921933085501858 0.11995931507897897
screen 0.00014869888475836432 0.0
scribunto 7.434944237918216e-05 0.008733679968754631
script 0.0012639405204460967 0.0
scripting 7.434944237918216e-05 1.3109449238781037
scripts 7.434944237918216e-05 0.0
scsk 0.0003717472118959108 4.74493212836325
search 0.0023048327137546467 0.0
searchable 7.434944237918216e-05 1.0560526742493137
searchbutton 0.00029739776951672863 0.0
searchform 7.434944237918216e-05 0.0
searchinput 7.434944237918216e-05 0.0
seconds 0.00022304832713754646 0.0
section 0.0008921933085501858 0.0
see 0.00022304832713754646 0.44086703515908027
see_also 0.00029739776951672863 0.6340582641899388
seed 0.00014869888475836432 4.051784947803305
selected 0.00029739776951672863 0.0
selector 7.434944237918216e-05 0.0
selflink 0.0003717472118959108 0.08149303425118301
semantic 7.434944237918216e-05 2.26002547857525
sentences 7.434944237918216e-05 0.0
separation 7.434944237918216e-05 2.7990219793079367
september 0.00014869888475836432 0.0
set 0.00029739776951672863 0.0
sets 7.434944237918216e-05 1.5668782980153044
several 7.434944237918216e-05 0.7195804376281008
sh2003001153 7.434944237918216e-05 4.74493212836325
sha1 7.434944237918216e-05 0.10054122922187746
shadow 0.00022304832713754646 0.5860490450035782
sharealike 7.434944237918216e-05 0.0
sharealike_3 7.434944237918216e-05 0.0
sharp 7.434944237918216e-05 1.3109449238781037
sheets 0.00014869888475836432 2.7990219793079367
show 0.00029739776951672863 0.0
shown 7.434944237918216e-05 1.7004096906398272
side 0.0011895910780669145 1.2791962255635234
sidebar 0.0008178438661710037 0.0
silverlight 0.00029739776951672863 3.6463198396951406
silverlight_3 7.434944237918216e-05 4.74493212836325
similar 7.434944237918216e-05 0.9162907318741551
simple 0.00022304832713754646 0.6017974019717174
simplesearch 7.434944237918216e-05 0.0
simplest 7.434944237918216e-05 3.1354942159291497
sistersitebox 7.434944237918216e-05 2.1058747987479913
site 0.0005947955390334573 0.0
sitedir 7.434944237918216e-05 0.0
sitelinks 7.434944237918216e-05 0.0
sitenotice 0.00014869888475836432 0.0
sitesub 7.434944237918216e-05 0.0
sitesupport 7.434944237918216e-05 0.0
size 0.0015613382899628252 0.0
sizing 0.00022304832713754646 0.25629575863111026
skin 0.0010408921933085502 0.0
skins 0.0004460966542750929 0.0
slope 0.00014869888475836432 4.74493212836325
small 0.000966542750929368 0.0721032939013439
smoother 7.434944237918216e-05 4.74493212836325
so 0.00022304832713754646 0.8329091229351039
software 0.0004460966542750929 0.08149303425118301
software_design 7.434944237918216e-05 0.5705448584676129
software_developer 7.434944237918216e-05 0.9382696385929302
software_release_life_cycle 7.434944237918216e-05 0.7018808605286999
solid 0.000966542750929368 0.2340726218464
solutions_computing 7.434944237918216e-05 4.74493212836325
source 0.00014869888475836432 0.49643688631389105
sources 0.0003717472118959108 0.6177977433181585
space 0.00029739776951672863 0.11995931507897897
spacing 0.00029739776951672863 0.2905848321097423
span 0.02066914498141264 0.0
spanish 7.434944237918216e-05 0.7195804376281008
special 0.0016356877323420074 0.0
specialpages 0.00014869888475836432 0.0
specific 0.00022304832713754646 0.9837320126696876
specific_browser 7.434944237918216e-05 4.74493212836325
speed 7.434944237918216e-05 1.7004096906398272
speedy 7.434944237918216e-05 1.0072625100798818
sproutcore 0.00022304832713754646 4.051784947803305
src 0.0012639405204460967 0.0
srcset 0.0007434944237918215 0.0
stable 7.434944237918216e-05 0.7195804376281008
standard 7.434944237918216e-05 0.0
standing 7.434944237918216e-05 3.6463198396951406
stanza 0.00029739776951672863 4.74493212836325
start 0.00014869888475836432 0.0
starting 7.434944237918216e-05 2.03688192726104
startup 0.00014869888475836432 0.0
statement 7.434944237918216e-05 0.0
statements 0.0004460966542750929 0.9382696385929302
states 7.434944237918216e-05 1.0072625100798818
static 0.000966542750929368 0.0
statistics 7.434944237918216e-05 0.0
stats 7.434944237918216e-05 0.0
statslink 7.434944237918216e-05 0.0
status 7.434944237918216e-05 0.0
step 7.434944237918216e-05 1.6094379124341003
steve 0.00014869888475836432 2.3470368555648795
steve_ward_ 7.434944237918216e-05 4.74493212836325
sticky 0.00014869888475836432 0.0
stopmobileredirecttoggle 7.434944237918216e-05 0.0
strong 0.00014869888475836432 0.8737311174553593
strong_typing 7.434944237918216e-05 1.911718784307034
strongly 7.434944237918216e-05 1.8004931491968095
structured 7.434944237918216e-05 0.0
student 7.434944237918216e-05 2.5477075510270306
style 0.006319702602230483 0.0
styles 0.0011152416356877324 0.0
stylesheet 0.00014869888475836432 0.0
stylesheets 7.434944237918216e-05 4.74493212836325
subbox 7.434944237918216e-05 0.21233263520999412
subgroup 0.0003717472118959108 0.454472687214859
subheader 7.434944237918216e-05 0.21233263520999412
subject 7.434944237918216e-05 0.0
subjects 7.434944237918216e-05 1.3437347467010947
sublist 0.0004460966542750929 0.0
submit 0.00014869888475836432 0.0
subscription 0.00014869888475836432 0.09097177820572679
subtitle 7.434944237918216e-05 0.0
such 7.434944237918216e-05 0.454472687214859
sufficient 7.434944237918216e-05 2.665490586683414
suggestededitsession 7.434944237918216e-05 0.0
suite 7.434944237918216e-05 1.911718784307034
sumisho 7.434944237918216e-05 4.74493212836325
sumitomo 7.434944237918216e-05 4.74493212836325
sumitomocorp 7.434944237918216e-05 4.74493212836325
summary 7.434944237918216e-05 0.19105523676270922
sup 0.0004460966542750929 0.0721032939013439
support 7.434944237918216e-05 0.0
supported 0.00022304832713754646 0.9382696385929302
supports 0.00014869888475836432 0.8531118302526235
svg 0.004163568773234201 0.0
switch 7.434944237918216e-05 1.749199854809259
switcher 7.434944237918216e-05 0.0
symbol_category_class 0.0004460966542750929 1.0072625100798818
symbol_list_class 0.0004460966542750929 1.6538896750049343
syntactic 7.434944237918216e-05 1.911718784307034
syntax 0.0005204460966542751 0.540239508972284
system 0.00022304832713754646 0.11020314013361425
systems 0.00022304832713754646 0.454472687214859
t 0.0008921933085501858 0.0
tab 0.0003717472118959108 0.0
tabindex 0.00014869888475836432 0.0
table 0.0012639405204460967 0.0
tabs 0.00014869888475836432 0.0
tagline 0.00022304832713754646 0.0
tags 7.434944237918216e-05 0.0
talk 0.0006691449814126394 0.0
target 0.0010408921933085502 0.0
targetloader 7.434944237918216e-05 0.0
tb 0.00022304832713754646 0.0
tbm 0.00014869888475836432 1.377636298376776
tbody 0.0008921933085501858 0.044451762570833796
tbs 0.00022304832713754646 1.377636298376776
tcl 7.434944237918216e-05 3.1354942159291497
td 0.004163568773234201 0.044451762570833796
teacher 7.434944237918216e-05 3.6463198396951406
teams 7.434944237918216e-05 3.1354942159291497
technology 0.00022304832713754646 0.7195804376281008
telephone 7.434944237918216e-05 0.0
template 0.00275092936802974 0.0
template_talk 7.434944237918216e-05 0.41419878807691896
templateargumentsize 7.434944237918216e-05 0.0
templatestyles 0.001412639405204461 0.017544309650909525
terman 0.00014869888475836432 4.74493212836325
terms 0.00014869888475836432 0.0
terms_of_use 7.434944237918216e-05 0.0
test 7.434944237918216e-05 1.486835590341768
text 0.007360594795539034 0.0
text_citations 7.434944237918216e-05 2.4423470353692043
text_citations_from_june_2015 7.434944237918216e-05 4.74493212836325
text_document_with_red_question_mark 0.0004460966542750929 2.3470368555648795
text_of_the_creative_commons_attribution 7.434944237918216e-05 0.0
th 0.0020817843866171005 0.11995931507897897
that 0.0006691449814126394 0.18058393689541388
the 0.004609665427509293 0.0
these 0.00029739776951672863 0.6340582641899388
they 7.434944237918216e-05 0.7195804376281008
this 0.002825278810408922 0.0
those 7.434944237918216e-05 1.3437347467010947
through 7.434944237918216e-05 0.8531118302526235
thumb 0.0017843866171003717 0.12981161152199053
thumbnail 7.434944237918216e-05 0.0
time 0.0005947955390334573 0.0
time_compilation 7.434944237918216e-05 3.1354942159291497
timestamp 0.00014869888475836432 0.0
timeusage 7.434944237918216e-05 0.008733679968754631
timingprofile 7.434944237918216e-05 0.0
title 0.01628252788104089 0.0
titlebar 0.0005947955390334573 0.0
titleform 7.434944237918216e-05 0.0
tk 7.434944237918216e-05 3.6463198396951406
to 0.004089219330855019 0.0
toc 0.006765799256505577 0.0
toggle 0.0006691449814126394 0.0
toggle_view_mobile 7.434944237918216e-05 0.0
tokens 7.434944237918216e-05 0.0
tool 7.434944237918216e-05 1.1073459686368643
toolbar 0.00022304832713754646 0.0
toolkit 0.00022304832713754646 1.9723434061234688
tools 0.0007434944237918215 0.0
top 0.0011152416356877324 0.0
topic 7.434944237918216e-05 1.0813704822336037
total 0.00014869888475836432 0.0
touch 0.00014869888475836432 0.0
tr 0.004312267657992565 0.044451762570833796
trademark 7.434944237918216e-05 0.0
transclusion 7.434944237918216e-05 0.0
transientcontent 7.434944237918216e-05 0.0
transition 7.434944237918216e-05 2.665490586683414
transparent 0.0005947955390334573 0.06280090123903044
triggered 7.434944237918216e-05 0.0
true 0.0017843866171003717 0.0
ttl 7.434944237918216e-05 0.0
type 0.0026765799256505576 0.0
type_system 7.434944237918216e-05 0.7746402148111283
typed 7.434944237918216e-05 1.0313600616589422
typing 0.00014869888475836432 0.7018808605286999
u 0.00014869888475836432 0.0
ui 0.003940520446096654 0.0
uid 0.00022304832713754646 1.1073459686368643
ul 0.006022304832713755 0.0
uli 7.434944237918216e-05 1.3109449238781037
uls 0.0003717472118959108 0.0
under 7.434944237918216e-05 0.0
unicode 0.00014869888475836432 2.1058747987479913
unified 7.434944237918216e-05 1.8545603704670854
unit 7.434944237918216e-05 1.5668782980153044
united 7.434944237918216e-05 0.9837320126696876
unknown 0.00014869888475836432 0.26759531388504365
unpin 0.00014869888475836432 0.0
unpinned 0.00014869888475836432 0.0
unsourced 0.0005204460966542751 1.3109449238781037
unstrip 0.00029739776951672863 0.0
up 7.434944237918216e-05 0.8947845266531914
updated 0.00014869888475836432 0.41419878807691896
upload 0.0026022304832713753 0.0
upper 0.00029739776951672863 0.09097177820572679
url 0.0006691449814126394 0.0
us 0.0003717472118959108 0.0
usage 0.00029739776951672863 0.0
use 0.00029739776951672863 0.0
used 0.0003717472118959108 0.19105523676270922
uselang 7.434944237918216e-05 0.0
user 0.002379182156133829 0.0
useradd 0.00014869888475836432 0.0
userdocs 7.434944237918216e-05 4.74493212836325
userlogin 0.00014869888475836432 0.0
users 7.434944237918216e-05 0.9382696385929302
using 0.00029739776951672863 0.0
usually 7.434944237918216e-05 1.6538896750049343
utc 7.434944237918216e-05 0.0
utf 0.00014869888475836432 0.0
utm_campaign 7.434944237918216e-05 0.0
utm_medium 7.434944237918216e-05 0.0
utm_source 7.434944237918216e-05 0.0
ux 7.434944237918216e-05 0.08149303425118301
v 7.434944237918216e-05 0.3382128810989969
value 0.000966542750929368 0.0
var 0.00014869888475836432 0.0
variant 0.00014869888475836432 0.0
variants 0.0004460966542750929 0.0
variations 7.434944237918216e-05 3.6463198396951406
vary 7.434944237918216e-05 0.10054122922187746
ve 7.434944237918216e-05 0.0
vector 0.01895910780669145 0.0
verifiability 0.00014869888475836432 1.2185716037470886
verification 7.434944237918216e-05 1.6538896750049343
verse 0.00014869888475836432 4.051784947803305
version 0.00029739776951672863 0.0
versions 7.434944237918216e-05 1.0813704822336037
vertical 0.00014869888475836432 0.6017974019717174
vevent 7.434944237918216e-05 0.22314355131420976
view 0.0008178438661710037 0.0
viewed 7.434944237918216e-05 2.4423470353692043
viewport 7.434944237918216e-05 0.0
views 0.00022304832713754646 0.0
visible 0.00014869888475836432 0.09097177820572679
visit 0.00014869888475836432 0.0
visited 7.434944237918216e-05 0.0
visualeditor 0.00029739776951672863 0.0
vue 0.00014869888475836432 0.0
w 0.002453531598513011 0.0
walltime 7.434944237918216e-05 0.0
ward 0.00029739776951672863 4.74493212836325
was 0.00029739776951672863 0.0
watchlist 7.434944237918216e-05 0.0
watchtoken 7.434944237918216e-05 0.0
way 7.434944237918216e-05 0.8947845266531914
wb 0.00029739776951672863 0.0
wbc 7.434944237918216e-05 0.0
wbr 0.00014869888475836432 0.7195804376281008
wc 7.434944237918216e-05 1.3437347467010947
web 0.0025278810408921933 0.09097177820572679
web_applications 7.434944237918216e-05 4.74493212836325
web_browser 0.00014869888475836432 2.665490586683414
website 0.00014869888475836432 0.0
weight 0.0003717472118959108 0.05358424613410626
wgaction 7.434944237918216e-05 0.0
wgarticleid 7.434944237918216e-05 0.0
wgbackendresponsetime 7.434944237918216e-05 0.0
wgbreakframes 7.434944237918216e-05 0.0
wgcanonicalnamespace 7.434944237918216e-05 0.0
wgcanonicalspecialpagename 7.434944237918216e-05 0.0
wgcategories 7.434944237918216e-05 0.0
wgcentralauthmobiledomain 7.434944237918216e-05 0.0
wgcspnonce 7.434944237918216e-05 0.0
wgcurrevisionid 7.434944237918216e-05 0.0
wgdefaultdateformat 7.434944237918216e-05 0.0
wgdigittransformtable 7.434944237918216e-05 0.0
wgeditsubmitbuttonlabelpublish 7.434944237918216e-05 0.0
wgflaggedrevsparams 7.434944237918216e-05 0.0
wggestructuredtaskrejectionreasontextinputenabled 7.434944237918216e-05 0.0
wggetopicsmatchmodeenabled 7.434944237918216e-05 0.0
wghostname 7.434944237918216e-05 0.0
wgisarticle 7.434944237918216e-05 0.0
wgisprobablyeditable 7.434944237918216e-05 0.0
wgisredirect 7.434944237918216e-05 0.0
wgmediaviewerenabledbydefault 7.434944237918216e-05 0.0
wgmediavieweronclick 7.434944237918216e-05 0.0
wgmfdisplaywikibasedescriptions 7.434944237918216e-05 0.0
wgmonthnames 7.434944237918216e-05 0.0
wgnamespacenumber 7.434944237918216e-05 0.0
wgnoticeproject 7.434944237918216e-05 0.0
wgpagecontentlanguage 7.434944237918216e-05 0.0
wgpagecontentmodel 7.434944237918216e-05 0.0
wgpagename 7.434944237918216e-05 0.0
wgpageparsereport 7.434944237918216e-05 0.0
wgpopupsflags 7.434944237918216e-05 0.0
wgrelevantarticleid 7.434944237918216e-05 0.0
wgrelevantpageisprobablyeditable 7.434944237918216e-05 0.0
wgrelevantpagename 7.434944237918216e-05 0.0
wgrequestid 7.434944237918216e-05 0.0
wgrestrictionedit 7.434944237918216e-05 0.0
wgrestrictionmove 7.434944237918216e-05 0.0
wgrevisionid 7.434944237918216e-05 0.0
wgseparatortransformtable 7.434944237918216e-05 0.0
wgtitle 7.434944237918216e-05 0.0
wgulscurrentautonym 7.434944237918216e-05 0.0
wgulsiscompactlinksenabled 7.434944237918216e-05 0.0
wgulsislanguageselectorempty 7.434944237918216e-05 0.0
wgulsposition 7.434944237918216e-05 0.0
wgusergroups 7.434944237918216e-05 0.0
wgusername 7.434944237918216e-05 0.0
wgvector2022previewpages 7.434944237918216e-05 0.0
wgvisualeditor 7.434944237918216e-05 0.0
wgwikibaseitemid 7.434944237918216e-05 0.0
wgwmepagelength 7.434944237918216e-05 0.0
wgwmeschemaeditattemptstepoversample 7.434944237918216e-05 0.0
what 7.434944237918216e-05 0.0
whatlinkshere 0.00014869888475836432 0.0
when 0.0011152416356877324 0.0
when_to_cite 7.434944237918216e-05 2.4423470353692043
which 0.0003717472118959108 0.3022808718729337
while 7.434944237918216e-05 0.7195804376281008
white 0.00029739776951672863 0.12981161152199053
whose 7.434944237918216e-05 2.1058747987479913
width 0.004237918215613383 0.0
wiki 0.012118959107806691 0.0
wikibase 0.0005204460966542751 0.0
wikibooks 0.0016356877323420074 2.03688192726104
wikidata 0.0008178438661710037 0.0
wikimedia 0.004312267657992565 0.0
wikimediabadges 7.434944237918216e-05 0.0
wikimediaevents 7.434944237918216e-05 0.0
wikimediafoundation 0.00014869888475836432 0.0
wikipedia 0.00862453531598513 0.0
wikiproject 7.434944237918216e-05 2.26002547857525
wikiproject_reliability 7.434944237918216e-05 3.1354942159291497
wikisource 7.434944237918216e-05 0.09097177820572679
wikitext 7.434944237918216e-05 0.0
wildly 7.434944237918216e-05 4.051784947803305
will 0.00014869888475836432 0.9607424944449889
window 0.00029739776951672863 0.0
windows 0.00029739776951672863 0.8329091229351039
with 0.002007434944237918 0.0
within 0.00014869888475836432 1.0072625100798818
without 0.00014869888475836432 0.9162907318741551
wmf 0.00022304832713754646 0.0
word 0.00029739776951672863 0.05358424613410626
wordmark 0.00014869888475836432 0.0
works 7.434944237918216e-05 0.0
world 0.00014869888475836432 0.8737311174553593
would 0.00014869888475836432 1.1895840668738364
wpformidentifier 7.434944237918216e-05 0.0
wrap 0.00014869888475836432 0.06280090123903044
wraps 7.434944237918216e-05 4.74493212836325
written 0.00014869888475836432 0.44086703515908027
ws 7.434944237918216e-05 0.09097177820572679
www 0.0020817843866171005 0.0
wwwpaper 0.00014869888475836432 4.74493212836325
x 0.00022304832713754646 0.0
xml 0.00022304832713754646 0.0
xulrunner 0.00022304832713754646 4.74493212836325
y 0.00014869888475836432 0.0
year 7.434944237918216e-05 1.6094379124341003
years 7.434944237918216e-05 0.454472687214859
yes 7.434944237918216e-05 0.0
you 0.0003717472118959108 0.0
your 7.434944237918216e-05 2.1799827709017134
yue 0.00029739776951672863 0.540239508972284
z 0.00014869888475836432 0.0
z39 0.00014869888475836432 0.10054122922187746
z3988 0.00014869888475836432 0.10054122922187746
zh 0.0004460966542750929 0.48225225132193467
программирования 7.434944237918216e-05 1.8004931491968095
русский 7.434944237918216e-05 0.6505875661411494
язык 7.434944237918216e-05 1.8004931491968095
հայերեն 7.434944237918216e-05 2.1799827709017134
برنامه 7.434944237918216e-05 2.1058747987479913
زبان 7.434944237918216e-05 1.9723434061234688
فارسی 7.434944237918216e-05 1.0313600616589422
نویسی 7.434944237918216e-05 2.1058747987479913
کرل 7.434944237918216e-05 4.74493212836325
プログラミング言語 7.434944237918216e-05 2.7990219793079367
中文 7.434944237918216e-05 0.8329091229351039
日本語 7.434944237918216e-05 0.9382696385929302
程式語言 7.434944237918216e-05 2.26002547857525
粵語 7.434944237918216e-05 0.540239508972284
编程语言 7.434944237918216e-05 3.1354942159291497
언어 7.434944237918216e-05 2.03688192726104
컬 7.434944237918216e-05 4.74493212836325
프로그래밍 7.434944237918216e-05 2.1058747987479913
한국어 7.434944237918216e-05 1.0813704822336037
