0 0.0089356807927099 0.0
00 0.00017694417411306734 0.0
000 0.00017694417411306734 0.0
0000000489316641 8.847208705653367e-05 0.0
01 8.847208705653367e-05 0.008733679968754631
039 0.0003538883482261347 0.22314355131420976
03z 0.00017694417411306734 0.0
04 0.00017694417411306734 0.017544309650909525
05 0.00017694417411306734 0.0
0_unported_license 8.847208705653367e-05 0.0
1 0.005750685658674688 0.0
10 0.0012386092187914714 0.0
100 0.0015040254799610724 0.0
1000 8.847208705653367e-05 0.0
1000000 0.00017694417411306734 0.0
100px 8.847208705653367e-05 0.0
102 0.00017694417411306734 0.10054122922187746
1082882727 0.0006193046093957357 0.3260915205666521
10px 0.0008847208705653366 0.0
11365842 0.00017694417411306734 0.3260915205666521
114 0.0003538883482261347 0.2340726218464
1145 0.000530832522339202 0.008733679968754631
115 8.847208705653367e-05 0.08149303425118301
117 8.847208705653367e-05 0.0
12 0.00017694417411306734 0.008733679968754631
124 0.001061665044678404 0.2340726218464
125em 0.0004423604352826683 0.0
127 8.847208705653367e-05 0.11020314013361425
12px 8.847208705653367e-05 0.0
12s5i 8.847208705653367e-05 0.0
12t23 0.00017694417411306734 0.0
13 0.000265416261169601 0.0
132148995967659751892 0.00017694417411306734 0.0
133 8.847208705653367e-05 0.008733679968754631
15 8.847208705653367e-05 0.0
155 0.000265416261169601 0.2340726218464
15px 8.847208705653367e-05 0.0
15t17 0.00017694417411306734 0.0
16 0.0003538883482261347 0.0
160 0.0011501371317349377 0.2340726218464
16073bf33345 8.847208705653367e-05 0.3260915205666521
16px 8.847208705653367e-05 0.0
17 0.0006193046093957357 0.0
18 0.0006193046093957357 0.0
180 8.847208705653367e-05 0.2340726218464
1814400 0.00017694417411306734 0.0
18331937 0.00017694417411306734 0.3260915205666521
185 8.847208705653367e-05 0.10054122922187746
1879405 0.000265416261169601 0.3260915205666521
1980s 8.847208705653367e-05 0.02643325706815543
1984 0.0003538883482261347 0.02643325706815543
1985 0.00017694417411306734 0.02643325706815543
1985_august 8.847208705653367e-05 0.0
1986 0.00017694417411306734 0.02643325706815543
1986_august 8.847208705653367e-05 0.0
1996 0.00017694417411306734 0.0721032939013439
1996_august 8.847208705653367e-05 0.0
1998 0.00017694417411306734 0.02643325706815543
1em 0.0006193046093957357 0.0
1px 0.000530832522339202 0.0
1x1 8.847208705653367e-05 0.0
2 0.0014155533929045387 0.0
20 0.0003538883482261347 0.0
2003 0.00017694417411306734 0.02643325706815543
2004 0.0007077766964522694 0.06280090123903044
2005 0.00017694417411306734 0.0
2012 8.847208705653367e-05 0.0721032939013439
20120208181723 8.847208705653367e-05 0.0
2016 0.0003538883482261347 0.017544309650909525
2017 8.847208705653367e-05 0.0
202 0.00017694417411306734 0.017544309650909525
2021 0.0003538883482261347 0.008733679968754631
2022 0.0007077766964522694 0.0
20230314215748 0.000265416261169601 0.3260915205666521
2097152 0.0003538883482261347 0.0
20px 8.847208705653367e-05 0.0
21 0.0003538883482261347 0.0
218 0.00017694417411306734 0.2340726218464
21z 0.00017694417411306734 0.0
22 0.0007077766964522694 0.0
227 0.00017694417411306734 0.3260915205666521
22lennart 0.000530832522339202 0.0
23 0.00017694417411306734 0.02643325706815543
238px 8.847208705653367e-05 0.0
239 0.00017694417411306734 0.26759531388504365
23id 0.000265416261169601 0.0
23px 0.00017694417411306734 0.0
24 0.00017694417411306734 0.008733679968754631
250 0.00017694417411306734 0.3260915205666521
255 8.847208705653367e-05 0.044451762570833796
25em 0.001061665044678404 0.0
26 8.847208705653367e-05 0.0
260 0.00017694417411306734 0.044451762570833796
27s 8.847208705653367e-05 0.0
27s_game_driver 8.847208705653367e-05 0.0
289423 8.847208705653367e-05 0.3260915205666521
289451 0.000265416261169601 0.3260915205666521
29 0.000265416261169601 0.0
298 0.00017694417411306734 0.3260915205666521
2cicon 8.847208705653367e-05 0.0
2cstyles 8.847208705653367e-05 0.0
2em 0.00017694417411306734 0.0
2f 0.0008847208705653366 0.0
2f10 0.00017694417411306734 0.0
2f289423 0.00017694417411306734 0.0
2f800055 0.00017694417411306734 0.0
2fapi 0.00017694417411306734 0.0
2farch 8.847208705653367e-05 0.0
2faugustss 8.847208705653367e-05 0.0
2faugustsson 8.847208705653367e-05 0.0
2fbooks 8.847208705653367e-05 0.0
2fciteseerx 8.847208705653367e-05 0.0
2fcorpusid 0.00017694417411306734 0.0
2fcsg 0.00017694417411306734 0.0
2fcufp 8.847208705653367e-05 0.0
2fdoc 8.847208705653367e-05 0.0
2fen 0.0007962487835088029 0.0
2ffmt 0.0007077766964522694 0.0
2fhaskellwiki 8.847208705653367e-05 0.0
2fiapblue 8.847208705653367e-05 0.0
2fimplementations 8.847208705653367e-05 0.0
2fin 8.847208705653367e-05 0.0
2flanguages 8.847208705653367e-05 0.0
2flennartaugustsson 8.847208705653367e-05 0.0
2fph 8.847208705653367e-05 0.0
2fprojects 8.847208705653367e-05 0.0
2fsummary 8.847208705653367e-05 0.0
2fusb 8.847208705653367e-05 0.0
2fusers 8.847208705653367e-05 0.0
2fviewdoc 8.847208705653367e-05 0.0
2fworkshop 8.847208705653367e-05 0.0
2fwww 0.000265416261169601 0.0
2px 0.000530832522339202 0.0
2x 0.000530832522339202 0.0
3 0.0006193046093957357 0.0
30em 8.847208705653367e-05 0.0
31 0.0003538883482261347 0.008733679968754631
3125em 8.847208705653367e-05 0.0
31px 8.847208705653367e-05 0.0
32 0.00017694417411306734 0.0
349 0.00017694417411306734 0.2340726218464
36 0.00017694417411306734 0.02643325706815543
36883 0.00017694417411306734 0.3260915205666521
36c 8.847208705653367e-05 0.0
38 0.00017694417411306734 0.035401927050916
39 0.0003538883482261347 0.035401927050916
390 0.00017694417411306734 0.11020314013361425
39712 0.00017694417411306734 0.3260915205666521
399 8.847208705653367e-05 1.1340142157190256
3a 0.0007962487835088029 0.09097177820572679
3a11365842 8.847208705653367e-05 0.0
3a18331937 8.847208705653367e-05 0.0
3a3 8.847208705653367e-05 0.0
3abook 0.0004423604352826683 0.0
3adoi 0.00017694417411306734 0.0
3ajournal 0.000265416261169601 0.0
3akev 0.0007077766964522694 0.0
3alennart 0.0007077766964522694 0.0
3amtx 0.0007077766964522694 0.0
3aofi 0.0007077766964522694 0.0
3asid 0.0007077766964522694 0.0
3d10 8.847208705653367e-05 0.0
3dciteseerx 8.847208705653367e-05 0.0
3ds2cid 0.00017694417411306734 0.0
3em 0.00017694417411306734 0.0
3fdoi 8.847208705653367e-05 0.0
3px 0.00017694417411306734 0.0
4 0.0003538883482261347 0.0
40 8.847208705653367e-05 0.017544309650909525
400 0.00017694417411306734 0.0
4000 8.847208705653367e-05 0.3022808718729337
425 0.00017694417411306734 0.3260915205666521
47 0.000265416261169601 0.008733679968754631
4bee 8.847208705653367e-05 0.3260915205666521
4c 8.847208705653367e-05 4.74493212836325
4em 0.000265416261169601 0.0
4px 0.00017694417411306734 0.0
5 0.000265416261169601 0.0
50 0.000265416261169601 0.0
500 0.00017694417411306734 0.0
5000000 0.00017694417411306734 0.0
5030652 0.00017694417411306734 0.3260915205666521
50px 8.847208705653367e-05 0.0
512 8.847208705653367e-05 0.8131064956389242
520 0.00017694417411306734 0.3260915205666521
52428800 0.00017694417411306734 0.0
52px 8.847208705653367e-05 0.0
54 0.00017694417411306734 0.044451762570833796
544 0.00017694417411306734 0.008733679968754631
56 0.00017694417411306734 0.02643325706815543
58 0.00017694417411306734 0.0
582 0.00017694417411306734 0.3141153295199365
589 0.00017694417411306734 0.3260915205666521
5em 0.0007077766964522694 0.0
5x 0.000530832522339202 0.11020314013361425
6 0.0007077766964522694 0.0
60 0.00017694417411306734 0.035401927050916
61 0.00017694417411306734 0.008733679968754631
62 0.00017694417411306734 0.044451762570833796
64 0.00017694417411306734 0.0
645 0.00017694417411306734 0.3260915205666521
65 8.847208705653367e-05 0.02643325706815543
67 0.00017694417411306734 0.008733679968754631
7 0.0006193046093957357 0.0
720 0.0003538883482261347 0.3260915205666521
720px 0.00017694417411306734 0.0
75 0.00017694417411306734 0.035401927050916
75px 8.847208705653367e-05 0.0
7cext 0.000265416261169601 0.0
7cjquery 8.847208705653367e-05 0.0
7cmediawiki 8.847208705653367e-05 0.0
7cskins 8.847208705653367e-05 0.0
7cwikibase 8.847208705653367e-05 0.0
7em 8.847208705653367e-05 0.0
8 0.0008847208705653366 0.008733679968754631
80 0.00017694417411306734 0.0
800 0.00017694417411306734 0.2340726218464
800055 8.847208705653367e-05 0.3260915205666521
802038 0.000265416261169601 0.3260915205666521
81100292365 8.847208705653367e-05 0.0
8125em 8.847208705653367e-05 0.0
82 0.00017694417411306734 0.017544309650909525
825 0.00017694417411306734 0.3260915205666521
83c4 8.847208705653367e-05 0.3260915205666521
84 0.000265416261169601 0.02643325706815543
866 0.00017694417411306734 0.2905848321097423
88 0.0011501371317349377 0.035401927050916
8a 0.000265416261169601 0.0
9 0.0007077766964522694 0.0
90 8.847208705653367e-05 0.0
90230554 8.847208705653367e-05 0.0
9031 8.847208705653367e-05 0.3260915205666521
91 0.0007962487835088029 0.035401927050916
93 0.0007962487835088029 0.13976194237515863
94 8.847208705653367e-05 0.05358424613410626
94designer 8.847208705653367e-05 0.0
95 8.847208705653367e-05 0.09097177820572679
96 0.000265416261169601 0.0
98 8.847208705653367e-05 0.017544309650909525
99 0.000265416261169601 0.08149303425118301
9932cc 8.847208705653367e-05 0.0
9px 0.000265416261169601 0.0
_secondary_and_tertiary_sources 0.00017694417411306734 0.0
a 0.04255507387419269 0.0
a0 0.00017694417411306734 0.3504829736908114
a2a9b1 0.000265416261169601 0.0
a7d85094 8.847208705653367e-05 0.3260915205666521
a_rape_in_cyberspace 8.847208705653367e-05 0.0
aa 8.847208705653367e-05 0.2340726218464
abbr 0.0007077766964522694 0.0
abermud 0.000265416261169601 0.3260915205666521
about 0.0007962487835088029 0.0
aboutsite 8.847208705653367e-05 0.0
abovebelow 0.000530832522339202 0.0
absolute 8.847208705653367e-05 0.035401927050916
academics 8.847208705653367e-05 0.2340726218464
acc 8.847208705653367e-05 1.8004931491968095
accessdate 0.0004423604352826683 0.0
accessible 0.000265416261169601 0.0721032939013439
accesskey 0.0016809696540741395 0.0
account 0.0003538883482261347 0.0
acm 0.0007077766964522694 0.008733679968754631
across 8.847208705653367e-05 0.0
action 0.002034858002300274 0.0
actions 8.847208705653367e-05 0.0
add 0.000530832522339202 0.0
adding 8.847208705653367e-05 0.0
additional 8.847208705653367e-05 0.0
address 0.00017694417411306734 0.0
after 0.0016809696540741395 0.02643325706815543
agree 8.847208705653367e-05 0.0
alert 0.0003538883482261347 0.11995931507897897
align 0.0007962487835088029 0.0721032939013439
all 0.0004423604352826683 0.0
all_articles_lacking_reliable_references 8.847208705653367e-05 0.0
alpha 0.0003538883482261347 0.14981227822866008
also 8.847208705653367e-05 0.0
alt 0.0011501371317349377 0.0
alternate 0.0004423604352826683 0.14981227822866008
alternate_character 8.847208705653367e-05 0.0
ambox 0.0027426346987525435 0.0
amp 0.011235955056179775 0.18058393689541388
an 0.00017694417411306734 0.0
and 0.0018579138281872068 0.0
anon 0.00017694417411306734 0.0
anoncontribs 8.847208705653367e-05 0.0
anontalk 8.847208705653367e-05 0.0
anonymous 8.847208705653367e-05 0.12981161152199053
api 0.000265416261169601 0.14981227822866008
apple 0.00017694417411306734 0.13976194237515863
application 0.000530832522339202 0.0
apply 8.847208705653367e-05 0.0
april 0.00017694417411306734 0.0
ar 8.847208705653367e-05 0.5108256237659907
arch 8.847208705653367e-05 0.02643325706815543
archive 8.847208705653367e-05 0.044451762570833796
archived 8.847208705653367e-05 0.035401927050916
are 0.000265416261169601 0.0
area 8.847208705653367e-05 0.035401927050916
areae 0.000265416261169601 0.3260915205666521
argument 8.847208705653367e-05 0.0
aria 0.00265416261169601 0.0
article 0.0007962487835088029 0.0
articles 0.0024772184375829428 0.0
articles_lacking_reliable_references_from_february_2021 8.847208705653367e-05 0.0
articles_with_acm 8.847208705653367e-05 0.0
articles_with_bibsys_identifiers 8.847208705653367e-05 0.0
articles_with_dblp_identifiers 8.847208705653367e-05 0.0
articles_with_isni_identifiers 8.847208705653367e-05 0.0
articles_with_short_description 8.847208705653367e-05 0.0
articles_with_viaf_identifiers 8.847208705653367e-05 0.0
articles_with_worldcat_identifiers 8.847208705653367e-05 0.0
as 0.000265416261169601 0.0
as_eq 8.847208705653367e-05 0.0
associated 0.00017694417411306734 0.035401927050916
association 8.847208705653367e-05 0.08149303425118301
async 0.0003538883482261347 0.37548427589622857
at 0.000530832522339202 0.0
atitle 0.000265416261169601 0.0
atom 0.000265416261169601 0.11995931507897897
attribution 8.847208705653367e-05 0.0
aufirst 0.000265416261169601 0.0
august 0.0003538883482261347 0.035401927050916
augustss 0.000265416261169601 0.0
augustsson 0.0038042997434309476 0.3260915205666521
aulast 0.000265416261169601 0.0
author 0.000265416261169601 0.02643325706815543
authorities 8.847208705653367e-05 0.0
authority 0.0004423604352826683 0.008733679968754631
authority_control 0.000265416261169601 0.008733679968754631
authority_control_frameless 0.00017694417411306734 0.0
auto 0.00017694417411306734 0.035401927050916
autocapitalize 8.847208705653367e-05 0.0
autocollapse 0.00017694417411306734 0.0
autostart 8.847208705653367e-05 0.0
available 8.847208705653367e-05 0.0
avatar 0.00017694417411306734 0.3260915205666521
avatar_ 8.847208705653367e-05 0.0
avoid 0.00017694417411306734 0.19105523676270922
b 0.0027426346987525435 0.017544309650909525
b32424 0.00017694417411306734 0.0
background 0.0016809696540741395 0.2340726218464
backlink 0.0007077766964522694 0.0
bank 0.00017694417411306734 0.02643325706815543
bartle 0.00017694417411306734 0.3260915205666521
bartle_taxonomy_of_player_types 8.847208705653367e-05 0.0
because 8.847208705653367e-05 0.0
been 8.847208705653367e-05 0.008733679968754631
before 0.001327081305848005 0.017544309650909525
best 0.00017694417411306734 0.044451762570833796
bibsys 0.0003538883482261347 0.3260915205666521
birth 0.000265416261169601 0.19105523676270922
bks 0.00017694417411306734 0.0
bkt 8.847208705653367e-05 0.0
block 0.00017694417411306734 0.044451762570833796
blog 0.000265416261169601 0.14981227822866008
blogspot 8.847208705653367e-05 0.37548427589622857
blues 0.00017694417411306734 0.2340726218464
blues_7 0.00017694417411306734 0.0
bluespec 0.0004423604352826683 0.3260915205666521
body 0.0007962487835088029 0.11995931507897897
bodycontent 0.00017694417411306734 0.0
bold 8.847208705653367e-05 0.21233263520999412
book 8.847208705653367e-05 0.0721032939013439
books 0.00017694417411306734 0.0
bootstrap 8.847208705653367e-05 0.0
border 0.0024772184375829428 0.7936884097818228
bot 0.00017694417411306734 0.3260915205666521
both 0.00017694417411306734 0.008733679968754631
bottom 0.000265416261169601 0.12981161152199053
box 0.0015924975670176058 0.0
boxtext 8.847208705653367e-05 0.0
br 0.0003538883482261347 0.0
bracket 0.0003538883482261347 0.3141153295199365
brackets 0.00017694417411306734 0.11995931507897897
branches 0.00017694417411306734 0.035401927050916
break 0.000265416261169601 0.19105523676270922
browsing 8.847208705653367e-05 0.27902400970866637
btitle 0.0004423604352826683 0.0
btn 0.0004423604352826683 0.0
button 0.0028311067858090774 0.0
buttons 8.847208705653367e-05 0.0
by 0.0007962487835088029 0.0
bytes 0.0003538883482261347 0.0
c 0.0006193046093957357 0.0
c13_en 8.847208705653367e-05 0.0
ca 0.0007077766964522694 0.035401927050916
cache 0.00017694417411306734 0.0
cached 8.847208705653367e-05 0.0
cachereport 8.847208705653367e-05 0.0
cactions 0.000530832522339202 0.0
calls 8.847208705653367e-05 0.0
campaigns 8.847208705653367e-05 0.0
canonical 0.00017694417411306734 0.0
caps 8.847208705653367e-05 0.0
carlstedt 0.00017694417411306734 0.3260915205666521
carlstedt_research_and_technology 8.847208705653367e-05 0.0
categories 0.00017694417411306734 0.0
category 0.003361939308148279 0.0
catlinks 0.000530832522339202 0.0
cats 8.847208705653367e-05 0.0
cayenne 0.0004423604352826683 0.3260915205666521
cayenne_ 0.00017694417411306734 0.3260915205666521
ccf 8.847208705653367e-05 1.0560526742493137
cd 0.00017694417411306734 0.2340726218464
cd_gamedriver_and_mudlib 8.847208705653367e-05 0.0
cell 8.847208705653367e-05 0.21233263520999412
center 0.0007077766964522694 0.02643325706815543
centralauth 0.00017694417411306734 0.0
centralautologin 0.00017694417411306734 0.0
centralnotice 0.000265416261169601 0.0
chalmers 0.000265416261169601 0.3260915205666521
chalmers_university_of_technology 8.847208705653367e-05 0.0
change 8.847208705653367e-05 0.0
changes 0.0003538883482261347 0.02643325706815543
chapter 0.00017694417411306734 0.3141153295199365
character 0.000530832522339202 0.035401927050916
charinsert 8.847208705653367e-05 0.0
charset 8.847208705653367e-05 0.0
chartered 0.00017694417411306734 0.3260915205666521
checkbox 0.0030080509599221448 0.0
child 0.002123330089356808 0.21233263520999412
citation 0.0014155533929045387 0.017544309650909525
cite 0.0027426346987525435 0.0
cite_note 0.0015040254799610724 0.0
cite_ref 0.0015924975670176058 0.0
cite_web 0.00017694417411306734 0.0
citerefaugustsson1984 8.847208705653367e-05 0.0
citerefaugustsson1998 8.847208705653367e-05 0.0
citerefaugustsson2003 8.847208705653367e-05 0.0
citeseerx 0.000265416261169601 0.044451762570833796
citeseerx_ 8.847208705653367e-05 0.0
citethispage 8.847208705653367e-05 0.0
class 0.03167300716623905 0.0
classname 0.000265416261169601 0.0
clear 8.847208705653367e-05 0.11020314013361425
client 0.000530832522339202 0.0
clml 0.000265416261169601 0.0
clml_8 0.0003538883482261347 0.0
co 8.847208705653367e-05 0.02643325706815543
code 0.0003538883482261347 0.0
codebases 8.847208705653367e-05 0.3260915205666521
col 0.00017694417411306734 0.2340726218464
coll 0.0003538883482261347 0.0
collapse 0.000265416261169601 0.0
collapsed 0.000265416261169601 0.0
collapses 8.847208705653367e-05 0.0
collapsible 0.001061665044678404 0.0
color 0.0014155533929045387 0.3629054936893685
colspan 0.0003538883482261347 0.0
column 0.000265416261169601 0.11020314013361425
columns 0.0004423604352826683 0.11020314013361425
com 0.0007077766964522694 0.0
commercial 0.00017694417411306734 0.044451762570833796
commons 0.0004423604352826683 0.0
community 0.00017694417411306734 0.10054122922187746
community_portal 8.847208705653367e-05 0.0
compact 0.00017694417411306734 0.0
compactlinks 8.847208705653367e-05 0.0
companies 8.847208705653367e-05 0.02643325706815543
company 0.00017694417411306734 0.02643325706815543
compile 8.847208705653367e-05 0.0
compiled 8.847208705653367e-05 0.0
compiler 0.0006193046093957357 0.0
complex 0.00017694417411306734 0.0
complications 8.847208705653367e-05 0.0
computer 0.001061665044678404 0.0
computer_science 8.847208705653367e-05 0.0
computer_scientist 8.847208705653367e-05 0.0
computing 0.0003538883482261347 0.008733679968754631
concepts 8.847208705653367e-05 0.0
conference 0.000530832522339202 0.10054122922187746
config 0.00017694417411306734 0.0
connector 0.00017694417411306734 0.3260915205666521
contact 0.0003538883482261347 0.0
contact_us 0.00017694417411306734 0.0
contactpage 8.847208705653367e-05 0.0
container 0.001327081305848005 0.14981227822866008
containing 8.847208705653367e-05 0.008733679968754631
content 0.00628151818101389 0.0
contentinfo 8.847208705653367e-05 0.0
contents 0.0011501371317349377 0.0
contentsub 8.847208705653367e-05 0.0
contest 0.00017694417411306734 0.19105523676270922
context 0.00017694417411306734 0.017544309650909525
contribute 8.847208705653367e-05 0.0
contributions 8.847208705653367e-05 0.2340726218464
contributors 0.00017694417411306734 0.017544309650909525
control 0.000265416261169601 0.0
controls 0.00017694417411306734 0.0
conversion 8.847208705653367e-05 0.0
cookie 0.0004423604352826683 0.0
cookie_statement 8.847208705653367e-05 0.0
cookiestatement 8.847208705653367e-05 0.0
copyright 0.000265416261169601 0.0
copyrightico 8.847208705653367e-05 0.0
corporation 0.00017694417411306734 0.035401927050916
corpusid 0.00017694417411306734 0.0
count 0.00017694417411306734 0.0
counter 0.0003538883482261347 0.11020314013361425
cpu 8.847208705653367e-05 0.0
cputime 8.847208705653367e-05 0.0
create 0.0003538883482261347 0.0
createaccount 0.0003538883482261347 0.0
creative 8.847208705653367e-05 0.0
creativecommons 0.00017694417411306734 0.0
credit 0.00017694417411306734 0.11020314013361425
credit_suisse 8.847208705653367e-05 0.0
cross 8.847208705653367e-05 0.0
crossorigin 8.847208705653367e-05 0.0
cs 8.847208705653367e-05 0.035401927050916
cs1 0.002123330089356808 0.017544309650909525
csail 0.0003538883482261347 0.20163734609324613
csg 0.00017694417411306734 0.0
csrftoken 8.847208705653367e-05 0.0
ct 0.00017694417411306734 0.6844891178168307
ctx_ver 0.0007077766964522694 0.0
cufp 0.0003538883482261347 0.0
cufp_1 0.00017694417411306734 0.0
current 0.00017694417411306734 0.08149303425118301
current_events 8.847208705653367e-05 0.0
currentevents 8.847208705653367e-05 0.0
currently 8.847208705653367e-05 0.017544309650909525
cursor 8.847208705653367e-05 0.5860490450035782
cx 0.00017694417411306734 0.0
cybersex 0.000265416261169601 0.3260915205666521
cyberspace 0.00017694417411306734 0.3260915205666521
d 8.847208705653367e-05 0.017544309650909525
d33 0.00017694417411306734 0.0
d6 8.847208705653367e-05 0.0
data 0.003450411395204813 0.0
date 0.0004423604352826683 0.02643325706815543
datemodified 0.00017694417411306734 0.0
datepublished 0.00017694417411306734 0.0
dblp 0.0004423604352826683 0.3260915205666521
dd 0.0014155533929045387 0.035401927050916
ddf 8.847208705653367e-05 0.0
december 8.847208705653367e-05 0.02643325706815543
decimal 8.847208705653367e-05 0.11020314013361425
decoding 0.000265416261169601 0.21233263520999412
decoration 0.00017694417411306734 0.0
deduplicate 0.000530832522339202 0.0
deduplicated 0.0008847208705653366 0.0
delete 8.847208705653367e-05 0.0721032939013439
demonstrate 8.847208705653367e-05 0.05358424613410626
department 8.847208705653367e-05 0.08149303425118301
dependent 0.00017694417411306734 0.06280090123903044
depth 0.000265416261169601 0.0
description 0.0006193046093957357 0.0
designer 0.000265416261169601 0.19105523676270922
designing 0.00017694417411306734 0.11020314013361425
designing_virtual_worlds 8.847208705653367e-05 0.0
desktoparticletarget 0.000265416261169601 0.0
detection 8.847208705653367e-05 0.10054122922187746
developed 8.847208705653367e-05 0.017544309650909525
developer 0.00017694417411306734 0.02643325706815543
developers 0.0004423604352826683 0.0
development 0.00017694417411306734 0.017544309650909525
device 0.00017694417411306734 0.035401927050916
device_driver 8.847208705653367e-05 0.0
devices 0.00017694417411306734 0.035401927050916
dgd 8.847208705653367e-05 0.3260915205666521
dikumud 0.000265416261169601 0.3260915205666521
dir 0.000265416261169601 0.4682660093471948
disabled 0.0009731929576218703 0.11020314013361425
disclaimers 0.00017694417411306734 0.0
discuss 0.00017694417411306734 0.05358424613410626
discussion 0.00017694417411306734 0.26759531388504365
display 0.0008847208705653366 0.0
div 0.018048305759532868 0.0
dl 0.0012386092187914714 0.22314355131420976
dl_identifiers 8.847208705653367e-05 0.0
dmy 8.847208705653367e-05 0.08149303425118301
dns 0.00017694417411306734 0.540239508972284
dobasicsearch 8.847208705653367e-05 0.0
doc 8.847208705653367e-05 0.10054122922187746
doctype 8.847208705653367e-05 0.0
document 0.0003538883482261347 0.09097177820572679
documentelement 0.000265416261169601 0.0
does 0.000265416261169601 0.0
doi 0.0006193046093957357 0.008733679968754631
doi_ 0.00017694417411306734 0.0
donate 0.000265416261169601 0.0
donating 8.847208705653367e-05 0.0
done 8.847208705653367e-05 0.06280090123903044
download 0.0003538883482261347 0.0
downloadaspdf 8.847208705653367e-05 0.0
driver 0.000265416261169601 0.21233263520999412
drivers 8.847208705653367e-05 0.044451762570833796
dropdown 0.0022118021764133415 0.0
dt 0.0014155533929045387 0.0
dworkin 0.00017694417411306734 0.0
e 0.000265416261169601 0.0
e2 0.00017694417411306734 1.911718784307034
e6e6ff 8.847208705653367e-05 0.0
early 0.00017694417411306734 0.02643325706815543
echo 8.847208705653367e-05 0.0
edit 0.0023002742634698754 0.0
edit_this_at_wikidata 0.0003538883482261347 0.0
editable 8.847208705653367e-05 0.49643688631389105
edited 8.847208705653367e-05 0.0
editing 8.847208705653367e-05 0.11020314013361425
editor 0.00017694417411306734 0.044451762570833796
editors 0.00017694417411306734 0.0
editpage 8.847208705653367e-05 0.0
edits 0.00017694417411306734 0.0
editsection 0.000530832522339202 0.0
edituri 8.847208705653367e-05 0.0
edu 0.000530832522339202 0.06280090123903044
element 0.0006193046093957357 0.0
ellipsis 0.00017694417411306734 0.2340726218464
elt 0.0003538883482261347 0.0
employed 8.847208705653367e-05 0.3141153295199365
empty 0.000530832522339202 0.008733679968754631
emptyportlet 0.00017694417411306734 0.0
en 0.0031849951340352117 0.0
enabled 0.0009731929576218703 0.008733679968754631
encouraged 0.0003538883482261347 1.5668782980153044
encyclopedia 0.00017694417411306734 0.0
end 0.00017694417411306734 0.0
english 0.000265416261169601 0.0
enhancements 8.847208705653367e-05 0.0
entertainment 0.0003538883482261347 0.3260915205666521
entities 8.847208705653367e-05 0.0
entity 0.0003538883482261347 0.0
entityaccesscount 8.847208705653367e-05 0.0
entitypage 0.00017694417411306734 0.0
entries 8.847208705653367e-05 0.11020314013361425
environment 0.00017694417411306734 0.0
enwiki 8.847208705653367e-05 0.0
enwikimwclientprefs 8.847208705653367e-05 0.0
epic 0.00017694417411306734 0.3260915205666521
epic_games 8.847208705653367e-05 0.0
error 0.00017694417411306734 0.11020314013361425
es6 8.847208705653367e-05 0.0
esi 0.00017694417411306734 0.7195804376281008
esitest 8.847208705653367e-05 0.0
evaluation 0.00017694417411306734 0.008733679968754631
even 0.0003538883482261347 0.11020314013361425
event 0.0008847208705653366 0.0
eventlogging 0.00017694417411306734 0.0
events 0.00017694417411306734 0.11020314013361425
exact 8.847208705653367e-05 0.0
excessively 8.847208705653367e-05 0.008733679968754631
exist 0.0003538883482261347 0.0721032939013439
exists 8.847208705653367e-05 0.0
expand 0.000265416261169601 0.0
expanded 0.00017694417411306734 0.0
expansion 0.00017694417411306734 0.0
expansiondepth 8.847208705653367e-05 0.0
expensive 8.847208705653367e-05 0.0
expensivefunctioncount 8.847208705653367e-05 0.0
expiry 0.00017694417411306734 0.0
export 8.847208705653367e-05 0.0
ext 0.002388746350526409 0.0
external 0.0030080509599221448 0.0
external_links 0.0003538883482261347 0.0
extra 8.847208705653367e-05 0.0
f 0.0003538883482261347 0.0
f28500 8.847208705653367e-05 0.0
f7f7f7 8.847208705653367e-05 0.0
fa8a495983347898 8.847208705653367e-05 0.0
facebook 0.000265416261169601 0.3260915205666521
fallbacksearchbutton 8.847208705653367e-05 0.0
false 0.001061665044678404 0.0
favicon 8.847208705653367e-05 0.0
fbfbfb 8.847208705653367e-05 0.0
fc3 8.847208705653367e-05 0.0
fdfdfd 0.000265416261169601 0.0
feature 0.0018579138281872068 0.0
featurename 0.000265416261169601 0.0
february 0.000530832522339202 0.017544309650909525
fee7e6 8.847208705653367e-05 0.0
feed 0.00017694417411306734 0.19105523676270922
field 8.847208705653367e-05 0.10054122922187746
file 0.0008847208705653366 0.0
file_upload_wizard 0.00017694417411306734 0.0
files 8.847208705653367e-05 0.0
find 8.847208705653367e-05 0.0
first 0.0011501371317349377 0.0
firstheading 0.000265416261169601 0.0
float 0.00017694417411306734 0.06280090123903044
flush 0.0004423604352826683 0.0
font 0.0015924975670176058 0.14981227822866008
footer 0.0023002742634698754 0.0
for 0.0015040254799610724 0.0
form 0.000265416261169601 0.0
format 0.000265416261169601 0.035401927050916
foundation 0.0007962487835088029 0.0
free 0.0006193046093957357 0.0
freebsd 0.00017694417411306734 0.017544309650909525
freely 0.000265416261169601 0.1599646496926782
from 0.001061665044678404 0.0
front 8.847208705653367e-05 0.19105523676270922
full 8.847208705653367e-05 0.044451762570833796
fulltext 8.847208705653367e-05 0.0
function 0.000530832522339202 0.0
functional 0.0009731929576218703 0.008733679968754631
functional_programming 8.847208705653367e-05 1.0560526742493137
fundraiserredirector 8.847208705653367e-05 0.0
g 0.000265416261169601 0.0
gadget 0.0003538883482261347 0.0
game 0.000265416261169601 0.11995931507897897
gamedriver 8.847208705653367e-05 0.0
games 0.0008847208705653366 0.044451762570833796
gehomepagesuggestededitsenabletopics 8.847208705653367e-05 0.0
general_disclaimer 8.847208705653367e-05 0.0
generator 8.847208705653367e-05 0.0
genre 0.0007077766964522694 0.0
geoip 8.847208705653367e-05 0.0
globalcssjs 0.00017694417411306734 0.0
go 0.000265416261169601 0.0
god 0.00017694417411306734 0.3260915205666521
god_ 8.847208705653367e-05 0.0
godwars 0.000265416261169601 0.3260915205666521
goods 0.00017694417411306734 0.3260915205666521
google 0.0007077766964522694 0.10054122922187746
googpub 0.00017694417411306734 0.0
gplus 0.00017694417411306734 0.0
gplus_2 0.00017694417411306734 0.0
graph 0.000265416261169601 0.008733679968754631
graph_reduction 8.847208705653367e-05 0.0
graph_reduction_machine 8.847208705653367e-05 0.0
gray 8.847208705653367e-05 1.449095262358921
greek 0.00017694417411306734 0.3141153295199365
green 8.847208705653367e-05 0.08149303425118301
griefer 0.000265416261169601 0.3260915205666521
grinding 0.00017694417411306734 0.3260915205666521
grinding_ 8.847208705653367e-05 0.0
group 0.0023002742634698754 0.05358424613410626
growthexperiments 8.847208705653367e-05 0.0
guidance 8.847208705653367e-05 0.2340726218464
guides 8.847208705653367e-05 4.74493212836325
h 0.00017694417411306734 0.035401927050916
h1 0.00017694417411306734 1.2484245668967697
h2 0.000530832522339202 1.2484245668967697
hack 0.0007077766964522694 0.0
hack_and_slash 8.847208705653367e-05 0.0
had 8.847208705653367e-05 0.02643325706815543
handbook 0.00017694417411306734 0.13976194237515863
hardware 8.847208705653367e-05 0.035401927050916
has 0.000265416261169601 0.0
hask 0.00017694417411306734 0.0
hask_4 0.00017694417411306734 0.0
haskell 0.0008847208705653366 0.008733679968754631
haskell_ 8.847208705653367e-05 0.0
haskellwiki 8.847208705653367e-05 0.0
haspopup 0.0004423604352826683 0.0
hbc 0.0003538883482261347 0.3260915205666521
he 0.00017694417411306734 0.044451762570833796
head 0.000265416261169601 0.0
header 0.0022118021764133415 0.0
heading 0.002034858002300274 0.0
headline 0.0003538883482261347 0.0
healer 0.00017694417411306734 0.3260915205666521
healer_ 8.847208705653367e-05 0.0
height 0.0015040254799610724 0.0
help 0.0009731929576218703 0.0
here 8.847208705653367e-05 0.008733679968754631
hidden 0.0012386092187914714 0.0
hide 0.0003538883482261347 0.0
highest 8.847208705653367e-05 0.0
his 0.00017694417411306734 0.044451762570833796
history 0.000530832522339202 0.0
hlist 0.005573741484561621 0.0
hor 0.00017694417411306734 0.0
hosted 8.847208705653367e-05 0.0721032939013439
how 0.0006193046093957357 0.0
however 0.0003538883482261347 0.0
href 0.021852605502963814 0.0
html 0.001061665044678404 0.06280090123903044
http 0.0018579138281872068 0.017544309650909525
https 0.0036273555693178802 0.0
hub 8.847208705653367e-05 0.2451224580329849
i 0.002123330089356808 0.0
iapblue 8.847208705653367e-05 0.0
icfp 0.000265416261169601 0.3260915205666521
icfp_3 0.00017694417411306734 0.0
ico 8.847208705653367e-05 0.0
icon 0.0030965230469786782 0.0
icons 0.0003538883482261347 0.0
id 0.01300539679731045 0.0
identifier 0.0008847208705653366 0.044451762570833796
identifiers 0.0018579138281872068 0.008733679968754631
identities 8.847208705653367e-05 0.37548427589622857
idhash 8.847208705653367e-05 0.0
if 0.00017694417411306734 0.0
image 0.0006193046093957357 0.0
imageobject 0.00017694417411306734 0.0
imageright 8.847208705653367e-05 0.0
images 0.001061665044678404 0.0
img 0.0007962487835088029 0.0
immortal 0.00017694417411306734 0.3260915205666521
immortal_ 8.847208705653367e-05 0.0
implement 8.847208705653367e-05 0.05358424613410626
implementation 8.847208705653367e-05 0.0
implementations 0.0003538883482261347 0.0
implemented 8.847208705653367e-05 0.035401927050916
important 8.847208705653367e-05 0.008733679968754631
improve 8.847208705653367e-05 0.0
improvements 8.847208705653367e-05 0.08149303425118301
in 0.002123330089356808 0.0
inc 0.000265416261169601 0.0
include 0.00017694417411306734 0.0
increment 8.847208705653367e-05 0.06280090123903044
index 0.0023002742634698754 0.0
indicators 8.847208705653367e-05 0.454472687214859
info 0.002034858002300274 0.044451762570833796
information 0.000265416261169601 0.0
inherit 0.0009731929576218703 0.11020314013361425
init 0.000265416261169601 0.0
initial 8.847208705653367e-05 0.10054122922187746
inline 0.0015924975670176058 0.05358424613410626
inner 0.0004423604352826683 0.0
innovation 8.847208705653367e-05 0.10054122922187746
input 0.001061665044678404 0.0
inside 0.00017694417411306734 0.0
interaction 0.000265416261169601 0.0
interface 0.00017694417411306734 0.0
interlanguage 0.0004423604352826683 0.0
international 0.0004423604352826683 0.08149303425118301
international_obfuscated_c_code_contest 8.847208705653367e-05 0.0
interpreted 8.847208705653367e-05 0.11020314013361425
intimately 8.847208705653367e-05 0.3260915205666521
introduction 0.000265416261169601 0.11020314013361425
involved 8.847208705653367e-05 0.11020314013361425
ioccc 0.000265416261169601 0.0
ip 0.00017694417411306734 0.3141153295199365
iron 0.00017694417411306734 0.3260915205666521
iron_realms_entertainment 8.847208705653367e-05 0.0
is 0.0008847208705653366 0.0
isni 0.000530832522339202 0.3260915205666521
ist 0.00017694417411306734 0.0
it 0.000530832522339202 0.0
item 0.004512076439883217 0.0
items 8.847208705653367e-05 0.0
j 0.00017694417411306734 0.0
jagex 0.000265416261169601 0.3260915205666521
january 0.00017694417411306734 0.0
johnsson 8.847208705653367e-05 0.3260915205666521
jquery 0.000265416261169601 0.0
js 0.000265416261169601 0.0
json 0.00017694417411306734 0.11995931507897897
jstor 0.00017694417411306734 0.0
jtitle 0.000265416261169601 0.0
july 8.847208705653367e-05 0.008733679968754631
jump 0.00017694417411306734 0.0
june 8.847208705653367e-05 0.017544309650909525
k 0.00017694417411306734 0.0
kern 0.00017694417411306734 0.0
kesmai 0.000265416261169601 0.3260915205666521
key 0.00017694417411306734 0.0
kill 0.00017694417411306734 0.21233263520999412
kill_stealing 8.847208705653367e-05 0.0
label 0.004158188091657082 0.0
labelledby 0.000265416261169601 0.0
lacking 0.000530832522339202 0.008733679968754631
landmark 0.0003538883482261347 0.0
lang 0.0012386092187914714 0.0
langlinks 0.00017694417411306734 0.0
language 0.0023002742634698754 0.0
languages 0.000530832522339202 0.0
last 0.0011501371317349377 0.0
lastmod 8.847208705653367e-05 0.0
lazy 0.0007962487835088029 0.008733679968754631
lazy_evaluation 8.847208705653367e-05 0.0
ld 0.00017694417411306734 0.7195804376281008
learn 0.000530832522339202 0.0
lecturer 8.847208705653367e-05 0.3260915205666521
left 0.002123330089356808 0.0
lennart 0.002034858002300274 0.3260915205666521
lennart_augustsson 0.00265416261169601 0.3260915205666521
lennartaugustsson 0.000265416261169601 0.0
level 0.000265416261169601 0.0
levels 8.847208705653367e-05 0.0
lfp 8.847208705653367e-05 0.26759531388504365
li 0.027603291161638503 0.0
libraries 8.847208705653367e-05 0.0
license 0.0003538883482261347 0.0
licenses 0.00017694417411306734 0.12981161152199053
limit 0.0009731929576218703 0.0
limited 0.000530832522339202 0.008733679968754631
limitreport 0.000265416261169601 0.0
line 0.0003538883482261347 0.008733679968754631
link 0.0037158276563744137 0.08149303425118301
linked 8.847208705653367e-05 0.0721032939013439
linkedin 0.0003538883482261347 0.10054122922187746
links 0.0016809696540741395 0.0
lisp 0.00017694417411306734 0.09097177820572679
list 0.007962487835088029 0.0
list_of_muds 0.00017694417411306734 0.0
listbullet 0.000265416261169601 0.0
listitem 0.0003538883482261347 0.0
living 0.000530832522339202 0.044451762570833796
living_people 0.00017694417411306734 0.0
lml 0.000265416261169601 0.3260915205666521
load 0.000265416261169601 0.0
loaded 8.847208705653367e-05 0.0
loader 8.847208705653367e-05 0.035401927050916
loading 0.000265416261169601 0.0
loc 8.847208705653367e-05 0.0
lock 0.0012386092187914714 0.11020314013361425
log 0.0006193046093957357 0.0
logged 0.00017694417411306734 0.0
login 0.0004423604352826683 0.3141153295199365
logo 0.0007077766964522694 0.0
loot 0.00017694417411306734 0.3260915205666521
loot_ 8.847208705653367e-05 0.0
lower 0.000530832522339202 0.044451762570833796
lpmud 0.0006193046093957357 0.3260915205666521
ltr 0.0011501371317349377 0.0
lua 0.00017694417411306734 0.0
lysator 0.000265416261169601 0.3260915205666521
m 0.00017694417411306734 0.08149303425118301
machine 0.00017694417411306734 0.0
machinery 8.847208705653367e-05 0.08149303425118301
made 8.847208705653367e-05 0.035401927050916
main 0.0022118021764133415 0.0
main_page 0.00017694417411306734 0.0
mainentity 0.00017694417411306734 0.0
mainpage 8.847208705653367e-05 0.0
maint 8.847208705653367e-05 0.09097177820572679
maintenance 8.847208705653367e-05 0.008733679968754631
maintenance_template_removal 8.847208705653367e-05 0.0
major 8.847208705653367e-05 0.008733679968754631
makecollapsible 0.000265416261169601 0.0
mandatory 0.0003538883482261347 0.2340726218464
march 0.00017694417411306734 0.017544309650909525
margin 0.0018579138281872068 0.0
marvin 8.847208705653367e-05 0.2340726218464
match 8.847208705653367e-05 0.008733679968754631
matches 0.000265416261169601 0.08149303425118301
max 0.00017694417411306734 0.11020314013361425
may 0.00017694417411306734 0.0
mbox 0.0009731929576218703 0.0
media 0.000265416261169601 0.11995931507897897
mediawiki 0.0007962487835088029 0.0
memory 8.847208705653367e-05 0.0
memusage 8.847208705653367e-05 0.0
menu 0.008758736618596833 0.0
message 0.000265416261169601 0.0
meta 0.001061665044678404 0.09097177820572679
metadata 8.847208705653367e-05 0.0
min 8.847208705653367e-05 0.11020314013361425
minerva 8.847208705653367e-05 0.0
mini 0.000265416261169601 0.20163734609324613
minor 8.847208705653367e-05 0.14981227822866008
miranda 0.00017694417411306734 0.3260915205666521
miranda_programming_language 8.847208705653367e-05 0.0
missing 0.000265416261169601 0.02643325706815543
mit 0.0004423604352826683 0.08149303425118301
ml 0.0004423604352826683 0.11995931507897897
ml_ 8.847208705653367e-05 0.0
mmv 0.00017694417411306734 0.0
mob 0.00017694417411306734 0.3260915205666521
mob_ 8.847208705653367e-05 0.0
mobile 0.000265416261169601 0.0
mobileaction 8.847208705653367e-05 0.0
mobileview 8.847208705653367e-05 0.0
module 8.847208705653367e-05 0.044451762570833796
modules 0.000265416261169601 0.0721032939013439
monster 8.847208705653367e-05 0.3260915205666521
moo 0.000265416261169601 0.3260915205666521
more 0.0012386092187914714 0.0
most 8.847208705653367e-05 0.0
move 0.00017694417411306734 0.0
moved 8.847208705653367e-05 0.0
ms 8.847208705653367e-05 0.0
mu 0.000265416261169601 0.3260915205666521
mud 0.0014155533929045387 0.3260915205666521
mud_developers 8.847208705653367e-05 0.0
mudlib 0.00017694417411306734 0.3260915205666521
muds 0.001327081305848005 0.3260915205666521
mush 0.000265416261169601 0.3260915205666521
mw 0.032734672210917456 0.0
mw1349 8.847208705653367e-05 0.0
mw1431 0.00017694417411306734 0.3260915205666521
mycontributions 8.847208705653367e-05 0.0
mytalk 8.847208705653367e-05 0.0
mythic 0.00017694417411306734 0.3260915205666521
mythic_entertainment 8.847208705653367e-05 0.0
n 0.0012386092187914714 0.08149303425118301
name 0.0030080509599221448 0.0
namespaces 8.847208705653367e-05 0.21233263520999412
national 8.847208705653367e-05 0.008733679968754631
nav 0.0012386092187914714 0.7018808605286999
navbar 0.0014155533929045387 0.20163734609324613
navbox 0.007520127399805361 0.0
navigation 0.0011501371317349377 0.0
navigationtiming 8.847208705653367e-05 0.0
nearby 8.847208705653367e-05 0.0
net 8.847208705653367e-05 0.0
netbsd 0.000265416261169601 0.3260915205666521
new 0.0009731929576218703 0.0
newpp 8.847208705653367e-05 0.0
news 8.847208705653367e-05 0.0
newspapers 8.847208705653367e-05 0.0
no 0.0008847208705653366 0.0
no_original_research 0.00017694417411306734 0.0
node 8.847208705653367e-05 0.0
noexcerpt 8.847208705653367e-05 0.0
nofollow 0.0027426346987525435 0.0
noicon 0.0004423604352826683 0.0
nojs 8.847208705653367e-05 0.0
nomobile 8.847208705653367e-05 0.0
non 0.0003538883482261347 0.0
none 0.002034858002300274 0.21233263520999412
noprint 0.0006193046093957357 0.37548427589622857
normal 0.0004423604352826683 0.008733679968754631
norway 8.847208705653367e-05 0.10054122922187746
noscript 0.0003538883482261347 0.0
nosnippet 8.847208705653367e-05 0.0
not 0.0006193046093957357 0.0
notice 8.847208705653367e-05 0.11020314013361425
nova 0.00017694417411306734 0.3260915205666521
november 8.847208705653367e-05 0.0
noviewer 8.847208705653367e-05 0.0
nowrap 0.0006193046093957357 0.035401927050916
nowraplinks 0.00017694417411306734 0.0
ns 0.00017694417411306734 0.19105523676270922
nstab 8.847208705653367e-05 0.0
null 8.847208705653367e-05 0.0
numb 0.00017694417411306734 0.0
number 8.847208705653367e-05 0.0
nv 0.000265416261169601 0.0
nws 8.847208705653367e-05 0.0
o 0.0003538883482261347 0.035401927050916
obfuscated 0.00017694417411306734 0.19105523676270922
obscure 8.847208705653367e-05 0.3260915205666521
october 8.847208705653367e-05 0.02643325706815543
odd 0.000530832522339202 0.11995931507897897
of 0.003450411395204813 0.0
official 0.00017694417411306734 0.017544309650909525
og 0.00017694417411306734 0.0
ol 0.0016809696540741395 0.0
oldid 0.000265416261169601 0.0
on 0.0011501371317349377 0.0
online 0.00017694417411306734 0.11020314013361425
online_wedding 8.847208705653367e-05 0.0
only 0.0004423604352826683 0.0
oojs_ui_icon_edit 0.000530832522339202 0.0
opensearch_desc 8.847208705653367e-05 0.0
opensearchdescription 8.847208705653367e-05 0.0
options 0.0004423604352826683 0.0
or 0.00017694417411306734 0.0
org 0.007697071573918429 0.0
organization 0.0004423604352826683 0.0
organizations 8.847208705653367e-05 0.0
origin 0.0004423604352826683 0.11020314013361425
original 0.000265416261169601 0.02643325706815543
other 0.00017694417411306734 0.0
out 0.00017694417411306734 0.0
output 0.01327081305848005 0.008733679968754631
overflow 0.000265416261169601 0.19105523676270922
p 0.0038042997434309476 0.0
padding 0.0028311067858090774 0.0
page 0.004335132265770149 0.0
pagelanguagecode 8.847208705653367e-05 0.0
pagelanguagedir 8.847208705653367e-05 0.0
pages 0.0007962487835088029 0.0
pagetype 0.00017694417411306734 0.0
pagevariantfallbacks 8.847208705653367e-05 0.0
panel 0.0003538883482261347 0.0
parallel 0.000265416261169601 0.0
parsed 8.847208705653367e-05 0.0
parser 0.013447757232593116 0.0
past 8.847208705653367e-05 0.14981227822866008
patroltoken 8.847208705653367e-05 0.0
pcache 8.847208705653367e-05 0.0
pdf 0.0004423604352826683 0.0
people 0.000530832522339202 0.02643325706815543
permalink 8.847208705653367e-05 0.0
permanent 0.00017694417411306734 0.035401927050916
persistent 0.00017694417411306734 0.13976194237515863
persistent_world 8.847208705653367e-05 0.0
personal 0.0004423604352826683 0.0
perspective 0.00017694417411306734 0.19105523676270922
ph 0.000265416261169601 0.2905848321097423
ph_compiler 8.847208705653367e-05 0.0
phmit 0.00017694417411306734 0.0
phmit_6 0.00017694417411306734 0.0
php 0.0027426346987525435 0.0
pid 8.847208705653367e-05 0.0
pin 0.00017694417411306734 0.454472687214859
pinnable 0.001061665044678404 0.0
pinned 0.0008847208705653366 0.0
placeholder 8.847208705653367e-05 0.0
places 0.0007962487835088029 0.035401927050916
plainlinks 0.000265416261169601 0.0
plaintext 0.00017694417411306734 0.3260915205666521
plaintext_players 8.847208705653367e-05 0.0
player 0.001061665044678404 0.14981227822866008
player_character 0.00017694417411306734 0.0
player_versus_environment 8.847208705653367e-05 0.0
player_versus_player 8.847208705653367e-05 0.0
playerkilling 8.847208705653367e-05 0.3260915205666521
players 0.00017694417411306734 0.21233263520999412
please 8.847208705653367e-05 0.0
png 0.0016809696540741395 0.0
policy 0.00017694417411306734 0.0
popups 8.847208705653367e-05 0.0
portal 0.000265416261169601 0.06280090123903044
portlet 0.0024772184375829428 0.0
position 8.847208705653367e-05 0.008733679968754631
post 0.00017694417411306734 0.0
postexpandincludesize 8.847208705653367e-05 0.0
powered 8.847208705653367e-05 1.1340142157190256
poweredby_mediawiki_132x47 8.847208705653367e-05 0.0
poweredby_mediawiki_176x62 8.847208705653367e-05 0.0
poweredby_mediawiki_88x31 8.847208705653367e-05 0.0
poweredbyico 8.847208705653367e-05 0.0
pp 0.00017694417411306734 0.044451762570833796
ppvisitednodes 8.847208705653367e-05 0.0
preconnect 8.847208705653367e-05 0.0
prefetch 0.00017694417411306734 0.0
preprocessor 8.847208705653367e-05 0.0
presentation 8.847208705653367e-05 0.0
preview 8.847208705653367e-05 0.14981227822866008
previously 8.847208705653367e-05 0.044451762570833796
primary 0.000265416261169601 0.008733679968754631
primary_sources 0.0003538883482261347 0.008733679968754631
print 0.00017694417411306734 0.0
print_export 0.000265416261169601 0.0
printable 0.000265416261169601 0.14981227822866008
printfooter 8.847208705653367e-05 0.0
prior 8.847208705653367e-05 0.02643325706815543
privacy 0.000265416261169601 0.0
privacy_policy 0.00017694417411306734 0.0
proceedings 0.0003538883482261347 0.10054122922187746
profile 0.000265416261169601 0.11020314013361425
profit 8.847208705653367e-05 0.0
program 8.847208705653367e-05 0.0
programmers 0.000265416261169601 0.035401927050916
programming 0.0016809696540741395 0.0
programming_language 0.0004423604352826683 0.008733679968754631
programming_language_researchers 8.847208705653367e-05 0.0
progressive 0.0007962487835088029 0.0
projects 0.000265416261169601 0.06280090123903044
property 0.00017694417411306734 0.008733679968754631
protection 8.847208705653367e-05 0.21233263520999412
pseudonym 8.847208705653367e-05 0.3260915205666521
psu 0.00017694417411306734 0.0
pt 0.000530832522339202 0.02643325706815543
pub 8.847208705653367e-05 0.26759531388504365
publications 8.847208705653367e-05 0.044451762570833796
publisher 0.00017694417411306734 0.41419878807691896
push 0.000265416261169601 0.0
q 0.0007077766964522694 0.0
q6522721 0.0008847208705653366 0.3260915205666521
query 8.847208705653367e-05 0.0
quest 0.00017694417411306734 0.3260915205666521
quest_ 8.847208705653367e-05 0.0
question 8.847208705653367e-05 0.2340726218464
question_book 0.0006193046093957357 0.0
quick 8.847208705653367e-05 0.0
quiet 0.000530832522339202 0.0
quotes 8.847208705653367e-05 0.19105523676270922
r 0.00017694417411306734 0.0
r1011085734 8.847208705653367e-05 0.0
r1061467846 0.00017694417411306734 0.0
r1063604349 8.847208705653367e-05 0.0
r1097763485 8.847208705653367e-05 0.0
r1129693374 0.000265416261169601 0.0
r1133582631 0.0007077766964522694 0.0
random 0.00017694417411306734 0.21233263520999412
randomly 8.847208705653367e-05 0.2340726218464
randompage 8.847208705653367e-05 0.0
rape 0.00017694417411306734 0.3260915205666521
raw 8.847208705653367e-05 0.11020314013361425
re 0.00017694417411306734 0.02643325706815543
read 0.00017694417411306734 0.11020314013361425
ready 0.0015924975670176058 0.0
real 8.847208705653367e-05 0.0
realms 0.00017694417411306734 0.3260915205666521
recent 0.000265416261169601 0.0721032939013439
recentchanges 0.000265416261169601 0.0
recentchangeslinked 0.00017694417411306734 0.0
recursion 8.847208705653367e-05 0.0
red 8.847208705653367e-05 0.12981161152199053
redirect 0.001061665044678404 0.02643325706815543
redirected 8.847208705653367e-05 0.02643325706815543
redirectedfrom 8.847208705653367e-05 0.0
redlink 0.000265416261169601 0.0
reduced 8.847208705653367e-05 0.0
reduction 0.000265416261169601 0.008733679968754631
reference 0.0019463859152437405 0.035401927050916
references 0.0015040254799610724 0.0
referencetooltips 8.847208705653367e-05 0.0
referrer 0.000265416261169601 0.0
reflist 0.001327081305848005 0.0
registered 8.847208705653367e-05 0.0
registration 0.00017694417411306734 0.5705448584676129
rel 0.005131381049278952 0.0
related 0.00017694417411306734 0.02643325706815543
reliable 0.000530832522339202 0.0
relies 8.847208705653367e-05 0.008733679968754631
removal 8.847208705653367e-05 0.14981227822866008
remove 8.847208705653367e-05 0.0
rendering 8.847208705653367e-05 0.0
repeat 0.0003538883482261347 0.0721032939013439
replace 8.847208705653367e-05 0.008733679968754631
report 0.00017694417411306734 0.0
require 8.847208705653367e-05 0.0
research 0.0004423604352826683 0.02643325706815543
researchers 0.000265416261169601 0.06280090123903044
reset 8.847208705653367e-05 0.044451762570833796
resourceloaderdynamicstyles 8.847208705653367e-05 0.0
rest 8.847208705653367e-05 0.11020314013361425
retrieved 0.000530832522339202 0.0
returnto 0.0003538883482261347 0.0
revision 0.000265416261169601 0.0
revisions 8.847208705653367e-05 0.6844891178168307
rfr_id 0.0007077766964522694 0.0
rft 0.0027426346987525435 0.0
rft_id 0.0009731929576218703 0.0
rft_val_fmt 0.0007077766964522694 0.0
rgba 8.847208705653367e-05 0.0
right 0.001061665044678404 0.0
rl 8.847208705653367e-05 0.0
rlconf 8.847208705653367e-05 0.0
rlpagemodules 8.847208705653367e-05 0.0
rlq 0.000530832522339202 0.0
rlstate 8.847208705653367e-05 0.0
robots 8.847208705653367e-05 0.5108256237659907
role 0.0015040254799610724 0.0
roman 0.0003538883482261347 0.37548427589622857
rootpage 8.847208705653367e-05 0.0
row 0.0007077766964522694 0.11020314013361425
rsd 0.00017694417411306734 0.0
s 0.000530832522339202 0.0
s2cid 0.0003538883482261347 0.008733679968754631
s2cid_ 0.00017694417411306734 0.0
sa 0.00017694417411306734 0.0
sameas 0.00017694417411306734 0.0
sandburst 0.0004423604352826683 0.3260915205666521
saved 8.847208705653367e-05 0.0
schema 0.00017694417411306734 0.02643325706815543
scholar 0.000265416261169601 0.0
science 0.00017694417411306734 0.008733679968754631
scientist 0.0004423604352826683 0.2340726218464
scientists 0.000265416261169601 0.2340726218464
scope 0.0008847208705653366 0.0721032939013439
scoped 8.847208705653367e-05 0.20163734609324613
screen 0.00017694417411306734 0.044451762570833796
scribunto 8.847208705653367e-05 0.044451762570833796
script 0.0012386092187914714 0.14981227822866008
scripts 8.847208705653367e-05 0.10054122922187746
se 8.847208705653367e-05 0.11020314013361425
search 0.0027426346987525435 0.0
searchaux 8.847208705653367e-05 0.0
searchbutton 0.0003538883482261347 0.0
searchform 8.847208705653367e-05 0.0
searchinput 8.847208705653367e-05 0.0
secondary 8.847208705653367e-05 0.008733679968754631
seconds 0.000265416261169601 0.0
section 0.0003538883482261347 0.008733679968754631
selected 0.0003538883482261347 0.008733679968754631
selector 8.847208705653367e-05 0.0
selflink 8.847208705653367e-05 0.0
semanticscholar 0.0003538883482261347 0.0
sentences 8.847208705653367e-05 0.0
september 0.0004423604352826683 0.008733679968754631
set 0.000265416261169601 0.0
several 8.847208705653367e-05 0.0
sha1 8.847208705653367e-05 0.0
shadow 0.000265416261169601 0.26759531388504365
sharealike 8.847208705653367e-05 0.0
sharealike_3 8.847208705653367e-05 0.0
short 0.000530832522339202 0.0
short_description 0.00017694417411306734 0.0
short_description_matches_wikidata 8.847208705653367e-05 0.0
shortdescription 8.847208705653367e-05 0.0
show 0.0003538883482261347 0.0
shtml 0.00017694417411306734 0.0
sidebar 0.0009731929576218703 0.0
sigplan 0.00017694417411306734 0.08149303425118301
simplesearch 8.847208705653367e-05 0.0
simutronics 0.000265416261169601 0.3260915205666521
site 0.0004423604352826683 0.0
sitedir 8.847208705653367e-05 0.0
sitelinks 8.847208705653367e-05 0.0
sitenotice 0.00017694417411306734 0.0
sitesub 8.847208705653367e-05 0.0
sitesupport 8.847208705653367e-05 0.0
size 0.001327081305848005 0.0
sizing 0.00017694417411306734 0.11020314013361425
skin 0.0006193046093957357 0.8131064956389242
skins 0.000530832522339202 0.0
slash 0.00017694417411306734 0.3260915205666521
small 0.000530832522339202 0.0
solid 0.0009731929576218703 0.19105523676270922
sources 0.000265416261169601 0.0
space 0.00017694417411306734 0.0721032939013439
spacing 0.0003538883482261347 0.0
span 0.02149871715473768 0.044451762570833796
spawning 0.00017694417411306734 0.3260915205666521
spawning_ 8.847208705653367e-05 0.0
special 0.0019463859152437405 0.0
specialpages 0.00017694417411306734 0.0
speedy 8.847208705653367e-05 0.0
src 0.0009731929576218703 0.0
srcset 0.0004423604352826683 0.0
standard 0.000265416261169601 0.0
standard_chartered_bank 8.847208705653367e-05 0.0
start 0.00017694417411306734 0.0721032939013439
startup 0.00017694417411306734 0.0
statement 8.847208705653367e-05 0.0
static 0.0011501371317349377 0.0
statically 8.847208705653367e-05 0.017544309650909525
statistics 8.847208705653367e-05 0.0
stats 8.847208705653367e-05 0.0
statslink 8.847208705653367e-05 0.0
status 8.847208705653367e-05 0.0
stealing 0.00017694417411306734 0.044451762570833796
sticky 0.00017694417411306734 0.0
stopmobileredirecttoggle 8.847208705653367e-05 0.0
strongly 8.847208705653367e-05 0.0721032939013439
structured 8.847208705653367e-05 0.035401927050916
style 0.006458462355126957 0.0
styles 0.001327081305848005 0.0
stylesheet 0.00017694417411306734 0.0
subgroup 0.0004423604352826683 0.0
subject 8.847208705653367e-05 0.10054122922187746
sublist 0.00017694417411306734 0.0
submit 0.00017694417411306734 0.0
subscription 0.00017694417411306734 0.0
subtitle 8.847208705653367e-05 0.0
suggestededitsession 8.847208705653367e-05 0.0
suisse 0.00017694417411306734 0.3260915205666521
summary 8.847208705653367e-05 0.14981227822866008
sup 0.0019463859152437405 0.0
support 8.847208705653367e-05 0.0
svg 0.0023002742634698754 0.0
sweden 0.00017694417411306734 1.8545603704670854
swedish 0.0008847208705653366 0.02643325706815543
swedish_computer_programmers 8.847208705653367e-05 0.0
swedish_computer_scientists 8.847208705653367e-05 0.0
switcher 8.847208705653367e-05 0.0
symbol_category_class 0.000530832522339202 0.0
symposium 0.00017694417411306734 0.18058393689541388
t 0.001061665044678404 0.02643325706815543
tab 0.0004423604352826683 0.19105523676270922
tabindex 0.00017694417411306734 0.0
table 0.0009731929576218703 0.0
tabs 0.00017694417411306734 4.051784947803305
tagline 0.000265416261169601 0.0
tags 8.847208705653367e-05 0.0
talk 0.000530832522339202 0.05358424613410626
talker 0.000265416261169601 0.3260915205666521
tank 0.00017694417411306734 0.3260915205666521
tank_ 8.847208705653367e-05 0.0
target 0.00017694417411306734 0.0
targetloader 8.847208705653367e-05 0.0
task 8.847208705653367e-05 0.02643325706815543
taxonomy 0.00017694417411306734 0.18058393689541388
tb 0.000265416261169601 0.0
tbm 0.00017694417411306734 0.0
tbody 0.000530832522339202 0.0
tbs 0.000265416261169601 0.09097177820572679
td 0.00265416261169601 0.0
technology 0.0003538883482261347 0.017544309650909525
telephone 8.847208705653367e-05 0.48225225132193467
template 0.002565690524639476 0.0
template_talk 8.847208705653367e-05 0.0
templateargumentsize 8.847208705653367e-05 0.0
templatestyles 0.0014155533929045387 0.0
terminology 8.847208705653367e-05 0.11020314013361425
terms 0.00017694417411306734 0.0
terms_of_use 8.847208705653367e-05 0.0
terra 0.00017694417411306734 0.3260915205666521
terra_nova_ 8.847208705653367e-05 0.0
tertiary 8.847208705653367e-05 0.008733679968754631
text 0.005573741484561621 0.0
text_of_the_creative_commons_attribution 8.847208705653367e-05 0.0
th 0.0017694417411306732 1.8545603704670854
the 0.003361939308148279 0.0
the_mud_connector 8.847208705653367e-05 0.0
then 8.847208705653367e-05 0.0
third 0.00017694417411306734 0.10054122922187746
this 0.002565690524639476 0.0
thomas 8.847208705653367e-05 0.06280090123903044
three 8.847208705653367e-05 0.02643325706815543
thumb 0.0007962487835088029 0.0
thumbnail 8.847208705653367e-05 0.0
time 0.0004423604352826683 0.0
timestamp 0.00017694417411306734 0.0
timeusage 8.847208705653367e-05 0.0
timingprofile 8.847208705653367e-05 0.0
tinymuck 0.000265416261169601 0.3260915205666521
title 0.018667610368928604 0.0
titlebar 0.0007077766964522694 0.0
titleform 8.847208705653367e-05 0.0
to 0.0024772184375829428 0.0
toc 0.004600548526939751 0.0
toggle 0.0007962487835088029 0.0
toggle_view_mobile 8.847208705653367e-05 0.0
tokens 8.847208705653367e-05 3.6463198396951406
toolbar 0.000265416261169601 0.0
tools 0.0007962487835088029 0.0
top 0.0009731929576218703 0.0
total 0.00017694417411306734 0.0
touch 0.00017694417411306734 2.4423470353692043
tr 0.0030080509599221448 0.08149303425118301
trademark 8.847208705653367e-05 0.0
transclusion 8.847208705653367e-05 0.0
transientcontent 8.847208705653367e-05 0.0
transparent 0.000530832522339202 0.11020314013361425
triggered 8.847208705653367e-05 0.0
true 0.0019463859152437405 0.0
ttl 8.847208705653367e-05 0.0
twinking 0.000265416261169601 0.3260915205666521
type 0.0030080509599221448 0.0
typed 8.847208705653367e-05 0.017544309650909525
types 0.0003538883482261347 0.0
u 0.00017694417411306734 0.035401927050916
ui 0.004689020613996284 0.0
uid 0.000530832522339202 0.0
ul 0.006635406529240025 0.0
uls 0.000530832522339202 0.0
under 8.847208705653367e-05 0.0
university 0.00017694417411306734 0.08149303425118301
unknown 0.000530832522339202 0.008733679968754631
unpin 0.00017694417411306734 0.0
unpinned 0.00017694417411306734 0.0
unstrip 0.0003538883482261347 0.0
until 8.847208705653367e-05 0.008733679968754631
upload 0.0016809696540741395 0.14981227822866008
upper 0.0003538883482261347 0.11020314013361425
url 0.0007962487835088029 0.0721032939013439
us 0.00017694417411306734 0.02643325706815543
usage 0.0003538883482261347 0.0
usb 0.0004423604352826683 0.21233263520999412
usb_5 0.00017694417411306734 0.0
use 0.000265416261169601 0.0
uselang 8.847208705653367e-05 0.0
user 0.002388746350526409 0.0
useradd 0.00017694417411306734 0.0
userlogin 0.00017694417411306734 0.0
users 0.0003538883482261347 0.0721032939013439
using 8.847208705653367e-05 0.0
utc 8.847208705653367e-05 0.0
utf 8.847208705653367e-05 0.21233263520999412
utm_campaign 8.847208705653367e-05 0.0
utm_medium 8.847208705653367e-05 0.0
utm_source 8.847208705653367e-05 0.0
ux 8.847208705653367e-05 0.0
v 8.847208705653367e-05 0.044451762570833796
value 0.0011501371317349377 0.0
var 0.00017694417411306734 0.11020314013361425
variant 0.00017694417411306734 0.0
variants 0.000530832522339202 0.0
vary 8.847208705653367e-05 0.0
ve 8.847208705653367e-05 0.25629575863111026
vector 0.01955233123949394 0.0
verifiability 0.00017694417411306734 0.0
version 0.000265416261169601 0.0
versus 0.0003538883482261347 0.11020314013361425
vertical 8.847208705653367e-05 0.19105523676270922
via 8.847208705653367e-05 0.017544309650909525
viaf 0.0006193046093957357 0.3260915205666521
video 0.0008847208705653366 0.14981227822866008
video_game_bot 8.847208705653367e-05 0.0
video_games 0.0007077766964522694 0.0
view 0.001061665044678404 0.0
viewdoc 8.847208705653367e-05 0.0
viewport 8.847208705653367e-05 0.0
views 0.000265416261169601 0.02643325706815543
virtual 0.0003538883482261347 0.0
virtual_goods 8.847208705653367e-05 0.0
visible 8.847208705653367e-05 0.044451762570833796
visit 0.00017694417411306734 0.0
visited 8.847208705653367e-05 0.0
visualeditor 0.0003538883482261347 0.0
vue 0.00017694417411306734 0.11995931507897897
w 0.0027426346987525435 0.0
walltime 8.847208705653367e-05 0.0
was 0.000530832522339202 0.0
watchlist 8.847208705653367e-05 0.0
watchtoken 8.847208705653367e-05 0.0
way 8.847208705653367e-05 0.008733679968754631
wb 0.00017694417411306734 0.0
wbc 8.847208705653367e-05 0.0
wc 8.847208705653367e-05 2.4423470353692043
web 0.0007077766964522694 0.0
website 0.000265416261169601 0.0
wedding 0.00017694417411306734 0.3260915205666521
weight 0.0004423604352826683 0.7195804376281008
wgaction 8.847208705653367e-05 0.0
wgarticleid 8.847208705653367e-05 0.0
wgbackendresponsetime 8.847208705653367e-05 0.0
wgbreakframes 8.847208705653367e-05 0.0
wgcanonicalnamespace 8.847208705653367e-05 0.0
wgcanonicalspecialpagename 8.847208705653367e-05 0.0
wgcategories 8.847208705653367e-05 0.0
wgcentralauthmobiledomain 8.847208705653367e-05 0.0
wgcspnonce 8.847208705653367e-05 0.0
wgcurrevisionid 8.847208705653367e-05 0.0
wgdefaultdateformat 8.847208705653367e-05 0.0
wgdigittransformtable 8.847208705653367e-05 0.0
wgeditsubmitbuttonlabelpublish 8.847208705653367e-05 0.0
wgflaggedrevsparams 8.847208705653367e-05 0.0
wggestructuredtaskrejectionreasontextinputenabled 8.847208705653367e-05 0.0
wggetopicsmatchmodeenabled 8.847208705653367e-05 0.0
wghostname 8.847208705653367e-05 0.0
wginternalredirecttargeturl 8.847208705653367e-05 0.02643325706815543
wgisarticle 8.847208705653367e-05 0.0
wgisprobablyeditable 8.847208705653367e-05 0.0
wgisredirect 8.847208705653367e-05 0.0
wgmediaviewerenabledbydefault 8.847208705653367e-05 0.0
wgmediavieweronclick 8.847208705653367e-05 0.0
wgmfdisplaywikibasedescriptions 8.847208705653367e-05 0.0
wgmonthnames 8.847208705653367e-05 0.0
wgnamespacenumber 8.847208705653367e-05 0.0
wgnoticeproject 8.847208705653367e-05 0.0
wgpagecontentlanguage 8.847208705653367e-05 0.0
wgpagecontentmodel 8.847208705653367e-05 0.0
wgpagename 8.847208705653367e-05 0.0
wgpageparsereport 8.847208705653367e-05 0.0
wgpopupsflags 8.847208705653367e-05 0.0
wgredirectedfrom 8.847208705653367e-05 0.02643325706815543
wgrelevantarticleid 8.847208705653367e-05 0.0
wgrelevantpageisprobablyeditable 8.847208705653367e-05 0.0
wgrelevantpagename 8.847208705653367e-05 0.0
wgrequestid 8.847208705653367e-05 0.0
wgrestrictionedit 8.847208705653367e-05 0.0
wgrestrictionmove 8.847208705653367e-05 0.0
wgrevisionid 8.847208705653367e-05 0.0
wgseparatortransformtable 8.847208705653367e-05 0.0
wgtitle 8.847208705653367e-05 0.0
wgulscurrentautonym 8.847208705653367e-05 0.0
wgulsiscompactlinksenabled 8.847208705653367e-05 0.0
wgulsislanguageselectorempty 8.847208705653367e-05 0.0
wgulsposition 8.847208705653367e-05 0.0
wgusergroups 8.847208705653367e-05 0.0
wgusername 8.847208705653367e-05 0.0
wgvector2022previewpages 8.847208705653367e-05 0.0
wgvisualeditor 8.847208705653367e-05 0.0
wgwikibaseitemid 8.847208705653367e-05 0.0
wgwmepagelength 8.847208705653367e-05 0.0
wgwmeschemaeditattemptstepoversample 8.847208705653367e-05 0.0
what 8.847208705653367e-05 0.0
whatlinkshere 0.00017694417411306734 0.0
when 0.0004423604352826683 0.0
white 0.00017694417411306734 0.0721032939013439
width 0.004069716004600548 0.0
wiki 0.013447757232593116 0.0
wikibase 0.0003538883482261347 0.0
wikidata 0.0014155533929045387 0.0
wikimedia 0.0037158276563744137 0.0
wikimediabadges 0.00017694417411306734 0.0
wikimediaevents 8.847208705653367e-05 0.0
wikimediafoundation 0.00017694417411306734 0.0
wikipedia 0.007520127399805361 0.0
wikisource 8.847208705653367e-05 3.6463198396951406
wikitext 8.847208705653367e-05 0.0
window 0.000265416261169601 0.11020314013361425
winning 8.847208705653367e-05 0.26759531388504365
with 0.0031849951340352117 0.0
wizard 0.00017694417411306734 0.27902400970866637
wizard_ 8.847208705653367e-05 0.0
wmf 0.000265416261169601 0.0
word 0.0003538883482261347 0.044451762570833796
wordmark 0.00017694417411306734 0.0
worked 8.847208705653367e-05 0.044451762570833796
works 8.847208705653367e-05 0.11020314013361425
workshop 8.847208705653367e-05 0.10054122922187746
world 0.00017694417411306734 0.0
worldcat 0.0004423604352826683 0.3260915205666521
worlds 0.00017694417411306734 0.3260915205666521
wpformidentifier 8.847208705653367e-05 0.0
wrap 0.00017694417411306734 0.5108256237659907
written 8.847208705653367e-05 0.0
ws 8.847208705653367e-05 0.0
www 0.002388746350526409 0.0
x 0.0004423604352826683 0.0
x_ 8.847208705653367e-05 0.0
xml 0.000265416261169601 0.14981227822866008
y 0.00017694417411306734 0.008733679968754631
year 0.000265416261169601 0.10054122922187746
year_of_birth_missing_ 8.847208705653367e-05 0.0
years 0.000265416261169601 0.017544309650909525
yes 8.847208705653367e-05 0.7936884097818228
you 0.0004423604352826683 0.0
z 0.00017694417411306734 0.11020314013361425
z39 0.0007077766964522694 0.0
z3988 0.0007077766964522694 0.0
zone 0.00017694417411306734 0.3260915205666521
zone_ 8.847208705653367e-05 0.0
