0 0.005464812678365414 0.0
00 0.00012144028174145364 0.0
000 0.00012144028174145364 0.0
01 0.00012144028174145364 0.008733679968754631
039 0.00024288056348290729 0.22314355131420976
06 0.00012144028174145364 0.008733679968754631
08 6.072014087072682e-05 0.0
0_unported_license 6.072014087072682e-05 0.0
0px 6.072014087072682e-05 0.0
1 0.005586252960106867 0.0
10 0.001032242394802356 0.0
100 0.0011536826765438095 0.0
1000 0.00018216042261218047 0.0
10000 6.072014087072682e-05 0.008733679968754631
1000000 0.00012144028174145364 0.0
10006 0.00012144028174145364 0.2340726218464
10007 0.00012144028174145364 0.2340726218464
10021 0.00012144028174145364 0.3141153295199365
1004 6.072014087072682e-05 0.2340726218464
1007 6.072014087072682e-05 0.008733679968754631
10116 0.00024288056348290729 0.2340726218464
10118 6.072014087072682e-05 0.2340726218464
10160 0.00012144028174145364 0.2340726218464
10161 0.00012144028174145364 0.2340726218464
10165 0.00012144028174145364 0.2340726218464
10179 0.00012144028174145364 0.2340726218464
10206 6.072014087072682e-05 0.2340726218464
10218 0.00012144028174145364 0.2340726218464
10303 0.0003036007043536341 0.2340726218464
10383 6.072014087072682e-05 0.2340726218464
10487 6.072014087072682e-05 0.2340726218464
10585 6.072014087072682e-05 0.2340726218464
10589 6.072014087072682e-05 0.2340726218464
10628 0.00012144028174145364 0.2340726218464
10646 0.00012144028174145364 0.2340726218464
10664 6.072014087072682e-05 0.2340726218464
1073 0.00012144028174145364 0.2340726218464
10746 6.072014087072682e-05 0.2340726218464
1082 0.00012144028174145364 1.9723434061234688
10861 6.072014087072682e-05 0.2340726218464
10957 6.072014087072682e-05 0.2340726218464
10962 0.00012144028174145364 0.2340726218464
10967 0.00024288056348290729 0.2340726218464
10px 6.072014087072682e-05 0.0
11 0.0005464812678365414 0.008733679968754631
110 6.072014087072682e-05 0.11020314013361425
11073 0.00012144028174145364 0.2340726218464
110_film 6.072014087072682e-05 0.0
11170 0.00012144028174145364 0.2340726218464
11172 6.072014087072682e-05 0.3141153295199365
11179 0.00024288056348290729 0.2340726218464
1136436774 0.00042504098609508776 1.9723434061234688
114 0.00036432084522436094 0.2340726218464
11404 0.00024288056348290729 0.2340726218464
1145 0.00018216042261218047 0.008733679968754631
11544 0.00012144028174145364 0.2340726218464
1155 6.072014087072682e-05 0.2340726218464
117 6.072014087072682e-05 0.0
11783 0.00012144028174145364 0.2340726218464
11784 0.00018216042261218047 0.2340726218464
11785 0.00018216042261218047 0.2340726218464
11801 0.00024288056348290729 0.2340726218464
11889 6.072014087072682e-05 0.2340726218464
11898 6.072014087072682e-05 0.2340726218464
11940 0.00018216042261218047 0.2340726218464
11941 0.00024288056348290729 0.2340726218464
11992 0.00012144028174145364 0.2340726218464
12 0.0005464812678365414 0.008733679968754631
12006 0.00012144028174145364 0.2340726218464
12182 0.00012144028174145364 0.2340726218464
12207 0.00024288056348290729 0.2340726218464
12234 6.072014087072682e-05 0.2340726218464
125em 0.0003036007043536341 0.0
126 6.072014087072682e-05 0.044451762570833796
12620 6.072014087072682e-05 0.2340726218464
126_film 6.072014087072682e-05 0.0
127 6.072014087072682e-05 0.11020314013361425
128 0.00012144028174145364 0.0
12px 6.072014087072682e-05 0.0
12s5i 6.072014087072682e-05 0.0
13 0.00042504098609508776 0.0
1304 0.00012144028174145364 1.9723434061234688
131214 6.072014087072682e-05 1.9723434061234688
131232 0.00024288056348290729 1.9723434061234688
13211 6.072014087072682e-05 0.2340726218464
13216 6.072014087072682e-05 0.2340726218464
13250 0.00012144028174145364 0.2340726218464
133 6.072014087072682e-05 0.008733679968754631
13346 6.072014087072682e-05 0.3141153295199365
13399 0.00012144028174145364 0.2340726218464
13406 0.00012144028174145364 0.2340726218464
13450 6.072014087072682e-05 0.2340726218464
13485 0.00012144028174145364 0.2340726218464
13490 0.00012144028174145364 0.2340726218464
135 6.072014087072682e-05 0.2340726218464
13522 6.072014087072682e-05 0.3141153295199365
13567 0.00012144028174145364 0.2340726218464
13568 0.00012144028174145364 0.2340726218464
13584 0.00012144028174145364 0.2340726218464
135_film 6.072014087072682e-05 0.0
13616 6.072014087072682e-05 0.2340726218464
137 0.00012144028174145364 0.2340726218464
13816 0.00012144028174145364 0.2340726218464
13818 6.072014087072682e-05 0.3141153295199365
139 0.00012144028174145364 0.17022114985986725
14 0.00024288056348290729 0.008733679968754631
14000 0.00012144028174145364 0.2340726218464
14031 0.00012144028174145364 0.2340726218464
1413 6.072014087072682e-05 0.2340726218464
142 0.00012144028174145364 0.2340726218464
14224 0.00012144028174145364 0.2340726218464
14289 6.072014087072682e-05 0.2340726218464
14396 6.072014087072682e-05 0.2340726218464
14443 0.00024288056348290729 0.2340726218464
14496 0.00012144028174145364 0.2340726218464
14617 0.00012144028174145364 0.2340726218464
14644 0.00012144028174145364 0.2340726218464
14649 6.072014087072682e-05 0.2340726218464
14651 0.00024288056348290729 0.2340726218464
14698 0.00012144028174145364 0.2340726218464
147 0.00012144028174145364 0.12981161152199053
14764 6.072014087072682e-05 0.2340726218464
14882 0.00012144028174145364 0.2340726218464
14971 0.00012144028174145364 0.2340726218464
15 0.0003036007043536341 0.0
15022 0.00012144028174145364 0.2340726218464
15189 0.00012144028174145364 0.2340726218464
15288 0.00024288056348290729 0.2340726218464
15291 0.00012144028174145364 0.2340726218464
15292 0.00012144028174145364 0.2340726218464
153 0.00012144028174145364 0.2340726218464
1538 6.072014087072682e-05 0.13976194237515863
15398 0.00012144028174145364 0.2340726218464
15408 0.00012144028174145364 0.2340726218464
15438 6.072014087072682e-05 0.2340726218464
15444 0.00012144028174145364 0.2340726218464
15445 0.00012144028174145364 0.2340726218464
15504 0.00024288056348290729 0.2340726218464
15511 0.00012144028174145364 0.2340726218464
15686 0.00012144028174145364 0.2340726218464
15693 0.00024288056348290729 0.2340726218464
15706 6.072014087072682e-05 0.2340726218464
15707 6.072014087072682e-05 0.2340726218464
15897 0.00024288056348290729 0.2340726218464
15919 0.00012144028174145364 0.2340726218464
15924 0.00012144028174145364 0.2340726218464
15926 0.00024288056348290729 0.2340726218464
15930 6.072014087072682e-05 0.2340726218464
15938 6.072014087072682e-05 0.3141153295199365
15px 6.072014087072682e-05 0.0
16 0.00036432084522436094 0.0
160 0.0005464812678365414 0.2340726218464
16023 6.072014087072682e-05 0.2340726218464
16262 0.00012144028174145364 0.2340726218464
1629 0.00012144028174145364 0.2340726218464
16355 6.072014087072682e-05 0.2340726218464
16485 0.00012144028174145364 0.2340726218464
16612 6.072014087072682e-05 0.2340726218464
16750 0.00012144028174145364 0.2340726218464
16949 0.00012144028174145364 0.2340726218464
16px 6.072014087072682e-05 0.0
17 0.00024288056348290729 0.0
17024 0.00024288056348290729 0.2340726218464
17025 0.00024288056348290729 0.2340726218464
17100 0.00012144028174145364 0.2340726218464
17203 6.072014087072682e-05 0.2340726218464
17369 6.072014087072682e-05 0.2340726218464
17442 6.072014087072682e-05 0.2340726218464
1745 0.00012144028174145364 0.2340726218464
17506 6.072014087072682e-05 0.2340726218464
17799 6.072014087072682e-05 0.2340726218464
180 6.072014087072682e-05 0.2340726218464
18004 0.00012144028174145364 0.2340726218464
18014 0.00024288056348290729 0.2340726218464
18245 0.00012144028174145364 0.2340726218464
185 6.072014087072682e-05 0.10054122922187746
18629 6.072014087072682e-05 0.2340726218464
18916 6.072014087072682e-05 0.2340726218464
18z 0.00012144028174145364 0.0
19 0.00036432084522436094 0.0
19005 6.072014087072682e-05 0.2340726218464
19011 0.00012144028174145364 0.2340726218464
19092 0.00024288056348290729 0.2340726218464
19114 0.00012144028174145364 0.2340726218464
19115 6.072014087072682e-05 0.2340726218464
19125 6.072014087072682e-05 0.2340726218464
19136 6.072014087072682e-05 0.2340726218464
19407 6.072014087072682e-05 0.2340726218464
19439 0.00012144028174145364 0.2340726218464
19500 6.072014087072682e-05 0.2340726218464
19501 6.072014087072682e-05 0.2340726218464
19502 6.072014087072682e-05 0.2340726218464
19503 6.072014087072682e-05 0.2340726218464
19505 6.072014087072682e-05 0.2340726218464
19506 6.072014087072682e-05 0.2340726218464
19507 6.072014087072682e-05 0.2340726218464
19508 6.072014087072682e-05 0.2340726218464
19509 6.072014087072682e-05 0.2340726218464
19510 6.072014087072682e-05 0.2340726218464
19600 0.00012144028174145364 0.2340726218464
19752 0.00024288056348290729 0.2340726218464
19757 0.00012144028174145364 0.2340726218464
19770 0.00024288056348290729 0.2340726218464
19775 6.072014087072682e-05 0.2340726218464
19788 0.00012144028174145364 0.3141153295199365
19794 0.00012144028174145364 0.2340726218464
1980 0.0003036007043536341 0.20163734609324613
19831 6.072014087072682e-05 0.2340726218464
1989 6.072014087072682e-05 0.02643325706815543
1990_extended_pascal 6.072014087072682e-05 0.0
1992 0.00024288056348290729 0.02643325706815543
1999 6.072014087072682e-05 0.02643325706815543
19999 6.072014087072682e-05 0.2340726218464
1em 0.00036432084522436094 0.0
1px 0.00018216042261218047 0.0
1x1 6.072014087072682e-05 0.0
2 0.0035824883113728823 0.0
20 0.00036432084522436094 0.0
200 0.00018216042261218047 0.044451762570833796
2000 0.00018216042261218047 0.02643325706815543
20000 0.0003036007043536341 0.0
20022 0.00012144028174145364 0.2340726218464
2003 0.00018216042261218047 0.02643325706815543
2004 0.00018216042261218047 0.06280090123903044
2008 6.072014087072682e-05 0.02643325706815543
20121 0.00012144028174145364 0.2340726218464
2014 0.00012144028174145364 0.017544309650909525
2015 0.00012144028174145364 0.017544309650909525
2022 0.0005464812678365414 0.0
2023 0.00018216042261218047 0.0
20230316114917 0.00018216042261218047 1.9723434061234688
2033 0.00012144028174145364 0.2340726218464
20400 0.00012144028174145364 0.2340726218464
2047 0.00012144028174145364 0.2340726218464
20802 0.00012144028174145364 0.2340726218464
2097152 0.00024288056348290729 0.0
20px 6.072014087072682e-05 0.0
21 0.00042504098609508776 0.0
21000 0.00012144028174145364 0.2340726218464
21047 6.072014087072682e-05 0.2340726218464
2108 6.072014087072682e-05 0.2340726218464
21122 6.072014087072682e-05 0.2340726218464
2145 0.00012144028174145364 0.2340726218464
2146 0.00012144028174145364 0.2340726218464
21500 0.00012144028174145364 0.2340726218464
216 0.00012144028174145364 0.2340726218464
217 0.00012144028174145364 0.2340726218464
21827 0.00024288056348290729 0.2340726218464
22 0.0003036007043536341 0.0
22000 0.00012144028174145364 0.2340726218464
22300 0.00012144028174145364 0.2340726218464
22395 0.00012144028174145364 0.2340726218464
2240 6.072014087072682e-05 0.2340726218464
226 6.072014087072682e-05 0.10054122922187746
228 6.072014087072682e-05 0.2340726218464
2281 6.072014087072682e-05 0.2340726218464
23 0.00024288056348290729 0.02643325706815543
23000 6.072014087072682e-05 0.3141153295199365
23003 6.072014087072682e-05 0.3141153295199365
23008 6.072014087072682e-05 0.3141153295199365
23090 6.072014087072682e-05 0.2340726218464
23270 0.00012144028174145364 0.2340726218464
23271 6.072014087072682e-05 0.2340726218464
233 0.00012144028174145364 0.2340726218464
23360 0.00012144028174145364 0.2340726218464
238 6.072014087072682e-05 0.2340726218464
23px 6.072014087072682e-05 0.0
24517 6.072014087072682e-05 0.2340726218464
24613 6.072014087072682e-05 0.2340726218464
24617 6.072014087072682e-05 0.2340726218464
24707 0.00012144028174145364 0.2340726218464
24727 0.00012144028174145364 0.3141153295199365
24744 0.00012144028174145364 0.3141153295199365
24752 6.072014087072682e-05 0.3141153295199365
25 0.00012144028174145364 0.0
25178 0.00012144028174145364 0.2340726218464
2533 6.072014087072682e-05 0.2340726218464
255 6.072014087072682e-05 0.044451762570833796
259 0.00012144028174145364 0.19105523676270922
25964 0.00012144028174145364 0.2340726218464
25em 0.0006072014087072683 0.0
26 0.00042504098609508776 0.0
26000 0.00012144028174145364 0.2340726218464
261 6.072014087072682e-05 0.2340726218464
262 6.072014087072682e-05 0.19105523676270922
26262 0.00012144028174145364 0.2340726218464
26300 0.00012144028174145364 0.2340726218464
26324 6.072014087072682e-05 0.2340726218464
26446 0.00012144028174145364 1.9723434061234688
27 0.00012144028174145364 0.0
27000 0.00048576112696581457 0.2340726218464
27001 0.00012144028174145364 0.2340726218464
27002 0.0003036007043536341 0.2340726218464
27005 0.00012144028174145364 0.2340726218464
27006 0.00012144028174145364 0.2340726218464
27040 0.00012144028174145364 0.3141153295199365
2709 0.00012144028174145364 0.2340726218464
2711 0.00012144028174145364 0.2340726218464
2720 6.072014087072682e-05 0.2340726218464
27729 6.072014087072682e-05 0.2340726218464
2788 0.00012144028174145364 0.2340726218464
28 0.00018216042261218047 0.017544309650909525
28000 0.00012144028174145364 0.2340726218464
2848 0.00012144028174145364 0.2340726218464
2852 0.00012144028174145364 0.2340726218464
29110 0.00012144028174145364 0.2340726218464
29119 0.00012144028174145364 0.3141153295199365
29148 6.072014087072682e-05 0.2340726218464
29199 6.072014087072682e-05 0.2340726218464
29500 6.072014087072682e-05 0.2340726218464
298 0.00012144028174145364 0.3260915205666521
29999 6.072014087072682e-05 0.2340726218464
29t23 0.00012144028174145364 0.0
2b 0.00024288056348290729 0.8531118302526235
2c 0.00012144028174145364 0.8531118302526235
2cicon 6.072014087072682e-05 0.0
2cstyles 6.072014087072682e-05 0.0
2em 0.00012144028174145364 0.0
2f 6.072014087072682e-05 0.0
2f10 6.072014087072682e-05 0.0
2f131214 0.00012144028174145364 0.0
2fcitation 6.072014087072682e-05 0.0
2fen 6.072014087072682e-05 0.0
2ffmt 6.072014087072682e-05 0.0
2fportal 6.072014087072682e-05 0.0
2px 0.00012144028174145364 0.0
2x 0.0003036007043536341 0.0
3 0.0017608840852510778 0.0
30 0.00012144028174145364 0.035401927050916
300 0.00012144028174145364 0.017544309650909525
3000 6.072014087072682e-05 0.3504829736908114
30000 6.072014087072682e-05 0.2340726218464
30170 6.072014087072682e-05 0.2340726218464
302 6.072014087072682e-05 0.044451762570833796
3029 6.072014087072682e-05 0.2340726218464
306 6.072014087072682e-05 0.2340726218464
30em 6.072014087072682e-05 0.0
30t08 0.00012144028174145364 0.0
31 0.0012751229582852633 0.008733679968754631
31000 0.00012144028174145364 0.2340726218464
3103 0.00012144028174145364 0.2340726218464
3125em 6.072014087072682e-05 0.0
3166 0.0003036007043536341 0.2340726218464
31px 6.072014087072682e-05 0.0
32 0.00018216042261218047 0.0
32000 6.072014087072682e-05 0.2340726218464
324 0.00012144028174145364 0.008733679968754631
3297 6.072014087072682e-05 0.2340726218464
33001 0.00012144028174145364 0.3141153295199365
3307 0.00012144028174145364 0.2340726218464
351 0.00012144028174145364 0.02643325706815543
36 0.00012144028174145364 0.02643325706815543
3601 6.072014087072682e-05 0.2340726218464
3602 6.072014087072682e-05 0.2340726218464
361 6.072014087072682e-05 0.11995931507897897
37001 0.00012144028174145364 0.2340726218464
384 0.00012144028174145364 0.25629575863111026
38500 0.00024288056348290729 0.2340726218464
3864 0.00012144028174145364 0.2340726218464
3901 6.072014087072682e-05 0.008733679968754631
3950 6.072014087072682e-05 0.2340726218464
3977 0.00012144028174145364 0.2340726218464
3a 6.072014087072682e-05 0.09097177820572679
3a3 6.072014087072682e-05 0.0
3abook 6.072014087072682e-05 0.0
3achill 6.072014087072682e-05 0.0
3adoi 6.072014087072682e-05 0.0
3akev 6.072014087072682e-05 0.0
3amtx 6.072014087072682e-05 0.0
3aofi 6.072014087072682e-05 0.0
3asid 6.072014087072682e-05 0.0
3cols 6.072014087072682e-05 0.0
3d131232 6.072014087072682e-05 0.0
3em 0.00012144028174145364 0.0
3fid 6.072014087072682e-05 0.0
3px 0.00024288056348290729 0.0
4 0.0012751229582852633 0.0
40 6.072014087072682e-05 0.017544309650909525
400 0.00012144028174145364 0.0
4031 0.00012144028174145364 0.2340726218464
40500 6.072014087072682e-05 0.2340726218464
409 0.00012144028174145364 0.9382696385929302
4157 0.00012144028174145364 0.2340726218464
4165 0.00012144028174145364 0.2340726218464
42010 0.00024288056348290729 0.2340726218464
4217 0.00012144028174145364 0.2340726218464
449 6.072014087072682e-05 0.2340726218464
45001 0.00012144028174145364 0.2340726218464
4657405 0.00012144028174145364 1.9723434061234688
47 0.00012144028174145364 0.008733679968754631
472 0.00024288056348290729 0.18058393689541388
485 0.00012144028174145364 1.9723434061234688
49 0.00024288056348290729 0.008733679968754631
4909 0.00024288056348290729 0.2340726218464
4_part_11 6.072014087072682e-05 0.0
4_part_2 6.072014087072682e-05 0.0
4_part_3 6.072014087072682e-05 0.0
4c 6.072014087072682e-05 4.74493212836325
4da7 6.072014087072682e-05 1.9723434061234688
4em 0.00018216042261218047 0.0
5 0.0012751229582852633 0.0
50 0.00012144028174145364 0.0
500 0.0003036007043536341 0.0
5000000 0.00012144028174145364 0.0
50001 0.00012144028174145364 0.2340726218464
508 6.072014087072682e-05 2.03688192726104
518 6.072014087072682e-05 0.2340726218464
519 6.072014087072682e-05 0.017544309650909525
52 0.00012144028174145364 0.0721032939013439
5218 0.00024288056348290729 0.2340726218464
52428800 0.00012144028174145364 0.0
538 0.00012144028174145364 0.3629054936893685
5426 0.00012144028174145364 0.2340726218464
5427 0.00012144028174145364 0.2340726218464
5428 0.00012144028174145364 0.2340726218464
55000 0.00012144028174145364 0.2340726218464
56000 0.00012144028174145364 0.2340726218464
5669 6.072014087072682e-05 1.9723434061234688
5725 6.072014087072682e-05 0.2340726218464
5775 0.00012144028174145364 0.2340726218464
5776 0.00012144028174145364 0.2340726218464
5800 6.072014087072682e-05 0.2340726218464
5807 6.072014087072682e-05 0.2340726218464
58z 0.00012144028174145364 0.0
59 0.00018216042261218047 0.044451762570833796
5964 0.00012144028174145364 0.2340726218464
5em 0.00042504098609508776 0.0
5x 0.0003036007043536341 0.11020314013361425
6 0.0009108021130609023 0.0
60 6.072014087072682e-05 0.035401927050916
60027 0.00012144028174145364 0.3141153295199365
60034 0.00012144028174145364 0.3141153295199365
60038 0.00012144028174145364 0.3141153295199365
60062 6.072014087072682e-05 0.3141153295199365
60063 6.072014087072682e-05 0.3141153295199365
60068 0.00012144028174145364 0.3141153295199365
60112 6.072014087072682e-05 0.3141153295199365
60228 0.00012144028174145364 0.3141153295199365
60269 0.00012144028174145364 0.3141153295199365
60297 6.072014087072682e-05 0.3141153295199365
60309 0.00012144028174145364 0.3141153295199365
60320 0.00012144028174145364 0.3141153295199365
60364 0.00012144028174145364 0.3141153295199365
60446 0.00012144028174145364 0.3141153295199365
60559 6.072014087072682e-05 0.3141153295199365
60601 0.00012144028174145364 0.3141153295199365
60870 0.00036432084522436094 0.3141153295199365
60906 0.00012144028174145364 0.3141153295199365
60908 6.072014087072682e-05 0.3141153295199365
60929 0.00012144028174145364 0.3141153295199365
60958 6.072014087072682e-05 0.3141153295199365
61030 0.00012144028174145364 0.3141153295199365
61131 0.0003036007043536341 0.3141153295199365
61158 6.072014087072682e-05 0.3141153295199365
61162 0.00012144028174145364 0.3141153295199365
61334 0.00012144028174145364 0.3141153295199365
61355 0.00012144028174145364 0.3141153295199365
61360 0.00012144028174145364 0.3141153295199365
61400 0.00012144028174145364 0.3141153295199365
61499 0.00012144028174145364 0.3141153295199365
61508 0.00012144028174145364 0.3141153295199365
61511 0.00012144028174145364 0.3141153295199365
6166 6.072014087072682e-05 0.2340726218464
61784 6.072014087072682e-05 0.3141153295199365
61850 0.00012144028174145364 0.3141153295199365
61851 0.00012144028174145364 0.3141153295199365
61883 0.00012144028174145364 0.3141153295199365
61960 6.072014087072682e-05 0.3141153295199365
61968 0.00012144028174145364 0.3141153295199365
61970 0.00012144028174145364 0.3141153295199365
62014 6.072014087072682e-05 0.3141153295199365
62026 6.072014087072682e-05 0.3141153295199365
62056 0.00012144028174145364 0.3141153295199365
62061 0.00012144028174145364 0.3141153295199365
62196 0.00012144028174145364 0.3141153295199365
62262 0.00012144028174145364 0.3141153295199365
62264 0.00012144028174145364 0.3141153295199365
62304 0.00012144028174145364 0.3141153295199365
62325 0.00012144028174145364 0.3141153295199365
62351 0.00012144028174145364 0.3141153295199365
62365 6.072014087072682e-05 0.3141153295199365
62366 0.00012144028174145364 0.3141153295199365
62379 0.00012144028174145364 0.3141153295199365
62386 6.072014087072682e-05 0.3141153295199365
62455 0.00012144028174145364 0.3141153295199365
62680 6.072014087072682e-05 0.3141153295199365
62682 0.00012144028174145364 0.3141153295199365
62700 0.00012144028174145364 0.3141153295199365
63110 0.00012144028174145364 0.3141153295199365
63119 0.00012144028174145364 0.3141153295199365
63382 0.00012144028174145364 0.3141153295199365
6344 0.00012144028174145364 0.2340726218464
6346 0.00012144028174145364 0.2340726218464
6385 0.00012144028174145364 0.2340726218464
639 0.00042504098609508776 0.2340726218464
6425 6.072014087072682e-05 0.2340726218464
6429 0.00012144028174145364 0.2340726218464
6438 0.00012144028174145364 0.2340726218464
646 0.00024288056348290729 0.08149303425118301
65 6.072014087072682e-05 0.02643325706815543
6523 0.00024288056348290729 0.2340726218464
656 0.00012144028174145364 0.4682660093471948
657 0.00012144028174145364 0.2340726218464
668 0.00012144028174145364 0.21233263520999412
6709 0.00012144028174145364 0.2340726218464
68 0.0003036007043536341 0.044451762570833796
69 0.00012144028174145364 0.035401927050916
690 0.00012144028174145364 0.2340726218464
6943 0.00012144028174145364 0.2340726218464
6em 6.072014087072682e-05 0.0
7 0.000667921549577995 0.0
70 0.00012144028174145364 0.044451762570833796
7001 0.00012144028174145364 0.2340726218464
7002 0.00012144028174145364 0.2340726218464
7010 0.00012144028174145364 0.2340726218464
7027 0.00012144028174145364 0.2340726218464
704 0.00012144028174145364 0.2340726218464
7064 0.00012144028174145364 0.2340726218464
7098 6.072014087072682e-05 0.2340726218464
7185 6.072014087072682e-05 0.2340726218464
7200 0.00012144028174145364 0.2340726218464
720px 6.072014087072682e-05 0.0
72979 0.00012144028174145364 1.9723434061234688
732 0.00012144028174145364 0.2340726218464
7498 6.072014087072682e-05 0.2340726218464
754 6.072014087072682e-05 0.19105523676270922
76 0.00012144028174145364 0.02643325706815543
7637 0.00012144028174145364 0.2340726218464
764 6.072014087072682e-05 0.2340726218464
765313 0.00018216042261218047 1.9723434061234688
7736 0.00012144028174145364 0.2340726218464
78 0.00012144028174145364 0.017544309650909525
7810 0.00024288056348290729 0.2340726218464
7811 0.00024288056348290729 0.2340726218464
7812 0.00024288056348290729 0.2340726218464
7813 0.00024288056348290729 0.2340726218464
7816 0.00024288056348290729 0.2340726218464
7942 0.00012144028174145364 0.2340726218464
7cext 0.00018216042261218047 0.0
7cjquery 6.072014087072682e-05 0.0
7cmediawiki 6.072014087072682e-05 0.0
7cskins 6.072014087072682e-05 0.0
7cwikibase 6.072014087072682e-05 0.0
7em 6.072014087072682e-05 0.0
8 0.001032242394802356 0.008733679968754631
80 0.0003036007043536341 0.0
8000 0.00012144028174145364 0.06280090123903044
80000 0.00024288056348290729 0.2340726218464
8093 6.072014087072682e-05 0.2340726218464
8125em 6.072014087072682e-05 0.0
81346 0.00012144028174145364 0.3141153295199365
8178 0.00012144028174145364 0.2340726218464
8217 6.072014087072682e-05 0.2340726218464
8373 0.00012144028174145364 0.2340726218464
838 6.072014087072682e-05 0.2340726218464
843 0.00012144028174145364 0.2340726218464
85 6.072014087072682e-05 0.0
8501 0.00012144028174145364 0.2340726218464
8571 6.072014087072682e-05 0.2340726218464
8583 0.00012144028174145364 0.2340726218464
860 0.00012144028174145364 0.02643325706815543
8601 0.00012144028174145364 0.2340726218464
8613 0.00012144028174145364 0.2340726218464
8632 0.00012144028174145364 0.2340726218464
86400 0.00012144028174145364 0.02643325706815543
8651 6.072014087072682e-05 0.2340726218464
8652 0.00024288056348290729 0.2340726218464
8691 0.00012144028174145364 0.2340726218464
874 0.00012144028174145364 0.9607424944449889
88 0.00042504098609508776 0.035401927050916
8805 6.072014087072682e-05 0.2340726218464
8806 6.072014087072682e-05 0.2340726218464
8807 6.072014087072682e-05 0.2340726218464
8820 6.072014087072682e-05 0.2340726218464
8859 0.00133584309915599 0.2340726218464
8879 6.072014087072682e-05 0.2340726218464
89791 0.00024288056348290729 0.19105523676270922
898 0.00012144028174145364 0.044451762570833796
8a 0.00018216042261218047 0.0
8e76 6.072014087072682e-05 1.9723434061234688
9 0.0007286416904487219 0.0
90 6.072014087072682e-05 0.0
9000 0.00012144028174145364 0.017544309650909525
9001 6.072014087072682e-05 0.2340726218464
9036 6.072014087072682e-05 0.2340726218464
9075 6.072014087072682e-05 0.2340726218464
91 6.072014087072682e-05 0.035401927050916
9126 0.00024288056348290729 0.2340726218464
9141 6.072014087072682e-05 0.2340726218464
9227 6.072014087072682e-05 0.2340726218464
9241 0.00012144028174145364 0.2340726218464
9293 0.00012144028174145364 0.2340726218464
93 6.072014087072682e-05 0.13976194237515863
9314 6.072014087072682e-05 0.2340726218464
9362 0.00012144028174145364 0.2340726218464
94005422cf9b 6.072014087072682e-05 1.9723434061234688
9407 6.072014087072682e-05 0.2340726218464
9496 0.00018216042261218047 0.2340726218464
94an 6.072014087072682e-05 0.0
95 0.00018216042261218047 0.09097177820572679
9506 6.072014087072682e-05 0.2340726218464
9529 0.00024288056348290729 0.2340726218464
9564 0.00012144028174145364 0.2340726218464
9592 0.00012144028174145364 0.2340726218464
9593 0.00012144028174145364 0.2340726218464
9594 6.072014087072682e-05 0.2340726218464
96 0.00018216042261218047 0.0
965 0.00012144028174145364 0.2340726218464
9660 0.00012144028174145364 0.2340726218464
9797 0.00012144028174145364 0.2340726218464
987007285493105171 6.072014087072682e-05 0.0
9897 0.00012144028174145364 0.2340726218464
9899 0.00012144028174145364 0.19105523676270922
9945 0.00012144028174145364 0.2340726218464
9984 6.072014087072682e-05 0.2340726218464
9985 6.072014087072682e-05 0.2340726218464
999 0.00012144028174145364 0.2340726218464
9995 0.00024288056348290729 0.2340726218464
9999 6.072014087072682e-05 0.2340726218464
9fl 6.072014087072682e-05 0.0
9px 0.00018216042261218047 0.0
_flavors_and_implementations 6.072014087072682e-05 0.0
_geographic_information_ 6.072014087072682e-05 0.0
_h 6.072014087072682e-05 0.0
_iec_standards 6.072014087072682e-05 0.0
_iso_romanizations_ 6.072014087072682e-05 0.0
_isocat 6.072014087072682e-05 0.0
_metadata 6.072014087072682e-05 0.0
_winklergeorg_dießl1992 6.072014087072682e-05 0.0
a 0.08840852510777825 0.0
a0 0.00012144028174145364 0.3504829736908114
a2a9b1 6.072014087072682e-05 0.0
a440 6.072014087072682e-05 0.0
a440_ 6.072014087072682e-05 0.0
aa 6.072014087072682e-05 0.2340726218464
abbr 0.0008500819721901755 0.0
about 0.0005464812678365414 0.0
aboutsite 6.072014087072682e-05 0.0
above 6.072014087072682e-05 0.008733679968754631
abovebelow 0.00036432084522436094 0.0
absolute 6.072014087072682e-05 0.035401927050916
accessdate 6.072014087072682e-05 0.0
accessibility 6.072014087072682e-05 0.21233263520999412
accessible 6.072014087072682e-05 0.0721032939013439
accesskey 0.0011536826765438095 0.0
account 0.0003036007043536341 0.0
accuracy 6.072014087072682e-05 0.2340726218464
accuracy_and_precision 6.072014087072682e-05 0.0
acm 0.00024288056348290729 0.008733679968754631
acronym 6.072014087072682e-05 0.14981227822866008
across 6.072014087072682e-05 0.0
action 0.0012144028174145365 0.0
actions 6.072014087072682e-05 0.0
activity 6.072014087072682e-05 0.035401927050916
ada 0.0003036007043536341 0.035401927050916
ada_ 6.072014087072682e-05 3.6463198396951406
ada_semantic_interface_specification 0.00012144028174145364 0.0
add 6.072014087072682e-05 0.0
additional 6.072014087072682e-05 0.0
address 0.00012144028174145364 0.0
addressable 6.072014087072682e-05 0.7936884097818228
advanced 6.072014087072682e-05 0.017544309650909525
advanced_video_coding 6.072014087072682e-05 0.0
aes3 0.00012144028174145364 0.0
aes47 0.00012144028174145364 0.0
after 0.0010929625356730828 0.02643325706815543
ago 6.072014087072682e-05 0.017544309650909525
agree 6.072014087072682e-05 0.0
alcatel 6.072014087072682e-05 1.9723434061234688
alert 0.00024288056348290729 0.11995931507897897
algol 6.072014087072682e-05 0.044451762570833796
algol_60 6.072014087072682e-05 1.8545603704670854
align 0.0005464812678365414 0.0721032939013439
all 0.00012144028174145364 0.0
allocation 0.00012144028174145364 0.0721032939013439
alpha 0.00024288056348290729 0.14981227822866008
also 0.00024288056348290729 0.0
alt 0.0006072014087072683 0.0
alternate 0.00018216042261218047 0.14981227822866008
amp 0.0035824883113728823 0.18058393689541388
an 0.0005464812678365414 0.0
and 0.0012144028174145365 0.0
annual 0.00012144028174145364 0.3141153295199365
anon 0.00012144028174145364 0.0
anoncontribs 6.072014087072682e-05 0.0
anontalk 6.072014087072682e-05 0.0
anonymous 6.072014087072682e-05 0.12981161152199053
another 6.072014087072682e-05 0.0
ansi 0.00024288056348290729 0.19105523676270922
ansi_c 0.00012144028174145364 0.0
ansi_escape_code 0.00012144028174145364 0.0
antimagnetic 6.072014087072682e-05 0.0
antimagnetic_watch 6.072014087072682e-05 0.0
api 6.072014087072682e-05 0.14981227822866008
appeared 6.072014087072682e-05 0.044451762570833796
apple 0.00012144028174145364 0.13976194237515863
application 0.00036432084522436094 0.0
apply 6.072014087072682e-05 0.0
april 6.072014087072682e-05 0.0
architecture 0.00018216042261218047 0.0
are 0.00018216042261218047 0.0
argument 6.072014087072682e-05 0.0
aria 0.0018823243669925315 0.0
armenian 6.072014087072682e-05 0.0
armscii 0.00012144028174145364 0.0
article 0.00036432084522436094 0.0
articles 0.0006072014087072683 0.0
articles_with_j9u_identifiers 6.072014087072682e-05 0.0
articles_with_lccn_identifiers 6.072014087072682e-05 0.0
articles_with_short_description 6.072014087072682e-05 0.0
as 0.00024288056348290729 0.0
asmo 6.072014087072682e-05 0.0
asmo_449 6.072014087072682e-05 0.0
associated 0.00012144028174145364 0.035401927050916
association 0.00018216042261218047 0.08149303425118301
association_for_computing_machinery 6.072014087072682e-05 0.0
async 0.00018216042261218047 0.37548427589622857
at 0.00024288056348290729 0.0
atitle 6.072014087072682e-05 0.0
atmosphere 6.072014087072682e-05 0.0
atom 0.00018216042261218047 0.11995931507897897
attribution 6.072014087072682e-05 0.0
au 0.00012144028174145364 0.37548427589622857
audio 0.00012144028174145364 0.21233263520999412
audiovisual 0.00012144028174145364 0.0
august 6.072014087072682e-05 0.035401927050916
author 0.00012144028174145364 0.02643325706815543
authorities 6.072014087072682e-05 0.0
authority 0.00018216042261218047 0.008733679968754631
authority_control 6.072014087072682e-05 0.008733679968754631
auto 0.00024288056348290729 0.035401927050916
autocapitalize 6.072014087072682e-05 0.0
autocollapse 6.072014087072682e-05 0.0
automotive 0.00012144028174145364 0.540239508972284
autostart 6.072014087072682e-05 0.0
available 0.00012144028174145364 0.0
avoid 0.00012144028174145364 0.19105523676270922
b 0.0005464812678365414 0.017544309650909525
b48c37d0 6.072014087072682e-05 1.9723434061234688
background 0.0014572833808974438 0.2340726218464
backlink 6.072014087072682e-05 0.0
bahasa 6.072014087072682e-05 0.11020314013361425
bank 6.072014087072682e-05 0.02643325706815543
base 0.00018216042261218047 0.02643325706815543
battery 6.072014087072682e-05 0.0
battery_nomenclature 6.072014087072682e-05 0.0
bcrgen 6.072014087072682e-05 0.0
bday 6.072014087072682e-05 0.0
bdi 0.00012144028174145364 0.0
be 6.072014087072682e-05 0.0
because 6.072014087072682e-05 0.0
before 0.0009715222539316291 0.017544309650909525
below 6.072014087072682e-05 0.0
block 0.00012144028174145364 0.044451762570833796
board 0.00012144028174145364 0.3141153295199365
board_diagnostics 0.00012144028174145364 0.0
body 0.0008500819721901755 0.11995931507897897
bodycontent 0.00012144028174145364 0.0
bokmål 0.00012144028174145364 0.8737311174553593
bold 6.072014087072682e-05 0.21233263520999412
booksources 0.00012144028174145364 0.0
bootstrap 6.072014087072682e-05 0.0
border 0.0011536826765438095 0.7936884097818228
both 6.072014087072682e-05 0.008733679968754631
bottom 0.00024288056348290729 0.12981161152199053
box 0.0012144028174145365 0.0
boxtext 6.072014087072682e-05 0.0
bracket 0.00036432084522436094 0.3141153295199365
brackets 0.00012144028174145364 0.11995931507897897
break 0.00018216042261218047 0.19105523676270922
british 0.00012144028174145364 0.3141153295199365
british_standard_pipe 0.00012144028174145364 0.0
broker 6.072014087072682e-05 0.0
browsing 6.072014087072682e-05 0.27902400970866637
btitle 6.072014087072682e-05 0.0
btn 0.0003036007043536341 0.0
bundled 6.072014087072682e-05 0.27902400970866637
bus 6.072014087072682e-05 0.540239508972284
business 6.072014087072682e-05 0.08149303425118301
business_process_model_and_notation 6.072014087072682e-05 0.0
button 0.0019430445078632583 0.0
buttons 6.072014087072682e-05 0.0
by 0.0006072014087072683 0.0
bytes 0.00024288056348290729 0.0
c 0.0006072014087072683 0.0
c13_en 6.072014087072682e-05 0.0
c3 0.00012144028174145364 0.0
c_sharp_ 0.00012144028174145364 1.0560526742493137
ca 0.00048576112696581457 0.035401927050916
cache 0.00012144028174145364 0.0
cached 6.072014087072682e-05 0.0
cachereport 6.072014087072682e-05 0.0
cactions 0.00036432084522436094 0.0
called 6.072014087072682e-05 0.0
calls 6.072014087072682e-05 0.0
campaigns 6.072014087072682e-05 0.0
can 6.072014087072682e-05 0.0
can_bus 6.072014087072682e-05 0.0
can_lower 6.072014087072682e-05 0.0
canonical 0.00012144028174145364 0.0
caps 6.072014087072682e-05 0.0
caption 0.00012144028174145364 0.0
car 6.072014087072682e-05 0.0
categories 0.00018216042261218047 0.0
category 0.0014572833808974438 0.0
catlinks 0.00036432084522436094 0.0
cats 6.072014087072682e-05 0.0
ccf 6.072014087072682e-05 1.0560526742493137
ccitt 0.00018216042261218047 1.9723434061234688
center 0.00048576112696581457 0.02643325706815543
centralauth 0.00012144028174145364 0.0
centralautologin 0.00012144028174145364 0.0
centralnotice 0.00018216042261218047 0.0
cfm 0.00012144028174145364 0.14981227822866008
change 6.072014087072682e-05 0.0
changes 0.00024288056348290729 0.02643325706815543
character 0.00018216042261218047 0.035401927050916
charinsert 6.072014087072682e-05 0.0
charset 6.072014087072682e-05 0.0
check 6.072014087072682e-05 0.06280090123903044
checkbox 0.002064484789604712 0.0
child 0.0015180035217681705 0.21233263520999412
chill 0.004918331410528873 1.9723434061234688
chill_ 6.072014087072682e-05 0.0
citation 0.0006072014087072683 0.017544309650909525
cite 0.0006072014087072683 0.0
cite_conference 0.00012144028174145364 0.3382128810989969
cite_note 0.00012144028174145364 0.0
cite_ref 0.00012144028174145364 0.0
citerefjürgen_f 6.072014087072682e-05 0.0
citethispage 6.072014087072682e-05 0.0
city 0.00012144028174145364 0.41419878807691896
class 0.019976926346469123 0.0
classname 0.00018216042261218047 0.0
clear 0.00012144028174145364 0.11020314013361425
client 0.0003036007043536341 0.0
cloud 6.072014087072682e-05 0.11020314013361425
cloud_infrastructure_management_interface 6.072014087072682e-05 0.0
cobol 0.0003036007043536341 0.11020314013361425
code 0.0006072014087072683 0.0
coded 0.00012144028174145364 0.0721032939013439
coding 0.00012144028174145364 0.14981227822866008
col 0.00012144028174145364 0.2340726218464
coll 0.00024288056348290729 0.0
collada 0.00012144028174145364 0.0
collapse 6.072014087072682e-05 0.0
collapsed 0.00024288056348290729 0.0
collapses 6.072014087072682e-05 0.0
collapsible 0.0007286416904487219 0.0
collection 6.072014087072682e-05 0.017544309650909525
color 0.0010929625356730828 0.3629054936893685
colspan 0.000667921549577995 0.0
column 0.00018216042261218047 0.11020314013361425
columns 0.0003036007043536341 0.11020314013361425
commission 0.00012144028174145364 0.3141153295199365
common 0.00036432084522436094 0.0
common_criteria 0.00012144028174145364 0.0
common_language_infrastructure 6.072014087072682e-05 0.0
common_logic 0.00012144028174145364 0.0
common_object_request_broker_architecture 6.072014087072682e-05 0.0
commons 0.0003036007043536341 0.0
communications 0.00012144028174145364 0.008733679968754631
community 6.072014087072682e-05 0.10054122922187746
community_portal 6.072014087072682e-05 0.0
compact 6.072014087072682e-05 0.0
compact_disc_digital_audio 6.072014087072682e-05 0.0
compactlinks 6.072014087072682e-05 0.0
companies 6.072014087072682e-05 0.02643325706815543
comparative 6.072014087072682e-05 2.03688192726104
comparative_tracking_index 6.072014087072682e-05 0.0
compiler 0.00018216042261218047 0.0
complexity 6.072014087072682e-05 0.1599646496926782
complications 6.072014087072682e-05 0.0
compur 0.00012144028174145364 0.0
computer 0.00012144028174145364 0.0
computer_graphics_metafile 0.00012144028174145364 0.0
computing 0.00036432084522436094 0.008733679968754631
conference 0.00024288056348290729 0.10054122922187746
config 0.00012144028174145364 0.0
confused 6.072014087072682e-05 0.0
connectors 6.072014087072682e-05 0.0
connectors_for_car_audio 6.072014087072682e-05 0.0
console 6.072014087072682e-05 0.0
constraint 6.072014087072682e-05 0.008733679968754631
contact 0.00024288056348290729 0.0
contact_us 0.00012144028174145364 0.0
contactpage 6.072014087072682e-05 0.0
container 0.0008500819721901755 0.14981227822866008
containing 6.072014087072682e-05 0.008733679968754631
content 0.004371850142692331 0.0
contentinfo 6.072014087072682e-05 0.0
contents 0.0007893618313194486 0.0
contentsub 6.072014087072682e-05 0.0
context 0.00012144028174145364 0.017544309650909525
contour 6.072014087072682e-05 0.0
contribute 6.072014087072682e-05 0.0
contributions 6.072014087072682e-05 0.2340726218464
contributors 0.00012144028174145364 0.017544309650909525
control 0.00018216042261218047 0.0
controls 0.00012144028174145364 0.0
conversion 6.072014087072682e-05 0.0
cookie 0.0003036007043536341 0.0
cookie_statement 6.072014087072682e-05 0.0
cookiestatement 6.072014087072682e-05 0.0
copyright 0.00018216042261218047 0.0
copyrightico 6.072014087072682e-05 0.0
count 0.00012144028174145364 0.0
counter 0.00024288056348290729 0.11020314013361425
cpu 6.072014087072682e-05 0.0
cputime 6.072014087072682e-05 0.0
create 0.00024288056348290729 0.0
createaccount 0.00024288056348290729 0.0
created 0.00018216042261218047 0.0
creative 6.072014087072682e-05 0.0
creativecommons 0.00012144028174145364 0.0
criteria 0.00012144028174145364 2.03688192726104
cross 6.072014087072682e-05 0.0
crossorigin 6.072014087072682e-05 0.0
cs 0.00024288056348290729 0.035401927050916
cs1 0.0008500819721901755 0.017544309650909525
csrftoken 6.072014087072682e-05 0.0
ct 0.00012144028174145364 0.6844891178168307
ctx_ver 6.072014087072682e-05 0.0
current 0.00012144028174145364 0.08149303425118301
current_events 6.072014087072682e-05 0.0
currentevents 6.072014087072682e-05 0.0
cursor 6.072014087072682e-05 0.5860490450035782
cx 0.00012144028174145364 0.0
cycle 6.072014087072682e-05 0.8737311174553593
czech 6.072014087072682e-05 0.11020314013361425
d 0.00018216042261218047 0.017544309650909525
d33 0.00012144028174145364 0.0
d6 6.072014087072682e-05 0.0
data 0.0031574473252777946 0.0
data_modeling_language 6.072014087072682e-05 0.0
date 6.072014087072682e-05 0.02643325706815543
datemodified 0.00012144028174145364 0.0
datepublished 0.00012144028174145364 0.0
dd 0.0009715222539316291 0.035401927050916
ddf 6.072014087072682e-05 0.0
de 0.0003036007043536341 0.017544309650909525
december 6.072014087072682e-05 0.02643325706815543
decimal 6.072014087072682e-05 0.11020314013361425
decoding 0.00012144028174145364 0.21233263520999412
decoration 0.00012144028174145364 0.0
deduplicate 0.00048576112696581457 0.0
deduplicated 0.00048576112696581457 0.0
definition 0.00012144028174145364 0.008733679968754631
delivery 6.072014087072682e-05 0.26759531388504365
delivery_multimedia_integration_framework 6.072014087072682e-05 0.0
dental 6.072014087072682e-05 0.0
deployment 6.072014087072682e-05 0.11020314013361425
depth 0.00018216042261218047 0.0
description 0.00042504098609508776 0.0
design 6.072014087072682e-05 0.035401927050916
designed 0.00018216042261218047 0.0
desktoparticletarget 0.00018216042261218047 0.0
detection 6.072014087072682e-05 0.10054122922187746
deutsch 6.072014087072682e-05 0.0
developed 6.072014087072682e-05 0.017544309650909525
developer 6.072014087072682e-05 0.02643325706815543
developers 0.00012144028174145364 0.0
diagnostics 0.00012144028174145364 0.48225225132193467
dialects 0.00012144028174145364 0.08149303425118301
die 6.072014087072682e-05 0.017544309650909525
dießl 6.072014087072682e-05 1.9723434061234688
digital 0.00018216042261218047 0.035401927050916
digital_addressable_lighting_interface 6.072014087072682e-05 0.0
digital_object_identifier 6.072014087072682e-05 0.0
dir 0.00018216042261218047 0.4682660093471948
disabled 0.000667921549577995 0.11020314013361425
disambig 6.072014087072682e-05 0.0
disambiguation 0.00018216042261218047 0.017544309650909525
disc 6.072014087072682e-05 0.7195804376281008
discipline 6.072014087072682e-05 0.06280090123903044
disclaimers 0.00012144028174145364 0.0
discovery 6.072014087072682e-05 0.10054122922187746
discuss 0.00018216042261218047 0.05358424613410626
discussion 0.00012144028174145364 0.26759531388504365
disk 6.072014087072682e-05 0.09097177820572679
display 0.0007286416904487219 0.0
distributed 6.072014087072682e-05 0.02643325706815543
div 0.012933390005464812 0.0
dl 0.0006072014087072683 0.22314355131420976
dmy 6.072014087072682e-05 0.08149303425118301
dns 0.00012144028174145364 0.540239508972284
doctype 6.072014087072682e-05 0.0
document 0.00048576112696581457 0.09097177820572679
document_style_semantics_and_specification_language 0.00012144028174145364 0.0
documentation 6.072014087072682e-05 0.017544309650909525
documentelement 0.00018216042261218047 0.0
documents 6.072014087072682e-05 0.02643325706815543
doi 0.00018216042261218047 0.008733679968754631
doi_ 6.072014087072682e-05 0.0
donate 0.00018216042261218047 0.0
donating 6.072014087072682e-05 0.0
download 0.00024288056348290729 0.0
downloadable 6.072014087072682e-05 0.3141153295199365
downloadaspdf 6.072014087072682e-05 0.0
dropdown 0.0015180035217681705 0.0
dt 0.0009715222539316291 0.0
dtstart 6.072014087072682e-05 0.0
e 0.00042504098609508776 0.0
e2 6.072014087072682e-05 1.911718784307034
e6e6ff 6.072014087072682e-05 0.0
e_series_of_preferred_numbers 6.072014087072682e-05 0.0
echo 6.072014087072682e-05 0.0
ecmascript 0.00024288056348290729 0.11995931507897897
edit 0.0019430445078632583 0.0
editable 6.072014087072682e-05 0.49643688631389105
edited 6.072014087072682e-05 0.0
editing 6.072014087072682e-05 0.11020314013361425
editor 0.00012144028174145364 0.044451762570833796
editors 0.00012144028174145364 0.0
editpage 6.072014087072682e-05 0.0
edits 0.00012144028174145364 0.0
editsection 0.0005464812678365414 0.0
edituri 6.072014087072682e-05 0.0
eee 0.00012144028174145364 0.0
electrotechnical 0.00012144028174145364 0.3141153295199365
element 0.00042504098609508776 0.0
ellipsis 0.00012144028174145364 0.2340726218464
elt 6.072014087072682e-05 0.0
empty 0.00012144028174145364 0.008733679968754631
emptyportlet 0.00012144028174145364 0.0
en 0.0021252049304754388 0.0
en_62262 6.072014087072682e-05 0.0
enabled 0.000667921549577995 0.008733679968754631
encouraged 0.00024288056348290729 1.5668782980153044
encyclopedia 0.00012144028174145364 0.0
end 6.072014087072682e-05 0.0
engineering 6.072014087072682e-05 0.0
english 0.00018216042261218047 0.0
enhancements 6.072014087072682e-05 0.0
entities 6.072014087072682e-05 0.0
entity 0.0003036007043536341 0.0
entityaccesscount 6.072014087072682e-05 0.0
entitypage 0.00012144028174145364 0.0
enwiki 6.072014087072682e-05 0.0
enwikimwclientprefs 6.072014087072682e-05 0.0
ep 0.00012144028174145364 0.0
equal 0.00012144028174145364 0.008733679968754631
equivalent 6.072014087072682e-05 0.0721032939013439
ericsson 6.072014087072682e-05 1.9723434061234688
erlang 0.00012144028174145364 0.11995931507897897
erlang_ 6.072014087072682e-05 0.0
error 0.00012144028174145364 0.11020314013361425
es6 6.072014087072682e-05 0.0
escape 0.00012144028174145364 0.19105523676270922
esi 0.00012144028174145364 0.7195804376281008
esitest 6.072014087072682e-05 0.0
even 0.00024288056348290729 0.11020314013361425
event 0.0006072014087072683 0.0
eventlogging 0.00012144028174145364 0.0
events 0.00012144028174145364 0.11020314013361425
ewsd 0.00018216042261218047 1.9723434061234688
exact 6.072014087072682e-05 0.0
example 6.072014087072682e-05 0.0
exchanges 0.00012144028174145364 1.9723434061234688
exists 6.072014087072682e-05 0.0
expand 0.00018216042261218047 0.0
expanded 0.00018216042261218047 0.0
expansion 0.00012144028174145364 0.0
expansiondepth 6.072014087072682e-05 0.0
expensive 6.072014087072682e-05 0.0
expensivefunctioncount 6.072014087072682e-05 0.0
expiry 0.00012144028174145364 0.0
export 6.072014087072682e-05 0.0
express 6.072014087072682e-05 0.0
express_ 6.072014087072682e-05 0.0
ext 0.001639443803509624 0.0
external 0.0007286416904487219 0.0
external_links 0.00024288056348290729 0.0
extra 6.072014087072682e-05 0.0
f 0.00042504098609508776 0.0
f7f7f7 6.072014087072682e-05 0.0
fa8a495983347898 6.072014087072682e-05 0.0
facility 0.00012144028174145364 0.08149303425118301
fallbacksearchbutton 6.072014087072682e-05 0.0
false 0.0006072014087072683 0.0
favicon 6.072014087072682e-05 0.0
fdfdfd 0.00018216042261218047 0.0
fdi 6.072014087072682e-05 0.0
fdi_world_dental_federation_notation 6.072014087072682e-05 0.0
feature 0.0012751229582852633 0.0
featurename 0.00018216042261218047 0.0
features 6.072014087072682e-05 0.0
february 6.072014087072682e-05 0.017544309650909525
federation 6.072014087072682e-05 0.08149303425118301
feed 0.00012144028174145364 0.19105523676270922
few 6.072014087072682e-05 0.06280090123903044
fiber 6.072014087072682e-05 0.18058393689541388
fiber_distributed_data_interface 6.072014087072682e-05 0.0
fieldbus 0.00036432084522436094 0.0
file 0.0007893618313194486 0.0
file_allocation_table 0.00012144028174145364 0.0
file_upload_wizard 0.00012144028174145364 0.0
files 6.072014087072682e-05 0.0
film 0.00042504098609508776 0.3141153295199365
film_speed 0.00024288056348290729 0.0
find 6.072014087072682e-05 0.0
find_code 6.072014087072682e-05 0.0
first 0.0009108021130609023 0.0
firstheading 0.00018216042261218047 0.0
float 0.00018216042261218047 0.06280090123903044
flowchart 0.00012144028174145364 0.035401927050916
flush 0.0003036007043536341 0.0
font 0.0013965632400267168 0.14981227822866008
footer 0.0015787236626388973 0.0
for 0.0019430445078632583 0.0
form 0.00018216042261218047 0.0
format 0.00048576112696581457 0.035401927050916
foundation 0.0005464812678365414 0.0
fr 0.00024288056348290729 0.09097177820572679
framework 0.00012144028174145364 0.0
français 6.072014087072682e-05 1.16141318990714
free 0.00036432084522436094 0.0
freely 0.00012144028174145364 0.1599646496926782
french 6.072014087072682e-05 0.09097177820572679
from 0.00048576112696581457 0.0
ftam 0.00012144028174145364 0.0
fuel 6.072014087072682e-05 0.06280090123903044
fuel_oil 6.072014087072682e-05 0.0
full 0.00036432084522436094 0.044451762570833796
fulltext 6.072014087072682e-05 0.0
func 6.072014087072682e-05 0.044451762570833796
function 0.00048576112696581457 0.0
fundraiserredirector 6.072014087072682e-05 0.0
fuse 6.072014087072682e-05 1.8004931491968095
fuse_ 6.072014087072682e-05 0.0
g 0.00012144028174145364 0.0
gadget 0.00024288056348290729 0.0
gcc 0.00018216042261218047 0.19105523676270922
gehomepagesuggestededitsenabletopics 6.072014087072682e-05 0.0
general_disclaimer 6.072014087072682e-05 0.0
generalized 6.072014087072682e-05 2.03688192726104
generator 6.072014087072682e-05 0.0
genre 6.072014087072682e-05 0.0
geography 6.072014087072682e-05 0.0
geography_markup_language 6.072014087072682e-05 0.0
geoip 6.072014087072682e-05 0.0
georg 0.00012144028174145364 1.9723434061234688
georgian 6.072014087072682e-05 0.0
geospatial 6.072014087072682e-05 0.0
geospatial_metadata 6.072014087072682e-05 0.0
german 6.072014087072682e-05 0.017544309650909525
globalcssjs 0.00012144028174145364 0.0
gnu 0.00018216042261218047 0.02643325706815543
gnu_compiler_collection 6.072014087072682e-05 0.0
go 0.00024288056348290729 0.0
googpub 0.00012144028174145364 0.0
gov 6.072014087072682e-05 0.2340726218464
graphical 0.00024288056348290729 0.0721032939013439
graphical_kernel_system 0.00024288056348290729 0.0
graphics 0.00012144028174145364 0.044451762570833796
gray 6.072014087072682e-05 1.449095262358921
greek 0.00012144028174145364 0.3141153295199365
green 6.072014087072682e-05 0.08149303425118301
group 0.0015787236626388973 0.05358424613410626
growthexperiments 6.072014087072682e-05 0.0
guidance 6.072014087072682e-05 0.2340726218464
guidelines 0.00018216042261218047 0.19105523676270922
guidelines_for_the_definition_of_managed_objects 0.00012144028174145364 0.0
guides 6.072014087072682e-05 4.74493212836325
h 0.00036432084522436094 0.035401927050916
h1 0.00012144028174145364 1.2484245668967697
h2 0.00048576112696581457 1.2484245668967697
hack 0.00036432084522436094 0.0
hardware 6.072014087072682e-05 0.035401927050916
has 0.00012144028174145364 0.0
hash 6.072014087072682e-05 0.11020314013361425
hash_function 6.072014087072682e-05 0.0
haspopup 0.0003036007043536341 0.0
hatnote 0.00036432084522436094 0.0
hazard 6.072014087072682e-05 0.0
hazard_symbol 6.072014087072682e-05 0.0
head 0.00018216042261218047 0.0
header 0.001700163944380351 0.0
heading 0.0013965632400267168 0.0
headline 0.0003036007043536341 0.0
height 0.0008500819721901755 0.0
help 0.0005464812678365414 0.0
here 6.072014087072682e-05 0.008733679968754631
hidden 0.0007893618313194486 0.0
hide 0.00012144028174145364 0.0
high 0.00012144028174145364 0.0
high_level_language 6.072014087072682e-05 0.0
highest 6.072014087072682e-05 0.0
history 0.00036432084522436094 0.0
hlist 0.003703928593114336 0.0
hole 6.072014087072682e-05 1.8545603704670854
hole_punch 6.072014087072682e-05 0.0
homepage 6.072014087072682e-05 0.09097177820572679
hor 0.00012144028174145364 0.0
horsepower 0.00012144028174145364 0.0
hosted 6.072014087072682e-05 0.0721032939013439
hot 6.072014087072682e-05 0.0
hot_shoe 6.072014087072682e-05 0.0
how 0.0003036007043536341 0.0
however 0.0003036007043536341 0.0
href 0.04450786325824276 0.0
hreflang 0.0006072014087072683 0.0
htm 6.072014087072682e-05 0.3141153295199365
html 0.00048576112696581457 0.06280090123903044
http 0.0005464812678365414 0.017544309650909525
https 0.0021252049304754388 0.0
hub 6.072014087072682e-05 0.2451224580329849
i 0.00036432084522436094 0.0
iatf 6.072014087072682e-05 0.0
iatf_16949 6.072014087072682e-05 0.0
ico 6.072014087072682e-05 0.0
icon 0.0021252049304754388 0.0
icons 0.00024288056348290729 0.0
id 0.008197219017548121 0.0
identification 6.072014087072682e-05 0.2340726218464
identifier 0.0006072014087072683 0.044451762570833796
identifiers 0.00042504098609508776 0.008733679968754631
idhash 6.072014087072682e-05 0.0
iec 0.010200983666282106 0.19105523676270922
iec_10021 6.072014087072682e-05 0.0
iec_10116 0.00012144028174145364 0.0
iec_10206 6.072014087072682e-05 0.0
iec_10967 0.00012144028174145364 0.0
iec_11179 0.00012144028174145364 0.0
iec_11404 0.00012144028174145364 0.0
iec_11801 0.00012144028174145364 0.0
iec_12207 0.00012144028174145364 0.0
iec_14443 0.00012144028174145364 0.0
iec_14651 0.00012144028174145364 0.0
iec_15288 0.00012144028174145364 0.0
iec_15504 0.00012144028174145364 0.0
iec_15693 0.00012144028174145364 0.0
iec_15897 0.00012144028174145364 0.0
iec_17024 0.00012144028174145364 0.0
iec_17025 0.00012144028174145364 0.0
iec_18014 0.00012144028174145364 0.0
iec_19752 0.00012144028174145364 0.0
iec_19770 0.00012144028174145364 0.0
iec_19788 6.072014087072682e-05 0.0
iec_19794 6.072014087072682e-05 0.0
iec_20000 0.00012144028174145364 0.0
iec_2022 0.00012144028174145364 0.0
iec_21827 0.00012144028174145364 0.0
iec_24727 6.072014087072682e-05 0.0
iec_24744 6.072014087072682e-05 0.0
iec_27000 0.00024288056348290729 0.0
iec_27001 6.072014087072682e-05 0.0
iec_27002 0.00018216042261218047 0.0
iec_27005 6.072014087072682e-05 0.0
iec_27006 6.072014087072682e-05 0.0
iec_27040 6.072014087072682e-05 0.0
iec_29119 6.072014087072682e-05 0.0
iec_33001 6.072014087072682e-05 0.0
iec_38500 0.00012144028174145364 0.0
iec_42010 0.00012144028174145364 0.0
iec_4909 0.00012144028174145364 0.0
iec_5218 0.00012144028174145364 0.0
iec_60027 6.072014087072682e-05 0.0
iec_60034 6.072014087072682e-05 0.0
iec_60038 6.072014087072682e-05 0.0
iec_60068 6.072014087072682e-05 0.0
iec_60228 6.072014087072682e-05 0.0
iec_60269 6.072014087072682e-05 0.0
iec_60309 6.072014087072682e-05 0.0
iec_60320 6.072014087072682e-05 0.0
iec_60364 6.072014087072682e-05 0.0
iec_60446 6.072014087072682e-05 0.0
iec_60601 6.072014087072682e-05 0.0
iec_60870 0.00018216042261218047 0.0
iec_60906 6.072014087072682e-05 0.0
iec_60929 6.072014087072682e-05 0.0
iec_61030 6.072014087072682e-05 0.0
iec_61131 0.00012144028174145364 0.0
iec_61162 6.072014087072682e-05 0.0
iec_61334 6.072014087072682e-05 0.0
iec_61355 6.072014087072682e-05 0.0
iec_61360 6.072014087072682e-05 0.0
iec_61400 6.072014087072682e-05 0.0
iec_61499 6.072014087072682e-05 0.0
iec_61508 6.072014087072682e-05 0.0
iec_61511 6.072014087072682e-05 0.0
iec_61850 6.072014087072682e-05 0.0
iec_61851 6.072014087072682e-05 0.0
iec_61883 6.072014087072682e-05 0.0
iec_61968 6.072014087072682e-05 0.0
iec_61970 6.072014087072682e-05 0.0
iec_62056 6.072014087072682e-05 0.0
iec_62061 6.072014087072682e-05 0.0
iec_62196 6.072014087072682e-05 0.0
iec_62264 6.072014087072682e-05 0.0
iec_62304 6.072014087072682e-05 0.0
iec_62325 6.072014087072682e-05 0.0
iec_62351 6.072014087072682e-05 0.0
iec_62366 6.072014087072682e-05 0.0
iec_62379 6.072014087072682e-05 0.0
iec_62455 6.072014087072682e-05 0.0
iec_62682 6.072014087072682e-05 0.0
iec_62700 6.072014087072682e-05 0.0
iec_63110 6.072014087072682e-05 0.0
iec_63119 6.072014087072682e-05 0.0
iec_63382 6.072014087072682e-05 0.0
iec_646 0.00012144028174145364 0.0
iec_6523 0.00012144028174145364 0.0
iec_7064 6.072014087072682e-05 0.0
iec_7810 0.00012144028174145364 0.0
iec_7811 0.00012144028174145364 0.0
iec_7812 0.00012144028174145364 0.0
iec_7813 0.00012144028174145364 0.0
iec_7816 0.00012144028174145364 0.0
iec_80000 0.00012144028174145364 0.0
iec_81346 6.072014087072682e-05 0.0
iec_8652 0.00012144028174145364 0.0
iec_8859 0.0010929625356730828 0.0
iec_9126 0.00012144028174145364 0.0
iec_9529 0.00012144028174145364 0.0
iec_9797 6.072014087072682e-05 0.0
iec_9995 0.00012144028174145364 0.0
iec_standards 0.00012144028174145364 0.0
iec_tr_12182 6.072014087072682e-05 0.0
ieee 0.00012144028174145364 0.10054122922187746
ieee_11073 6.072014087072682e-05 0.0
ieee_754 6.072014087072682e-05 0.0
if 0.00012144028174145364 0.0
il 6.072014087072682e-05 0.0
image 0.00018216042261218047 0.0
imageobject 0.00012144028174145364 0.0
images 0.0007286416904487219 0.0
img 0.00048576112696581457 0.0
implement 6.072014087072682e-05 0.05358424613410626
implementation 0.00012144028174145364 0.0
improvements 6.072014087072682e-05 0.08149303425118301
in 0.001639443803509624 0.0
inc 0.00018216042261218047 0.0
inch 6.072014087072682e-05 0.0
inch_rack 6.072014087072682e-05 0.0
include 0.00012144028174145364 0.0
increment 6.072014087072682e-05 0.06280090123903044
index 0.0015180035217681705 0.0
indicators 6.072014087072682e-05 0.454472687214859
influenced 6.072014087072682e-05 0.008733679968754631
info 0.00048576112696581457 0.044451762570833796
infobox 0.0019430445078632583 0.008733679968754631
infobox_programming_language 0.00012144028174145364 0.008733679968754631
infobox_software 0.00012144028174145364 0.017544309650909525
informatik 6.072014087072682e-05 0.6673946844575306
information 0.00018216042261218047 0.0
infrastructure 0.00012144028174145364 0.0
inherit 0.0007286416904487219 0.11020314013361425
init 0.00018216042261218047 0.0
ink 6.072014087072682e-05 0.0
inline 0.0009715222539316291 0.05358424613410626
inner 0.00036432084522436094 0.0
input 0.0007286416904487219 0.0
inside 0.00018216042261218047 0.0
int 6.072014087072682e-05 0.0
integration 6.072014087072682e-05 0.008733679968754631
interaction 0.00018216042261218047 0.0
interchange 0.00012144028174145364 0.0
interface 0.00042504098609508776 0.0
interlanguage 0.0015180035217681705 0.0
international 0.001032242394802356 0.08149303425118301
international_bank_account_number 6.072014087072682e-05 0.0
international_electrotechnical_commission 6.072014087072682e-05 0.0
international_organization_for_standardization 0.00012144028174145364 0.0
international_securities_identification_number 6.072014087072682e-05 0.0
international_standard_atmosphere 6.072014087072682e-05 0.0
international_standard_audiovisual_number 0.00012144028174145364 0.0
international_standard_identifier_for_libraries_and_related_organizations 0.00012144028174145364 0.0
international_standard_music_number 6.072014087072682e-05 0.0
international_standard_musical_work_code 6.072014087072682e-05 0.0
international_standard_name_identifier 6.072014087072682e-05 0.0
international_standard_recording_code 6.072014087072682e-05 0.0
international_standard_serial_number 6.072014087072682e-05 0.0
international_standard_text_code 6.072014087072682e-05 0.0
interwiki 0.0006072014087072683 0.0
introduction 0.00018216042261218047 0.11020314013361425
io 0.00012144028174145364 0.14981227822866008
ionizing_radiation_symbol 6.072014087072682e-05 0.0
ip 0.00024288056348290729 0.3141153295199365
is 0.0008500819721901755 0.0
isbn 0.0003036007043536341 0.0
isbn_ 6.072014087072682e-05 0.0
islisp 0.00024288056348290729 0.20163734609324613
iso 0.025502459165705264 0.19105523676270922
iso_1 6.072014087072682e-05 0.0
iso_1000 6.072014087072682e-05 0.0
iso_10006 6.072014087072682e-05 0.0
iso_10007 6.072014087072682e-05 0.0
iso_10160 6.072014087072682e-05 0.0
iso_10161 6.072014087072682e-05 0.0
iso_10218 6.072014087072682e-05 0.0
iso_10303 0.00024288056348290729 0.0
iso_10487_harness_adapter 6.072014087072682e-05 0.0
iso_10628 6.072014087072682e-05 0.0
iso_10962 6.072014087072682e-05 0.0
iso_11170 6.072014087072682e-05 0.0
iso_11783 6.072014087072682e-05 0.0
iso_11784_and_iso_11785 0.00012144028174145364 0.0
iso_11940 0.00012144028174145364 0.0
iso_11992 6.072014087072682e-05 0.0
iso_12006 6.072014087072682e-05 0.0
iso_12620_ 6.072014087072682e-05 0.0
iso_128 6.072014087072682e-05 0.0
iso_13399 6.072014087072682e-05 0.0
iso_13406 6.072014087072682e-05 0.0
iso_13485 6.072014087072682e-05 0.0
iso_13490 6.072014087072682e-05 0.0
iso_13567 6.072014087072682e-05 0.0
iso_13584 6.072014087072682e-05 0.0
iso_14000 6.072014087072682e-05 0.0
iso_14031 6.072014087072682e-05 0.0
iso_1413_shock 6.072014087072682e-05 0.0
iso_14224 6.072014087072682e-05 0.0
iso_14617 6.072014087072682e-05 0.0
iso_14644 6.072014087072682e-05 0.0
iso_14698 6.072014087072682e-05 0.0
iso_14971 6.072014087072682e-05 0.0
iso_15022 6.072014087072682e-05 0.0
iso_15189 6.072014087072682e-05 0.0
iso_15292 6.072014087072682e-05 0.0
iso_15398 6.072014087072682e-05 0.0
iso_15686 6.072014087072682e-05 0.0
iso_15919 6.072014087072682e-05 0.0
iso_15924 6.072014087072682e-05 0.0
iso_15926 6.072014087072682e-05 0.0
iso_15926_wip 6.072014087072682e-05 0.0
iso_1629 6.072014087072682e-05 0.0
iso_16750 6.072014087072682e-05 0.0
iso_17100 6.072014087072682e-05 0.0
iso_1745 6.072014087072682e-05 0.0
iso_18245 6.072014087072682e-05 0.0
iso_19011 6.072014087072682e-05 0.0
iso_19092 0.00018216042261218047 0.0
iso_19114 6.072014087072682e-05 0.0
iso_19115 6.072014087072682e-05 0.0
iso_19136 6.072014087072682e-05 0.0
iso_19439 6.072014087072682e-05 0.0
iso_19600 6.072014087072682e-05 0.0
iso_2 6.072014087072682e-05 0.0
iso_20022 6.072014087072682e-05 0.0
iso_20121 6.072014087072682e-05 0.0
iso_2014 6.072014087072682e-05 0.0
iso_2015 6.072014087072682e-05 0.0
iso_2033 6.072014087072682e-05 0.0
iso_20400 6.072014087072682e-05 0.0
iso_2047 6.072014087072682e-05 0.0
iso_2145 6.072014087072682e-05 0.0
iso_2146 6.072014087072682e-05 0.0
iso_21500 6.072014087072682e-05 0.0
iso_216 6.072014087072682e-05 0.0
iso_217 6.072014087072682e-05 0.0
iso_22000 6.072014087072682e-05 0.0
iso_22300 6.072014087072682e-05 0.0
iso_22395 6.072014087072682e-05 0.0
iso_233 6.072014087072682e-05 0.0
iso_25178 6.072014087072682e-05 0.0
iso_259 6.072014087072682e-05 0.0
iso_25964 6.072014087072682e-05 0.0
iso_26000 6.072014087072682e-05 0.0
iso_26262 6.072014087072682e-05 0.0
iso_2709 6.072014087072682e-05 0.0
iso_2711 6.072014087072682e-05 0.0
iso_2788 6.072014087072682e-05 0.0
iso_28000 6.072014087072682e-05 0.0
iso_2848 6.072014087072682e-05 0.0
iso_2852 6.072014087072682e-05 0.0
iso_31 0.0009108021130609023 0.0
iso_31000 6.072014087072682e-05 0.0
iso_3103 6.072014087072682e-05 0.0
iso_3166 0.00024288056348290729 0.0
iso_3307 6.072014087072682e-05 0.0
iso_37001 6.072014087072682e-05 0.0
iso_3864 6.072014087072682e-05 0.0
iso_3977 6.072014087072682e-05 0.0
iso_4 6.072014087072682e-05 0.0
iso_4031 6.072014087072682e-05 0.0
iso_4157 6.072014087072682e-05 0.0
iso_4165 6.072014087072682e-05 0.0
iso_4217 6.072014087072682e-05 0.0
iso_45001 6.072014087072682e-05 0.0
iso_50001 6.072014087072682e-05 0.0
iso_5426 6.072014087072682e-05 0.0
iso_5427 6.072014087072682e-05 0.0
iso_5428 6.072014087072682e-05 0.0
iso_55000 6.072014087072682e-05 0.0
iso_56000 6.072014087072682e-05 0.0
iso_5775 6.072014087072682e-05 0.0
iso_5776 6.072014087072682e-05 0.0
iso_5964 6.072014087072682e-05 0.0
iso_6344 6.072014087072682e-05 0.0
iso_6346 6.072014087072682e-05 0.0
iso_6385 6.072014087072682e-05 0.0
iso_639 0.00036432084522436094 0.0
iso_6438 6.072014087072682e-05 0.0
iso_657 6.072014087072682e-05 0.0
iso_668 6.072014087072682e-05 0.0
iso_6709 6.072014087072682e-05 0.0
iso_690 6.072014087072682e-05 0.0
iso_6943 6.072014087072682e-05 0.0
iso_7001 6.072014087072682e-05 0.0
iso_7002 6.072014087072682e-05 0.0
iso_7010 6.072014087072682e-05 0.0
iso_7027 6.072014087072682e-05 0.0
iso_704 6.072014087072682e-05 0.0
iso_7200 6.072014087072682e-05 0.0
iso_732 6.072014087072682e-05 0.0
iso_7637 6.072014087072682e-05 0.0
iso_7736 6.072014087072682e-05 0.0
iso_8000 6.072014087072682e-05 0.0
iso_8178 6.072014087072682e-05 0.0
iso_8373 6.072014087072682e-05 0.0
iso_843 6.072014087072682e-05 0.0
iso_8501 6.072014087072682e-05 0.0
iso_8583 6.072014087072682e-05 0.0
iso_860 6.072014087072682e-05 0.0
iso_8601 6.072014087072682e-05 0.0
iso_8691 6.072014087072682e-05 0.0
iso_898 6.072014087072682e-05 0.0
iso_9 6.072014087072682e-05 0.0
iso_9000 6.072014087072682e-05 0.0
iso_9241 6.072014087072682e-05 0.0
iso_9362 6.072014087072682e-05 0.0
iso_9564 6.072014087072682e-05 0.0
iso_965 6.072014087072682e-05 0.0
iso_9660 6.072014087072682e-05 0.0
iso_9897 6.072014087072682e-05 0.0
iso_999 6.072014087072682e-05 0.0
iso_base_media_file_format 6.072014087072682e-05 0.0
iso_metric_screw_thread 0.00018216042261218047 0.0
iso_standards 0.00036432084522436094 1.9723434061234688
iso_standards_by_standard_number 0.00012144028174145364 0.0
iso_tc37_data_category_registry 6.072014087072682e-05 0.0
isofix 0.00012144028174145364 0.0
israel 6.072014087072682e-05 0.11020314013361425
it 0.00036432084522436094 0.0
italic 6.072014087072682e-05 0.3141153295199365
item 0.00382536887485579 0.0
items 6.072014087072682e-05 0.0
itu 0.001032242394802356 1.9723434061234688
j 0.00018216042261218047 0.0
j9u 0.00018216042261218047 0.11020314013361425
ja 0.00024288056348290729 0.3141153295199365
january 0.00012144028174145364 0.0
japanese 6.072014087072682e-05 0.2340726218464
jbig 0.00024288056348290729 0.0
jena 6.072014087072682e-05 0.08149303425118301
jpeg 0.0003036007043536341 0.21233263520999412
jpeg_2000 0.00012144028174145364 0.0
jpeg_xr 6.072014087072682e-05 0.0
jpeg_xs 6.072014087072682e-05 0.0
jquery 0.00018216042261218047 0.0
js 0.00012144028174145364 0.0
json 0.00012144028174145364 0.11995931507897897
july 6.072014087072682e-05 0.008733679968754631
jump 0.00012144028174145364 0.0
june 6.072014087072682e-05 0.017544309650909525
jürgen 6.072014087072682e-05 0.3141153295199365
k 0.00012144028174145364 0.0
kansas 0.00012144028174145364 0.44086703515908027
kappa 6.072014087072682e-05 0.0
kappa_number 6.072014087072682e-05 0.0
kern 0.00012144028174145364 0.0
kernel 0.00024288056348290729 0.11020314013361425
key 6.072014087072682e-05 0.0
knowledge 6.072014087072682e-05 0.02643325706815543
knowledge_discovery_metamodel 6.072014087072682e-05 0.0
known 6.072014087072682e-05 0.0
kunrei 0.00012144028174145364 0.0
label 0.003278887607019248 0.0
labelledby 0.00018216042261218047 0.0
landmark 0.00024288056348290729 0.0
lang 0.0014572833808974438 0.0
langlinks 0.00012144028174145364 0.0
language 0.0029752869026656143 0.0
language_of_temporal_ordering_specification 6.072014087072682e-05 0.0
languages 0.0007893618313194486 0.0
last 0.0007893618313194486 0.0
lastmod 6.072014087072682e-05 0.0
late 6.072014087072682e-05 0.044451762570833796
later 6.072014087072682e-05 0.017544309650909525
layer_standards 6.072014087072682e-05 0.0
lazy 0.00012144028174145364 0.008733679968754631
lccn 0.00018216042261218047 0.11020314013361425
ld 0.00012144028174145364 0.7195804376281008
learn 0.0003036007043536341 0.0
left 0.0009715222539316291 0.0
legacy 0.0003036007043536341 0.14981227822866008
legacy_system 6.072014087072682e-05 0.0
legacy_systems 6.072014087072682e-05 0.0
legal 6.072014087072682e-05 0.12981161152199053
legal_entity_identifier 6.072014087072682e-05 0.0
level 0.00036432084522436094 0.0
levels 6.072014087072682e-05 0.0
lexical 6.072014087072682e-05 0.08149303425118301
lexical_markup_framework 6.072014087072682e-05 0.0
li 0.08136498876677394 0.0
libraries 0.00012144028174145364 0.0
license 0.00024288056348290729 0.0
licenses 0.00012144028174145364 0.12981161152199053
life 6.072014087072682e-05 0.02643325706815543
lighting 6.072014087072682e-05 3.3586377672433594
limit 0.000667921549577995 0.0
limited 0.00036432084522436094 0.008733679968754631
limitreport 0.00018216042261218047 0.0
line 0.00018216042261218047 0.008733679968754631
linguistic 6.072014087072682e-05 0.0
linguistic_categories 6.072014087072682e-05 0.0
link 0.0032181674661485213 0.08149303425118301
linked 6.072014087072682e-05 0.0721032939013439
links 0.0011536826765438095 0.0
linux 0.00012144028174145364 0.017544309650909525
linux_standard_base 0.00012144028174145364 0.0
list 0.006557775214038496 0.0
list_of_iec_standards 0.0003036007043536341 0.0
list_of_iso_romanizations 6.072014087072682e-05 0.0
list_of_iso_standards 6.072014087072682e-05 0.0
list_of_iso_standards_ 6.072014087072682e-05 0.0
listbullet 0.00018216042261218047 0.0
listitem 0.00024288056348290729 0.0
load 0.00018216042261218047 0.0
loaded 6.072014087072682e-05 0.0
loader 6.072014087072682e-05 0.035401927050916
loading 0.00018216042261218047 0.0
loc 0.00012144028174145364 0.0
local_base 6.072014087072682e-05 0.0
lock 0.0007286416904487219 0.11020314013361425
log 0.00042504098609508776 0.0
logged 0.00012144028174145364 0.0
logic 0.00012144028174145364 0.008733679968754631
login 0.0003036007043536341 0.3141153295199365
logo 0.00048576112696581457 0.0
longitudinal 6.072014087072682e-05 0.0
longitudinal_redundancy_check 6.072014087072682e-05 0.0
loudness 6.072014087072682e-05 0.0
loudness_contour 6.072014087072682e-05 0.0
lower 0.00036432084522436094 0.044451762570833796
ltr 0.0007893618313194486 0.0
lua 0.00012144028174145364 0.0
m 0.00012144028174145364 0.08149303425118301
machinery 0.00018216042261218047 0.08149303425118301
made 6.072014087072682e-05 0.035401927050916
magnetic 6.072014087072682e-05 0.035401927050916
magnetic_ink_character_recognition 6.072014087072682e-05 0.0
main 0.0015180035217681705 0.0
main_page 0.00012144028174145364 0.0
mainentity 0.00012144028174145364 0.0
mainpage 6.072014087072682e-05 0.0
maint 6.072014087072682e-05 0.09097177820572679
maintaining 6.072014087072682e-05 0.19105523676270922
maintenance 6.072014087072682e-05 0.008733679968754631
makecollapsible 0.00018216042261218047 0.0
malay 6.072014087072682e-05 0.0
managed 0.00012144028174145364 0.0
management 6.072014087072682e-05 0.0
mandatory 0.00024288056348290729 0.2340726218464
manufacturing 6.072014087072682e-05 0.454472687214859
manufacturing_message_specification 6.072014087072682e-05 0.0
map 0.00012144028174145364 0.044451762570833796
march 6.072014087072682e-05 0.017544309650909525
margin 0.00133584309915599 0.0
mark 0.00012144028174145364 0.035401927050916
market 6.072014087072682e-05 0.02643325706815543
market_identifier_code 6.072014087072682e-05 0.0
markup 0.00018216042261218047 0.0
match 6.072014087072682e-05 0.008733679968754631
matches 0.00018216042261218047 0.08149303425118301
max 0.00012144028174145364 0.11020314013361425
maxicode 0.00012144028174145364 0.0
may 0.00012144028174145364 0.0
media 0.00018216042261218047 0.11995931507897897
mediawiki 0.00042504098609508776 0.0
melayu 6.072014087072682e-05 0.6340582641899388
memory 6.072014087072682e-05 0.0
memusage 6.072014087072682e-05 0.0
menu 0.006011293946201955 0.0
message 0.00018216042261218047 0.0
meta 0.0009715222539316291 0.09097177820572679
metadata 0.00018216042261218047 0.0
metafile 0.00012144028174145364 0.0
metamodel 6.072014087072682e-05 0.0
metric 0.00018216042261218047 0.18058393689541388
mheg 0.00012144028174145364 0.0
min 6.072014087072682e-05 0.11020314013361425
minerva 0.00042504098609508776 0.0
mini 0.00024288056348290729 0.20163734609324613
missouri 0.00012144028174145364 0.7375989431307791
mixed 0.00012144028174145364 0.02643325706815543
mixed_raster_content 0.00012144028174145364 0.0
mmv 0.00012144028174145364 0.0
mobile 0.00018216042261218047 0.0
mobileaction 6.072014087072682e-05 0.0
mobileview 6.072014087072682e-05 0.0
model 0.00018216042261218047 0.0
modeling 0.00018216042261218047 0.008733679968754631
module 0.00012144028174145364 0.044451762570833796
modules 0.00018216042261218047 0.0721032939013439
more 0.0008500819721901755 0.0
motion 6.072014087072682e-05 0.017544309650909525
motion_jpeg_2000 6.072014087072682e-05 0.0
move 6.072014087072682e-05 0.0
moved 6.072014087072682e-05 0.0
mp4 0.00018216042261218047 0.21233263520999412
mp4_file_format 0.00018216042261218047 0.0
mpeg 0.0015787236626388973 0.2451224580329849
ms 0.0003036007043536341 0.0
multibus 0.00012144028174145364 0.0
multimedia 6.072014087072682e-05 0.21233263520999412
music 6.072014087072682e-05 0.2451224580329849
musical 6.072014087072682e-05 0.2451224580329849
mw 0.02252717226303965 0.0
mw1411 0.00018216042261218047 1.1895840668738364
mycontributions 6.072014087072682e-05 0.0
mytalk 6.072014087072682e-05 0.0
n 0.0008500819721901755 0.08149303425118301
name 0.0019430445078632583 0.0
namespaces 6.072014087072682e-05 0.21233263520999412
national 6.072014087072682e-05 0.008733679968754631
nav 0.0008500819721901755 0.7018808605286999
navbar 0.0011536826765438095 0.20163734609324613
navbox 0.005404092537494687 0.0
navigation 0.0009108021130609023 0.0
navigationtiming 6.072014087072682e-05 0.0
nb 0.00012144028174145364 0.19105523676270922
nc 0.00024288056348290729 0.9382696385929302
nearby 6.072014087072682e-05 0.0
newpp 6.072014087072682e-05 0.0
ng 0.00012144028174145364 0.19105523676270922
nli 6.072014087072682e-05 0.0
nlx10 6.072014087072682e-05 0.0
no 0.00048576112696581457 0.0
nobold 0.00012144028174145364 0.0
node 6.072014087072682e-05 0.0
noexcerpt 6.072014087072682e-05 0.0
nofollow 0.00048576112696581457 0.0
noicon 0.0003036007043536341 0.0
nojs 6.072014087072682e-05 0.0
nomenclature 6.072014087072682e-05 0.6505875661411494
nomobile 6.072014087072682e-05 0.0
non 6.072014087072682e-05 0.0
none 0.0020037646487339853 0.21233263520999412
noprint 0.00036432084522436094 0.37548427589622857
normal 0.00042504098609508776 0.008733679968754631
norsk 6.072014087072682e-05 0.8737311174553593
norwegian 6.072014087072682e-05 0.0
noscript 0.00024288056348290729 0.0
nosnippet 6.072014087072682e-05 0.0
not 0.00036432084522436094 0.0
notation 0.00024288056348290729 0.08149303425118301
note 6.072014087072682e-05 0.11020314013361425
notice 6.072014087072682e-05 0.11020314013361425
november 6.072014087072682e-05 0.0
noviewer 6.072014087072682e-05 0.0
nowrap 0.00024288056348290729 0.035401927050916
nowraplinks 0.00018216042261218047 0.0
ns 0.00012144028174145364 0.19105523676270922
nstab 6.072014087072682e-05 0.0
null 6.072014087072682e-05 0.0
numb 0.00018216042261218047 0.0
number 0.0005464812678365414 0.0
numbers 6.072014087072682e-05 0.0
nv 0.00036432084522436094 0.0
o 0.00036432084522436094 0.035401927050916
object 0.0008500819721901755 0.0
object_constraint_language 6.072014087072682e-05 0.0
object_facility 0.00012144028174145364 0.0
objects 0.00012144028174145364 0.0
ocr 0.00024288056348290729 0.14981227822866008
october 6.072014087072682e-05 0.02643325706815543
odd 0.00036432084522436094 0.11995931507897897
odp 0.00012144028174145364 0.0
of 0.002064484789604712 0.0
off 0.00012144028174145364 0.02643325706815543
office 6.072014087072682e-05 0.02643325706815543
office_open_xml 6.072014087072682e-05 0.0
og 0.00012144028174145364 0.0
oil 6.072014087072682e-05 1.1340142157190256
ol 0.0011536826765438095 0.0
oldid 0.00018216042261218047 0.0
on 0.000667921549577995 0.0
onlinedocs 6.072014087072682e-05 0.0
only 0.00024288056348290729 0.0
oojs_ui_icon_edit 0.00036432084522436094 0.0
open 0.00036432084522436094 0.017544309650909525
open_data_protocol 0.00012144028174145364 0.0
open_document_architecture 0.00012144028174145364 0.0
open_virtualization_format 6.072014087072682e-05 0.0
opendocument 0.00024288056348290729 0.0
opensearch_desc 6.072014087072682e-05 0.0
opensearchdescription 6.072014087072682e-05 0.0
operating 6.072014087072682e-05 0.035401927050916
operating_system 6.072014087072682e-05 0.540239508972284
options 0.0003036007043536341 0.0
or 6.072014087072682e-05 0.0
ordering 6.072014087072682e-05 0.19105523676270922
org 0.004128969579209424 0.0
organization 0.00042504098609508776 0.0
organizations 0.00012144028174145364 0.0
oriented 0.00024288056348290729 0.0
oriented_programming 6.072014087072682e-05 0.2340726218464
origin 0.0003036007043536341 0.11020314013361425
original 6.072014087072682e-05 0.02643325706815543
originally 6.072014087072682e-05 0.0
os 6.072014087072682e-05 0.02643325706815543
osi 0.00012144028174145364 0.0
osi_model 0.00012144028174145364 0.0
other 6.072014087072682e-05 0.0
out 0.00012144028174145364 0.0
output 0.008743700285384662 0.008733679968754631
overflow 0.00012144028174145364 0.19105523676270922
p 0.0024895257756997998 0.0
padding 0.002064484789604712 0.0
page 0.0028538466209241603 0.0
pagelanguagecode 6.072014087072682e-05 0.0
pagelanguagedir 6.072014087072682e-05 0.0
pages 0.00048576112696581457 0.0
pagetype 0.00012144028174145364 0.0
pagevariantfallbacks 6.072014087072682e-05 0.0
panel 0.00024288056348290729 0.0
paradigm 0.00012144028174145364 0.017544309650909525
parsed 6.072014087072682e-05 0.0
parser 0.008865140567126116 0.0
part 0.00018216042261218047 0.0
pascal 0.00012144028174145364 0.044451762570833796
pascal_ 0.00012144028174145364 0.0
past 6.072014087072682e-05 0.14981227822866008
patroltoken 6.072014087072682e-05 0.0
pcache 6.072014087072682e-05 0.0
pdf 0.0008500819721901755 0.0
pdf417 0.00012144028174145364 0.0
permalink 6.072014087072682e-05 0.0
permanent 0.00012144028174145364 0.035401927050916
personal 0.0003036007043536341 0.0
phigs 0.00036432084522436094 0.0
photographic 6.072014087072682e-05 0.0
photographic_activity_test 6.072014087072682e-05 0.0
php 0.0017608840852510778 0.0
pin 0.00012144028174145364 0.454472687214859
pinnable 0.0007286416904487219 0.0
pinned 0.0006072014087072683 0.0
pinyin 0.00012144028174145364 0.540239508972284
pipe 0.00012144028174145364 0.41419878807691896
pitch 6.072014087072682e-05 1.0560526742493137
pitch_standard 6.072014087072682e-05 0.0
pl 0.00042504098609508776 0.035401927050916
place 6.072014087072682e-05 0.09097177820572679
placeholder 6.072014087072682e-05 0.0
places 0.0005464812678365414 0.035401927050916
plainlinks 0.00012144028174145364 0.0
platform 6.072014087072682e-05 0.0
plex 0.00012144028174145364 0.540239508972284
plex_ 6.072014087072682e-05 0.0
png 0.0009715222539316291 0.0
point 6.072014087072682e-05 0.02643325706815543
policy 0.00012144028174145364 0.0
polish 6.072014087072682e-05 1.8545603704670854
polski 6.072014087072682e-05 0.0
popups 6.072014087072682e-05 0.0
portal 0.00024288056348290729 0.06280090123903044
portlet 0.001639443803509624 0.0
portuguese 6.072014087072682e-05 0.540239508972284
português 6.072014087072682e-05 0.8329091229351039
position 6.072014087072682e-05 0.008733679968754631
posix 0.00024288056348290729 0.11020314013361425
post 0.00012144028174145364 0.0
postexpandincludesize 6.072014087072682e-05 0.0
power 6.072014087072682e-05 0.008733679968754631
power_take 6.072014087072682e-05 0.0
powered 6.072014087072682e-05 1.1340142157190256
poweredby_mediawiki_132x47 6.072014087072682e-05 0.0
poweredby_mediawiki_176x62 6.072014087072682e-05 0.0
poweredby_mediawiki_88x31 6.072014087072682e-05 0.0
poweredbyico 6.072014087072682e-05 0.0
pp 6.072014087072682e-05 0.044451762570833796
ppvisitednodes 6.072014087072682e-05 0.0
precision 6.072014087072682e-05 0.0721032939013439
preconnect 6.072014087072682e-05 0.0
preferred 6.072014087072682e-05 0.11020314013361425
prefetch 0.00012144028174145364 0.0
preprocessor 6.072014087072682e-05 0.0
preview 6.072014087072682e-05 0.14981227822866008
print 0.00012144028174145364 0.0
print_export 0.00018216042261218047 0.0
printable 0.00018216042261218047 0.14981227822866008
printfooter 6.072014087072682e-05 0.0
privacy 0.00018216042261218047 0.0
privacy_policy 0.00012144028174145364 0.0
procedural 0.00042504098609508776 0.044451762570833796
procedural_language 0.00012144028174145364 0.0
procedural_programming_languages 6.072014087072682e-05 0.0
proceedings 0.00012144028174145364 0.10054122922187746
process 0.00012144028174145364 0.0
process_specification_language 6.072014087072682e-05 0.0
profit 6.072014087072682e-05 0.0
programming 0.001639443803509624 0.0
programming_language 0.0006072014087072683 0.008733679968754631
programming_languages_created_in_1980 6.072014087072682e-05 0.0
programming_languages_with_an_iso_standard 6.072014087072682e-05 0.0
programming_paradigm 6.072014087072682e-05 0.0
progressive 0.0005464812678365414 0.0
projects 0.00012144028174145364 0.06280090123903044
prolog 0.00036432084522436094 0.008733679968754631
prontor 0.00012144028174145364 0.0
property 0.00012144028174145364 0.008733679968754631
protocol 0.00012144028174145364 0.19105523676270922
provides 6.072014087072682e-05 0.0
psc 6.072014087072682e-05 0.0
pt 0.0006072014087072683 0.02643325706815543
pub 6.072014087072682e-05 0.26759531388504365
published 0.00012144028174145364 0.044451762570833796
publisher 0.00012144028174145364 0.41419878807691896
punch 6.072014087072682e-05 0.2340726218464
push 0.00018216042261218047 0.0
q 0.00018216042261218047 0.0
q642207 0.00048576112696581457 1.9723434061234688
qr 0.00012144028174145364 0.0
qr_code 0.00012144028174145364 0.0
quality 6.072014087072682e-05 0.06280090123903044
quality_function_deployment 6.072014087072682e-05 0.0
quick 6.072014087072682e-05 0.0
quiet 0.00036432084522436094 0.0
quotes 6.072014087072682e-05 0.19105523676270922
r 0.00012144028174145364 0.0
r1011085734 6.072014087072682e-05 0.0
r1033289096 6.072014087072682e-05 0.0
r1061467846 0.00018216042261218047 0.0
r1063604349 0.00012144028174145364 0.0
r1066479718 0.00012144028174145364 0.0
r1129693374 0.0003036007043536341 0.0
r1133582631 6.072014087072682e-05 0.0
r886047488 6.072014087072682e-05 0.0
rack 6.072014087072682e-05 0.0
random 0.00012144028174145364 0.21233263520999412
randomly 6.072014087072682e-05 0.2340726218464
randompage 6.072014087072682e-05 0.0
raster 0.00012144028174145364 0.14981227822866008
raw 6.072014087072682e-05 0.11020314013361425
re 0.00012144028174145364 0.02643325706815543
read 0.00012144028174145364 0.11020314013361425
ready 0.0010929625356730828 0.0
real 6.072014087072682e-05 0.0
rec 0.00018216042261218047 1.2484245668967697
recent 0.00018216042261218047 0.0721032939013439
recentchanges 0.00018216042261218047 0.0
recentchangeslinked 0.00012144028174145364 0.0
recognition 6.072014087072682e-05 0.19105523676270922
recommendations 0.00018216042261218047 0.19105523676270922
recording 6.072014087072682e-05 0.035401927050916
recursion 6.072014087072682e-05 0.0
red 6.072014087072682e-05 0.12981161152199053
redirect 0.0007286416904487219 0.02643325706815543
reduced 6.072014087072682e-05 0.0
redundancy 6.072014087072682e-05 0.0
reference 0.00018216042261218047 0.035401927050916
references 0.0006072014087072683 0.0
referencetooltips 6.072014087072682e-05 0.0
referrer 0.00018216042261218047 0.0
reflist 0.0009108021130609023 0.0
registered 6.072014087072682e-05 0.0
registration 0.00012144028174145364 0.5705448584676129
rel 0.0020037646487339853 0.0
related 0.0003036007043536341 0.02643325706815543
relax 0.00012144028174145364 0.0
relax_ng 0.00012144028174145364 0.0
release 0.00012144028174145364 0.02643325706815543
remote 6.072014087072682e-05 0.14981227822866008
removed 6.072014087072682e-05 0.0
renard 0.00012144028174145364 0.0
renard_series 0.00012144028174145364 0.0
rendering 6.072014087072682e-05 0.0
repeat 0.00024288056348290729 0.0721032939013439
replace 6.072014087072682e-05 0.008733679968754631
report 0.00012144028174145364 0.0
request 0.00012144028174145364 0.14981227822866008
require 6.072014087072682e-05 0.0
requirements 6.072014087072682e-05 0.11020314013361425
requirements_engineering 6.072014087072682e-05 0.0
reset 6.072014087072682e-05 0.044451762570833796
resistant 0.00018216042261218047 0.0
resistant_standard 6.072014087072682e-05 0.0
resistant_watch 6.072014087072682e-05 0.0
resourceloaderdynamicstyles 6.072014087072682e-05 0.0
responsible 6.072014087072682e-05 0.06280090123903044
retrieved 0.00012144028174145364 0.0
returnto 0.00024288056348290729 0.0
revision 0.00018216042261218047 0.0
revisions 6.072014087072682e-05 0.6844891178168307
rfr_id 6.072014087072682e-05 0.0
rft 0.0006072014087072683 0.0
rft_id 0.00012144028174145364 0.0
rft_val_fmt 6.072014087072682e-05 0.0
rgba 6.072014087072682e-05 0.0
right 0.0007286416904487219 0.0
ring 0.00012144028174145364 0.0
rkm 6.072014087072682e-05 0.0
rkm_code 6.072014087072682e-05 0.0
rl 6.072014087072682e-05 0.0
rlconf 6.072014087072682e-05 0.0
rlpagemodules 6.072014087072682e-05 0.0
rlq 0.00036432084522436094 0.0
rlstate 6.072014087072682e-05 0.0
rm 0.00012144028174145364 0.2340726218464
robots 6.072014087072682e-05 0.5108256237659907
role 0.0010929625356730828 0.0
roman 0.00024288056348290729 0.37548427589622857
romanization 0.00018216042261218047 0.0
romanization_of_armenian 6.072014087072682e-05 0.0
romanization_of_georgian 6.072014087072682e-05 0.0
romanizations 0.00012144028174145364 0.2340726218464
rootpage 6.072014087072682e-05 0.0
row 0.0008500819721901755 0.11020314013361425
rsd 0.00012144028174145364 0.0
ru 0.00024288056348290729 0.8947845266531914
ruby 6.072014087072682e-05 0.017544309650909525
ruby_ 6.072014087072682e-05 0.0
russian 6.072014087072682e-05 0.540239508972284
s 0.00012144028174145364 0.0
sa 0.00012144028174145364 0.0
salt 6.072014087072682e-05 0.10054122922187746
salt_spray_test 6.072014087072682e-05 0.0
same 6.072014087072682e-05 0.0
sameas 0.00012144028174145364 0.0
saved 6.072014087072682e-05 0.0
schema 0.00012144028174145364 0.02643325706815543
scope 0.0009715222539316291 0.0721032939013439
screen 0.00012144028174145364 0.044451762570833796
screw 0.00018216042261218047 0.0
scribunto 6.072014087072682e-05 0.044451762570833796
script 0.0008500819721901755 0.14981227822866008
scripts 6.072014087072682e-05 0.10054122922187746
sdmx 0.00012144028174145364 0.0
search 0.001639443803509624 0.0
searchable 6.072014087072682e-05 0.0
searchaux 6.072014087072682e-05 0.0
searchbutton 0.00024288056348290729 0.0
searchform 6.072014087072682e-05 0.0
searchinput 6.072014087072682e-05 0.0
seconds 0.00018216042261218047 0.0
section 0.00036432084522436094 0.008733679968754631
securities 6.072014087072682e-05 1.1340142157190256
see 0.00018216042261218047 0.0
see_also 0.00024288056348290729 0.0
selected 0.00024288056348290729 0.008733679968754631
selector 6.072014087072682e-05 0.0
selflink 0.0003036007043536341 0.0
semantic 0.00012144028174145364 0.11020314013361425
semantics 0.00012144028174145364 0.08149303425118301
sentences 6.072014087072682e-05 0.0
september 6.072014087072682e-05 0.008733679968754631
serial 6.072014087072682e-05 0.37548427589622857
series 0.0005464812678365414 0.10054122922187746
set 0.0003036007043536341 0.0
sh85023935 6.072014087072682e-05 0.0
sha1 6.072014087072682e-05 0.0
shadow 0.00036432084522436094 0.26759531388504365
sharealike 6.072014087072682e-05 0.0
sharealike_3 6.072014087072682e-05 0.0
sharp 0.00012144028174145364 0.3141153295199365
shiki 6.072014087072682e-05 0.0
shiki_romanization 6.072014087072682e-05 0.0
shock 0.00012144028174145364 0.7936884097818228
shoe 0.00018216042261218047 0.0
shoe_size 0.00012144028174145364 0.0
short 0.00036432084522436094 0.0
short_description 0.00012144028174145364 0.0
short_description_matches_wikidata 6.072014087072682e-05 0.0
shortdescription 6.072014087072682e-05 0.0
show 0.00018216042261218047 0.0
sidebar 0.000667921549577995 0.0
siemens 6.072014087072682e-05 0.3141153295199365
signal 0.00012144028174145364 0.035401927050916
signal_box 6.072014087072682e-05 0.0
similar 6.072014087072682e-05 0.008733679968754631
simple 0.00018216042261218047 0.017544309650909525
simple_features 6.072014087072682e-05 0.0
simplesearch 6.072014087072682e-05 0.0
site 0.0003036007043536341 0.0
sitedir 6.072014087072682e-05 0.0
sitelinks 6.072014087072682e-05 0.0
sitenotice 0.00012144028174145364 0.0
sitesub 6.072014087072682e-05 0.0
sitesupport 6.072014087072682e-05 0.0
size 0.0012144028174145365 0.0
sizing 6.072014087072682e-05 0.11020314013361425
skin 0.0007893618313194486 0.8131064956389242
skins 0.00036432084522436094 0.0
small 6.072014087072682e-05 0.0
softening 6.072014087072682e-05 0.0
software 0.00018216042261218047 0.017544309650909525
software_design 6.072014087072682e-05 0.0
software_maintenance 6.072014087072682e-05 0.0
software_release_life_cycle 6.072014087072682e-05 0.0
solid 0.00018216042261218047 0.19105523676270922
some 6.072014087072682e-05 0.0
space 0.00018216042261218047 0.0721032939013439
spacing 0.0003036007043536341 0.0
span 0.011597546906308823 0.044451762570833796
spec 6.072014087072682e-05 0.18058393689541388
special 0.0014572833808974438 0.0
specialpages 0.00012144028174145364 0.0
specification 0.00048576112696581457 0.0
speed 0.00024288056348290729 0.0
spray 6.072014087072682e-05 0.0
sql 0.00012144028174145364 0.02643325706815543
src 0.0006072014087072683 0.0
srcset 0.00024288056348290729 0.0
stable 6.072014087072682e-05 0.017544309650909525
standard 0.001639443803509624 0.0
standard_generalized_markup_language 6.072014087072682e-05 0.0
standardization 0.00012144028174145364 0.0
standards 0.0008500819721901755 0.0
start 0.00012144028174145364 0.0721032939013439
startup 0.00012144028174145364 0.0
statement 6.072014087072682e-05 0.0
states 6.072014087072682e-05 0.035401927050916
static 0.0009108021130609023 0.0
static_typing 6.072014087072682e-05 0.0
statistics 6.072014087072682e-05 0.0
stats 6.072014087072682e-05 0.0
statslink 6.072014087072682e-05 0.0
status 6.072014087072682e-05 0.0
step 0.00024288056348290729 0.0
sticky 0.00012144028174145364 0.0
still 6.072014087072682e-05 0.0
stopmobileredirecttoggle 6.072014087072682e-05 0.0
stopped 6.072014087072682e-05 0.41419878807691896
strong 0.00012144028174145364 0.008733679968754631
strong_typing 6.072014087072682e-05 0.0
structured 6.072014087072682e-05 0.035401927050916
style 0.005404092537494687 0.0
styles 0.0009715222539316291 0.0
stylesheet 0.00012144028174145364 0.0
subbox 6.072014087072682e-05 0.0
subgroup 0.0003036007043536341 0.0
subheader 6.072014087072682e-05 0.0
subject 6.072014087072682e-05 0.10054122922187746
subjects 6.072014087072682e-05 0.3141153295199365
sublist 0.00018216042261218047 0.0
submit 0.00012144028174145364 0.0
subscription 0.00012144028174145364 0.0
subtitle 6.072014087072682e-05 0.0
suggestededitsession 6.072014087072682e-05 0.0
summary 6.072014087072682e-05 0.14981227822866008
sup 0.00012144028174145364 0.0
support 6.072014087072682e-05 0.0
svg 0.0010929625356730828 0.0
switcher 6.072014087072682e-05 0.0
switches 0.00018216042261218047 0.035401927050916
symbol 6.072014087072682e-05 0.008733679968754631
symbol_category_class 0.00036432084522436094 0.0
system 0.00048576112696581457 0.0
systems 0.00042504098609508776 0.02643325706815543
t 0.0015787236626388973 0.02643325706815543
t_recommendations 6.072014087072682e-05 0.0
tab 0.0003036007043536341 0.19105523676270922
tabindex 0.00012144028174145364 0.0
table 0.0009108021130609023 0.0
tabs 0.00012144028174145364 4.051784947803305
tagline 0.00018216042261218047 0.0
tags 6.072014087072682e-05 0.0
take 6.072014087072682e-05 0.044451762570833796
talk 0.00048576112696581457 0.05358424613410626
target 0.0007286416904487219 0.0
targetloader 6.072014087072682e-05 0.0
tb 0.00018216042261218047 0.0
tbody 0.00048576112696581457 0.0
td 0.0029145667617948875 0.0
telecommunication 0.00048576112696581457 0.540239508972284
telephone 0.00012144028174145364 0.48225225132193467
template 0.002064484789604712 0.0
template_talk 0.00012144028174145364 0.0
templateargumentsize 6.072014087072682e-05 0.0
templatestyles 0.0009715222539316291 0.0
temporal 6.072014087072682e-05 0.11020314013361425
terms 0.00012144028174145364 0.0
terms_of_use 6.072014087072682e-05 0.0
test 0.00012144028174145364 0.044451762570833796
text 0.0018823243669925315 0.0
text_of_the_creative_commons_attribution 6.072014087072682e-05 0.0
th 0.0021859250713461655 1.8545603704670854
the 0.0020037646487339853 0.0
this 0.001639443803509624 0.0
thread 0.00018216042261218047 0.17022114985986725
thumb 0.00036432084522436094 0.0
thumbnail 6.072014087072682e-05 0.0
tiff 0.00012144028174145364 0.7936884097818228
time 0.0003036007043536341 0.0
timeml 0.00012144028174145364 0.0
timestamp 0.00012144028174145364 0.0
timeusage 6.072014087072682e-05 0.0
timingprofile 6.072014087072682e-05 0.0
title 0.044386422976501305 0.0
titlebar 0.00048576112696581457 0.0
titleform 6.072014087072682e-05 0.0
to 0.0015787236626388973 0.0
toc 0.003703928593114336 0.0
toggle 0.0005464812678365414 0.0
toggle_view_mobile 6.072014087072682e-05 0.0
tokens 6.072014087072682e-05 3.6463198396951406
toolbar 0.00018216042261218047 0.0
tools 0.0005464812678365414 0.0
top 0.0005464812678365414 0.0
topic 0.00012144028174145364 0.05358424613410626
topic_map 0.00012144028174145364 0.0
torx 0.00012144028174145364 0.0
total 0.00012144028174145364 0.0
touch 0.00012144028174145364 2.4423470353692043
tr 0.003764648733985063 0.08149303425118301
tr_11941 0.00012144028174145364 0.0
tracking 6.072014087072682e-05 0.02643325706815543
trademark 6.072014087072682e-05 0.0
transclusion 6.072014087072682e-05 0.0
transientcontent 6.072014087072682e-05 0.0
transparent 0.000667921549577995 0.11020314013361425
triggered 6.072014087072682e-05 0.0
true 0.0014572833808974438 0.0
trusted 6.072014087072682e-05 0.540239508972284
trusted_platform_module 6.072014087072682e-05 0.0
ts 6.072014087072682e-05 0.2340726218464
ttl 6.072014087072682e-05 0.0
two 6.072014087072682e-05 0.0
type 0.0021252049304754388 0.0
type_system 6.072014087072682e-05 0.06280090123903044
typing 0.00018216042261218047 0.008733679968754631
u 0.00012144028174145364 0.035401927050916
ua 0.00012144028174145364 0.0
ui 0.0032181674661485213 0.0
uid 0.00018216042261218047 0.0
uk 0.00024288056348290729 0.09097177820572679
ukrainian 6.072014087072682e-05 1.749199854809259
ul 0.006375614791426316 0.0
uli 6.072014087072682e-05 3.3586377672433594
uls 0.0003036007043536341 0.0
under 6.072014087072682e-05 0.0
uni 6.072014087072682e-05 0.17022114985986725
unified 0.00012144028174145364 0.10054122922187746
unified_modeling_language 0.00012144028174145364 0.0
united 6.072014087072682e-05 0.035401927050916
universal 0.00024288056348290729 0.19105523676270922
universal_coded_character_set 0.00012144028174145364 0.0
universal_disk_format 6.072014087072682e-05 0.0
universal_remote_console 6.072014087072682e-05 0.0
unpin 0.00012144028174145364 0.0
unpinned 0.00012144028174145364 0.0
unstrip 0.00024288056348290729 0.0
up 6.072014087072682e-05 0.0
updated 6.072014087072682e-05 0.08149303425118301
upload 0.0009715222539316291 0.14981227822866008
upper 0.00024288056348290729 0.11020314013361425
url 0.00048576112696581457 0.0721032939013439
us 0.00012144028174145364 0.02643325706815543
usa 0.00012144028174145364 0.10054122922187746
usage 0.00024288056348290729 0.0
usb 0.00012144028174145364 0.21233263520999412
use 0.00024288056348290729 0.0
used 0.00018216042261218047 0.0
uselang 6.072014087072682e-05 0.0
user 0.001639443803509624 0.0
useradd 0.00012144028174145364 0.0
userlogin 0.00012144028174145364 0.0
using 6.072014087072682e-05 0.0
utc 6.072014087072682e-05 0.0
utf 6.072014087072682e-05 0.21233263520999412
utm_campaign 6.072014087072682e-05 0.0
utm_medium 6.072014087072682e-05 0.0
utm_source 6.072014087072682e-05 0.0
ux 6.072014087072682e-05 0.0
v 0.00012144028174145364 0.044451762570833796
value 0.0007893618313194486 0.0
var 0.00012144028174145364 0.11020314013361425
variant 0.00012144028174145364 0.0
variants 0.00036432084522436094 0.0
vary 6.072014087072682e-05 0.0
ve 6.072014087072682e-05 0.25629575863111026
vector 0.013844192118525715 0.0
versatile 6.072014087072682e-05 1.0560526742493137
versatile_video_coding 6.072014087072682e-05 0.0
version 0.00024288056348290729 0.0
versions 6.072014087072682e-05 0.035401927050916
vertical 6.072014087072682e-05 0.19105523676270922
vevent 6.072014087072682e-05 0.0
vicat 6.072014087072682e-05 0.0
vicat_softening_point 6.072014087072682e-05 0.0
video 0.00012144028174145364 0.14981227822866008
view 0.0007893618313194486 0.0
viewport 6.072014087072682e-05 0.0
views 0.00018216042261218047 0.02643325706815543
virtualization 6.072014087072682e-05 1.1340142157190256
visible 6.072014087072682e-05 0.044451762570833796
visit 0.00012144028174145364 0.0
visited 6.072014087072682e-05 0.0
visualeditor 0.00024288056348290729 0.0
vt 0.00012144028174145364 0.0
vue 0.00012144028174145364 0.11995931507897897
w 0.0017608840852510778 0.0
walltime 6.072014087072682e-05 0.0
was 0.00042504098609508776 0.0
watch 0.00012144028174145364 0.454472687214859
watchlist 6.072014087072682e-05 0.0
watchtoken 6.072014087072682e-05 0.0
water 0.00012144028174145364 0.7559480817989758
water_resistant_mark 0.00012144028174145364 0.0
wb 0.00012144028174145364 0.0
wbc 6.072014087072682e-05 0.0
web 6.072014087072682e-05 0.0
web_content_accessibility_guidelines 6.072014087072682e-05 0.0
website 6.072014087072682e-05 0.0
weight 0.00036432084522436094 0.7195804376281008
wgaction 6.072014087072682e-05 0.0
wgarticleid 6.072014087072682e-05 0.0
wgbackendresponsetime 6.072014087072682e-05 0.0
wgbreakframes 6.072014087072682e-05 0.0
wgcanonicalnamespace 6.072014087072682e-05 0.0
wgcanonicalspecialpagename 6.072014087072682e-05 0.0
wgcategories 6.072014087072682e-05 0.0
wgcentralauthmobiledomain 6.072014087072682e-05 0.0
wgcspnonce 6.072014087072682e-05 0.0
wgcurrevisionid 6.072014087072682e-05 0.0
wgdefaultdateformat 6.072014087072682e-05 0.0
wgdigittransformtable 6.072014087072682e-05 0.0
wgeditsubmitbuttonlabelpublish 6.072014087072682e-05 0.0
wgflaggedrevsparams 6.072014087072682e-05 0.0
wggestructuredtaskrejectionreasontextinputenabled 6.072014087072682e-05 0.0
wggetopicsmatchmodeenabled 6.072014087072682e-05 0.0
wghostname 6.072014087072682e-05 0.0
wgisarticle 6.072014087072682e-05 0.0
wgisprobablyeditable 6.072014087072682e-05 0.0
wgisredirect 6.072014087072682e-05 0.0
wgmediaviewerenabledbydefault 6.072014087072682e-05 0.0
wgmediavieweronclick 6.072014087072682e-05 0.0
wgmfdisplaywikibasedescriptions 6.072014087072682e-05 0.0
wgmonthnames 6.072014087072682e-05 0.0
wgnamespacenumber 6.072014087072682e-05 0.0
wgnoticeproject 6.072014087072682e-05 0.0
wgpagecontentlanguage 6.072014087072682e-05 0.0
wgpagecontentmodel 6.072014087072682e-05 0.0
wgpagename 6.072014087072682e-05 0.0
wgpageparsereport 6.072014087072682e-05 0.0
wgpopupsflags 6.072014087072682e-05 0.0
wgrelevantarticleid 6.072014087072682e-05 0.0
wgrelevantpageisprobablyeditable 6.072014087072682e-05 0.0
wgrelevantpagename 6.072014087072682e-05 0.0
wgrequestid 6.072014087072682e-05 0.0
wgrestrictionedit 6.072014087072682e-05 0.0
wgrestrictionmove 6.072014087072682e-05 0.0
wgrevisionid 6.072014087072682e-05 0.0
wgseparatortransformtable 6.072014087072682e-05 0.0
wgtitle 6.072014087072682e-05 0.0
wgulscurrentautonym 6.072014087072682e-05 0.0
wgulsiscompactlinksenabled 6.072014087072682e-05 0.0
wgulsislanguageselectorempty 6.072014087072682e-05 0.0
wgulsposition 6.072014087072682e-05 0.0
wgusergroups 6.072014087072682e-05 0.0
wgusername 6.072014087072682e-05 0.0
wgvector2022previewpages 6.072014087072682e-05 0.0
wgvisualeditor 6.072014087072682e-05 0.0
wgwikibaseitemid 6.072014087072682e-05 0.0
wgwmepagelength 6.072014087072682e-05 0.0
wgwmeschemaeditattemptstepoversample 6.072014087072682e-05 0.0
what 6.072014087072682e-05 0.0
whatlinkshere 0.00012144028174145364 0.0
when 0.00012144028174145364 0.0
whirlpool 6.072014087072682e-05 0.0
whirlpool_ 6.072014087072682e-05 0.0
white 0.00018216042261218047 0.0721032939013439
width 0.0024895257756997998 0.0
wiki 0.04110753536948206 0.0
wikibase 0.00024288056348290729 0.0
wikidata 0.0008500819721901755 0.0
wikimedia 0.002368085493958346 0.0
wikimediabadges 0.00012144028174145364 0.0
wikimediaevents 6.072014087072682e-05 0.0
wikimediafoundation 0.00012144028174145364 0.0
wikipedia 0.004675450847045965 0.0
wikisource 6.072014087072682e-05 3.6463198396951406
wikitext 6.072014087072682e-05 0.0
window 0.00018216042261218047 0.11020314013361425
winkler 0.00012144028174145364 1.9723434061234688
wip 0.00012144028174145364 0.2340726218464
with 0.0015180035217681705 0.0
wmf 0.00018216042261218047 0.0
word 0.00024288056348290729 0.044451762570833796
wordmark 0.00012144028174145364 0.0
work 6.072014087072682e-05 0.017544309650909525
works 6.072014087072682e-05 0.11020314013361425
world 6.072014087072682e-05 0.0
wpformidentifier 6.072014087072682e-05 0.0
wrap 0.00012144028174145364 0.5108256237659907
ws 6.072014087072682e-05 0.0
www 0.0007286416904487219 0.0
x 0.00042504098609508776 0.0
x3d 0.00012144028174145364 0.0
xact 0.00012144028174145364 0.0
xml 0.00036432084522436094 0.14981227822866008
xml_metadata_interchange 0.00012144028174145364 0.0
xr 6.072014087072682e-05 0.0
xs 6.072014087072682e-05 0.008733679968754631
y 0.00012144028174145364 0.008733679968754631
years 0.00012144028174145364 0.017544309650909525
yes 6.072014087072682e-05 0.7936884097818228
you 0.0003036007043536341 0.0
z 0.00042504098609508776 0.11020314013361425
z39 6.072014087072682e-05 0.0
z3988 6.072014087072682e-05 0.0
z_notation 0.00012144028174145364 0.0
čeština 6.072014087072682e-05 0.0
русский 6.072014087072682e-05 0.7375989431307791
українська 6.072014087072682e-05 0.0
日本語 6.072014087072682e-05 0.0
