0 0.005909827471165761 0.0
00 0.0001906395958440568 0.0
000 0.0001906395958440568 0.0
004 0.00028595939376608524 0.044451762570833796
039 0.0003812791916881136 0.22314355131420976
04 0.0003812791916881136 0.017544309650909525
05 0.0001906395958440568 0.0
06 9.53197979220284e-05 0.008733679968754631
067 0.0001906395958440568 0.13976194237515863
06t16 0.0001906395958440568 0.0
08 9.53197979220284e-05 0.0
0802 0.0001906395958440568 0.7375989431307791
089 0.0001906395958440568 0.7375989431307791
0950 0.00028595939376608524 0.7195804376281008
0_unported_license 9.53197979220284e-05 0.0
1 0.006481746258697931 0.0
10 0.0008578781812982557 0.0
100 0.0006672385854541988 0.0
1000 9.53197979220284e-05 0.0
1000000 0.0001906395958440568 0.0
100px 9.53197979220284e-05 0.0
1016 0.00028595939376608524 0.10054122922187746
104 9.53197979220284e-05 0.11020314013361425
10px 0.0006672385854541988 0.0
10t20 0.0001906395958440568 0.0
11 0.0001906395958440568 0.008733679968754631
1121156764 0.0006672385854541988 0.7375989431307791
114 0.0001906395958440568 0.2340726218464
117 9.53197979220284e-05 0.0
11d3d5ea52a5 9.53197979220284e-05 0.7375989431307791
125em 0.0003812791916881136 0.0
127 0.00028595939376608524 0.11020314013361425
12px 9.53197979220284e-05 0.0
12s5i 9.53197979220284e-05 0.0
13 9.53197979220284e-05 0.0
133 9.53197979220284e-05 0.008733679968754631
14 0.00028595939376608524 0.008733679968754631
15 0.0003812791916881136 0.0
15034 0.0001906395958440568 0.7375989431307791
16 0.0001906395958440568 0.0
160 0.002097035554284625 0.2340726218464
176 0.0001906395958440568 0.05358424613410626
18 9.53197979220284e-05 0.0
181 0.0001906395958440568 0.2340726218464
1814400 0.0001906395958440568 0.0
19 0.0003812791916881136 0.0
1962171 0.0001906395958440568 0.7375989431307791
1999 9.53197979220284e-05 0.02643325706815543
1c 0.00028595939376608524 1.0560526742493137
1em 0.0005719187875321705 0.0
1px 0.00028595939376608524 0.0
1x1 9.53197979220284e-05 0.0
2 0.0014297969688304261 0.0
20 0.0003812791916881136 0.0
2002 9.53197979220284e-05 0.0
2004 0.0003812791916881136 0.06280090123903044
2006 0.0001906395958440568 0.008733679968754631
2009 0.0003812791916881136 0.0
2011 0.0012391573729863693 0.0
2021 0.0006672385854541988 0.008733679968754631
2022 0.0007625583833762272 0.0
20230314111234 9.53197979220284e-05 0.7375989431307791
20230314111235 0.0001906395958440568 0.7375989431307791
20296 0.0001906395958440568 0.7375989431307791
2097152 0.0003812791916881136 0.0
20px 9.53197979220284e-05 0.0
22 0.0015251167667524545 0.0
22haystack 0.001143837575064341 0.0
23 0.0001906395958440568 0.02643325706815543
238px 9.53197979220284e-05 0.0
23id 9.53197979220284e-05 0.0
23px 9.53197979220284e-05 0.0
24 0.0001906395958440568 0.008733679968754631
25 0.00028595939376608524 0.0
255 9.53197979220284e-05 0.044451762570833796
25em 0.0003812791916881136 0.0
26 9.53197979220284e-05 0.0
262 0.0001906395958440568 0.19105523676270922
2704 9.53197979220284e-05 0.0
286 0.0003812791916881136 0.017544309650909525
28mit 0.0005719187875321705 0.0
28mit_project 0.0001906395958440568 0.0
29 0.0007625583833762272 0.0
2c 0.00028595939376608524 0.8531118302526235
2cicon 9.53197979220284e-05 0.0
2cstyles 9.53197979220284e-05 0.0
2em 0.00028595939376608524 0.0
2f 9.53197979220284e-05 0.0
2f0802 9.53197979220284e-05 0.0
2f10 9.53197979220284e-05 0.0
2fapi 9.53197979220284e-05 0.0
2fcorpusid 9.53197979220284e-05 0.0
2fen 0.0001906395958440568 0.0
2ffmt 0.0001906395958440568 0.0
2fj 0.0001906395958440568 0.0
2px 0.0003812791916881136 0.0
2x 0.0008578781812982557 0.0
3 0.0005719187875321705 0.0
30 0.0003812791916881136 0.035401927050916
30em 9.53197979220284e-05 0.0
30px 0.0001906395958440568 0.0
31 0.0003812791916881136 0.008733679968754631
3125em 9.53197979220284e-05 0.0
316 0.0001906395958440568 0.2340726218464
324 0.0001906395958440568 0.008733679968754631
344 0.0001906395958440568 0.1599646496926782
3473 9.53197979220284e-05 0.0
3492 0.00028595939376608524 0.7375989431307791
34f3 9.53197979220284e-05 0.7375989431307791
36c 9.53197979220284e-05 0.0
39 9.53197979220284e-05 0.035401927050916
394 0.0001906395958440568 0.22314355131420976
3958579 0.0001906395958440568 0.7375989431307791
399 9.53197979220284e-05 1.1340142157190256
3a 0.0001906395958440568 0.09097177820572679
3a1962171 9.53197979220284e-05 0.0
3a3 9.53197979220284e-05 0.0
3aarxiv 9.53197979220284e-05 0.0
3abook 9.53197979220284e-05 0.0
3adoi 9.53197979220284e-05 0.0
3ahaystack 0.0001906395958440568 0.0
3ajournal 9.53197979220284e-05 0.0
3akev 0.0001906395958440568 0.0
3amtx 0.0001906395958440568 0.0
3aofi 0.0001906395958440568 0.0
3asid 0.0001906395958440568 0.0
3ds2cid 9.53197979220284e-05 0.0
3em 0.00028595939376608524 0.0
4 0.00047659898961014205 0.0
40 0.0010485177771423124 0.017544309650909525
400 0.0001906395958440568 0.0
4000 9.53197979220284e-05 0.3022808718729337
40px 0.0003812791916881136 0.0
413 9.53197979220284e-05 0.08149303425118301
42 0.0001906395958440568 0.017544309650909525
422 9.53197979220284e-05 0.7375989431307791
428 0.0001906395958440568 0.7375989431307791
42z 0.0001906395958440568 0.0
44 0.00028595939376608524 0.0
45px 9.53197979220284e-05 0.0
46 0.0001906395958440568 0.10054122922187746
48 0.0003812791916881136 0.008733679968754631
4805 9.53197979220284e-05 0.7375989431307791
4c 9.53197979220284e-05 4.74493212836325
4em 9.53197979220284e-05 0.0
4px 0.0001906395958440568 0.0
5 0.0007625583833762272 0.0
50 0.00028595939376608524 0.0
500 0.0001906395958440568 0.0
5000000 0.0001906395958440568 0.0
5033679 0.00028595939376608524 0.7375989431307791
50px 9.53197979220284e-05 0.0
512 9.53197979220284e-05 0.8131064956389242
52428800 0.0001906395958440568 0.0
52px 9.53197979220284e-05 0.0
52z 0.0001906395958440568 0.0
5563 9.53197979220284e-05 0.0
56 0.0003812791916881136 0.02643325706815543
57 0.0001906395958440568 0.02643325706815543
58 0.0001906395958440568 0.0
581 0.0001906395958440568 0.3141153295199365
58113 0.0003812791916881136 0.7375989431307791
5em 0.0005719187875321705 0.0
5x 0.0008578781812982557 0.11020314013361425
6 0.0006672385854541988 0.0
60px 0.0003812791916881136 0.0
63 0.0003812791916881136 0.017544309650909525
65 0.00028595939376608524 0.02643325706815543
68 0.0001906395958440568 0.044451762570833796
6em 9.53197979220284e-05 0.0
7 0.0001906395958440568 0.0
70041 0.0001906395958440568 0.7375989431307791
703 0.0003812791916881136 0.19105523676270922
7051 0.00028595939376608524 0.7375989431307791
720px 0.0001906395958440568 0.0
741 0.0001906395958440568 0.7375989431307791
75em 9.53197979220284e-05 0.0
75px 9.53197979220284e-05 0.0
777 0.0001906395958440568 0.0
778 0.0001906395958440568 0.37548427589622857
7cext 0.00028595939376608524 0.0
7cjquery 9.53197979220284e-05 0.0
7cmediawiki 9.53197979220284e-05 0.0
7cskins 9.53197979220284e-05 0.0
7cwikibase 9.53197979220284e-05 0.0
7em 9.53197979220284e-05 0.0
8 9.53197979220284e-05 0.008733679968754631
80px 0.00028595939376608524 0.0
8125em 9.53197979220284e-05 0.0
858 0.0001906395958440568 0.7375989431307791
86 0.0001906395958440568 0.017544309650909525
87e9 9.53197979220284e-05 0.7375989431307791
88 0.0005719187875321705 0.035401927050916
89 0.0001906395958440568 0.08149303425118301
890 0.0001906395958440568 0.22314355131420976
9 0.00028595939376608524 0.0
90 9.53197979220284e-05 0.0
903 0.0001906395958440568 0.7375989431307791
91 0.0001906395958440568 0.035401927050916
92 0.0001906395958440568 0.044451762570833796
929 0.0001906395958440568 0.7375989431307791
93 0.0001906395958440568 0.13976194237515863
95 0.0001906395958440568 0.09097177820572679
96 0.0001906395958440568 0.0
99 0.00028595939376608524 0.08149303425118301
9932cc 9.53197979220284e-05 0.0
9px 0.00028595939376608524 0.0
_secondary_and_tertiary_sources 0.0001906395958440568 0.0
a 0.037556000381279195 0.0
a0 0.0001906395958440568 0.3504829736908114
a2a9b1 0.0001906395958440568 0.0
a4 0.00028595939376608524 0.0
aa 9.53197979220284e-05 0.2340726218464
abbr 0.0007625583833762272 0.0
about 0.0008578781812982557 0.0
aboutsite 9.53197979220284e-05 0.0
abs 9.53197979220284e-05 0.035401927050916
absolute 0.0001906395958440568 0.035401927050916
abstracts 0.0001906395958440568 0.6505875661411494
acc 0.0001906395958440568 1.8004931491968095
accessible 9.53197979220284e-05 0.0721032939013439
accesskey 0.0018110761605185397 0.0
account 0.0003812791916881136 0.0
acm 0.0001906395958440568 0.008733679968754631
across 9.53197979220284e-05 0.0
action 0.002573634543894767 0.0
actions 9.53197979220284e-05 0.0
active 0.0003812791916881136 0.017544309650909525
active_projects_and_recent_research_papers 0.0003812791916881136 0.7375989431307791
adar 0.0001906395958440568 0.7375989431307791
add 9.53197979220284e-05 0.0
adding 0.0001906395958440568 0.0
additional 9.53197979220284e-05 0.0
address 0.0001906395958440568 0.0
adenine 0.002287675150128682 0.7375989431307791
adenine_ 0.0001906395958440568 0.7375989431307791
after 0.0018110761605185397 0.02643325706815543
agree 9.53197979220284e-05 0.0
al 9.53197979220284e-05 0.008733679968754631
alert 0.0003812791916881136 0.11995931507897897
align 0.00028595939376608524 0.0721032939013439
all 0.0019063959584405682 0.0
all_articles_lacking_in 9.53197979220284e-05 0.0
all_articles_lacking_reliable_references 9.53197979220284e-05 0.0
all_articles_to_be_expanded 9.53197979220284e-05 0.0
all_articles_with_empty_sections 9.53197979220284e-05 0.0
all_articles_with_topics_of_unclear_notability 9.53197979220284e-05 0.0
all_stub_articles 9.53197979220284e-05 0.0
alpha 0.0003812791916881136 0.14981227822866008
also 0.0003812791916881136 0.0
alt 0.0013344771709083976 0.0
alternate 0.00028595939376608524 0.14981227822866008
ambox 0.005528548279477648 0.0
ambox_important 0.001143837575064341 0.0
amp 0.009150700600514728 0.18058393689541388
an 0.00028595939376608524 0.0
and 0.0029549137355828806 0.0
andrea 9.53197979220284e-05 0.7375989431307791
anon 0.0001906395958440568 0.0
anoncontribs 9.53197979220284e-05 0.0
anontalk 9.53197979220284e-05 0.0
anonymous 9.53197979220284e-05 0.12981161152199053
another 9.53197979220284e-05 0.0
api 0.0001906395958440568 0.14981227822866008
apple 0.0001906395958440568 0.13976194237515863
application 0.0006672385854541988 0.0
applications 0.0001906395958440568 0.0
apply 9.53197979220284e-05 0.0
april 0.001143837575064341 0.0
ar 0.0001906395958440568 0.5108256237659907
arbitrary 0.0001906395958440568 0.008733679968754631
are 0.00047659898961014205 0.0
argument 9.53197979220284e-05 0.0
aria 0.002668954341816795 0.0
around 9.53197979220284e-05 0.035401927050916
article 0.0014297969688304261 0.0
articles 0.0038127919168811364 0.0
articles_lacking_in 9.53197979220284e-05 0.0
articles_lacking_reliable_references_from_september_2011 9.53197979220284e-05 0.0
articles_to_be_expanded_from_april_2021 9.53197979220284e-05 0.0
articles_using_small_message_boxes 9.53197979220284e-05 0.0
articles_with_empty_sections_from_april_2021 9.53197979220284e-05 0.0
articles_with_multiple_maintenance_issues 9.53197979220284e-05 0.0
articles_with_topics_of_unclear_notability_from_september_2011 9.53197979220284e-05 0.0
arxiv 0.00028595939376608524 0.2905848321097423
arxiv_ 9.53197979220284e-05 0.0
as 0.00047659898961014205 0.0
as_eq 0.0001906395958440568 0.0
asbox 0.0010485177771423124 0.05358424613410626
associated 0.0001906395958440568 0.035401927050916
async 0.0006672385854541988 0.37548427589622857
at 0.0003812791916881136 0.0
atitle 0.0001906395958440568 0.0
atom 0.00028595939376608524 0.11995931507897897
attribution 9.53197979220284e-05 0.0
au 9.53197979220284e-05 0.37548427589622857
aufirst 0.0001906395958440568 0.0
august 0.0001906395958440568 0.035401927050916
aulast 0.0001906395958440568 0.0
austria 0.0001906395958440568 0.5108256237659907
author 0.0001906395958440568 0.02643325706815543
auto 0.00028595939376608524 0.035401927050916
autocapitalize 9.53197979220284e-05 0.0
autostart 9.53197979220284e-05 0.0
available 0.0001906395958440568 0.0
avoid 0.0001906395958440568 0.19105523676270922
aware 9.53197979220284e-05 0.7375989431307791
b 0.004003431512725193 0.017544309650909525
b32424 0.0001906395958440568 0.0
b4 0.0005719187875321705 0.0
background 0.0009531979792202841 0.2340726218464
backlink 0.0001906395958440568 0.0
base 0.0001906395958440568 0.02643325706815543
based 0.0003812791916881136 0.0
bdi 0.0001906395958440568 0.0
be 0.0009531979792202841 0.0
beagle 0.0001906395958440568 0.7375989431307791
beagle_ 9.53197979220284e-05 0.0
because 0.0001906395958440568 0.0
before 0.0014297969688304261 0.017544309650909525
belief 9.53197979220284e-05 0.7375989431307791
beyond 9.53197979220284e-05 0.008733679968754631
bks 0.0003812791916881136 0.0
bkt 0.0001906395958440568 0.0
block 0.0001906395958440568 0.044451762570833796
body 0.001143837575064341 0.11995931507897897
bodycontent 0.0001906395958440568 0.0
bold 9.53197979220284e-05 0.21233263520999412
book 9.53197979220284e-05 0.0721032939013439
books 0.0001906395958440568 0.0
booksources 0.0001906395958440568 0.0
bootstrap 9.53197979220284e-05 0.0
border 0.0018110761605185397 0.7936884097818228
bottom 0.00028595939376608524 0.12981161152199053
box 0.0016204365646744828 0.0
boxes 0.00028595939376608524 0.20163734609324613
boxtext 9.53197979220284e-05 0.0
br 0.0001906395958440568 0.0
bracket 0.0009531979792202841 0.3141153295199365
brackets 0.0001906395958440568 0.11995931507897897
break 0.00028595939376608524 0.19105523676270922
browsing 0.00028595939376608524 0.27902400970866637
bsd 0.0001906395958440568 0.09097177820572679
bsd_license 9.53197979220284e-05 0.0
btitle 9.53197979220284e-05 0.0
btn 0.00047659898961014205 0.0
but 9.53197979220284e-05 0.0
button 0.003050233533504909 0.0
buttons 9.53197979220284e-05 0.0
by 0.001143837575064341 0.0
bytes 0.0003812791916881136 0.0
c 0.0001906395958440568 0.0
c13_en 9.53197979220284e-05 0.0
ca 0.0007625583833762272 0.035401927050916
cache 0.0001906395958440568 0.0
cached 9.53197979220284e-05 0.0
cachereport 9.53197979220284e-05 0.0
cactions 0.0005719187875321705 0.0
calls 9.53197979220284e-05 0.0
campaigns 9.53197979220284e-05 0.0
can 0.0003812791916881136 0.0
canonical 0.0001906395958440568 0.0
caps 9.53197979220284e-05 0.0
categories 0.0001906395958440568 0.0
category 0.0034315127251930227 0.0
catlinks 0.0005719187875321705 0.0
cats 9.53197979220284e-05 0.0
cdc67472 9.53197979220284e-05 0.7375989431307791
cell 0.0001906395958440568 0.21233263520999412
center 0.0005719187875321705 0.02643325706815543
centralauth 0.0001906395958440568 0.0
centralautologin 0.0001906395958440568 0.0
centralnotice 0.00028595939376608524 0.0
chandler 0.0003812791916881136 0.6017974019717174
chandler_ 0.0001906395958440568 0.0
change 9.53197979220284e-05 0.0
changes 0.0003812791916881136 0.02643325706815543
characteristic 9.53197979220284e-05 0.11020314013361425
charinsert 9.53197979220284e-05 0.0
charset 9.53197979220284e-05 0.0
check 9.53197979220284e-05 0.06280090123903044
checkbox 0.0032408731293489656 0.0
chi 0.0001906395958440568 0.7375989431307791
child 0.002287675150128682 0.21233263520999412
citation 0.0009531979792202841 0.017544309650909525
citations 0.0007625583833762272 0.0
cite 0.0013344771709083976 0.0
cite_conference 0.0001906395958440568 0.3382128810989969
cite_note 0.0003812791916881136 0.0
cite_ref 0.0003812791916881136 0.0
citerefkargerdennis_quan2004 9.53197979220284e-05 0.0
citerefrodriguez2011 9.53197979220284e-05 0.0
citeseer 9.53197979220284e-05 0.0
citeseerx 0.0001906395958440568 0.044451762570833796
citethispage 9.53197979220284e-05 0.0
citing 0.00028595939376608524 0.05358424613410626
citing_sources 0.0001906395958440568 0.0
city 9.53197979220284e-05 0.41419878807691896
class 0.0322180916976456 0.0
classname 0.00028595939376608524 0.0
client 0.0007625583833762272 0.0
code 9.53197979220284e-05 0.0
coll 0.0003812791916881136 0.0
collapse 0.00047659898961014205 0.0
collapsed 0.00028595939376608524 0.0
collapses 9.53197979220284e-05 0.0
collapsible 0.0012391573729863693 0.0
color 0.0007625583833762272 0.3629054936893685
column 0.00028595939376608524 0.11020314013361425
columns 0.00047659898961014205 0.11020314013361425
com 0.0009531979792202841 0.0
common 9.53197979220284e-05 0.0
commons 0.0013344771709083976 0.0
community 9.53197979220284e-05 0.10054122922187746
community_portal 9.53197979220284e-05 0.0
compact 0.0016204365646744828 0.0
compactlinks 9.53197979220284e-05 0.0
comparison 0.0001906395958440568 0.0
comparison_of_notetaking_software 9.53197979220284e-05 0.0
complications 9.53197979220284e-05 0.0
compu 0.0001906395958440568 0.05358424613410626
computing 0.0001906395958440568 0.008733679968754631
cond 9.53197979220284e-05 0.11020314013361425
conference 0.00028595939376608524 0.10054122922187746
config 0.0001906395958440568 0.0
configurable 9.53197979220284e-05 0.10054122922187746
constructs 9.53197979220284e-05 0.044451762570833796
contact 0.0003812791916881136 0.0
contact_us 0.0001906395958440568 0.0
contactpage 9.53197979220284e-05 0.0
container 0.0017157563625965113 0.14981227822866008
containing 9.53197979220284e-05 0.008733679968754631
content 0.007244304642074159 0.0
contentinfo 9.53197979220284e-05 0.0
contents 0.0012391573729863693 0.0
contentsub 9.53197979220284e-05 0.0
context 0.0001906395958440568 0.017544309650909525
contribute 9.53197979220284e-05 0.0
contributions 9.53197979220284e-05 0.2340726218464
contributors 0.0001906395958440568 0.017544309650909525
controls 0.0001906395958440568 0.0
conversion 9.53197979220284e-05 0.0
cookie 0.00047659898961014205 0.0
cookie_statement 9.53197979220284e-05 0.0
cookiestatement 9.53197979220284e-05 0.0
copyright 0.00028595939376608524 0.0
copyrightico 9.53197979220284e-05 0.0
corpusid 9.53197979220284e-05 0.0
count 0.0001906395958440568 0.0
counter 0.0003812791916881136 0.11020314013361425
coverage 9.53197979220284e-05 0.05358424613410626
cpu 9.53197979220284e-05 0.0
cputime 9.53197979220284e-05 0.0
create 0.0003812791916881136 0.0
createaccount 0.0003812791916881136 0.0
created 9.53197979220284e-05 0.0
creating 0.00028595939376608524 0.0
creative 9.53197979220284e-05 0.0
creativecommons 0.0001906395958440568 0.0
cross 0.0003812791916881136 0.0
crossorigin 9.53197979220284e-05 0.0
cs1 0.0014297969688304261 0.017544309650909525
csail 9.53197979220284e-05 0.20163734609324613
csrftoken 9.53197979220284e-05 0.0
ct 0.0001906395958440568 0.6844891178168307
ctx_ver 0.0001906395958440568 0.0
current 0.0001906395958440568 0.08149303425118301
current_events 9.53197979220284e-05 0.0
currentevents 9.53197979220284e-05 0.0
cursor 9.53197979220284e-05 0.5860490450035782
cx 0.0001906395958440568 0.0
d 0.0003812791916881136 0.017544309650909525
d33 0.0001906395958440568 0.0
d6 9.53197979220284e-05 0.0
data 0.003908111714803164 0.0
date 0.0009531979792202841 0.02643325706815543
datemodified 0.0001906395958440568 0.0
datepublished 0.0001906395958440568 0.0
david 0.0003812791916881136 0.017544309650909525
david_karger 9.53197979220284e-05 0.0
db 0.00028595939376608524 0.6505875661411494
dd 0.0015251167667524545 0.035401927050916
december 9.53197979220284e-05 0.02643325706815543
decimal 9.53197979220284e-05 0.11020314013361425
decoding 0.0005719187875321705 0.21233263520999412
decoration 0.0001906395958440568 0.0
deduplicate 0.0006672385854541988 0.0
deduplicated 0.00047659898961014205 0.0
delete 9.53197979220284e-05 0.0721032939013439
deleted 9.53197979220284e-05 0.05358424613410626
deletion 9.53197979220284e-05 0.0
deletion_policy 9.53197979220284e-05 0.0
demonstrate 9.53197979220284e-05 0.05358424613410626
dennis 0.0001906395958440568 0.19105523676270922
depth 0.00028595939376608524 0.0
derived 9.53197979220284e-05 0.09097177820572679
description 0.0003812791916881136 0.0
desktop 0.0003812791916881136 0.14981227822866008
desktoparticletarget 0.00028595939376608524 0.0
detection 9.53197979220284e-05 0.10054122922187746
develop 9.53197979220284e-05 0.035401927050916
developed 9.53197979220284e-05 0.017544309650909525
developer 9.53197979220284e-05 0.02643325706815543
developers 0.0001906395958440568 0.0
different 9.53197979220284e-05 0.0
dir 0.00028595939376608524 0.4682660093471948
disabled 0.0010485177771423124 0.11020314013361425
disc 9.53197979220284e-05 0.7195804376281008
disclaimers 0.0001906395958440568 0.0
discuss 0.00028595939376608524 0.05358424613410626
discussion 0.0001906395958440568 0.26759531388504365
display 0.001143837575064341 0.0
div 0.01896863978648365 0.0
dl 0.0007625583833762272 0.22314355131420976
dmy 9.53197979220284e-05 0.08149303425118301
dns 0.0001906395958440568 0.540239508972284
dobasicsearch 0.0001906395958440568 0.0
doctype 9.53197979220284e-05 0.0
document 0.0003812791916881136 0.09097177820572679
documentelement 0.00028595939376608524 0.0
doi 0.00047659898961014205 0.008733679968754631
doi_ 9.53197979220284e-05 0.0
donate 0.00028595939376608524 0.0
donating 9.53197979220284e-05 0.0
download 0.0003812791916881136 0.0
downloadaspdf 9.53197979220284e-05 0.0
dropdown 0.0023829949480507102 0.0
dt 0.0015251167667524545 0.0
dynamic 9.53197979220284e-05 0.0
e 0.00028595939376608524 0.0
earliest 9.53197979220284e-05 0.2340726218464
echo 9.53197979220284e-05 0.0
edit 0.0034315127251930227 0.0
editable 9.53197979220284e-05 0.49643688631389105
edited 9.53197979220284e-05 0.0
editing 9.53197979220284e-05 0.11020314013361425
editor 0.0001906395958440568 0.044451762570833796
editors 0.0001906395958440568 0.0
editpage 9.53197979220284e-05 0.0
edits 0.0001906395958440568 0.0
editsection 0.0014297969688304261 0.0
edituri 9.53197979220284e-05 0.0
edu 0.00047659898961014205 0.06280090123903044
eighth 9.53197979220284e-05 0.14981227822866008
element 0.0006672385854541988 0.0
ellipsis 0.0001906395958440568 0.2340726218464
elt 0.0003812791916881136 0.0
empty 0.0013344771709083976 0.008733679968754631
empty_section 9.53197979220284e-05 0.0
emptyportlet 0.0001906395958440568 0.0
en 0.0036221523210370793 0.0
enabled 0.0010485177771423124 0.008733679968754631
encouraged 0.0003812791916881136 1.5668782980153044
encyclopedia 0.0001906395958440568 0.0
end 9.53197979220284e-05 0.0
english 0.00028595939376608524 0.0
enhancements 9.53197979220284e-05 0.0
entities 9.53197979220284e-05 0.0
entity 0.0003812791916881136 0.0
entityaccesscount 9.53197979220284e-05 0.0
entitypage 0.0001906395958440568 0.0
environments 9.53197979220284e-05 0.0
enwiki 9.53197979220284e-05 0.0
enwikimwclientprefs 9.53197979220284e-05 0.0
error 0.0001906395958440568 0.11020314013361425
es6 9.53197979220284e-05 0.0
esi 0.0001906395958440568 0.7195804376281008
esitest 9.53197979220284e-05 0.0
et 9.53197979220284e-05 0.008733679968754631
event 0.0009531979792202841 0.0
eventlogging 0.0001906395958440568 0.0
events 0.0001906395958440568 0.11020314013361425
exact 9.53197979220284e-05 0.0
example 9.53197979220284e-05 0.0
excessively 9.53197979220284e-05 0.008733679968754631
exists 9.53197979220284e-05 0.0
expand 0.00028595939376608524 0.0
expanded 0.0010485177771423124 0.0
expanding 9.53197979220284e-05 0.05358424613410626
expansion 0.0001906395958440568 0.0
expansiondepth 9.53197979220284e-05 0.0
expensive 9.53197979220284e-05 0.0
expensivefunctioncount 9.53197979220284e-05 0.0
expiry 0.0001906395958440568 0.0
export 9.53197979220284e-05 0.0
ext 0.002573634543894767 0.0
extended 0.0001906395958440568 0.035401927050916
external 0.0029549137355828806 0.0
external_links 0.00047659898961014205 0.0
extra 9.53197979220284e-05 0.0
eytan 9.53197979220284e-05 0.7375989431307791
f 0.0003812791916881136 0.0
f28500 9.53197979220284e-05 0.0
fa8a495983347898 9.53197979220284e-05 0.0
fact 9.53197979220284e-05 0.008733679968754631
factors 0.0001906395958440568 0.7195804376281008
fallbacksearchbutton 9.53197979220284e-05 0.0
false 0.001143837575064341 0.0
favicon 9.53197979220284e-05 0.0
fbfbfb 9.53197979220284e-05 0.0
fc3 9.53197979220284e-05 0.0
feature 0.0020017157563625965 0.0
featurename 0.00028595939376608524 0.0
february 9.53197979220284e-05 0.017544309650909525
fee7e6 9.53197979220284e-05 0.0
feed 0.0001906395958440568 0.19105523676270922
file 0.0017157563625965113 0.0
file_upload_wizard 0.0001906395958440568 0.0
files 9.53197979220284e-05 0.0
find 0.0001906395958440568 0.0
find_sources_mainspace 0.0001906395958440568 0.05358424613410626
first 0.0013344771709083976 0.0
firstheading 0.00028595939376608524 0.0
float 9.53197979220284e-05 0.06280090123903044
flush 0.00047659898961014205 0.0
font 0.0016204365646744828 0.14981227822866008
footer 0.0024783147459727386 0.0
for 0.0016204365646744828 0.0
form 0.00028595939376608524 0.0
format 0.0001906395958440568 0.035401927050916
foundation 0.0008578781812982557 0.0
framework 0.00028595939376608524 0.0
free 0.0007625583833762272 0.0
free_personal_information_managers 9.53197979220284e-05 0.0
freely 9.53197979220284e-05 0.1599646496926782
from 0.002192355352206653 0.0
full 9.53197979220284e-05 0.044451762570833796
fulltext 9.53197979220284e-05 0.0
function 0.0005719187875321705 0.0
fundraiserredirector 9.53197979220284e-05 0.0
further 9.53197979220284e-05 0.0
further_reading 9.53197979220284e-05 0.0
g 0.0001906395958440568 0.0
gadget 0.0003812791916881136 0.0
gehomepagesuggestededitsenabletopics 9.53197979220284e-05 0.0
general 0.0001906395958440568 0.0
general_disclaimer 9.53197979220284e-05 0.0
generator 9.53197979220284e-05 0.0
genre 0.0001906395958440568 0.0
geoip 9.53197979220284e-05 0.0
globalcssjs 0.0001906395958440568 0.0
go 0.0003812791916881136 0.0
google 0.0009531979792202841 0.10054122922187746
googpub 0.0001906395958440568 0.0
graph 9.53197979220284e-05 0.008733679968754631
gray 9.53197979220284e-05 1.449095262358921
greek 0.0001906395958440568 0.3141153295199365
green 9.53197979220284e-05 0.08149303425118301
group 0.0003812791916881136 0.05358424613410626
growthexperiments 9.53197979220284e-05 0.0
guidance 9.53197979220284e-05 0.2340726218464
guideline 9.53197979220284e-05 0.05358424613410626
guides 9.53197979220284e-05 4.74493212836325
h 0.0001906395958440568 0.035401927050916
h1 0.0001906395958440568 1.2484245668967697
h2 0.001143837575064341 1.2484245668967697
hack 0.0005719187875321705 0.0
handling 9.53197979220284e-05 0.06280090123903044
has 0.00028595939376608524 0.0
haspopup 0.00047659898961014205 0.0
hayloft 9.53197979220284e-05 0.0
haystack 0.002764274139738824 0.7375989431307791
haystack_ 0.0033361929272709943 0.7375989431307791
haystack_mit_project 0.0001906395958440568 0.0
head 0.00028595939376608524 0.0
header 0.0023829949480507102 0.0
heading 0.002192355352206653 0.0
headline 0.00047659898961014205 0.0
height 0.002097035554284625 0.0
help 0.002097035554284625 0.0
here 9.53197979220284e-05 0.008733679968754631
hidden 0.0014297969688304261 0.0
hide 0.0009531979792202841 0.0
highest 9.53197979220284e-05 0.0
history 0.0005719187875321705 0.0
hlist 0.004861309694023448 0.0
homoiconic 9.53197979220284e-05 0.3141153295199365
homoiconicity 0.0001906395958440568 0.37548427589622857
hor 0.0001906395958440568 0.0
hosted 9.53197979220284e-05 0.0721032939013439
how 0.0009531979792202841 0.0
however 0.0003812791916881136 0.0
href 0.018778000190639597 0.0
hreflang 9.53197979220284e-05 0.0
html 0.0005719187875321705 0.06280090123903044
http 0.0009531979792202841 0.017544309650909525
https 0.0029549137355828806 0.0
hub 9.53197979220284e-05 0.2451224580329849
human 0.00028595939376608524 0.06280090123903044
huynh 9.53197979220284e-05 0.7375989431307791
i 0.0024783147459727386 0.0
ico 9.53197979220284e-05 0.0
icon 0.003526832523115051 0.0
icons 0.0003812791916881136 0.0
id 0.013249451911161949 0.0
identifier 0.0009531979792202841 0.044451762570833796
identifying 9.53197979220284e-05 0.2340726218464
identifying_and_using_independent_sources 9.53197979220284e-05 0.0
idhash 9.53197979220284e-05 0.0
if 0.00028595939376608524 0.0
image 0.0015251167667524545 0.0
imageobject 0.0001906395958440568 0.0
imageright 0.0001906395958440568 0.0
images 0.001143837575064341 0.0
img 0.001143837575064341 0.0
implement 9.53197979220284e-05 0.05358424613410626
important 0.00047659898961014205 0.008733679968754631
improve 0.00028595939376608524 0.0
improvements 9.53197979220284e-05 0.08149303425118301
in 0.002764274139738824 0.0
inc 0.00028595939376608524 0.0
include 0.0001906395958440568 0.0
includes 9.53197979220284e-05 0.05358424613410626
increment 9.53197979220284e-05 0.06280090123903044
independent 0.0001906395958440568 0.0
index 0.002764274139738824 0.0
indicators 9.53197979220284e-05 0.454472687214859
info 0.0010485177771423124 0.044451762570833796
information 0.0016204365646744828 0.0
inherit 0.0008578781812982557 0.11020314013361425
init 0.00028595939376608524 0.0
inline 0.0013344771709083976 0.05358424613410626
inline_citations 9.53197979220284e-05 0.0
inner 0.0001906395958440568 0.0
input 0.001143837575064341 0.0
inside 0.0001906395958440568 0.0
installer 0.0006672385854541988 0.09097177820572679
institute 0.00047659898961014205 0.08149303425118301
interaction 0.00028595939376608524 0.0
interface 0.0003812791916881136 0.0
interlanguage 0.0006672385854541988 0.0
international 9.53197979220284e-05 0.08149303425118301
interwiki 9.53197979220284e-05 0.0
introducing 9.53197979220284e-05 0.05358424613410626
introduction 0.00028595939376608524 0.11020314013361425
ip 0.0001906395958440568 0.3141153295199365
is 0.0015251167667524545 0.0
isbn 0.00028595939376608524 0.0
isbn_ 9.53197979220284e-05 0.0
issn 0.0003812791916881136 0.008733679968754631
issn_ 9.53197979220284e-05 0.0
issue 9.53197979220284e-05 0.14981227822866008
issues 0.0007625583833762272 0.02643325706815543
ist 0.00028595939376608524 0.0
it 0.001143837575064341 0.0
italic 9.53197979220284e-05 0.3141153295199365
item 0.005623868077399676 0.0
items 9.53197979220284e-05 0.0
its 9.53197979220284e-05 0.0
j 0.00028595939376608524 0.0
january 9.53197979220284e-05 0.0
journal 9.53197979220284e-05 0.008733679968754631
jquery 0.00028595939376608524 0.0
js 0.00028595939376608524 0.0
json 0.0001906395958440568 0.11995931507897897
jstor 0.0003812791916881136 0.0
jtitle 9.53197979220284e-05 0.0
july 9.53197979220284e-05 0.008733679968754631
jump 0.0001906395958440568 0.0
june 9.53197979220284e-05 0.017544309650909525
k 0.0001906395958440568 0.0
kansas 9.53197979220284e-05 0.44086703515908027
karger 0.00047659898961014205 0.7375989431307791
kern 0.0001906395958440568 0.0
key 9.53197979220284e-05 0.0
knosys 0.00028595939376608524 0.7375989431307791
knowledge 0.00047659898961014205 0.02643325706815543
label 0.004480030502335335 0.0
labelledby 9.53197979220284e-05 0.0
lacking 0.001143837575064341 0.008733679968754631
lacks 9.53197979220284e-05 0.05358424613410626
landmark 0.0003812791916881136 0.0
lang 0.0014297969688304261 0.0
langlinks 0.0001906395958440568 0.0
language 0.0023829949480507102 0.0
languages 9.53197979220284e-05 0.0
last 0.0012391573729863693 0.0
lastmod 9.53197979220284e-05 0.0
layer 9.53197979220284e-05 0.11020314013361425
lazy 0.0001906395958440568 0.008733679968754631
ld 0.0001906395958440568 0.7195804376281008
learn 0.0009531979792202841 0.0
left 0.0020017157563625965 0.0
level 0.0005719187875321705 0.0
levels 9.53197979220284e-05 0.0
li 0.019445238776093794 0.0
license 0.0005719187875321705 0.0
licenses 0.0001906395958440568 0.12981161152199053
likely 9.53197979220284e-05 0.05358424613410626
limit 0.0010485177771423124 0.0
limited 0.0005719187875321705 0.008733679968754631
limitreport 0.00028595939376608524 0.0
line 0.00028595939376608524 0.008733679968754631
link 0.0037174721189591076 0.08149303425118301
linked 9.53197979220284e-05 0.0721032939013439
links 0.0020017157563625965 0.0
lisp 0.0001906395958440568 0.09097177820572679
lisp_ 9.53197979220284e-05 0.0
list 0.007911543227528357 0.0
listbullet 0.00028595939376608524 0.0
listitem 0.0003812791916881136 0.0
load 0.00028595939376608524 0.0
loaded 9.53197979220284e-05 0.0
loader 9.53197979220284e-05 0.035401927050916
loading 0.00028595939376608524 0.0
loc 9.53197979220284e-05 0.0
lock 0.001143837575064341 0.11020314013361425
log 0.0006672385854541988 0.0
logged 0.0001906395958440568 0.0
login 0.00047659898961014205 0.3141153295199365
logo 0.0007625583833762272 0.0
lower 0.0005719187875321705 0.044451762570833796
ltr 0.0006672385854541988 0.0
lua 0.0001906395958440568 0.0
lynn 9.53197979220284e-05 0.7375989431307791
m 0.0001906395958440568 0.08149303425118301
machine 0.0001906395958440568 0.0
made 9.53197979220284e-05 0.035401927050916
main 0.0023829949480507102 0.0
main_page 0.0001906395958440568 0.0
mainentity 0.0001906395958440568 0.0
mainpage 9.53197979220284e-05 0.0
maint 9.53197979220284e-05 0.09097177820572679
maintenance 0.0007625583833762272 0.008733679968754631
maintenance_template_removal 0.00047659898961014205 0.0
makecollapsible 0.00028595939376608524 0.0
management 0.00028595939376608524 0.0
manager 9.53197979220284e-05 0.02643325706815543
managers 0.00028595939376608524 0.11995931507897897
mandatory 0.0003812791916881136 0.2340726218464
march 9.53197979220284e-05 0.017544309650909525
margin 0.002097035554284625 0.0
marko 0.0001906395958440568 0.7375989431307791
massachusetts 0.00047659898961014205 0.08149303425118301
massachusetts_institute_of_technology 9.53197979220284e-05 0.0
massachusetts_institute_of_technology_software 9.53197979220284e-05 0.0
match 9.53197979220284e-05 0.008733679968754631
max 0.0001906395958440568 0.11020314013361425
may 0.00028595939376608524 0.0
mbox 0.0031455533314269373 0.0
media 0.00028595939376608524 0.11995931507897897
mediawiki 0.0010485177771423124 0.0
meet 9.53197979220284e-05 0.05358424613410626
memory 9.53197979220284e-05 0.0
memusage 9.53197979220284e-05 0.0
mention 9.53197979220284e-05 0.05358424613410626
menu 0.009436659994280812 0.0
mere 9.53197979220284e-05 0.05358424613410626
merged 9.53197979220284e-05 0.05358424613410626
merging 0.0001906395958440568 0.017544309650909525
message 0.0008578781812982557 0.0
messages 9.53197979220284e-05 0.05358424613410626
meta 0.0012391573729863693 0.09097177820572679
metadata 0.0005719187875321705 0.0
min 9.53197979220284e-05 0.11020314013361425
minerva 9.53197979220284e-05 0.0
mini 0.00028595939376608524 0.20163734609324613
missouri 9.53197979220284e-05 0.7375989431307791
mit 0.002192355352206653 0.08149303425118301
mit_project 0.0031455533314269373 0.7375989431307791
mmv 0.0001906395958440568 0.0
mobile 0.00028595939376608524 0.0
mobileaction 9.53197979220284e-05 0.0
mobileview 9.53197979220284e-05 0.0
module 9.53197979220284e-05 0.044451762570833796
modules 0.00028595939376608524 0.0721032939013439
more 0.0014297969688304261 0.0
most 9.53197979220284e-05 0.0
move 0.0001906395958440568 0.0
moved 9.53197979220284e-05 0.0
ms 9.53197979220284e-05 0.0
multiple 0.0006672385854541988 0.035401927050916
multiple_issues 0.0003812791916881136 0.05358424613410626
mw 0.034124487656086167 0.0
mw1417 0.0001906395958440568 0.7375989431307791
mw1455 9.53197979220284e-05 0.11020314013361425
mycontributions 9.53197979220284e-05 0.0
mytalk 9.53197979220284e-05 0.0
n 0.0013344771709083976 0.08149303425118301
n3 9.53197979220284e-05 0.7375989431307791
name 0.003050233533504909 0.0
named 9.53197979220284e-05 0.008733679968754631
namespaces 9.53197979220284e-05 0.21233263520999412
native 9.53197979220284e-05 0.0
nav 0.0013344771709083976 0.7018808605286999
navbar 0.0014297969688304261 0.20163734609324613
navigation 0.0010485177771423124 0.0
navigationtiming 9.53197979220284e-05 0.0
nearby 9.53197979220284e-05 0.0
new 0.0007625583833762272 0.0
newpp 9.53197979220284e-05 0.0
news 0.0001906395958440568 0.0
newspapers 0.0001906395958440568 0.0
no 0.0008578781812982557 0.0
no_footnotes 0.0001906395958440568 0.05358424613410626
no_original_research 0.0001906395958440568 0.0
node 9.53197979220284e-05 0.0
nofollow 0.002192355352206653 0.0
noicon 0.00047659898961014205 0.0
nojs 9.53197979220284e-05 0.0
non 9.53197979220284e-05 0.0
none 0.0015251167667524545 0.21233263520999412
noprint 0.00028595939376608524 0.37548427589622857
noresize 9.53197979220284e-05 0.0
normal 0.00047659898961014205 0.008733679968754631
noscript 0.0003812791916881136 0.0
nosnippet 9.53197979220284e-05 0.0
not 0.0005719187875321705 0.0
notability 0.0014297969688304261 0.05358424613410626
notable 9.53197979220284e-05 0.0
notation3 0.00028595939376608524 0.7375989431307791
note 0.0001906395958440568 0.11020314013361425
notetaking 0.0001906395958440568 0.7375989431307791
notice 9.53197979220284e-05 0.11020314013361425
november 0.00028595939376608524 0.0
nowrap 9.53197979220284e-05 0.035401927050916
ns 0.0001906395958440568 0.19105523676270922
nstab 9.53197979220284e-05 0.0
nucleobase 9.53197979220284e-05 0.7375989431307791
null 9.53197979220284e-05 0.0
numb 0.00047659898961014205 0.0
number 9.53197979220284e-05 0.0
nv 0.00028595939376608524 0.0
nws 0.0001906395958440568 0.0
o 0.0003812791916881136 0.035401927050916
october 9.53197979220284e-05 0.02643325706815543
of 0.003908111714803164 0.0
og 0.0001906395958440568 0.0
ol 0.0016204365646744828 0.0
oldid 0.00028595939376608524 0.0
on 0.0014297969688304261 0.0
one 9.53197979220284e-05 0.0
only 0.0003812791916881136 0.0
open 0.0001906395958440568 0.017544309650909525
open_source_software 9.53197979220284e-05 0.0
opensearch_desc 9.53197979220284e-05 0.0
opensearchdescription 9.53197979220284e-05 0.0
options 0.00047659898961014205 0.0
or 0.00047659898961014205 0.0
org 0.007244304642074159 0.0
organization 0.00047659898961014205 0.0
organizing 0.00028595939376608524 0.7375989431307791
origin 0.00047659898961014205 0.11020314013361425
original 0.0001906395958440568 0.02643325706815543
other 9.53197979220284e-05 0.0
out 0.0001906395958440568 0.0
output 0.012677533123629778 0.008733679968754631
overflow 0.0003812791916881136 0.19105523676270922
p 0.004098751310647222 0.0
p413 9.53197979220284e-05 0.0
padding 0.0009531979792202841 0.0
page 0.004480030502335335 0.0
pagelanguagecode 9.53197979220284e-05 0.0
pagelanguagedir 9.53197979220284e-05 0.0
pageprop 9.53197979220284e-05 0.0
pages 0.0008578781812982557 0.0
pagevariantfallbacks 9.53197979220284e-05 0.0
panel 0.0003812791916881136 0.0
papers 0.00028595939376608524 0.19105523676270922
parsed 9.53197979220284e-05 0.0
parser 0.012868172719473835 0.0
past 9.53197979220284e-05 0.14981227822866008
patroltoken 9.53197979220284e-05 0.0
pcache 9.53197979220284e-05 0.0
pdf 0.00028595939376608524 0.0
per 9.53197979220284e-05 0.0721032939013439
perhaps 9.53197979220284e-05 0.19105523676270922
permalink 9.53197979220284e-05 0.0
permanent 0.0001906395958440568 0.035401927050916
personal 0.0012391573729863693 0.0
personal_information_management 9.53197979220284e-05 0.0
personal_knowledge_base 9.53197979220284e-05 0.0
php 0.0032408731293489656 0.0
pim 0.0003812791916881136 0.09097177820572679
pin 0.0001906395958440568 0.454472687214859
pinnable 0.001143837575064341 0.0
pinned 0.0009531979792202841 0.0
place 9.53197979220284e-05 0.09097177820572679
placeholder 9.53197979220284e-05 0.0
places 0.0008578781812982557 0.035401927050916
plainlinks 0.0008578781812982557 0.0
platform 0.0003812791916881136 0.0
please 0.0003812791916881136 0.0
png 0.002668954341816795 0.0
policy 0.00028595939376608524 0.0
popups 9.53197979220284e-05 0.0
portal 0.00028595939376608524 0.06280090123903044
portlet 0.002573634543894767 0.0
position 0.00028595939376608524 0.008733679968754631
possesses 9.53197979220284e-05 0.017544309650909525
post 0.0001906395958440568 0.0
postexpandincludesize 9.53197979220284e-05 0.0
powered 9.53197979220284e-05 1.1340142157190256
poweredby_mediawiki_132x47 9.53197979220284e-05 0.0
poweredby_mediawiki_176x62 9.53197979220284e-05 0.0
poweredby_mediawiki_88x31 9.53197979220284e-05 0.0
poweredbyico 9.53197979220284e-05 0.0
pp 9.53197979220284e-05 0.044451762570833796
ppvisitednodes 9.53197979220284e-05 0.0
precise 9.53197979220284e-05 0.035401927050916
preconnect 9.53197979220284e-05 0.0
prefetch 0.0001906395958440568 0.0
preprocessor 9.53197979220284e-05 0.0
presentation 0.0005719187875321705 0.0
presented 9.53197979220284e-05 0.10054122922187746
preview 9.53197979220284e-05 0.14981227822866008
primary 0.00028595939376608524 0.008733679968754631
primary_sources 0.0003812791916881136 0.008733679968754631
print 0.0001906395958440568 0.0
print_export 0.00028595939376608524 0.0
printable 0.00028595939376608524 0.14981227822866008
printfooter 9.53197979220284e-05 0.0
privacy 0.00028595939376608524 0.0
privacy_policy 0.0001906395958440568 0.0
proceedings 9.53197979220284e-05 0.10054122922187746
profit 9.53197979220284e-05 0.0
programming 0.00047659898961014205 0.0
programming_language 0.0003812791916881136 0.008733679968754631
progressive 0.00028595939376608524 0.0
project 0.0029549137355828806 0.0
projects 0.0006672385854541988 0.06280090123903044
property 0.00028595939376608524 0.008733679968754631
protection 9.53197979220284e-05 0.21233263520999412
provide 9.53197979220284e-05 0.008733679968754631
psu 0.00028595939376608524 0.0
pt 0.0005719187875321705 0.02643325706815543
pub 9.53197979220284e-05 0.26759531388504365
published 9.53197979220284e-05 0.044451762570833796
publisher 0.0001906395958440568 0.41419878807691896
push 0.00028595939376608524 0.0
python 0.0001906395958440568 0.017544309650909525
python_ 9.53197979220284e-05 0.8131064956389242
q 0.0012391573729863693 0.0
q5687237 0.0006672385854541988 0.7375989431307791
quan 0.0001906395958440568 0.7375989431307791
quan03haystack 9.53197979220284e-05 0.0
query 0.0001906395958440568 0.0
question 9.53197979220284e-05 0.2340726218464
question_book 0.0006672385854541988 0.0
quick 9.53197979220284e-05 0.0
quiet 0.0005719187875321705 0.0
quotes 9.53197979220284e-05 0.19105523676270922
r 0.0003812791916881136 0.0
r1011085734 9.53197979220284e-05 0.0
r1012311289 9.53197979220284e-05 0.0
r1063604349 9.53197979220284e-05 0.0
r1086701767 9.53197979220284e-05 0.0
r1097763485 0.00047659898961014205 0.0
r1129693374 9.53197979220284e-05 0.0
r1133582631 0.0001906395958440568 0.0
random 0.0001906395958440568 0.21233263520999412
randomly 9.53197979220284e-05 0.2340726218464
randompage 9.53197979220284e-05 0.0
rather 9.53197979220284e-05 0.0
raw 9.53197979220284e-05 0.11020314013361425
rdf 0.0007625583833762272 0.7375989431307791
re 0.0001906395958440568 0.02643325706815543
read 0.0001906395958440568 0.11020314013361425
readable 9.53197979220284e-05 0.0
reading 0.0001906395958440568 0.0
ready 0.0017157563625965113 0.0
real 9.53197979220284e-05 0.0
recent 0.0005719187875321705 0.0721032939013439
recentchanges 0.00028595939376608524 0.0
recentchangeslinked 0.0001906395958440568 0.0
recursion 9.53197979220284e-05 0.0
red 9.53197979220284e-05 0.12981161152199053
redirect 0.0018110761605185397 0.02643325706815543
redirected 0.0001906395958440568 0.02643325706815543
redirectedfrom 9.53197979220284e-05 0.0
reduced 9.53197979220284e-05 0.0
reference 0.00047659898961014205 0.035401927050916
references 0.0017157563625965113 0.0
referencetooltips 9.53197979220284e-05 0.0
referrer 0.00028595939376608524 0.0
reflist 0.0014297969688304261 0.0
registered 9.53197979220284e-05 0.0
registration 0.0001906395958440568 0.5705448584676129
rel 0.0042893909064912784 0.0
related 0.00028595939376608524 0.02643325706815543
relative 9.53197979220284e-05 0.11020314013361425
reliable 0.0007625583833762272 0.0
reliable_sources 9.53197979220284e-05 0.0
relies 9.53197979220284e-05 0.008733679968754631
remain 9.53197979220284e-05 0.05358424613410626
removal 0.00047659898961014205 0.14981227822866008
remove 0.00047659898961014205 0.0
rendering 9.53197979220284e-05 0.0
repeat 0.0003812791916881136 0.0721032939013439
replace 9.53197979220284e-05 0.008733679968754631
report 0.0001906395958440568 0.0
representation 9.53197979220284e-05 0.0
represented 9.53197979220284e-05 0.044451762570833796
require 9.53197979220284e-05 0.0
research 0.0006672385854541988 0.02643325706815543
reset 9.53197979220284e-05 0.044451762570833796
resource 0.00028595939376608524 0.11020314013361425
resource_description_framework 0.0001906395958440568 0.0
resourceloaderdynamicstyles 9.53197979220284e-05 0.0
retrieved 9.53197979220284e-05 0.0
returnto 0.0003812791916881136 0.0
revision 0.00028595939376608524 0.0
revisions 9.53197979220284e-05 0.6844891178168307
rfr_id 0.0001906395958440568 0.0
rft 0.0020017157563625965 0.0
rft_id 0.00028595939376608524 0.0
rft_val_fmt 0.0001906395958440568 0.0
rgba 9.53197979220284e-05 0.0
right 0.0010485177771423124 0.0
rl 9.53197979220284e-05 0.0
rlconf 9.53197979220284e-05 0.0
rlpagemodules 9.53197979220284e-05 0.0
rlq 0.0005719187875321705 0.0
rlstate 9.53197979220284e-05 0.0
robots 9.53197979220284e-05 0.5108256237659907
rodriguez 0.0001906395958440568 0.3141153295199365
role 0.0020017157563625965 0.0
roman 0.0003812791916881136 0.37548427589622857
rootpage 9.53197979220284e-05 0.0
rsd 0.0001906395958440568 0.0
ru 0.0003812791916881136 0.8947845266531914
russian 9.53197979220284e-05 0.540239508972284
s 0.00047659898961014205 0.0
s2cid 0.0001906395958440568 0.008733679968754631
s2cid_ 9.53197979220284e-05 0.0
sa 0.0001906395958440568 0.0
sameas 0.0001906395958440568 0.0
saved 9.53197979220284e-05 0.0
schema 0.0001906395958440568 0.02643325706815543
scholar 0.0005719187875321705 0.0
screen 0.0001906395958440568 0.044451762570833796
scribunto 9.53197979220284e-05 0.044451762570833796
script 0.0013344771709083976 0.14981227822866008
scripting 0.0001906395958440568 0.017544309650909525
scripting_language 9.53197979220284e-05 0.0
scripts 9.53197979220284e-05 0.10054122922187746
search 0.0033361929272709943 0.0
searchbutton 0.0003812791916881136 0.0
searchform 9.53197979220284e-05 0.0
searchinput 9.53197979220284e-05 0.0
secondary 0.0001906395958440568 0.008733679968754631
seconds 0.00028595939376608524 0.0
section 0.001143837575064341 0.008733679968754631
sections 0.0005719187875321705 0.044451762570833796
see 0.00028595939376608524 0.0
see_also 0.0003812791916881136 0.0
selected 0.0003812791916881136 0.008733679968754631
selector 9.53197979220284e-05 0.0
selflink 9.53197979220284e-05 0.0
semantic 0.0008578781812982557 0.11020314013361425
semantic_desktop 0.0001906395958440568 0.0
semantic_web 0.0001906395958440568 0.0
semanticscholar 0.0001906395958440568 0.0
semistructured 0.0001906395958440568 0.7375989431307791
sentences 9.53197979220284e-05 0.0
september 0.0008578781812982557 0.008733679968754631
set 0.00028595939376608524 0.0
several 9.53197979220284e-05 0.0
sha1 9.53197979220284e-05 0.0
sharealike 9.53197979220284e-05 0.0
sharealike_3 9.53197979220284e-05 0.0
show 0.0003812791916881136 0.0
shown 9.53197979220284e-05 0.008733679968754631
sidebar 0.0010485177771423124 0.0
significant 9.53197979220284e-05 0.044451762570833796
similar 9.53197979220284e-05 0.008733679968754631
simile 0.00047659898961014205 0.7375989431307791
simplesearch 9.53197979220284e-05 0.0
site 0.00047659898961014205 0.0
sitedir 9.53197979220284e-05 0.0
sitelinks 9.53197979220284e-05 0.0
sitenotice 0.0001906395958440568 0.0
sitesub 9.53197979220284e-05 0.0
sitesupport 9.53197979220284e-05 0.0
size 0.0012391573729863693 0.0
sizing 9.53197979220284e-05 0.11020314013361425
skin 0.0006672385854541988 0.8131064956389242
skins 0.0005719187875321705 0.0
small 0.0020017157563625965 0.0
smaller 9.53197979220284e-05 0.02643325706815543
soft 0.0001906395958440568 0.7375989431307791
software 0.0023829949480507102 0.017544309650909525
software_application 9.53197979220284e-05 0.0
software_stubs 9.53197979220284e-05 0.0
solid 0.0007625583833762272 0.19105523676270922
source 0.0001906395958440568 0.0
sources 0.0009531979792202841 0.0
space 9.53197979220284e-05 0.0721032939013439
spacing 0.0001906395958440568 0.0
span 0.02135163473453436 0.044451762570833796
special 0.002287675150128682 0.0
specialpages 0.0001906395958440568 0.0
speedy 9.53197979220284e-05 0.0
src 0.0013344771709083976 0.0
srcset 0.0007625583833762272 0.0
standard 9.53197979220284e-05 0.0
start 0.0001906395958440568 0.0721032939013439
startup 0.0001906395958440568 0.0
statement 9.53197979220284e-05 0.0
states 9.53197979220284e-05 0.035401927050916
static 0.0012391573729863693 0.0
statistics 9.53197979220284e-05 0.0
stats 9.53197979220284e-05 0.0
statslink 9.53197979220284e-05 0.0
status 9.53197979220284e-05 0.0
stein 9.53197979220284e-05 0.2340726218464
sticky 0.0001906395958440568 0.0
stopmobileredirecttoggle 9.53197979220284e-05 0.0
strigi 0.00028595939376608524 0.7375989431307791
strong 0.0001906395958440568 0.008733679968754631
structured 9.53197979220284e-05 0.035401927050916
stub 0.0014297969688304261 0.05358424613410626
stubs 0.00028595939376608524 0.05358424613410626
style 0.003526832523115051 0.0
styles 0.001143837575064341 0.0
stylesheet 0.0001906395958440568 0.0
subject 9.53197979220284e-05 0.10054122922187746
sublist 0.00047659898961014205 0.0
submit 0.0001906395958440568 0.0
subscription 0.0001906395958440568 0.0
substantial 9.53197979220284e-05 0.11020314013361425
subtitle 9.53197979220284e-05 0.0
such 9.53197979220284e-05 0.0
suggestededitsession 9.53197979220284e-05 0.0
summary 0.00028595939376608524 0.14981227822866008
sup 0.0003812791916881136 0.0
support 0.0001906395958440568 0.0
svg 0.004384710704413306 0.0
switcher 9.53197979220284e-05 0.0
syntaxes 9.53197979220284e-05 0.7375989431307791
system 0.0007625583833762272 0.0
systems 0.0003812791916881136 0.02643325706815543
t 0.001143837575064341 0.02643325706815543
tab 0.00047659898961014205 0.19105523676270922
tabindex 0.0001906395958440568 0.0
table 0.0017157563625965113 0.0
tabs 0.0001906395958440568 4.051784947803305
tagline 0.00028595939376608524 0.0
tags 9.53197979220284e-05 0.0
talk 0.0008578781812982557 0.05358424613410626
target 0.00028595939376608524 0.0
targetloader 9.53197979220284e-05 0.0
tb 0.00028595939376608524 0.0
tbm 0.0003812791916881136 0.0
tbody 0.001143837575064341 0.0
tbs 0.0005719187875321705 0.09097177820572679
td 0.002287675150128682 0.0
technologies 9.53197979220284e-05 0.044451762570833796
technology 0.00047659898961014205 0.017544309650909525
telephone 9.53197979220284e-05 0.48225225132193467
template 0.003526832523115051 0.0
template_talk 9.53197979220284e-05 0.0
templateargumentsize 9.53197979220284e-05 0.0
templatestyles 0.001143837575064341 0.0
terms 0.0001906395958440568 0.0
terms_of_use 9.53197979220284e-05 0.0
tertiary 9.53197979220284e-05 0.008733679968754631
text 0.0062911066628538745 0.0
text_citations 9.53197979220284e-05 0.0
text_citations_from_april_2009 9.53197979220284e-05 0.0
text_document_with_red_question_mark 0.0005719187875321705 0.0
text_of_the_creative_commons_attribution 9.53197979220284e-05 0.0
than 9.53197979220284e-05 0.0
that 0.0003812791916881136 0.0
the 0.004098751310647222 0.0
these 0.0001906395958440568 0.0
this 0.0034315127251930227 0.0
those 9.53197979220284e-05 0.0
thumb 0.0017157563625965113 0.0
thumbnail 9.53197979220284e-05 0.0
thus 9.53197979220284e-05 0.008733679968754631
time 0.00047659898961014205 0.0
timestamp 0.0001906395958440568 0.0
timeusage 9.53197979220284e-05 0.0
timingprofile 9.53197979220284e-05 0.0
title 0.016013726050900772 0.0
titlebar 0.0007625583833762272 0.0
titleform 9.53197979220284e-05 0.0
to 0.00419407110856925 0.0
toc 0.007816223429606329 0.0
toggle 0.0008578781812982557 0.0
toggle_view_mobile 9.53197979220284e-05 0.0
tokens 9.53197979220284e-05 3.6463198396951406
toolbar 0.00028595939376608524 0.0
tools 0.0008578781812982557 0.0
top 0.0007625583833762272 0.0
topic 0.00028595939376608524 0.05358424613410626
topics 0.0005719187875321705 0.05358424613410626
total 0.0001906395958440568 0.0
touch 0.0001906395958440568 2.4423470353692043
tr 0.001143837575064341 0.08149303425118301
trademark 9.53197979220284e-05 0.0
transclusion 9.53197979220284e-05 0.0
transientcontent 9.53197979220284e-05 0.0
transparent 0.0001906395958440568 0.11020314013361425
tree 9.53197979220284e-05 0.20163734609324613
triggered 9.53197979220284e-05 0.0
trivial 9.53197979220284e-05 0.05358424613410626
true 0.002097035554284625 0.0
ttl 9.53197979220284e-05 0.0
type 0.0033361929272709943 0.0
types 9.53197979220284e-05 0.0
u 0.0001906395958440568 0.035401927050916
ui 0.005051949289867506 0.0
ul 0.006005147269087789 0.0
uls 0.00047659898961014205 0.0
unclear 0.0006672385854541988 0.05358424613410626
under 0.0001906395958440568 0.0
unifies 9.53197979220284e-05 0.7375989431307791
united 9.53197979220284e-05 0.035401927050916
unpin 0.0001906395958440568 0.0
unpinned 0.0001906395958440568 0.0
unstrip 0.0003812791916881136 0.0
unstructured 0.0001906395958440568 0.2340726218464
unstructured_information 9.53197979220284e-05 0.0
upload 0.002668954341816795 0.14981227822866008
upper 0.0003812791916881136 0.11020314013361425
url 0.0007625583833762272 0.0721032939013439
us 0.0001906395958440568 0.02643325706815543
usage 0.0003812791916881136 0.0
use 0.00028595939376608524 0.0
uselang 9.53197979220284e-05 0.0
user 0.0028595939376608523 0.0
useradd 0.0001906395958440568 0.0
userlogin 0.0001906395958440568 0.0
users 9.53197979220284e-05 0.0721032939013439
using 0.0005719187875321705 0.0
utc 9.53197979220284e-05 0.0
utf 9.53197979220284e-05 0.21233263520999412
utm_campaign 9.53197979220284e-05 0.0
utm_medium 9.53197979220284e-05 0.0
utm_source 9.53197979220284e-05 0.0
ux 9.53197979220284e-05 0.0
v 9.53197979220284e-05 0.044451762570833796
value 0.0012391573729863693 0.0
var 0.0001906395958440568 0.11020314013361425
variant 0.0001906395958440568 0.0
variants 0.0005719187875321705 0.0
vary 9.53197979220284e-05 0.0
ve 9.53197979220284e-05 0.25629575863111026
vector 0.023067391097130872 0.0
verifiability 0.0001906395958440568 0.0
version 0.0001906395958440568 0.0
vienna 0.0001906395958440568 0.7375989431307791
view 0.001143837575064341 0.0
viewdoc 0.0001906395958440568 0.0
viewport 9.53197979220284e-05 0.0
views 0.00028595939376608524 0.02643325706815543
virtual 0.0001906395958440568 0.0
visible 9.53197979220284e-05 0.044451762570833796
visit 0.0001906395958440568 0.0
visited 9.53197979220284e-05 0.0
visualeditor 0.0003812791916881136 0.0
visualizing 9.53197979220284e-05 0.7375989431307791
volume 9.53197979220284e-05 0.08149303425118301
vue 0.0001906395958440568 0.11995931507897897
w 0.0032408731293489656 0.0
walltime 9.53197979220284e-05 0.0
was 0.00047659898961014205 0.0
watchlist 9.53197979220284e-05 0.0
watchtoken 9.53197979220284e-05 0.0
way 9.53197979220284e-05 0.008733679968754631
wb 0.0001906395958440568 0.0
wbc 9.53197979220284e-05 0.0
wc 0.0001906395958440568 2.4423470353692043
web 0.00047659898961014205 0.0
webpage 9.53197979220284e-05 0.6340582641899388
website 9.53197979220284e-05 0.0
weight 0.00047659898961014205 0.7195804376281008
wgaction 9.53197979220284e-05 0.0
wgarticleid 9.53197979220284e-05 0.0
wgbackendresponsetime 9.53197979220284e-05 0.0
wgbreakframes 9.53197979220284e-05 0.0
wgcanonicalnamespace 9.53197979220284e-05 0.0
wgcanonicalspecialpagename 9.53197979220284e-05 0.0
wgcategories 9.53197979220284e-05 0.0
wgcentralauthmobiledomain 9.53197979220284e-05 0.0
wgcspnonce 9.53197979220284e-05 0.0
wgcurrevisionid 9.53197979220284e-05 0.0
wgdefaultdateformat 9.53197979220284e-05 0.0
wgdigittransformtable 9.53197979220284e-05 0.0
wgeditsubmitbuttonlabelpublish 9.53197979220284e-05 0.0
wgflaggedrevsparams 9.53197979220284e-05 0.0
wggestructuredtaskrejectionreasontextinputenabled 9.53197979220284e-05 0.0
wggetopicsmatchmodeenabled 9.53197979220284e-05 0.0
wghostname 9.53197979220284e-05 0.0
wginternalredirecttargeturl 9.53197979220284e-05 0.02643325706815543
wgisarticle 9.53197979220284e-05 0.0
wgisprobablyeditable 9.53197979220284e-05 0.0
wgisredirect 9.53197979220284e-05 0.0
wgmediaviewerenabledbydefault 9.53197979220284e-05 0.0
wgmediavieweronclick 9.53197979220284e-05 0.0
wgmfdisplaywikibasedescriptions 9.53197979220284e-05 0.0
wgmonthnames 9.53197979220284e-05 0.0
wgnamespacenumber 9.53197979220284e-05 0.0
wgnoticeproject 9.53197979220284e-05 0.0
wgpagecontentlanguage 9.53197979220284e-05 0.0
wgpagecontentmodel 9.53197979220284e-05 0.0
wgpagename 9.53197979220284e-05 0.0
wgpageparsereport 9.53197979220284e-05 0.0
wgpopupsflags 9.53197979220284e-05 0.0
wgredirectedfrom 9.53197979220284e-05 0.02643325706815543
wgrelevantarticleid 9.53197979220284e-05 0.0
wgrelevantpageisprobablyeditable 9.53197979220284e-05 0.0
wgrelevantpagename 9.53197979220284e-05 0.0
wgrequestid 9.53197979220284e-05 0.0
wgrestrictionedit 9.53197979220284e-05 0.0
wgrestrictionmove 9.53197979220284e-05 0.0
wgrevisionid 9.53197979220284e-05 0.0
wgseparatortransformtable 9.53197979220284e-05 0.0
wgtitle 9.53197979220284e-05 0.0
wgulscurrentautonym 9.53197979220284e-05 0.0
wgulsiscompactlinksenabled 9.53197979220284e-05 0.0
wgulsislanguageselectorempty 9.53197979220284e-05 0.0
wgulsposition 9.53197979220284e-05 0.0
wgusergroups 9.53197979220284e-05 0.0
wgusername 9.53197979220284e-05 0.0
wgvector2022previewpages 9.53197979220284e-05 0.0
wgvisualeditor 9.53197979220284e-05 0.0
wgwikibaseitemid 9.53197979220284e-05 0.0
wgwmepagelength 9.53197979220284e-05 0.0
wgwmeschemaeditattemptstepoversample 9.53197979220284e-05 0.0
what 9.53197979220284e-05 0.0
whatlinkshere 0.0001906395958440568 0.0
when 0.0015251167667524545 0.0
when_to_cite 9.53197979220284e-05 0.0
which 9.53197979220284e-05 0.0
white 9.53197979220284e-05 0.0721032939013439
width 0.0034315127251930227 0.0
wiki 0.011533695548565436 0.0
wiki_letter_w_cropped 0.0006672385854541988 0.0
wikibase 0.0003812791916881136 0.0
wikidata 0.0007625583833762272 0.0
wikimedia 0.004861309694023448 0.0
wikimediabadges 0.0001906395958440568 0.0
wikimediaevents 9.53197979220284e-05 0.0
wikimediafoundation 0.0001906395958440568 0.0
wikipedia 0.011724335144409494 0.0
wikiproject 9.53197979220284e-05 0.540239508972284
wikiproject_fact_and_reference_check 9.53197979220284e-05 0.0
wikisource 9.53197979220284e-05 3.6463198396951406
wikitext 9.53197979220284e-05 0.0
window 0.00028595939376608524 0.11020314013361425
with 0.0017157563625965113 0.0
wmf 0.00028595939376608524 0.0
word 0.0003812791916881136 0.044451762570833796
wordmark 0.0001906395958440568 0.0
works 9.53197979220284e-05 0.11020314013361425
worldcat 9.53197979220284e-05 0.3260915205666521
wpformidentifier 9.53197979220284e-05 0.0
wrap 0.0001906395958440568 0.5108256237659907
written 0.0001906395958440568 0.0
ws 9.53197979220284e-05 0.0
www 0.002097035554284625 0.0
x 0.00028595939376608524 0.0
xml 0.00028595939376608524 0.14981227822866008
y 0.0001906395958440568 0.008733679968754631
yes 9.53197979220284e-05 0.7936884097818228
you 0.0006672385854541988 0.0
z 0.0001906395958440568 0.11020314013361425
z39 0.0001906395958440568 0.0
z3988 0.0001906395958440568 0.0
 9.53197979220284e-05 0.7375989431307791
