0 0.008132060771328399 0.0
00 0.00019477989871445267 0.0
000 9.738994935722633e-05 0.0
01 0.0001460849240358395 0.008733679968754631
023a 4.869497467861317e-05 0.11995931507897897
03 4.869497467861317e-05 0.017544309650909525
039 0.00019477989871445267 0.22314355131420976
04 0.00019477989871445267 0.017544309650909525
042 9.738994935722633e-05 0.11995931507897897
05 0.0003408648227502922 0.0
06 4.869497467861317e-05 0.008733679968754631
07 9.738994935722633e-05 0.0
073 9.738994935722633e-05 0.11995931507897897
08 9.738994935722633e-05 0.0
09 4.869497467861317e-05 0.09097177820572679
0_unported_license 4.869497467861317e-05 0.0
0px 4.869497467861317e-05 0.0
1 0.004479937670432412 0.0
10 0.0014121542656797819 0.0
100 0.0016069341643942345 0.0
1000 4.869497467861317e-05 0.0
1000000 9.738994935722633e-05 0.0
100px 4.869497467861317e-05 0.0
1014080 4.869497467861317e-05 0.0
106 9.738994935722633e-05 0.044451762570833796
10px 0.0001460849240358395 0.0
11 0.00038955979742890534 0.008733679968754631
110 4.869497467861317e-05 0.11020314013361425
1117214868 0.0003408648227502922 0.11995931507897897
114 0.00024347487339306583 0.2340726218464
115 4.869497467861317e-05 0.08149303425118301
117 4.869497467861317e-05 0.0
1181 9.738994935722633e-05 0.11995931507897897
12 0.0004382547721075185 0.008733679968754631
121 4.869497467861317e-05 0.2340726218464
121px 4.869497467861317e-05 0.0
124 4.869497467861317e-05 0.2340726218464
125em 0.00024347487339306583 0.0
127 4.869497467861317e-05 0.11020314013361425
128 9.738994935722633e-05 0.0
12834298 9.738994935722633e-05 0.11995931507897897
129 9.738994935722633e-05 0.11995931507897897
12px 4.869497467861317e-05 0.0
12s5i 4.869497467861317e-05 0.0
12z 9.738994935722633e-05 0.0
13 0.0010225944682508766 0.0
130 9.738994935722633e-05 0.05358424613410626
133 4.869497467861317e-05 0.008733679968754631
138 0.00019477989871445267 0.11995931507897897
14 0.00038955979742890534 0.008733679968754631
1449321055 0.00019477989871445267 0.11995931507897897
15 0.00038955979742890534 0.0
150px 4.869497467861317e-05 0.0
157 9.738994935722633e-05 0.11995931507897897
15px 0.0001460849240358395 0.0
16 0.0004382547721075185 0.0
160 0.0010712894429294898 0.2340726218464
1617290626 0.00019477989871445267 0.11995931507897897
16px 9.738994935722633e-05 0.0
17 0.0003408648227502922 0.0
175px 4.869497467861317e-05 0.0
18 0.00048694974678613166 0.0
180 9.738994935722633e-05 0.2340726218464
1814400 9.738994935722633e-05 0.0
182px 4.869497467861317e-05 0.0
185 9.738994935722633e-05 0.10054122922187746
19 0.0003408648227502922 0.0
1934356784 0.00019477989871445267 0.11995931507897897
19t03 9.738994935722633e-05 0.0
1b44f11a9d29 4.869497467861317e-05 0.11995931507897897
1em 0.0004382547721075185 0.0
1px 0.00024347487339306583 0.0
1x1 4.869497467861317e-05 0.0
2 0.0020938839111803663 0.0
20 0.0007304246201791975 0.0
20000 4.869497467861317e-05 0.0
2004 0.000876509544215037 0.06280090123903044
2009 0.00048694974678613166 0.0
2009_software 4.869497467861317e-05 0.0
200px 4.869497467861317e-05 0.0
2010 0.00024347487339306583 0.008733679968754631
2011 0.000584339696143358 0.0
2012 0.00048694974678613166 0.0721032939013439
20120427060308 4.869497467861317e-05 0.0
2013 0.00019477989871445267 0.017544309650909525
20130815075924 4.869497467861317e-05 0.0
2014 0.0001460849240358395 0.017544309650909525
2015 4.869497467861317e-05 0.017544309650909525
2016 0.00024347487339306583 0.017544309650909525
2017 0.000292169848071679 0.0
2018 9.738994935722633e-05 0.09097177820572679
2019 0.00019477989871445267 0.0
2020 0.00038955979742890534 0.0
2021 9.738994935722633e-05 0.008733679968754631
2022 0.000584339696143358 0.0
20230314220219 4.869497467861317e-05 0.11995931507897897
20230314220221 9.738994935722633e-05 0.11995931507897897
2037801 4.869497467861317e-05 0.0
2078452 4.869497467861317e-05 0.0
2097152 0.00019477989871445267 0.0
20px 0.0001460849240358395 0.0
20t14 9.738994935722633e-05 0.0
21 0.00048694974678613166 0.0
210 9.738994935722633e-05 0.11995931507897897
2105 0.00019477989871445267 0.11995931507897897
22 0.000584339696143358 0.0
23 0.00038955979742890534 0.02643325706815543
235 9.738994935722633e-05 0.06280090123903044
23px 9.738994935722633e-05 0.0
24 0.00048694974678613166 0.008733679968754631
242px 4.869497467861317e-05 0.0
25 9.738994935722633e-05 0.0
255 4.869497467861317e-05 0.044451762570833796
25em 0.001119984417608103 0.0
26 9.738994935722633e-05 0.0
27 4.869497467861317e-05 0.0
27403236 0.0001460849240358395 0.11995931507897897
2776 9.738994935722633e-05 0.11995931507897897
278 9.738994935722633e-05 0.11995931507897897
27reilly 9.738994935722633e-05 0.0
27reilly_media 9.738994935722633e-05 0.0
27s 4.869497467861317e-05 0.0
28 9.738994935722633e-05 0.017544309650909525
282009 0.000292169848071679 0.0
285 9.738994935722633e-05 0.11995931507897897
28pc 4.869497467861317e-05 0.0
28px 4.869497467861317e-05 0.0
29 0.0003408648227502922 0.0
2b 0.00019477989871445267 0.8531118302526235
2c 9.738994935722633e-05 0.8531118302526235
2cicon 4.869497467861317e-05 0.0
2cstyles 4.869497467861317e-05 0.0
2cwikimediabadges 4.869497467861317e-05 0.0
2em 0.000292169848071679 0.0
2f 0.0007791195948578107 0.0
2f12 4.869497467861317e-05 0.0
2f138 4.869497467861317e-05 0.0
2f2 4.869497467861317e-05 0.0
2f2011 4.869497467861317e-05 0.0
2f2078452 4.869497467861317e-05 0.0
2f22 4.869497467861317e-05 0.0
2f58184348742074368 4.869497467861317e-05 0.0
2f76e27c 4.869497467861317e-05 0.11995931507897897
2farchive 4.869497467861317e-05 0.0
2farticle 4.869497467861317e-05 0.0
2fassetscoffeescript 4.869497467861317e-05 0.0
2fcoffee 4.869497467861317e-05 0.0
2fcoffeescript 9.738994935722633e-05 0.0
2fdetails 4.869497467861317e-05 0.0
2fdocumentation 4.869497467861317e-05 0.0
2fdonatstudios 4.869497467861317e-05 0.0
2fdropbox 4.869497467861317e-05 0.0
2fen 0.000876509544215037 0.0
2ffmt 0.000876509544215037 0.0
2ffrontend 4.869497467861317e-05 0.0
2fgithub 4.869497467861317e-05 0.0
2fimplicit 4.869497467861317e-05 0.0
2fisbn_9781934356784 4.869497467861317e-05 0.0
2fjavascript 4.869497467861317e-05 0.0
2fjoshpeek 4.869497467861317e-05 0.0
2fjs2 4.869497467861317e-05 0.0
2flucumr 4.869497467861317e-05 0.0
2fmaxtaco 4.869497467861317e-05 0.0
2fpage 4.869497467861317e-05 0.0
2fpc 4.869497467861317e-05 0.0
2fpixel 4.869497467861317e-05 0.0
2freviews 4.869497467861317e-05 0.0
2fstatus 4.869497467861317e-05 0.0
2fstyleguide 4.869497467861317e-05 0.0
2ftech 4.869497467861317e-05 0.0
2fthe 4.869497467861317e-05 0.0
2fturn 4.869497467861317e-05 0.0
2ftwitter 4.869497467861317e-05 0.0
2fwww 0.0001460849240358395 0.0
2px 0.0001460849240358395 0.0
2x 0.0005356447214647449 0.0
3 0.0008278145695364238 0.0
30 0.00019477989871445267 0.035401927050916
300 4.869497467861317e-05 0.017544309650909525
30em 9.738994935722633e-05 0.0
31 0.00048694974678613166 0.008733679968754631
3125em 4.869497467861317e-05 0.0
31px 9.738994935722633e-05 0.0
32 9.738994935722633e-05 0.0
321 0.00019477989871445267 0.11995931507897897
33 9.738994935722633e-05 0.008733679968754631
350 9.738994935722633e-05 0.08149303425118301
361 0.00019477989871445267 0.11995931507897897
368 9.738994935722633e-05 0.11995931507897897
37 9.738994935722633e-05 0.0
39 0.000292169848071679 0.035401927050916
3a 0.0006817296455005844 0.09097177820572679
3a3 4.869497467861317e-05 0.0
3abook 0.0006330346708219712 0.0
3acoffeescript 0.000876509544215037 0.0
3ajournal 0.00024347487339306583 0.0
3akev 0.000876509544215037 0.0
3amtx 0.000876509544215037 0.0
3aofi 0.000876509544215037 0.0
3asid 0.000876509544215037 0.0
3cols 4.869497467861317e-05 0.0
3d361 4.869497467861317e-05 0.0
3em 0.0001460849240358395 0.0
3fp 4.869497467861317e-05 0.0
3px 0.00024347487339306583 0.0
4 0.0004382547721075185 0.0
40 4.869497467861317e-05 0.017544309650909525
400 9.738994935722633e-05 0.0
42px 4.869497467861317e-05 0.0
432 9.738994935722633e-05 0.08149303425118301
4493 0.00019477989871445267 0.11995931507897897
45z 9.738994935722633e-05 0.0
47 9.738994935722633e-05 0.008733679968754631
4c 4.869497467861317e-05 4.74493212836325
4c21 4.869497467861317e-05 0.11995931507897897
4em 0.00019477989871445267 0.0
5 0.001119984417608103 0.0
50 9.738994935722633e-05 0.0
500 9.738994935722633e-05 0.0
5000000 9.738994935722633e-05 0.0
512 0.0001460849240358395 0.8131064956389242
52428800 9.738994935722633e-05 0.0
564 9.738994935722633e-05 0.11995931507897897
56px 4.869497467861317e-05 0.0
58184348742074368 4.869497467861317e-05 0.0
59 9.738994935722633e-05 0.044451762570833796
590 4.869497467861317e-05 0.035401927050916
5em 0.00048694974678613166 0.0
5x 0.0005356447214647449 0.11020314013361425
6 0.0006817296455005844 0.0
61 0.0001460849240358395 0.008733679968754631
62 9.738994935722633e-05 0.044451762570833796
637 9.738994935722633e-05 0.11995931507897897
6469 9.738994935722633e-05 0.11995931507897897
65 4.869497467861317e-05 0.02643325706815543
7 0.0006330346708219712 0.0
72 0.00019477989871445267 0.02643325706815543
720px 9.738994935722633e-05 0.0
724 9.738994935722633e-05 0.11995931507897897
725 9.738994935722633e-05 0.11995931507897897
75 9.738994935722633e-05 0.035401927050916
78 0.000292169848071679 0.017544309650909525
7cext 0.0001460849240358395 0.0
7cjquery 4.869497467861317e-05 0.0
7cmediawiki 4.869497467861317e-05 0.0
7cskins 4.869497467861317e-05 0.0
7cwikibase 4.869497467861317e-05 0.0
7em 4.869497467861317e-05 0.0
8 0.0008278145695364238 0.008733679968754631
80 9.738994935722633e-05 0.0
81 0.0001460849240358395 0.008733679968754631
8125em 4.869497467861317e-05 0.0
82010 0.00019477989871445267 0.11995931507897897
83 9.738994935722633e-05 0.1599646496926782
85 4.869497467861317e-05 0.0
86762 9.738994935722633e-05 0.11995931507897897
88 0.0010712894429294898 0.035401927050916
89 9.738994935722633e-05 0.08149303425118301
8a 0.000584339696143358 0.0
8a_ 4.869497467861317e-05 0.0
8b 4.869497467861317e-05 1.1340142157190256
8c 0.0001460849240358395 0.7195804376281008
8d 0.00024347487339306583 0.0
8e9d637985d2dc9b44922076ad54ffef7fa8e9c2 4.869497467861317e-05 0.0
9 0.0006330346708219712 0.0
90 9.738994935722633e-05 0.0
91 0.0013147643163225556 0.035401927050916
92257 9.738994935722633e-05 0.11995931507897897
926 9.738994935722633e-05 0.11995931507897897
93 0.0013147643163225556 0.13976194237515863
94 4.869497467861317e-05 0.05358424613410626
95 0.0001460849240358395 0.09097177820572679
96 0.00024347487339306583 0.0
978 0.0009738994935722633 0.0
987007585904005171 4.869497467861317e-05 0.0
9em 4.869497467861317e-05 0.0
9px 0.0001460849240358395 0.0
_comparison_ 4.869497467861317e-05 0.0
_history 4.869497467861317e-05 0.0
_missing_periodical 4.869497467861317e-05 0.0
_timeline_ 4.869497467861317e-05 0.0
a 0.04874366965329178 0.0
a0 9.738994935722633e-05 0.3504829736908114
a2a9b1 4.869497467861317e-05 0.0
a4 9.738994935722633e-05 0.0
a435 4.869497467861317e-05 0.11995931507897897
a6 4.869497467861317e-05 0.3504829736908114
a7 0.0001460849240358395 0.3504829736908114
a8 4.869497467861317e-05 0.0
a9 9.738994935722633e-05 0.0
aa 0.00019477989871445267 0.2340726218464
aaa 4.869497467861317e-05 0.0
ab 4.869497467861317e-05 0.0
abbr 0.0009738994935722633 0.0
about 0.0005356447214647449 0.0
aboutsite 4.869497467861317e-05 0.0
above 9.738994935722633e-05 0.008733679968754631
abovebelow 0.000292169848071679 0.0
absolute 4.869497467861317e-05 0.035401927050916
ac 4.869497467861317e-05 2.665490586683414
accelerated 9.738994935722633e-05 0.11020314013361425
accessdate 0.00048694974678613166 0.0
accesskey 0.0009252045188936502 0.0
account 0.00019477989871445267 0.0
ace 9.738994935722633e-05 0.11995931507897897
ace_ 4.869497467861317e-05 0.0
across 4.869497467861317e-05 0.0
action 0.0015095442150370082 0.0
actions 4.869497467861317e-05 0.0
active 9.738994935722633e-05 0.017544309650909525
active_server_pages 4.869497467861317e-05 0.0
ada 9.738994935722633e-05 0.035401927050916
ada_ 4.869497467861317e-05 3.6463198396951406
add 4.869497467861317e-05 0.0
addison 0.00019477989871445267 0.11995931507897897
additional 9.738994935722633e-05 0.0
additions 0.00019477989871445267 0.08149303425118301
address 9.738994935722633e-05 0.0
adds 9.738994935722633e-05 0.0
adoption 0.0003408648227502922 0.10054122922187746
after 0.000876509544215037 0.02643325706815543
ago 9.738994935722633e-05 0.017544309650909525
agree 4.869497467861317e-05 0.0
aims 4.869497467861317e-05 0.11995931507897897
ajax 9.738994935722633e-05 0.0
ajax_ 4.869497467861317e-05 0.0
alemannisch 9.738994935722633e-05 0.0
alert 0.000584339696143358 0.11995931507897897
alex 0.00019477989871445267 0.11995931507897897
algol 0.0001460849240358395 0.044451762570833796
algorithm 9.738994935722633e-05 0.017544309650909525
align 0.0006817296455005844 0.0721032939013439
all 0.00024347487339306583 0.0
all_articles_with_unsourced_statements 4.869497467861317e-05 0.0
allow 9.738994935722633e-05 0.008733679968754631
allows 0.0001460849240358395 0.0
almost 4.869497467861317e-05 0.11020314013361425
alpha 0.00019477989871445267 0.14981227822866008
alphabetical 4.869497467861317e-05 0.11995931507897897
als 9.738994935722633e-05 0.0
also 0.0003408648227502922 0.0
alt 0.0007791195948578107 0.0
alternate 0.0001460849240358395 0.14981227822866008
alternative 4.869497467861317e-05 0.06280090123903044
alternatively 4.869497467861317e-05 0.11995931507897897
amber 9.738994935722633e-05 0.11995931507897897
amber_smalltalk 4.869497467861317e-05 0.0
amp 0.010031164783794313 0.18058393689541388
an 0.000292169848071679 0.0
analysis 9.738994935722633e-05 0.11995931507897897
and 0.0019477989871445266 0.0
angular 9.738994935722633e-05 0.11995931507897897
angular_ 4.869497467861317e-05 0.0
angularjs 0.0001460849240358395 0.11995931507897897
announced 0.0001460849240358395 0.02643325706815543
announcement 9.738994935722633e-05 0.11995931507897897
announcing 9.738994935722633e-05 0.11995931507897897
anon 9.738994935722633e-05 0.0
anoncontribs 4.869497467861317e-05 0.0
anontalk 4.869497467861317e-05 0.0
anonymous 4.869497467861317e-05 0.12981161152199053
another 4.869497467861317e-05 0.0
any 0.0001460849240358395 0.0
apache 9.738994935722633e-05 0.017544309650909525
apache_maven 4.869497467861317e-05 0.0
api 4.869497467861317e-05 0.14981227822866008
apl 9.738994935722633e-05 0.11995931507897897
apl_ 4.869497467861317e-05 0.3141153295199365
appeared 4.869497467861317e-05 0.044451762570833796
apple 9.738994935722633e-05 0.13976194237515863
application 0.000292169848071679 0.0
apply 4.869497467861317e-05 0.0
approximation 4.869497467861317e-05 0.11995931507897897
april 0.00024347487339306583 0.0
ar 0.00019477989871445267 0.5108256237659907
arabic 4.869497467861317e-05 0.0
archive 0.00019477989871445267 0.044451762570833796
archived 9.738994935722633e-05 0.035401927050916
are 0.00038955979742890534 0.0
argument 4.869497467861317e-05 0.0
aria 0.0016069341643942345 0.0
armenian 4.869497467861317e-05 0.0
arrays 4.869497467861317e-05 0.044451762570833796
article 0.0005356447214647449 0.0
articles 0.0010712894429294898 0.0
articles_with_j9u_identifiers 4.869497467861317e-05 0.0
articles_with_lccn_identifiers 4.869497467861317e-05 0.0
articles_with_short_description 4.869497467861317e-05 0.0
articles_with_unsourced_statements_from_january_2016 4.869497467861317e-05 0.0
articles_with_unsourced_statements_from_may_2019 4.869497467861317e-05 0.0
articles_with_unsourced_statements_from_september_2020 4.869497467861317e-05 0.0
as 0.0005356447214647449 0.0
ashkenas 0.0004382547721075185 0.11995931507897897
asm 0.0001460849240358395 0.11995931507897897
assembly 9.738994935722633e-05 0.0
assembly_language 4.869497467861317e-05 0.7195804376281008
assemblyscript 0.0001460849240358395 0.11995931507897897
assetscoffeescript 0.0001460849240358395 0.11995931507897897
assignment 9.738994935722633e-05 0.11020314013361425
associated 9.738994935722633e-05 0.035401927050916
async 0.0004382547721075185 0.37548427589622857
asynchronous 4.869497467861317e-05 0.11995931507897897
at 0.000584339696143358 0.0
atitle 0.00024347487339306583 0.0
atom 0.00048694974678613166 0.11995931507897897
atom_ 9.738994935722633e-05 0.0
atscript 0.0001460849240358395 0.11995931507897897
attracted 4.869497467861317e-05 0.11995931507897897
attribution 4.869497467861317e-05 0.0
au 0.00019477989871445267 0.37548427589622857
aufirst 0.00048694974678613166 0.0
august 0.0001460849240358395 0.035401927050916
aulast 0.00048694974678613166 0.0
author 0.00019477989871445267 0.02643325706815543
authorities 4.869497467861317e-05 0.0
authority 0.0001460849240358395 0.008733679968754631
authority_control 4.869497467861317e-05 0.008733679968754631
auto 0.00019477989871445267 0.035401927050916
autocapitalize 4.869497467861317e-05 0.0
autocollapse 9.738994935722633e-05 0.0
automatically 4.869497467861317e-05 0.017544309650909525
autostart 4.869497467861317e-05 0.0
available 0.0001460849240358395 0.0
avoid 9.738994935722633e-05 0.19105523676270922
await 4.869497467861317e-05 0.11995931507897897
az 0.00019477989871445267 0.0
azerbaijani 4.869497467861317e-05 0.0
azərbaycanca 4.869497467861317e-05 0.0
b 0.002580833657966498 0.017544309650909525
b0 4.869497467861317e-05 0.3504829736908114
b1 0.00019477989871445267 0.3504829736908114
b3 9.738994935722633e-05 0.0
b4 0.0004382547721075185 0.0
b5 0.0003408648227502922 0.0
b7 9.738994935722633e-05 0.3504829736908114
b8 9.738994935722633e-05 0.0
babel 9.738994935722633e-05 0.11995931507897897
babel_ 4.869497467861317e-05 0.0
back 4.869497467861317e-05 0.0721032939013439
backbone 0.0001460849240358395 0.11995931507897897
background 0.0014121542656797819 0.2340726218464
backlink 0.001168679392286716 0.0
bar 9.738994935722633e-05 0.11020314013361425
base 4.869497467861317e-05 0.02643325706815543
based 0.00038955979742890534 0.0
based_programming 4.869497467861317e-05 0.0
based_programming_languages 9.738994935722633e-05 0.0
based_source_code_editors 4.869497467861317e-05 0.0
basic 0.00038955979742890534 0.0
bates 9.738994935722633e-05 0.11995931507897897
baz 4.869497467861317e-05 0.11995931507897897
bb 4.869497467861317e-05 0.0
bc 4.869497467861317e-05 0.7195804376281008
bd 4.869497467861317e-05 0.0
bday 9.738994935722633e-05 0.0
bdi 0.00048694974678613166 0.0
be 0.0005356447214647449 0.0
because 4.869497467861317e-05 0.0
been 0.0001460849240358395 0.008733679968754631
before 0.0007304246201791975 0.017544309650909525
below 4.869497467861317e-05 0.0
bf 4.869497467861317e-05 0.7195804376281008
bi 4.869497467861317e-05 0.11995931507897897
block 0.000292169848071679 0.044451762570833796
blocks 9.738994935722633e-05 0.035401927050916
bmi 0.00024347487339306583 0.11995931507897897
body 0.0007791195948578107 0.11995931507897897
body_mass_index 4.869497467861317e-05 0.0
bodycontent 9.738994935722633e-05 0.0
bold 9.738994935722633e-05 0.21233263520999412
book 0.0006817296455005844 0.0721032939013439
bookshelf 0.0001460849240358395 0.017544309650909525
booksources 0.00048694974678613166 0.0
bootstrap 4.869497467861317e-05 0.0
border 0.0012173743669653292 0.7936884097818228
borrows 4.869497467861317e-05 0.06280090123903044
both 4.869497467861317e-05 0.008733679968754631
bottom 0.0001460849240358395 0.12981161152199053
box 0.001119984417608103 0.0
boxtext 4.869497467861317e-05 0.0
braces 0.0001460849240358395 0.11995931507897897
bracket 0.0009738994935722633 0.3141153295199365
brackets 0.00019477989871445267 0.11995931507897897
brackets_ 4.869497467861317e-05 0.0
break 0.0001460849240358395 0.19105523676270922
brendan 0.000292169848071679 0.11995931507897897
brendan_eich 9.738994935722633e-05 0.0
brendaneich 9.738994935722633e-05 0.0
brevity 4.869497467861317e-05 0.11995931507897897
bring 4.869497467861317e-05 0.11995931507897897
browser 0.0003408648227502922 0.11020314013361425
browsing 4.869497467861317e-05 0.27902400970866637
btitle 0.0006330346708219712 0.0
btn 0.000292169848071679 0.0
build 4.869497467861317e-05 0.02643325706815543
bundle 4.869497467861317e-05 0.540239508972284
bundlers 4.869497467861317e-05 0.11995931507897897
burnham 9.738994935722633e-05 0.11995931507897897
button 0.0016069341643942345 0.0
buttons 4.869497467861317e-05 0.0
by 0.0010225944682508766 0.0
bytes 0.00019477989871445267 0.0
c 0.0004382547721075185 0.0
c1 0.000292169848071679 0.9382696385929302
c13_en 4.869497467861317e-05 0.0
c2 9.738994935722633e-05 0.9382696385929302
c_ 4.869497467861317e-05 0.19105523676270922
c_sharp_ 4.869497467861317e-05 1.0560526742493137
ca 0.000584339696143358 0.035401927050916
cache 9.738994935722633e-05 0.0
cached 4.869497467861317e-05 0.0
cachereport 4.869497467861317e-05 0.0
cactions 0.000292169848071679 0.0
call 4.869497467861317e-05 0.0
calls 0.0001460849240358395 0.0
campaigns 4.869497467861317e-05 0.0
can 0.000584339696143358 0.0
canonical 9.738994935722633e-05 0.0
cantonese 4.869497467861317e-05 0.0
caps 4.869497467861317e-05 0.0
caption 9.738994935722633e-05 0.0
cascading 9.738994935722633e-05 0.11995931507897897
cascading_style_sheets 4.869497467861317e-05 0.0
catalan 4.869497467861317e-05 0.3629054936893685
català 4.869497467861317e-05 0.0
categorical 4.869497467861317e-05 0.11995931507897897
categories 9.738994935722633e-05 0.0
category 0.0021425788858589795 0.0
catlinks 0.000292169848071679 0.0
cats 4.869497467861317e-05 0.0
ccf 4.869497467861317e-05 1.0560526742493137
ccg 9.738994935722633e-05 0.0
ccg_24 9.738994935722633e-05 0.0
cell 9.738994935722633e-05 0.21233263520999412
center 0.0004382547721075185 0.02643325706815543
centered 9.738994935722633e-05 0.11995931507897897
centralauth 9.738994935722633e-05 0.0
centralautologin 9.738994935722633e-05 0.0
centralnotice 0.0001460849240358395 0.0
chain 4.869497467861317e-05 0.11020314013361425
chained 4.869497467861317e-05 0.11020314013361425
change 4.869497467861317e-05 0.0
changes 0.00019477989871445267 0.02643325706815543
charinsert 4.869497467861317e-05 0.0
charset 4.869497467861317e-05 0.0
checkbox 0.0016556291390728477 0.0
checks 4.869497467861317e-05 0.11020314013361425
child 0.0012173743669653292 0.21233263520999412
chinese 4.869497467861317e-05 0.19105523676270922
chris 9.738994935722633e-05 0.11995931507897897
christ 9.738994935722633e-05 0.11995931507897897
christcenteredgamer 9.738994935722633e-05 0.0
chrome 9.738994935722633e-05 0.11995931507897897
chrome_ 4.869497467861317e-05 0.0
citation 0.0016556291390728477 0.017544309650909525
citation_needed 0.0001460849240358395 0.48225225132193467
cite 0.0034086482275029217 0.0
cite_journal 4.869497467861317e-05 0.008733679968754631
cite_news 9.738994935722633e-05 0.0721032939013439
cite_note 0.002337358784573432 0.0
cite_ref 0.002337358784573432 0.0
citerefalex_maccaw2012 4.869497467861317e-05 0.0
citerefbates2012 4.869497467861317e-05 0.0
citerefburnham2011 4.869497467861317e-05 0.0
citerefcullen 4.869497467861317e-05 0.0
citerefgoldstein2020 4.869497467861317e-05 0.0
citerefgrosenbach2011 4.869497467861317e-05 0.0
citerefheller2011 4.869497467861317e-05 0.0
citerefjosh_peek2011 4.869497467861317e-05 0.0
citereflee2014 4.869497467861317e-05 0.0
citerefmaccaw2012 4.869497467861317e-05 0.0
citerefsta_cruz 4.869497467861317e-05 0.0
citerefwheelermahkovecvarenhorst2012 4.869497467861317e-05 0.0
citethispage 4.869497467861317e-05 0.0
claim 0.0001460849240358395 0.13976194237515863
class 0.04411764705882353 0.0
classic 9.738994935722633e-05 0.0721032939013439
classic_visual_basic 4.869497467861317e-05 0.0
classname 0.0001460849240358395 0.0
clean 4.869497467861317e-05 0.11995931507897897
clear 0.00019477989871445267 0.11020314013361425
clicking 4.869497467861317e-05 0.11020314013361425
client 0.00024347487339306583 0.0
clojure 0.0001460849240358395 0.11995931507897897
clojurescript 0.0001460849240358395 0.11995931507897897
closing 4.869497467861317e-05 0.11995931507897897
closure 9.738994935722633e-05 0.11995931507897897
cloud9 9.738994935722633e-05 0.11995931507897897
cloud9_ide 4.869497467861317e-05 0.0
cobol 0.0001460849240358395 0.11020314013361425
code 0.003457343202181535 0.0
codemirror 0.0001460849240358395 0.11995931507897897
coffee 0.0004382547721075185 0.11995931507897897
coffeescript 0.00861901051811453 0.11995931507897897
coffescript 9.738994935722633e-05 0.11995931507897897
col 0.0001460849240358395 0.2340726218464
coll 0.00019477989871445267 0.0
collapse 4.869497467861317e-05 0.0
collapsed 0.0001460849240358395 0.0
collapses 4.869497467861317e-05 0.0
collapsible 0.0006330346708219712 0.0
color 0.0009252045188936502 0.3629054936893685
colspan 0.0006817296455005844 0.0
column 0.00024347487339306583 0.11020314013361425
columns 0.000292169848071679 0.11020314013361425
com 0.0015095442150370082 0.0
comment 0.0001460849240358395 0.11020314013361425
comments 4.869497467861317e-05 0.11020314013361425
commit 0.00019477989871445267 0.02643325706815543
committed 4.869497467861317e-05 0.11995931507897897
common 0.0001460849240358395 0.0
commonjs 0.000292169848071679 0.11995931507897897
commons 0.0006817296455005844 0.0
community 4.869497467861317e-05 0.10054122922187746
community_portal 4.869497467861317e-05 0.0
compactlinks 4.869497467861317e-05 0.0
comparison 0.000292169848071679 0.0
comparison_of_javascript 4.869497467861317e-05 0.0
comparison_of_javascript_frameworks 4.869497467861317e-05 0.0
comparison_of_programming_languages 4.869497467861317e-05 0.0
comparisons 4.869497467861317e-05 0.11020314013361425
compatibility 4.869497467861317e-05 0.11020314013361425
compiler 0.00038955979742890534 0.0
compilers 0.0003408648227502922 0.044451762570833796
compiles 0.00019477989871445267 0.017544309650909525
completely 4.869497467861317e-05 0.11995931507897897
complications 4.869497467861317e-05 0.0
comprehension 0.00019477989871445267 0.11995931507897897
compute 0.0001460849240358395 0.044451762570833796
computer 9.738994935722633e-05 0.0
computer_science 9.738994935722633e-05 0.0
concepts 4.869497467861317e-05 0.0
condition 4.869497467861317e-05 0.008733679968754631
config 9.738994935722633e-05 0.0
consequent 4.869497467861317e-05 0.11995931507897897
console 4.869497467861317e-05 0.0
const 0.0001460849240358395 0.11995931507897897
contact 0.00019477989871445267 0.0
contact_us 9.738994935722633e-05 0.0
contactpage 4.869497467861317e-05 0.0
container 0.0006817296455005844 0.14981227822866008
containing 4.869497467861317e-05 0.008733679968754631
content 0.004041682898324893 0.0
contentinfo 4.869497467861317e-05 0.0
contents 0.0006330346708219712 0.0
contentsub 4.869497467861317e-05 0.0
context 9.738994935722633e-05 0.017544309650909525
contribute 4.869497467861317e-05 0.0
contributions 4.869497467861317e-05 0.2340726218464
contributors 0.0001460849240358395 0.017544309650909525
control 0.00024347487339306583 0.0
controls 9.738994935722633e-05 0.0
conversion 4.869497467861317e-05 0.0
cookie 0.00024347487339306583 0.0
cookie_statement 4.869497467861317e-05 0.0
cookiestatement 4.869497467861317e-05 0.0
copyright 0.0001460849240358395 0.0
copyrightico 4.869497467861317e-05 0.0
core 0.0001460849240358395 0.0
could 4.869497467861317e-05 0.044451762570833796
count 9.738994935722633e-05 0.0
counter 0.00019477989871445267 0.11020314013361425
cpu 4.869497467861317e-05 0.0
cputime 4.869497467861317e-05 0.0
create 0.00019477989871445267 0.0
createaccount 0.00019477989871445267 0.0
created 0.0001460849240358395 0.0
creative 4.869497467861317e-05 0.0
creativecommons 9.738994935722633e-05 0.0
criticized 4.869497467861317e-05 0.11995931507897897
crockford 9.738994935722633e-05 0.11995931507897897
cross 0.00019477989871445267 0.0
crossorigin 4.869497467861317e-05 0.0
cruz 9.738994935722633e-05 0.11995931507897897
cs1 0.0018991040124659135 0.017544309650909525
cs1_errors 9.738994935722633e-05 0.0
csrftoken 4.869497467861317e-05 0.0
ct 9.738994935722633e-05 0.6844891178168307
ctx_ver 0.000876509544215037 0.0
cullen 9.738994935722633e-05 0.11995931507897897
curly 4.869497467861317e-05 0.11995931507897897
current 9.738994935722633e-05 0.08149303425118301
current_events 4.869497467861317e-05 0.0
currentevents 4.869497467861317e-05 0.0
cursor 4.869497467861317e-05 0.5860490450035782
cx 9.738994935722633e-05 0.0
cycle 4.869497467861317e-05 0.8737311174553593
d 0.00048694974678613166 0.017544309650909525
d3 0.0001460849240358395 0.0
d33 9.738994935722633e-05 0.0
d6 4.869497467861317e-05 0.0
d8 0.00048694974678613166 0.0
d9 0.00048694974678613166 0.0
da 9.738994935722633e-05 0.3141153295199365
dahl 9.738994935722633e-05 0.08149303425118301
dan 9.738994935722633e-05 0.11995931507897897
daniel 9.738994935722633e-05 0.11995931507897897
dart 0.00038955979742890534 0.11995931507897897
dart_ 9.738994935722633e-05 0.0
data 0.004090377873003506 0.0
date 0.0005356447214647449 0.02643325706815543
datemodified 9.738994935722633e-05 0.0
datepublished 9.738994935722633e-05 0.0
david 9.738994935722633e-05 0.017544309650909525
day 4.869497467861317e-05 0.11020314013361425
db 0.00024347487339306583 0.6505875661411494
dd 0.0007791195948578107 0.035401927050916
ddf 4.869497467861317e-05 0.0
de 0.00019477989871445267 0.017544309650909525
debug 4.869497467861317e-05 0.044451762570833796
debugger 9.738994935722633e-05 0.044451762570833796
debuggers 4.869497467861317e-05 0.0721032939013439
dec 9.738994935722633e-05 0.11995931507897897
december 0.00024347487339306583 0.02643325706815543
decent 4.869497467861317e-05 0.11995931507897897
decimal 4.869497467861317e-05 0.11020314013361425
decoding 0.00038955979742890534 0.21233263520999412
decoration 9.738994935722633e-05 0.0
deduplicate 0.0003408648227502922 0.0
deduplicated 0.0014121542656797819 0.0
defer 4.869497467861317e-05 0.11995931507897897
defined 4.869497467861317e-05 0.0
deno 9.738994935722633e-05 0.11995931507897897
deno_ 4.869497467861317e-05 0.0
denote 4.869497467861317e-05 0.11995931507897897
denoted 4.869497467861317e-05 0.008733679968754631
depth 0.0001460849240358395 0.0
described 4.869497467861317e-05 0.0721032939013439
description 0.0003408648227502922 0.0
design 4.869497467861317e-05 0.035401927050916
designed 4.869497467861317e-05 0.0
desktoparticletarget 0.0001460849240358395 0.0
destructuring 9.738994935722633e-05 0.11995931507897897
destructuring_assignment 4.869497467861317e-05 0.0
details 9.738994935722633e-05 0.11020314013361425
detected 4.869497467861317e-05 0.11995931507897897
detection 4.869497467861317e-05 0.10054122922187746
deutsch 4.869497467861317e-05 0.0
developer 0.0001460849240358395 0.02643325706815543
developers 9.738994935722633e-05 0.0
development 0.000292169848071679 0.017544309650909525
development_and_distribution 0.00019477989871445267 0.11995931507897897
devtools 0.0001460849240358395 0.11995931507897897
difficult 4.869497467861317e-05 0.044451762570833796
dir 0.0008278145695364238 0.4682660093471948
directional 4.869497467861317e-05 0.11995931507897897
directly 0.0001460849240358395 0.0
disabled 0.0005356447214647449 0.11020314013361425
disallows 4.869497467861317e-05 0.11995931507897897
discipline 4.869497467861317e-05 0.06280090123903044
disclaimers 9.738994935722633e-05 0.0
discuss 0.00019477989871445267 0.05358424613410626
discussion 9.738994935722633e-05 0.26759531388504365
display 0.0008278145695364238 0.0
distribution 0.0001460849240358395 0.044451762570833796
div 0.013926762758083366 0.0
dives 9.738994935722633e-05 0.11995931507897897
divisor 9.738994935722633e-05 0.11995931507897897
dl 0.00048694974678613166 0.22314355131420976
dmy 4.869497467861317e-05 0.08149303425118301
dns 9.738994935722633e-05 0.540239508972284
do 9.738994935722633e-05 0.0
doc 4.869497467861317e-05 0.10054122922187746
doctype 4.869497467861317e-05 0.0
document 0.00038955979742890534 0.09097177820572679
document_object_model 4.869497467861317e-05 0.0
documentation 9.738994935722633e-05 0.017544309650909525
documentation_generator 4.869497467861317e-05 0.0
documented 4.869497467861317e-05 0.06280090123903044
documentelement 0.0001460849240358395 0.0
does 0.00019477989871445267 0.0
donate 0.0001460849240358395 0.0
donating 4.869497467861317e-05 0.0
donatstudios 4.869497467861317e-05 0.0
double 4.869497467861317e-05 0.008733679968754631
douglas 9.738994935722633e-05 0.08149303425118301
douglas_crockford 4.869497467861317e-05 0.0
download 0.00019477989871445267 0.0
downloadaspdf 4.869497467861317e-05 0.0
dreams 9.738994935722633e-05 0.11995931507897897
dropbox 0.0004382547721075185 0.11995931507897897
dropbox_ 4.869497467861317e-05 0.0
dropdown 0.0012173743669653292 0.0
dt 0.0007791195948578107 0.0
dtstart 9.738994935722633e-05 0.0
dynamic 0.00024347487339306583 0.0
dynamic_programming_languages 4.869497467861317e-05 0.0
dynamic_typing 4.869497467861317e-05 0.0
e 0.000292169848071679 0.0
e0 0.0007791195948578107 0.7195804376281008
e2 4.869497467861317e-05 1.911718784307034
e28f47ce6f264033ac0d162ee27cee5f06da49ab 0.00019477989871445267 0.0
e6e6ff 4.869497467861317e-05 0.0
eb 4.869497467861317e-05 0.0
ec 9.738994935722633e-05 0.0
echo 4.869497467861317e-05 0.0
eclipse 4.869497467861317e-05 0.11020314013361425
ecmascript 9.738994935722633e-05 0.11995931507897897
ed 0.00038955979742890534 0.008733679968754631
edge 9.738994935722633e-05 0.11995931507897897
edit 0.0029703934553954032 0.0
editable 4.869497467861317e-05 0.49643688631389105
edited 4.869497467861317e-05 0.0
editing 4.869497467861317e-05 0.11020314013361425
edition 0.00019477989871445267 0.044451762570833796
editor 0.0004382547721075185 0.044451762570833796
editors 0.00019477989871445267 0.0
editpage 4.869497467861317e-05 0.0
edits 9.738994935722633e-05 0.0
editsection 0.001460849240358395 0.0
edituri 4.869497467861317e-05 0.0
eee 9.738994935722633e-05 0.0
effort 4.869497467861317e-05 0.10054122922187746
eich 0.000292169848071679 0.11995931507897897
element 0.0003408648227502922 0.0
eliminating 4.869497467861317e-05 0.11995931507897897
ellipsis 9.738994935722633e-05 0.2340726218464
elm 0.00019477989871445267 0.11995931507897897
elm_ 9.738994935722633e-05 0.0
else 4.869497467861317e-05 0.044451762570833796
elt 4.869497467861317e-05 0.0
ember 0.0001460849240358395 0.11995931507897897
empty 9.738994935722633e-05 0.008733679968754631
emptyportlet 9.738994935722633e-05 0.0
emscripten 0.0001460849240358395 0.11995931507897897
en 0.002239968835216206 0.0
enabled 0.0005356447214647449 0.008733679968754631
encouraged 0.00019477989871445267 1.5668782980153044
encyclopedia 9.738994935722633e-05 0.0
end 4.869497467861317e-05 0.0
engine 0.00019477989871445267 0.02643325706815543
engines 0.0001460849240358395 0.11995931507897897
english 0.00038955979742890534 0.0
enhance 4.869497467861317e-05 0.11020314013361425
enhancements 4.869497467861317e-05 0.0
enter 4.869497467861317e-05 0.11995931507897897
entities 4.869497467861317e-05 0.0
entity 0.00019477989871445267 0.0
entityaccesscount 4.869497467861317e-05 0.0
entitypage 9.738994935722633e-05 0.0
entry 9.738994935722633e-05 0.035401927050916
environment 9.738994935722633e-05 0.0
enwiki 4.869497467861317e-05 0.0
enwikimwclientprefs 4.869497467861317e-05 0.0
equivalent 4.869497467861317e-05 0.0721032939013439
era 4.869497467861317e-05 0.11995931507897897
erlang 9.738994935722633e-05 0.11995931507897897
erlang_ 4.869497467861317e-05 0.0
error 0.00024347487339306583 0.11020314013361425
errors 0.00024347487339306583 0.06280090123903044
es 0.00019477989871445267 1.8545603704670854
es6 9.738994935722633e-05 0.0
esi 9.738994935722633e-05 0.7195804376281008
esitest 4.869497467861317e-05 0.0
eslint 0.0001460849240358395 0.11995931507897897
español 4.869497467861317e-05 0.0
established 4.869497467861317e-05 0.11995931507897897
euclidean 9.738994935722633e-05 0.11995931507897897
euclidean_algorithm 4.869497467861317e-05 0.0
even 0.0005356447214647449 0.11020314013361425
event 0.00048694974678613166 0.0
eventlogging 9.738994935722633e-05 0.0
events 9.738994935722633e-05 0.11020314013361425
everything 4.869497467861317e-05 0.11995931507897897
exact 4.869497467861317e-05 0.0
example 0.00019477989871445267 0.0
exist 4.869497467861317e-05 0.0721032939013439
exists 4.869497467861317e-05 0.0
expand 0.0001460849240358395 0.0
expanded 0.0005356447214647449 0.0
expansion 9.738994935722633e-05 0.0
expansiondepth 4.869497467861317e-05 0.0
expensive 4.869497467861317e-05 0.0
expensivefunctioncount 4.869497467861317e-05 0.0
expiry 9.738994935722633e-05 0.0
export 4.869497467861317e-05 0.0
express 0.000292169848071679 0.0
expression 9.738994935722633e-05 0.008733679968754631
expression_ 4.869497467861317e-05 0.0
expressions 4.869497467861317e-05 0.008733679968754631
ext 0.0013634592910011687 0.0
extension 9.738994935722633e-05 0.008733679968754631
extensions 0.00038955979742890534 0.0
external 0.001753019088430074 0.0
external_links 0.00019477989871445267 0.0
extra 4.869497467861317e-05 0.0
f 0.00024347487339306583 0.0
f7f7f7 4.869497467861317e-05 0.0
f9f9f9 4.869497467861317e-05 0.0
fa 0.00019477989871445267 1.8004931491968095
fa8a495983347898 4.869497467861317e-05 0.0
fact 0.00019477989871445267 0.008733679968754631
fallbacksearchbutton 4.869497467861317e-05 0.0
false 0.000584339696143358 0.0
family 0.0001460849240358395 0.008733679968754631
favicon 4.869497467861317e-05 0.0
fdfdfd 0.0001460849240358395 0.0
feature 0.0010225944682508766 0.0
featurename 0.0001460849240358395 0.0
features 4.869497467861317e-05 0.0
february 9.738994935722633e-05 0.017544309650909525
feed 9.738994935722633e-05 0.19105523676270922
file 0.0010712894429294898 0.0
file_upload_wizard 9.738994935722633e-05 0.0
filename 9.738994935722633e-05 0.12981161152199053
filename_extension 4.869497467861317e-05 0.0
files 4.869497467861317e-05 0.0
find 4.869497467861317e-05 0.0
find_code 4.869497467861317e-05 0.0
firefox 0.0001460849240358395 0.11995931507897897
first 0.0012660693416439424 0.0
firstheading 0.0001460849240358395 0.0
float 0.00024347487339306583 0.06280090123903044
flow 4.869497467861317e-05 0.035401927050916
flush 0.00024347487339306583 0.0
following 4.869497467861317e-05 0.0
font 0.0012173743669653292 0.14981227822866008
foo 0.00019477989871445267 0.0
footer 0.0012660693416439424 0.0
for 0.0013634592910011687 0.0
form 0.00024347487339306583 0.0
format 9.738994935722633e-05 0.035401927050916
forth 9.738994935722633e-05 0.044451762570833796
forth_ 4.869497467861317e-05 0.0
fortran 0.0001460849240358395 0.035401927050916
foundation 0.0004382547721075185 0.0
fr 0.00019477989871445267 0.09097177820572679
framework 0.00038955979742890534 0.0
frameworks 0.000292169848071679 0.0
français 4.869497467861317e-05 1.16141318990714
free 0.000584339696143358 0.0
free_and_open 0.0003408648227502922 0.0
free_software_projects 4.869497467861317e-05 0.0
french 4.869497467861317e-05 0.09097177820572679
from 0.000876509544215037 0.0
frontend 4.869497467861317e-05 2.03688192726104
full 0.000292169848071679 0.044451762570833796
fulltext 4.869497467861317e-05 0.0
func 4.869497467861317e-05 0.044451762570833796
function 0.000584339696143358 0.0
functional 9.738994935722633e-05 0.008733679968754631
functional_programming 4.869497467861317e-05 1.0560526742493137
fundraiserredirector 4.869497467861317e-05 0.0
further 0.0001460849240358395 0.0
further_reading 0.00019477989871445267 0.0
future 4.869497467861317e-05 0.09097177820572679
g 9.738994935722633e-05 0.0
gadget 0.00019477989871445267 0.0
game 0.0003408648227502922 0.11995931507897897
gaming 9.738994935722633e-05 0.11995931507897897
gaps 4.869497467861317e-05 0.11995931507897897
gcd 9.738994935722633e-05 0.11995931507897897
gehomepagesuggestededitsenabletopics 4.869497467861317e-05 0.0
general_disclaimer 4.869497467861317e-05 0.0
generational 9.738994935722633e-05 0.11995931507897897
generational_list_of_programming_languages 4.869497467861317e-05 0.0
generator 9.738994935722633e-05 0.0
generators 4.869497467861317e-05 0.11995931507897897
genre 0.000876509544215037 0.0
geoffrey 9.738994935722633e-05 0.11995931507897897
geoip 4.869497467861317e-05 0.0
german 4.869497467861317e-05 0.017544309650909525
git 9.738994935722633e-05 0.02643325706815543
git_ 4.869497467861317e-05 0.0
github 0.001119984417608103 0.017544309650909525
globalcssjs 9.738994935722633e-05 0.0
go 0.0003408648227502922 0.0
go_ 4.869497467861317e-05 0.0
goes 0.00019477989871445267 0.11020314013361425
goldstein 9.738994935722633e-05 0.11995931507897897
google 0.00019477989871445267 0.10054122922187746
google_closure_compiler 4.869497467861317e-05 0.0
google_web_toolkit 4.869497467861317e-05 0.0
googpub 9.738994935722633e-05 0.0
gov 4.869497467861317e-05 0.2340726218464
granted 4.869497467861317e-05 0.11020314013361425
gray 4.869497467861317e-05 1.449095262358921
great 0.00019477989871445267 0.11995931507897897
greatest 9.738994935722633e-05 0.11995931507897897
greatest_common_divisor 4.869497467861317e-05 0.0
greek 9.738994935722633e-05 0.3141153295199365
green 4.869497467861317e-05 0.08149303425118301
grosenbach 9.738994935722633e-05 0.11995931507897897
group 0.0024347487339306585 0.05358424613410626
growthexperiments 4.869497467861317e-05 0.0
gsw 9.738994935722633e-05 0.0
gt 0.0003408648227502922 0.2340726218464
guidance 4.869497467861317e-05 0.2340726218464
guide 4.869497467861317e-05 0.09097177820572679
guides 4.869497467861317e-05 4.74493212836325
h 9.738994935722633e-05 0.035401927050916
h1 9.738994935722633e-05 1.2484245668967697
h2 0.0010712894429294898 1.2484245668967697
hack 0.000292169848071679 0.0
hacker 0.00019477989871445267 0.11995931507897897
hacker_news 4.869497467861317e-05 0.0
had 9.738994935722633e-05 0.02643325706815543
hallmark 4.869497467861317e-05 0.11995931507897897
harmony 9.738994935722633e-05 0.11995931507897897
has 0.00019477989871445267 0.0
haskell 0.00038955979742890534 0.008733679968754631
haskell_ 9.738994935722633e-05 0.0
haspopup 0.00024347487339306583 0.0
have 0.00024347487339306583 0.008733679968754631
haxe 0.000292169848071679 0.11995931507897897
he 9.738994935722633e-05 0.044451762570833796
head 0.0001460849240358395 0.0
header 0.0013634592910011687 0.0
heading 0.001119984417608103 0.0
headline 0.000584339696143358 0.0
healthy 9.738994935722633e-05 0.11995931507897897
height 0.0015582391897156214 0.0
heller 9.738994935722633e-05 0.11995931507897897
help 0.000584339696143358 0.0
here 0.00024347487339306583 0.008733679968754631
hidden 0.0007304246201791975 0.0
hide 9.738994935722633e-05 0.0
high 0.00019477989871445267 0.0
highest 4.869497467861317e-05 0.0
highlight 0.0013634592910011687 3.1354942159291497
his 4.869497467861317e-05 0.044451762570833796
history 0.0007304246201791975 0.0
history_of_programming_languages 4.869497467861317e-05 0.0
hits 4.869497467861317e-05 0.11995931507897897
hlist 0.0038955979742890533 0.0
hor 9.738994935722633e-05 0.0
hosted 4.869497467861317e-05 0.0721032939013439
hosting 0.00019477989871445267 0.017544309650909525
hosting_ 9.738994935722633e-05 0.0
how 0.00024347487339306583 0.0
however 0.000292169848071679 0.0
href 0.025321386832878847 0.0
hreflang 0.0010712894429294898 0.0
html 0.00038955979742890534 0.06280090123903044
html5 0.0001460849240358395 0.11995931507897897
http 0.0008278145695364238 0.017544309650909525
https 0.003944292948967667 0.0
hub 4.869497467861317e-05 0.2451224580329849
hy 0.00019477989871445267 0.20163734609324613
i 0.0015095442150370082 0.0
iced 4.869497467861317e-05 0.11995931507897897
icedcoffeescript 9.738994935722633e-05 0.11995931507897897
ico 4.869497467861317e-05 0.0
icon 0.0017043241137514608 0.0
icons 0.00019477989871445267 0.0
id 0.01046941955590183 0.0
ide 0.00019477989871445267 0.02643325706815543
identifier 0.00048694974678613166 0.044451762570833796
identifiers 0.0003408648227502922 0.008733679968754631
idhash 4.869497467861317e-05 0.0
if 0.000584339696143358 0.0
ignore 4.869497467861317e-05 0.11995931507897897
il 4.869497467861317e-05 0.0
image 0.0004382547721075185 0.0
imageobject 9.738994935722633e-05 0.0
images 0.000584339696143358 0.0
img 0.0006817296455005844 0.0
imperative 9.738994935722633e-05 0.08149303425118301
imperative_programming 4.869497467861317e-05 0.0
implement 4.869497467861317e-05 0.05358424613410626
implemented 4.869497467861317e-05 0.035401927050916
implicit 0.00024347487339306583 0.0721032939013439
improvements 4.869497467861317e-05 0.08149303425118301
in 0.0030677834047526296 0.0
inc 0.0001460849240358395 0.0
incidentally 4.869497467861317e-05 0.11995931507897897
include 0.0001460849240358395 0.0
included 9.738994935722633e-05 0.02643325706815543
increment 4.869497467861317e-05 0.06280090123903044
indentation 0.0001460849240358395 0.11995931507897897
indented 4.869497467861317e-05 0.0721032939013439
index 0.0017043241137514608 0.0
indicating 4.869497467861317e-05 0.06280090123903044
indicators 4.869497467861317e-05 0.454472687214859
influence 4.869497467861317e-05 0.11995931507897897
influenced 9.738994935722633e-05 0.008733679968754631
info 0.00199649396182314 0.044451762570833796
infobox 0.00199649396182314 0.008733679968754631
infobox_programming_language 9.738994935722633e-05 0.008733679968754631
infobox_software 9.738994935722633e-05 0.017544309650909525
information 0.0001460849240358395 0.0
infoworld 0.000292169848071679 0.11995931507897897
inherit 0.0006330346708219712 0.11020314013361425
init 0.0001460849240358395 0.0
initial 9.738994935722633e-05 0.10054122922187746
initialization 0.00019477989871445267 0.11995931507897897
inline 0.0019477989871445266 0.05358424613410626
inner 0.0003408648227502922 0.0
input 0.000584339696143358 0.0
inside 9.738994935722633e-05 0.0
inspector 9.738994935722633e-05 0.11995931507897897
inspired 4.869497467861317e-05 0.017544309650909525
installation 4.869497467861317e-05 0.0721032939013439
instead 0.00019477989871445267 0.0
integers 4.869497467861317e-05 0.035401927050916
interaction 0.0001460849240358395 0.0
interface 9.738994935722633e-05 0.0
interlanguage 0.0023860537592520453 0.0
internal 4.869497467861317e-05 0.035401927050916
interpolated 4.869497467861317e-05 0.11995931507897897
interpolation 4.869497467861317e-05 0.11995931507897897
interval 4.869497467861317e-05 0.11995931507897897
interwiki 0.0010712894429294898 0.0
into 0.0001460849240358395 0.0
introduced 4.869497467861317e-05 0.06280090123903044
introduction 0.0001460849240358395 0.11020314013361425
io 9.738994935722633e-05 0.14981227822866008
ip 9.738994935722633e-05 0.3141153295199365
is 0.0015582391897156214 0.0
isbn 0.0007304246201791975 0.0
isbn_ 0.00024347487339306583 0.0
isbn_9781934356784 9.738994935722633e-05 0.0
israel 4.869497467861317e-05 0.11020314013361425
it 0.0008278145695364238 0.0
italian 4.869497467861317e-05 0.3629054936893685
italiano 4.869497467861317e-05 0.0
italic 4.869497467861317e-05 0.3141153295199365
item 0.0044312426957537985 0.0
items 4.869497467861317e-05 0.0
its 9.738994935722633e-05 0.0
ivan 9.738994935722633e-05 0.11995931507897897
j 9.738994935722633e-05 0.0
j9u 0.0001460849240358395 0.11020314013361425
ja 0.00019477989871445267 0.3141153295199365
january 0.00038955979742890534 0.0
japanese 4.869497467861317e-05 0.2340726218464
jashkenas 0.000292169848071679 0.11995931507897897
jasmine 9.738994935722633e-05 0.11995931507897897
jasmine_ 4.869497467861317e-05 0.0
java 0.00019477989871445267 0.0
java_ 9.738994935722633e-05 0.0
javascript 0.0037008180755746006 0.11995931507897897
javascript_engine 0.0001460849240358395 0.0
javascript_framework 9.738994935722633e-05 0.0
javascript_library 4.869497467861317e-05 0.0
javascript_programming_language_family 4.869497467861317e-05 0.0
javascript_syntax 4.869497467861317e-05 0.0
javascript_testing_framework 4.869497467861317e-05 0.0
jeremy 0.00038955979742890534 0.08149303425118301
jeremy_ashkenas 0.0001460849240358395 0.0
jest 9.738994935722633e-05 0.11995931507897897
jest_ 4.869497467861317e-05 0.0
joanna 4.869497467861317e-05 0.11995931507897897
john 9.738994935722633e-05 0.08149303425118301
john_resig 4.869497467861317e-05 0.0
josh 9.738994935722633e-05 0.11995931507897897
joshpeek 4.869497467861317e-05 0.0
journal 0.00024347487339306583 0.008733679968754631
jquery 0.000292169848071679 0.0
js 0.002580833657966498 0.0
js2 4.869497467861317e-05 0.0
js2coffee 0.0001460849240358395 0.11995931507897897
js_logo 0.0003408648227502922 0.0
jsconf 9.738994935722633e-05 0.11995931507897897
jsdoc 0.0001460849240358395 0.11995931507897897
jsgi 0.0001460849240358395 0.11995931507897897
jshint 0.0001460849240358395 0.11995931507897897
jslint 0.0001460849240358395 0.11995931507897897
json 0.00024347487339306583 0.11995931507897897
jtitle 0.00019477989871445267 0.0
july 4.869497467861317e-05 0.008733679968754631
jump 9.738994935722633e-05 0.0
june 9.738994935722633e-05 0.017544309650909525
just 9.738994935722633e-05 0.0
k 0.0009738994935722633 0.0
kc 4.869497467861317e-05 0.0
kd 0.0003408648227502922 0.0
kern 9.738994935722633e-05 0.0
key 4.869497467861317e-05 0.0
keyword 0.0001460849240358395 0.017544309650909525
keywords 4.869497467861317e-05 0.11020314013361425
know 4.869497467861317e-05 0.11995931507897897
ko 0.00019477989871445267 0.0
komodo 9.738994935722633e-05 0.11995931507897897
komodo_ide 4.869497467861317e-05 0.0
korean 4.869497467861317e-05 0.540239508972284
kotlin 0.00019477989871445267 0.11995931507897897
kotlin_ 9.738994935722633e-05 0.0
label 0.002873003506038177 0.0
labelledby 0.00019477989871445267 0.0
landmark 0.00019477989871445267 0.0
lang 0.0024834437086092716 0.0
langlinks 9.738994935722633e-05 0.0
language 0.003457343202181535 0.0
languages 0.0014121542656797819 0.0
last 0.0006330346708219712 0.0
lastmod 4.869497467861317e-05 0.0
latest 0.0001460849240358395 0.0721032939013439
latest_additions 0.00019477989871445267 0.11995931507897897
lazy 9.738994935722633e-05 0.008733679968754631
lccn 0.0001460849240358395 0.11020314013361425
ld 9.738994935722633e-05 0.7195804376281008
learn 0.00024347487339306583 0.0
lee 9.738994935722633e-05 0.11995931507897897
left 0.0008278145695364238 0.0
level 0.0007304246201791975 0.0
level_programming_languages 4.869497467861317e-05 0.0
level_sub 4.869497467861317e-05 0.0
levels 4.869497467861317e-05 0.0
li 0.02999610440202571 0.0
libraries 0.0001460849240358395 0.0
library 0.0001460849240358395 0.0
license 0.0005356447214647449 0.0
licenses 9.738994935722633e-05 0.12981161152199053
life 4.869497467861317e-05 0.02643325706815543
light 9.738994935722633e-05 0.02643325706815543
light_table_ 4.869497467861317e-05 0.0
like 4.869497467861317e-05 0.0
limit 0.0005356447214647449 0.0
limited 0.0003408648227502922 0.008733679968754631
limitreport 0.0001460849240358395 0.0
line 0.00019477989871445267 0.008733679968754631
linear 9.738994935722633e-05 0.11995931507897897
linear_search 4.869497467861317e-05 0.0
linearsearch 4.869497467861317e-05 0.11995931507897897
liner 4.869497467861317e-05 0.11995931507897897
link 0.00506427736657577 0.08149303425118301
linked 4.869497467861317e-05 0.0721032939013439
links 0.0010712894429294898 0.0
lisp 9.738994935722633e-05 0.09097177820572679
lisp_ 4.869497467861317e-05 0.0
list 0.008570315543435918 0.0
list_comprehension 9.738994935722633e-05 0.0
list_of_eclipse_projects 4.869497467861317e-05 0.0
list_of_ecmascript_engines 4.869497467861317e-05 0.0
list_of_javascript_libraries 4.869497467861317e-05 0.0
list_of_programming_languages 9.738994935722633e-05 0.0
list_of_programming_languages_by_type 4.869497467861317e-05 0.0
list_of_unit_testing_frameworks 4.869497467861317e-05 0.0
listbullet 0.0001460849240358395 0.0
listitem 0.00019477989871445267 0.0
lists 4.869497467861317e-05 0.008733679968754631
litcoffee 9.738994935722633e-05 0.11995931507897897
literal 4.869497467861317e-05 0.11020314013361425
literals 4.869497467861317e-05 0.11020314013361425
literate 9.738994935722633e-05 0.008733679968754631
literate_programming 4.869497467861317e-05 0.0
little 0.00019477989871445267 0.044451762570833796
livescript 0.000292169848071679 0.11995931507897897
livescript_ 0.0001460849240358395 0.0
load 0.0001460849240358395 0.0
loaded 4.869497467861317e-05 0.0
loader 4.869497467861317e-05 0.035401927050916
loading 0.0001460849240358395 0.0
loc 9.738994935722633e-05 0.0
local_base 4.869497467861317e-05 0.0
lock 0.000584339696143358 0.11020314013361425
lodash 0.0001460849240358395 0.11995931507897897
log 0.00038955979742890534 0.0
logged 9.738994935722633e-05 0.0
login 0.00024347487339306583 0.3141153295199365
logo 0.0008278145695364238 0.0
longer 4.869497467861317e-05 0.02643325706815543
look 9.738994935722633e-05 0.0
looking 4.869497467861317e-05 0.11995931507897897
loop 9.738994935722633e-05 0.035401927050916
looping 9.738994935722633e-05 0.11995931507897897
lower 0.000292169848071679 0.044451762570833796
lt 0.00019477989871445267 0.20163734609324613
ltr 0.002580833657966498 0.0
lua 0.00019477989871445267 0.0
lua_ 4.869497467861317e-05 0.0
lucumr 4.869497467861317e-05 0.0
m 9.738994935722633e-05 0.08149303425118301
mac 9.738994935722633e-05 0.14981227822866008
maccaw 0.00019477989871445267 0.11995931507897897
machine 9.738994935722633e-05 0.0
made 0.0001460849240358395 0.035401927050916
madness 0.00019477989871445267 0.11995931507897897
mahkovec 9.738994935722633e-05 0.11995931507897897
main 0.0012173743669653292 0.0
main_page 9.738994935722633e-05 0.0
mainentity 9.738994935722633e-05 0.0
mainpage 4.869497467861317e-05 0.0
maint 4.869497467861317e-05 0.09097177820572679
makecollapsible 0.0001460849240358395 0.0
maker 0.000292169848071679 0.11995931507897897
makes 9.738994935722633e-05 0.0
making 4.869497467861317e-05 0.11020314013361425
malayalam 4.869497467861317e-05 0.0
manager 9.738994935722633e-05 0.02643325706815543
managers 4.869497467861317e-05 0.11995931507897897
mandatory 0.00019477989871445267 0.2340726218464
manning 0.0001460849240358395 0.11995931507897897
manning_publications 4.869497467861317e-05 0.0
many 4.869497467861317e-05 0.0
maps 4.869497467861317e-05 0.11995931507897897
march 4.869497467861317e-05 0.017544309650909525
margin 0.001168679392286716 0.0
mark 9.738994935722633e-05 0.035401927050916
markdown 0.00019477989871445267 0.11995931507897897
martin 9.738994935722633e-05 0.09097177820572679
mass 0.000292169848071679 0.11995931507897897
match 4.869497467861317e-05 0.008733679968754631
matches 0.0001460849240358395 0.08149303425118301
matching 9.738994935722633e-05 0.008733679968754631
matlab 0.0001460849240358395 0.11995931507897897
maven 0.0001460849240358395 0.02643325706815543
max 0.0001460849240358395 0.11020314013361425
maxtaco 4.869497467861317e-05 0.0
may 0.000584339696143358 0.0
md 4.869497467861317e-05 0.09097177820572679
mean 9.738994935722633e-05 0.06280090123903044
mean_ 4.869497467861317e-05 0.0
media 0.0004382547721075185 0.11995931507897897
mediawiki 0.00038955979742890534 0.0
meen 4.869497467861317e-05 0.11995931507897897
meet 9.738994935722633e-05 0.05358424613410626
member 9.738994935722633e-05 0.0721032939013439
memory 4.869497467861317e-05 0.0
memusage 4.869497467861317e-05 0.0
menu 0.004869497467861317 0.0
message 9.738994935722633e-05 0.0
meta 0.0006330346708219712 0.09097177820572679
meteor 9.738994935722633e-05 0.11995931507897897
meteor_ 4.869497467861317e-05 0.0
mf 0.00038955979742890534 0.0
mi 0.0006330346708219712 0.11020314013361425
microsoft 0.00024347487339306583 0.0
microsoft_edge 4.869497467861317e-05 0.0
microsoft_visual_studio 9.738994935722633e-05 0.0
microsoft_visual_studio_express 4.869497467861317e-05 0.0
middle 9.738994935722633e-05 0.21233263520999412
migrated 4.869497467861317e-05 0.11995931507897897
migration 0.00019477989871445267 0.11020314013361425
mihaela 4.869497467861317e-05 0.11995931507897897
min 9.738994935722633e-05 0.11020314013361425
minerva 0.0003408648227502922 0.0
mini 0.00024347487339306583 0.20163734609324613
missing 0.0001460849240358395 0.02643325706815543
missing_periodical 4.869497467861317e-05 0.0
mit 0.00024347487339306583 0.08149303425118301
mit_license 4.869497467861317e-05 0.0
ml 0.000292169848071679 0.11995931507897897
ml_ 4.869497467861317e-05 0.0
mmv 9.738994935722633e-05 0.0
mobile 0.0001460849240358395 0.0
mobileaction 4.869497467861317e-05 0.0
mobileview 4.869497467861317e-05 0.0
mocha 9.738994935722633e-05 0.11995931507897897
mocha_ 4.869497467861317e-05 0.0
modal 4.869497467861317e-05 0.11995931507897897
model 9.738994935722633e-05 0.0
modern 4.869497467861317e-05 0.11995931507897897
module 9.738994935722633e-05 0.044451762570833796
modules 0.0001460849240358395 0.0721032939013439
modulo 4.869497467861317e-05 0.11995931507897897
mongodb 0.0001460849240358395 0.11995931507897897
months 4.869497467861317e-05 0.11020314013361425
moonscript 0.0001460849240358395 0.0
more 0.0008278145695364238 0.0
morfik 0.0001460849240358395 0.11995931507897897
move 4.869497467861317e-05 0.0
moved 4.869497467861317e-05 0.0
ms 4.869497467861317e-05 0.0
multi 0.0001460849240358395 0.10054122922187746
mv 0.000292169848071679 0.11995931507897897
mw 0.02614920140241527 0.0
mw1387 9.738994935722633e-05 0.11995931507897897
mw1411 4.869497467861317e-05 1.1895840668738364
my 0.00019477989871445267 0.11995931507897897
mycontributions 4.869497467861317e-05 0.0
mystery 9.738994935722633e-05 0.11995931507897897
mytalk 4.869497467861317e-05 0.0
n 0.0010225944682508766 0.08149303425118301
name 0.0016556291390728477 0.0
names 9.738994935722633e-05 0.02643325706815543
namespaces 4.869497467861317e-05 0.21233263520999412
national 4.869497467861317e-05 0.008733679968754631
nav 0.0006817296455005844 0.7018808605286999
navbar 0.0010225944682508766 0.20163734609324613
navbox 0.007012076353720296 0.0
navigation 0.0007791195948578107 0.0
navigationtiming 4.869497467861317e-05 0.0
nb 9.738994935722633e-05 0.19105523676270922
nearby 4.869497467861317e-05 0.0
needed 0.000292169848071679 0.0
needs 0.00019477989871445267 0.0
net 9.738994935722633e-05 0.0
new 0.0001460849240358395 0.0
newpp 4.869497467861317e-05 0.0
news 0.0003408648227502922 0.0
next 0.0001460849240358395 0.008733679968754631
nf 0.00024347487339306583 2.4423470353692043
nikolay 4.869497467861317e-05 0.11995931507897897
nim 0.00019477989871445267 0.11995931507897897
nim_ 9.738994935722633e-05 0.0
nli 4.869497467861317e-05 0.0
nlx10 4.869497467861317e-05 0.0
no 0.000584339696143358 0.0
node 0.0013147643163225556 0.0
nodejs 0.00024347487339306583 0.0
noexcerpt 4.869497467861317e-05 0.0
nofollow 0.0015095442150370082 0.0
noicon 0.00024347487339306583 0.0
nojs 4.869497467861317e-05 0.0
nomobile 4.869497467861317e-05 0.0
non 0.00024347487339306583 0.0
none 0.0021425788858589795 0.21233263520999412
noprint 0.0005356447214647449 0.37548427589622857
normal 0.0003408648227502922 0.008733679968754631
noscript 0.00019477989871445267 0.0
nose 0.00019477989871445267 0.11995931507897897
nosnippet 4.869497467861317e-05 0.0
not 0.0004382547721075185 0.0
notice 4.869497467861317e-05 0.11020314013361425
november 9.738994935722633e-05 0.0
noviewer 0.00019477989871445267 0.0
nowrap 0.0007791195948578107 0.035401927050916
nowraplinks 0.00019477989871445267 0.0
npm 0.00019477989871445267 0.11995931507897897
npm_ 9.738994935722633e-05 0.0
ns 9.738994935722633e-05 0.19105523676270922
nstab 4.869497467861317e-05 0.0
null 0.00019477989871445267 0.0
numb 0.00048694974678613166 0.0
number 4.869497467861317e-05 0.0
numbers 9.738994935722633e-05 0.0
nv 0.0010225944682508766 0.0
nx 0.0029703934553954032 3.3586377672433594
o 0.0019477989871445266 0.035401927050916
object 0.00024347487339306583 0.0
object_pascal 4.869497467861317e-05 0.0
objects 4.869497467861317e-05 0.0
october 0.0001460849240358395 0.02643325706815543
odd 0.0006817296455005844 0.11995931507897897
of 0.0028243085313595638 0.0
off 0.0001460849240358395 0.02643325706815543
official 0.0003408648227502922 0.017544309650909525
often 4.869497467861317e-05 0.008733679968754631
og 9.738994935722633e-05 0.0
ol 0.0009252045188936502 0.0
oldid 0.0001460849240358395 0.0
omitted 9.738994935722633e-05 0.11995931507897897
on 0.001460849240358395 0.0
once 4.869497467861317e-05 0.11995931507897897
one 0.0003408648227502922 0.0
only 0.00019477989871445267 0.0
oojs_ui_icon_edit 0.000876509544215037 0.0
opa 0.00019477989871445267 0.11995931507897897
opa_ 9.738994935722633e-05 0.0
open 9.738994935722633e-05 0.017544309650909525
opens 4.869497467861317e-05 0.11995931507897897
opensearch_desc 4.869497467861317e-05 0.0
opensearchdescription 4.869497467861317e-05 0.0
opera 9.738994935722633e-05 0.11995931507897897
opera_ 4.869497467861317e-05 0.0
operating 4.869497467861317e-05 0.035401927050916
operating_system 4.869497467861317e-05 0.540239508972284
options 0.00024347487339306583 0.0
or 0.00038955979742890534 0.0
org 0.006379041682898325 0.0
organiser 4.869497467861317e-05 0.0
organization 0.00024347487339306583 0.0
origin 0.00024347487339306583 0.11020314013361425
original 9.738994935722633e-05 0.02643325706815543
orion 4.869497467861317e-05 0.11995931507897897
os 4.869497467861317e-05 0.02643325706815543
other 0.0001460849240358395 0.0
out 9.738994935722633e-05 0.0
outer 4.869497467861317e-05 0.0
output 0.0071581612777561355 0.008733679968754631
outside 9.738994935722633e-05 0.11020314013361425
over 0.0001460849240358395 0.008733679968754631
overflow 9.738994935722633e-05 0.19105523676270922
overridden 4.869497467861317e-05 0.11995931507897897
p 0.008034670821971172 0.0
p348 4.869497467861317e-05 0.0
p856 4.869497467861317e-05 0.0
package 0.0001460849240358395 0.035401927050916
package_manager 9.738994935722633e-05 0.0
padding 0.0033112582781456954 0.0
page 0.002532138683287885 0.0
pagelanguagecode 4.869497467861317e-05 0.0
pagelanguagedir 4.869497467861317e-05 0.0
pageprop 4.869497467861317e-05 0.0
pages 0.0006330346708219712 0.0
pagevariantfallbacks 4.869497467861317e-05 0.0
panel 0.00019477989871445267 0.0
paradigm 0.00024347487339306583 0.017544309650909525
parentheses 9.738994935722633e-05 0.11020314013361425
parsed 4.869497467861317e-05 0.0
parser 0.007206856252434749 0.0
part 4.869497467861317e-05 0.0
particular 4.869497467861317e-05 0.008733679968754631
pascal 0.00019477989871445267 0.044451762570833796
pascal_ 4.869497467861317e-05 0.0
past 4.869497467861317e-05 0.14981227822866008
patrick 9.738994935722633e-05 0.11995931507897897
patroltoken 4.869497467861317e-05 0.0
pattern 9.738994935722633e-05 0.008733679968754631
pattern_matching 4.869497467861317e-05 1.2484245668967697
patterns 4.869497467861317e-05 0.008733679968754631
pc 0.00019477989871445267 0.044451762570833796
pcache 4.869497467861317e-05 0.0
pdf 9.738994935722633e-05 0.0
peek 9.738994935722633e-05 0.11995931507897897
peepcode 0.0001460849240358395 0.11995931507897897
people 4.869497467861317e-05 0.02643325706815543
per 4.869497467861317e-05 0.0721032939013439
periodical 0.0001460849240358395 0.06280090123903044
perl 0.0004382547721075185 0.11020314013361425
permalink 4.869497467861317e-05 0.0
permanent 9.738994935722633e-05 0.035401927050916
persian 4.869497467861317e-05 0.0
person 0.0003408648227502922 0.08149303425118301
personal 0.00024347487339306583 0.0
personcheck 0.0001460849240358395 0.11995931507897897
php 0.00199649396182314 0.0
phpstorm 0.0001460849240358395 0.11995931507897897
picture 4.869497467861317e-05 0.11995931507897897
pin 9.738994935722633e-05 0.454472687214859
pinnable 0.000584339696143358 0.0
pinned 0.00048694974678613166 0.0
pixel 0.00024347487339306583 0.11995931507897897
pixel_game_maker_mv 4.869497467861317e-05 0.0
pl 0.00019477989871445267 0.035401927050916
placeholder 4.869497467861317e-05 0.0
places 0.0004382547721075185 0.035401927050916
plainlinks 0.0001460849240358395 0.0
platform 0.00019477989871445267 0.0
play 9.738994935722633e-05 0.044451762570833796
play_framework 4.869497467861317e-05 0.0
playframework 0.00019477989871445267 0.11995931507897897
plugin 0.0001460849240358395 0.11995931507897897
png 0.0016556291390728477 0.0
pocoo 9.738994935722633e-05 0.0
policy 9.738994935722633e-05 0.0
polish 4.869497467861317e-05 1.8545603704670854
polski 4.869497467861317e-05 0.0
popups 4.869497467861317e-05 0.0
portal 0.000292169848071679 0.06280090123903044
portalborder 9.738994935722633e-05 0.0
portalbox 0.00038955979742890534 0.0
portalleft 4.869497467861317e-05 0.0
portalright 9.738994935722633e-05 0.0
portals 4.869497467861317e-05 0.22314355131420976
portlet 0.0013147643163225556 0.0
portuguese 4.869497467861317e-05 0.540239508972284
português 4.869497467861317e-05 0.8329091229351039
position 4.869497467861317e-05 0.008733679968754631
positive 4.869497467861317e-05 0.11995931507897897
possible 4.869497467861317e-05 0.008733679968754631
post 9.738994935722633e-05 0.0
posted 9.738994935722633e-05 0.044451762570833796
postexpandincludesize 4.869497467861317e-05 0.0
postfix 4.869497467861317e-05 0.11995931507897897
powered 4.869497467861317e-05 1.1340142157190256
poweredby_mediawiki_132x47 4.869497467861317e-05 0.0
poweredby_mediawiki_176x62 4.869497467861317e-05 0.0
poweredby_mediawiki_88x31 4.869497467861317e-05 0.0
poweredbyico 4.869497467861317e-05 0.0
ppvisitednodes 4.869497467861317e-05 0.0
pragmatic 0.0001460849240358395 0.017544309650909525
pragmatic_bookshelf 4.869497467861317e-05 0.0
pre 0.0014121542656797819 0.02643325706815543
preconnect 4.869497467861317e-05 0.0
prefetch 9.738994935722633e-05 0.0
preprocessor 4.869497467861317e-05 0.0
presentation 9.738994935722633e-05 0.0
preserving 4.869497467861317e-05 0.11020314013361425
preview 4.869497467861317e-05 0.14981227822866008
principles 4.869497467861317e-05 0.0721032939013439
print 9.738994935722633e-05 0.0
print_export 0.0001460849240358395 0.0
printable 0.0001460849240358395 0.14981227822866008
printfooter 4.869497467861317e-05 0.0
privacy 0.0001460849240358395 0.0
privacy_policy 9.738994935722633e-05 0.0
problem 9.738994935722633e-05 0.08149303425118301
procedural 0.00019477989871445267 0.044451762570833796
procedural_programming 9.738994935722633e-05 0.0
profit 4.869497467861317e-05 0.0
program 4.869497467861317e-05 0.0
programming 0.004479937670432412 0.0
programming_language 0.00199649396182314 0.008733679968754631
programming_languages 0.00038955979742890534 0.11995931507897897
programming_languages_created_in_2009 4.869497467861317e-05 0.0
programming_paradigm 4.869497467861317e-05 0.0
progressive 0.0010225944682508766 0.0
project 9.738994935722633e-05 0.0
projects 0.0003408648227502922 0.06280090123903044
prolog 0.0001460849240358395 0.008733679968754631
prone 4.869497467861317e-05 0.11995931507897897
property 0.0001460849240358395 0.008733679968754631
prototype 0.0003408648227502922 0.11995931507897897
provides 4.869497467861317e-05 0.0
pt 0.00048694974678613166 0.02643325706815543
pub 0.000292169848071679 0.26759531388504365
publication 4.869497467861317e-05 0.11995931507897897
publications 0.0001460849240358395 0.044451762570833796
published 9.738994935722633e-05 0.044451762570833796
publisher 9.738994935722633e-05 0.41419878807691896
pure 4.869497467861317e-05 0.008733679968754631
purescript 0.000292169848071679 0.11995931507897897
push 0.0001460849240358395 0.0
pygments 9.738994935722633e-05 0.0
python 0.00038955979742890534 0.017544309650909525
python_ 0.0001460849240358395 0.8131064956389242
q 0.0001460849240358395 0.0
q1106819 0.00048694974678613166 0.11995931507897897
quick 4.869497467861317e-05 0.0
quickly 4.869497467861317e-05 0.017544309650909525
quiet 0.000292169848071679 0.0
qunit 0.0001460849240358395 0.11995931507897897
quot 0.0010712894429294898 0.0
quote 4.869497467861317e-05 0.11995931507897897
quoted 9.738994935722633e-05 0.008733679968754631
quotes 4.869497467861317e-05 0.19105523676270922
r 0.00019477989871445267 0.0
r1011085734 4.869497467861317e-05 0.0
r1061467846 0.00019477989871445267 0.0
r1063604349 0.0001460849240358395 0.0
r1066479718 9.738994935722633e-05 0.0
r1129693374 0.0003408648227502922 0.0
r1132942124 4.869497467861317e-05 0.0
r1133582631 0.000876509544215037 0.0
r_ 4.869497467861317e-05 0.0
rails 0.00019477989871445267 0.11995931507897897
random 9.738994935722633e-05 0.21233263520999412
randomly 4.869497467861317e-05 0.2340726218464
randompage 4.869497467861317e-05 0.0
raw 4.869497467861317e-05 0.11020314013361425
re 9.738994935722633e-05 0.02643325706815543
react 0.0001460849240358395 0.11995931507897897
read 9.738994935722633e-05 0.11020314013361425
readability 4.869497467861317e-05 0.11995931507897897
reading 0.0001460849240358395 0.0
ready 0.0010225944682508766 0.0
real 4.869497467861317e-05 0.0
reason 9.738994935722633e-05 0.044451762570833796
reason_ 4.869497467861317e-05 0.0
reasoning 4.869497467861317e-05 0.008733679968754631
receiving 4.869497467861317e-05 0.11995931507897897
recent 0.0001460849240358395 0.0721032939013439
recentchanges 0.0001460849240358395 0.0
recentchangeslinked 9.738994935722633e-05 0.0
recursion 4.869497467861317e-05 0.0
red 4.869497467861317e-05 0.12981161152199053
redirect 0.0015095442150370082 0.02643325706815543
redlink 4.869497467861317e-05 0.0
reduced 4.869497467861317e-05 0.0
reference 0.0028243085313595638 0.035401927050916
referenced 4.869497467861317e-05 0.11020314013361425
references 0.0006330346708219712 0.0
referencetooltips 4.869497467861317e-05 0.0
referrer 0.0001460849240358395 0.0
reflist 0.0007791195948578107 0.0
registered 4.869497467861317e-05 0.0
registration 0.00019477989871445267 0.5705448584676129
reilly 0.00019477989871445267 0.11995931507897897
rel 0.003749513050253214 0.0
related 0.0001460849240358395 0.02643325706815543
release 0.00019477989871445267 0.02643325706815543
releases 9.738994935722633e-05 0.0
reliable 0.0001460849240358395 0.0
rely 4.869497467861317e-05 0.10054122922187746
remainder 4.869497467861317e-05 0.008733679968754631
rendering 4.869497467861317e-05 0.0
repeat 0.00019477989871445267 0.0721032939013439
replace 4.869497467861317e-05 0.008733679968754631
replaced 0.0001460849240358395 0.008733679968754631
report 9.738994935722633e-05 0.0
request 4.869497467861317e-05 0.14981227822866008
require 4.869497467861317e-05 0.0
required 4.869497467861317e-05 0.0
requires 4.869497467861317e-05 0.044451762570833796
reset 4.869497467861317e-05 0.044451762570833796
resig 9.738994935722633e-05 0.11995931507897897
resourceloaderdynamicstyles 4.869497467861317e-05 0.0
rest 4.869497467861317e-05 0.11020314013361425
retrieved 0.0006817296455005844 0.0
return 0.0001460849240358395 0.0
returnto 0.00019477989871445267 0.0
reviews 4.869497467861317e-05 1.1340142157190256
revision 0.0001460849240358395 0.0
revisions 4.869497467861317e-05 0.6844891178168307
rewritten 4.869497467861317e-05 0.017544309650909525
rfr_id 0.000876509544215037 0.0
rft 0.004528632645111025 0.0
rft_id 0.0006330346708219712 0.0
rft_val_fmt 0.000876509544215037 0.0
rgba 4.869497467861317e-05 0.0
rhino 9.738994935722633e-05 0.11995931507897897
rhino_ 4.869497467861317e-05 0.0
rico 9.738994935722633e-05 0.11995931507897897
right 0.0006817296455005844 0.0
rl 4.869497467861317e-05 0.0
rlconf 4.869497467861317e-05 0.0
rlpagemodules 4.869497467861317e-05 0.0
rlq 0.000292169848071679 0.0
rlstate 4.869497467861317e-05 0.0
robots 4.869497467861317e-05 0.5108256237659907
role 0.0009252045188936502 0.0
roman 0.00019477989871445267 0.37548427589622857
rootpage 4.869497467861317e-05 0.0
row 0.0015095442150370082 0.11020314013361425
rowspan 4.869497467861317e-05 0.0
rsd 9.738994935722633e-05 0.0
ru 0.00019477989871445267 0.8947845266531914
ruby 0.0005356447214647449 0.017544309650909525
ruby_ 0.0001460849240358395 0.0
ruby_on_rails 4.869497467861317e-05 0.0
rule 9.738994935722633e-05 0.008733679968754631
rules 4.869497467861317e-05 0.008733679968754631
run 0.0001460849240358395 0.0
russian 4.869497467861317e-05 0.540239508972284
rust 9.738994935722633e-05 0.017544309650909525
rust_ 4.869497467861317e-05 0.0
ryan 9.738994935722633e-05 0.11995931507897897
ryan_dahl 4.869497467861317e-05 0.0
s 0.0009738994935722633 0.0
s1 4.869497467861317e-05 0.7195804376281008
s2 4.869497467861317e-05 0.7195804376281008
sa 9.738994935722633e-05 0.0
safari 9.738994935722633e-05 0.11995931507897897
safari_ 4.869497467861317e-05 0.0
said 4.869497467861317e-05 0.044451762570833796
sails 0.0001460849240358395 0.11995931507897897
sameas 9.738994935722633e-05 0.0
saved 4.869497467861317e-05 0.0
sb 9.738994935722633e-05 0.0
schema 9.738994935722633e-05 0.02643325706815543
science 9.738994935722633e-05 0.008733679968754631
scope 0.001753019088430074 0.0721032939013439
scope_ 4.869497467861317e-05 0.0
scoping 0.0003408648227502922 0.11995931507897897
scratch 9.738994935722633e-05 0.09097177820572679
scratch_ 4.869497467861317e-05 0.0
screen 9.738994935722633e-05 0.044451762570833796
scribunto 4.869497467861317e-05 0.044451762570833796
script 0.0009738994935722633 0.14981227822866008
scripting 9.738994935722633e-05 0.017544309650909525
scripting_language 4.869497467861317e-05 0.0
scripts 4.869497467861317e-05 0.10054122922187746
search 0.0014121542656797819 0.0
searchaux 4.869497467861317e-05 0.0
searchbutton 0.00019477989871445267 0.0
searchform 4.869497467861317e-05 0.0
searchinput 4.869497467861317e-05 0.0
searchname 9.738994935722633e-05 0.11995931507897897
seconds 0.0001460849240358395 0.0
section 0.0009738994935722633 0.008733679968754631
see 0.00019477989871445267 0.0
see_also 0.00019477989871445267 0.0
selected 0.00019477989871445267 0.008733679968754631
selector 4.869497467861317e-05 0.0
self 0.000292169848071679 0.017544309650909525
selflink 0.00024347487339306583 0.0
sentence 4.869497467861317e-05 0.11020314013361425
sentences 4.869497467861317e-05 0.0
september 0.00038955979742890534 0.008733679968754631
server 0.000292169848071679 0.017544309650909525
service 9.738994935722633e-05 0.11020314013361425
services 4.869497467861317e-05 0.0
set 0.0001460849240358395 0.0
several 4.869497467861317e-05 0.0
sh2012001950 4.869497467861317e-05 0.0
sha1 4.869497467861317e-05 0.0
shadow 0.0004382547721075185 0.26759531388504365
shadowing 9.738994935722633e-05 0.11995931507897897
sharealike 4.869497467861317e-05 0.0
sharealike_3 4.869497467861317e-05 0.0
sharp 4.869497467861317e-05 0.3141153295199365
sheets 9.738994935722633e-05 0.11020314013361425
shell 9.738994935722633e-05 0.11995931507897897
shell_script 4.869497467861317e-05 0.0
short 0.000292169848071679 0.0
short_description 9.738994935722633e-05 0.0
short_description_matches_wikidata 4.869497467861317e-05 0.0
shortdescription 4.869497467861317e-05 0.0
show 0.00019477989871445267 0.0
si 0.000292169848071679 0.0
side 0.000292169848071679 0.008733679968754631
side_javascript 4.869497467861317e-05 0.0
side_rule 4.869497467861317e-05 0.0
sidebar 0.0005356447214647449 0.0
simple 0.00038955979742890534 0.017544309650909525
simplesearch 4.869497467861317e-05 0.0
simplify 4.869497467861317e-05 0.11020314013361425
simula 0.0001460849240358395 0.08149303425118301
since 9.738994935722633e-05 0.008733679968754631
single 4.869497467861317e-05 0.0
site 0.00038955979742890534 0.0
sitedir 4.869497467861317e-05 0.0
sitelinks 4.869497467861317e-05 0.0
sitenotice 9.738994935722633e-05 0.0
sitesub 4.869497467861317e-05 0.0
sitesupport 4.869497467861317e-05 0.0
size 0.000876509544215037 0.0
sizing 9.738994935722633e-05 0.11020314013361425
skin 0.0006330346708219712 0.8131064956389242
skins 0.000292169848071679 0.0
small 4.869497467861317e-05 0.0
smaller 4.869497467861317e-05 0.02643325706815543
smalltalk 0.00024347487339306583 0.11995931507897897
smell 0.000292169848071679 0.11995931507897897
smell_3 9.738994935722633e-05 0.0
snippet 0.0001460849240358395 0.11020314013361425
so 4.869497467861317e-05 0.0
software 0.0014121542656797819 0.017544309650909525
software_bundle 4.869497467861317e-05 0.0
software_design 4.869497467861317e-05 0.0
software_developer 4.869497467861317e-05 0.0
software_framework 4.869497467861317e-05 0.0
software_license 4.869497467861317e-05 0.0
software_release_life_cycle 4.869497467861317e-05 0.0
software_using_the_mit_license 4.869497467861317e-05 0.0
solid 0.00019477989871445267 0.19105523676270922
some 4.869497467861317e-05 0.0
something 4.869497467861317e-05 0.044451762570833796
source 0.0008278145695364238 0.0
source_compiler 4.869497467861317e-05 0.0
source_compilers 4.869497467861317e-05 0.0
source_software 4.869497467861317e-05 0.0
source_software_logo_ 0.000292169848071679 0.0
sources 0.0001460849240358395 0.0
space 0.000292169848071679 0.0721032939013439
spacing 0.000292169848071679 0.0
span 0.04874366965329178 0.044451762570833796
spanish 4.869497467861317e-05 0.3629054936893685
special 0.0015582391897156214 0.0
specialpages 9.738994935722633e-05 0.0
specific 4.869497467861317e-05 0.0
sql 0.0001460849240358395 0.02643325706815543
squares 4.869497467861317e-05 0.11995931507897897
src 0.0007791195948578107 0.0
srcset 0.00048694974678613166 0.0
sta 9.738994935722633e-05 0.11995931507897897
stable 9.738994935722633e-05 0.017544309650909525
standard 9.738994935722633e-05 0.0
start 9.738994935722633e-05 0.0721032939013439
startup 9.738994935722633e-05 0.0
statement 4.869497467861317e-05 0.0
statements 0.0006330346708219712 0.0
states 4.869497467861317e-05 0.035401927050916
static 0.0006817296455005844 0.0
static_program_analysis 4.869497467861317e-05 0.0
statistics 4.869497467861317e-05 0.0
stats 4.869497467861317e-05 0.0
statslink 4.869497467861317e-05 0.0
status 9.738994935722633e-05 0.0
sticky 9.738994935722633e-05 0.0
stopmobileredirecttoggle 4.869497467861317e-05 0.0
string 4.869497467861317e-05 0.0
strings 9.738994935722633e-05 0.035401927050916
structured 4.869497467861317e-05 0.035401927050916
studio 0.00038955979742890534 0.0
style 0.007937280872613946 0.0
styleguide 0.00019477989871445267 0.11995931507897897
styles 0.0008278145695364238 0.0
stylesheet 9.738994935722633e-05 0.0
subbox 4.869497467861317e-05 0.0
subgroup 0.00024347487339306583 0.0
subheader 4.869497467861317e-05 0.0
subject 4.869497467861317e-05 0.10054122922187746
subjects 4.869497467861317e-05 0.3141153295199365
sublist 0.00048694974678613166 0.0
submit 9.738994935722633e-05 0.0
subscription 9.738994935722633e-05 0.0
subset 9.738994935722633e-05 0.08149303425118301
substituted 4.869497467861317e-05 0.11995931507897897
subtitle 4.869497467861317e-05 0.0
such 4.869497467861317e-05 0.0
sugar 9.738994935722633e-05 0.11995931507897897
suggestededitsession 4.869497467861317e-05 0.0
summary 4.869497467861317e-05 0.14981227822866008
sup 0.002629528632645111 0.0
superset 4.869497467861317e-05 0.008733679968754631
supersets 4.869497467861317e-05 0.11995931507897897
support 9.738994935722633e-05 0.0
supporting 4.869497467861317e-05 0.0
supports 4.869497467861317e-05 0.008733679968754631
sure 4.869497467861317e-05 0.11995931507897897
svg 0.0028243085313595638 0.0
swift 9.738994935722633e-05 0.11995931507897897
swift_ 4.869497467861317e-05 0.0
switch 4.869497467861317e-05 0.035401927050916
switcher 4.869497467861317e-05 0.0
symbol 4.869497467861317e-05 0.008733679968754631
symbol_category_class 0.000292169848071679 0.0
symbol_list_class 0.000292169848071679 0.0
syntactic 9.738994935722633e-05 0.008733679968754631
syntactic_sugar 4.869497467861317e-05 0.0
syntax 0.000584339696143358 0.0
system 0.0001460849240358395 0.0
t 0.0006817296455005844 0.02643325706815543
tab 0.00024347487339306583 0.19105523676270922
tabindex 9.738994935722633e-05 0.0
table 0.0010225944682508766 0.0
tabs 9.738994935722633e-05 4.051784947803305
tag 9.738994935722633e-05 0.02643325706815543
tagged 4.869497467861317e-05 0.11995931507897897
tagline 0.0001460849240358395 0.0
tags 4.869497467861317e-05 0.0
taken 4.869497467861317e-05 0.10054122922187746
talk 0.00048694974678613166 0.05358424613410626
target 0.001168679392286716 0.0
targetloader 4.869497467861317e-05 0.0
tatar 4.869497467861317e-05 0.26759531388504365
tatarça 4.869497467861317e-05 0.0
tb 0.0001460849240358395 0.0
tbody 0.00048694974678613166 0.0
td 0.004187767822360733 0.0
team 0.0001460849240358395 0.02643325706815543
team_services 4.869497467861317e-05 0.0
tech 0.00024347487339306583 0.017544309650909525
technologies 4.869497467861317e-05 0.044451762570833796
technology 9.738994935722633e-05 0.017544309650909525
telephone 4.869497467861317e-05 0.48225225132193467
tell 4.869497467861317e-05 0.11995931507897897
template 0.002532138683287885 0.0
template_talk 0.0001460849240358395 0.0
templateargumentsize 4.869497467861317e-05 0.0
templatestyles 0.001753019088430074 0.0
ten 4.869497467861317e-05 0.044451762570833796
term 4.869497467861317e-05 0.008733679968754631
terms 9.738994935722633e-05 0.0
terms_of_use 4.869497467861317e-05 0.0
testing 0.00019477989871445267 0.008733679968754631
text 0.004333852746396572 0.0
text_editor 0.00019477989871445267 0.0
text_of_the_creative_commons_attribution 4.869497467861317e-05 0.0
th 0.0034086482275029217 1.8545603704670854
than 4.869497467861317e-05 0.0
that 0.0003408648227502922 0.0
the 0.0044312426957537985 0.0
their 0.0001460849240358395 0.008733679968754631
thelittlebookoncoffeescript 9.738994935722633e-05 0.0
thelittlebookoncoffeescript_4 9.738994935722633e-05 0.0
then 4.869497467861317e-05 0.0
there 0.00019477989871445267 0.0
these 9.738994935722633e-05 0.0
this 0.00199649396182314 0.0
though 4.869497467861317e-05 0.05358424613410626
thoughts 4.869497467861317e-05 0.11995931507897897
thumb 0.001168679392286716 0.0
thumbnail 4.869497467861317e-05 0.0
thus 4.869497467861317e-05 0.008733679968754631
time 0.00038955979742890534 0.0
timeline 9.738994935722633e-05 0.11995931507897897
timeline_of_programming_languages 4.869497467861317e-05 0.0
timestamp 9.738994935722633e-05 0.0
timeusage 4.869497467861317e-05 0.0
timingprofile 4.869497467861317e-05 0.0
title 0.021961433580054538 0.0
titlebar 0.00038955979742890534 0.0
titleform 4.869497467861317e-05 0.0
to 0.0027756135566809506 0.0
toc 0.006184261784183872 0.0
toggle 0.0004382547721075185 0.0
toggle_view_mobile 4.869497467861317e-05 0.0
tokens 4.869497467861317e-05 3.6463198396951406
toolbar 0.0001460849240358395 0.0
toolkit 9.738994935722633e-05 0.044451762570833796
tools 0.0004382547721075185 0.0
top 0.000584339696143358 0.0
total 9.738994935722633e-05 0.0
touch 9.738994935722633e-05 2.4423470353692043
tr 0.004869497467861317 0.08149303425118301
tracebacks 4.869497467861317e-05 0.11995931507897897
trademark 4.869497467861317e-05 0.0
transclusion 4.869497467861317e-05 0.0
transcompiler 9.738994935722633e-05 0.0
transientcontent 4.869497467861317e-05 0.0
translation 4.869497467861317e-05 0.11995931507897897
transparent 0.0007304246201791975 0.11020314013361425
transpilers 4.869497467861317e-05 0.11995931507897897
treat 4.869497467861317e-05 0.11995931507897897
trevor 9.738994935722633e-05 0.11995931507897897
triggered 4.869497467861317e-05 0.0
true 0.0010712894429294898 0.0
try 4.869497467861317e-05 0.11995931507897897
tt 0.00019477989871445267 0.0
ttl 4.869497467861317e-05 0.0
turkish 4.869497467861317e-05 0.0
turn 0.0001460849240358395 0.11020314013361425
tweet 9.738994935722633e-05 0.11995931507897897
twitter 4.869497467861317e-05 0.14981227822866008
two 9.738994935722633e-05 0.0
type 0.001753019088430074 0.0
type_system 4.869497467861317e-05 0.06280090123903044
typescript 0.0007791195948578107 0.11995931507897897
typing 9.738994935722633e-05 0.008733679968754631
türkçe 4.869497467861317e-05 0.0
u 9.738994935722633e-05 0.035401927050916
ui 0.002580833657966498 0.0
uid 0.0001460849240358395 0.0
uk 0.00019477989871445267 0.09097177820572679
ukrainian 4.869497467861317e-05 1.749199854809259
ul 0.00676860148032723 0.0
uli 4.869497467861317e-05 3.3586377672433594
uls 0.00024347487339306583 0.0
undefined 9.738994935722633e-05 0.11020314013361425
under 4.869497467861317e-05 0.0
underscore 0.0001460849240358395 0.11995931507897897
unit 0.0001460849240358395 0.035401927050916
unit_testing 4.869497467861317e-05 0.0
united 4.869497467861317e-05 0.035401927050916
unknown 0.0005356447214647449 0.008733679968754631
unnecessary 4.869497467861317e-05 0.11995931507897897
unpin 9.738994935722633e-05 0.0
unpinned 9.738994935722633e-05 0.0
unsourced 0.000584339696143358 0.0
unstrip 0.00019477989871445267 0.0
until 9.738994935722633e-05 0.008733679968754631
unusual 4.869497467861317e-05 0.11995931507897897
up 0.00019477989871445267 0.0
updated 9.738994935722633e-05 0.08149303425118301
upload 0.0016556291390728477 0.14981227822866008
upper 0.00019477989871445267 0.11020314013361425
url 0.00048694974678613166 0.0721032939013439
us 0.00019477989871445267 0.02643325706815543
usage 0.00019477989871445267 0.0
use 0.00024347487339306583 0.0
used 9.738994935722633e-05 0.0
uselang 9.738994935722633e-05 0.0
user 0.0013147643163225556 0.0
useradd 9.738994935722633e-05 0.0
userlogin 9.738994935722633e-05 0.0
users 9.738994935722633e-05 0.0721032939013439
uses 0.0001460849240358395 0.008733679968754631
using 0.0004382547721075185 0.0
usually 9.738994935722633e-05 0.008733679968754631
utc 4.869497467861317e-05 0.0
utf 4.869497467861317e-05 0.21233263520999412
utility 9.738994935722633e-05 0.0
utm_campaign 4.869497467861317e-05 0.0
utm_medium 4.869497467861317e-05 0.0
utm_source 4.869497467861317e-05 0.0
ux 4.869497467861317e-05 0.0
v 0.0001460849240358395 0.044451762570833796
v3 9.738994935722633e-05 0.09097177820572679
v3_1 9.738994935722633e-05 0.0
v8 9.738994935722633e-05 0.11995931507897897
v8_ 4.869497467861317e-05 0.0
value 0.0007304246201791975 0.0
values 4.869497467861317e-05 0.0
var 0.0001460849240358395 0.11020314013361425
varenhorst 9.738994935722633e-05 0.11995931507897897
variable 0.000292169848071679 0.0
variable_shadowing 4.869497467861317e-05 0.0
variant 9.738994935722633e-05 0.0
variants 0.000292169848071679 0.0
vary 4.869497467861317e-05 0.0
ve 4.869497467861317e-05 0.25629575863111026
vector 0.013488507985975848 0.0
version 0.0003408648227502922 0.0
versions 4.869497467861317e-05 0.035401927050916
vertical 0.00024347487339306583 0.19105523676270922
vevent 4.869497467861317e-05 0.0
view 0.0007304246201791975 0.0
viewport 4.869497467861317e-05 0.0
views 0.0001460849240358395 0.02643325706815543
vim 9.738994935722633e-05 0.11995931507897897
vim_ 4.869497467861317e-05 0.0
visible 4.869497467861317e-05 0.044451762570833796
visit 9.738994935722633e-05 0.0
visited 4.869497467861317e-05 0.0
visual 0.000584339696143358 0.0
visual_basic_ 4.869497467861317e-05 0.0
visual_studio_code 4.869497467861317e-05 0.0
visualeditor 0.00019477989871445267 0.0
vue 0.00024347487339306583 0.11995931507897897
w 0.0018504090377873003 0.0
wakanda 9.738994935722633e-05 0.11995931507897897
wakanda_ 4.869497467861317e-05 0.0
walltime 4.869497467861317e-05 0.0
was 0.00038955979742890534 0.0
watchlist 4.869497467861317e-05 0.0
watchtoken 4.869497467861317e-05 0.0
way 9.738994935722633e-05 0.008733679968754631
wayback 0.00024347487339306583 0.11995931507897897
wayback_machine 4.869497467861317e-05 0.0
wb 9.738994935722633e-05 0.0
wbc 4.869497467861317e-05 0.0
wbr 4.869497467861317e-05 0.0
web 0.0010712894429294898 0.0
web_browser 9.738994935722633e-05 0.0
web_framework 9.738994935722633e-05 0.0
webarchive 0.0001460849240358395 0.11995931507897897
webarchive_template_wayback_links 4.869497467861317e-05 0.0
webassembly 0.0001460849240358395 0.11995931507897897
webauthn 0.0001460849240358395 0.11995931507897897
webpack 0.0001460849240358395 0.11995931507897897
websharper 0.0001460849240358395 0.11995931507897897
website 0.000292169848071679 0.0
weight 0.00038955979742890534 0.7195804376281008
were 4.869497467861317e-05 0.02643325706815543
wesley 0.00019477989871445267 0.11995931507897897
wgaction 4.869497467861317e-05 0.0
wgarticleid 4.869497467861317e-05 0.0
wgbackendresponsetime 4.869497467861317e-05 0.0
wgbreakframes 4.869497467861317e-05 0.0
wgcanonicalnamespace 4.869497467861317e-05 0.0
wgcanonicalspecialpagename 4.869497467861317e-05 0.0
wgcategories 4.869497467861317e-05 0.0
wgcentralauthmobiledomain 4.869497467861317e-05 0.0
wgcspnonce 4.869497467861317e-05 0.0
wgcurrevisionid 4.869497467861317e-05 0.0
wgdefaultdateformat 4.869497467861317e-05 0.0
wgdigittransformtable 4.869497467861317e-05 0.0
wgeditsubmitbuttonlabelpublish 4.869497467861317e-05 0.0
wgflaggedrevsparams 4.869497467861317e-05 0.0
wggestructuredtaskrejectionreasontextinputenabled 4.869497467861317e-05 0.0
wggetopicsmatchmodeenabled 4.869497467861317e-05 0.0
wghostname 4.869497467861317e-05 0.0
wgisarticle 4.869497467861317e-05 0.0
wgisprobablyeditable 4.869497467861317e-05 0.0
wgisredirect 4.869497467861317e-05 0.0
wgmediaviewerenabledbydefault 4.869497467861317e-05 0.0
wgmediavieweronclick 4.869497467861317e-05 0.0
wgmfdisplaywikibasedescriptions 4.869497467861317e-05 0.0
wgmonthnames 4.869497467861317e-05 0.0
wgnamespacenumber 4.869497467861317e-05 0.0
wgnoticeproject 4.869497467861317e-05 0.0
wgpagecontentlanguage 4.869497467861317e-05 0.0
wgpagecontentmodel 4.869497467861317e-05 0.0
wgpagename 4.869497467861317e-05 0.0
wgpageparsereport 4.869497467861317e-05 0.0
wgpopupsflags 4.869497467861317e-05 0.0
wgrelevantarticleid 4.869497467861317e-05 0.0
wgrelevantpageisprobablyeditable 4.869497467861317e-05 0.0
wgrelevantpagename 4.869497467861317e-05 0.0
wgrequestid 4.869497467861317e-05 0.0
wgrestrictionedit 4.869497467861317e-05 0.0
wgrestrictionmove 4.869497467861317e-05 0.0
wgrevisionid 4.869497467861317e-05 0.0
wgseparatortransformtable 4.869497467861317e-05 0.0
wgtitle 4.869497467861317e-05 0.0
wgulscurrentautonym 4.869497467861317e-05 0.0
wgulsiscompactlinksenabled 4.869497467861317e-05 0.0
wgulsislanguageselectorempty 4.869497467861317e-05 0.0
wgulsposition 4.869497467861317e-05 0.0
wgusergroups 4.869497467861317e-05 0.0
wgusername 4.869497467861317e-05 0.0
wgvector2022previewpages 4.869497467861317e-05 0.0
wgvisualeditor 4.869497467861317e-05 0.0
wgwikibaseitemid 4.869497467861317e-05 0.0
wgwmepagelength 4.869497467861317e-05 0.0
wgwmeschemaeditattemptstepoversample 4.869497467861317e-05 0.0
what 4.869497467861317e-05 0.0
whatlinkshere 9.738994935722633e-05 0.0
wheeler 9.738994935722633e-05 0.11995931507897897
when 0.00024347487339306583 0.0
where 4.869497467861317e-05 0.0
whereas 4.869497467861317e-05 0.11020314013361425
which 0.00048694974678613166 0.0
while 0.00019477989871445267 0.017544309650909525
white 0.000292169848071679 0.0721032939013439
whose 4.869497467861317e-05 0.06280090123903044
width 0.004041682898324893 0.0
wiki 0.0173841059602649 0.0
wikibase 0.00019477989871445267 0.0
wikidata 0.0012660693416439424 0.0
wikimedia 0.0027756135566809506 0.0
wikimediabadges 4.869497467861317e-05 0.0
wikimediaevents 4.869497467861317e-05 0.0
wikimediafoundation 9.738994935722633e-05 0.0
wikipedia 0.006427736657576938 0.0
wikisource 4.869497467861317e-05 3.6463198396951406
wikitext 4.869497467861317e-05 0.0
will 4.869497467861317e-05 0.0
window 0.00019477989871445267 0.11020314013361425
with 0.002629528632645111 0.0
without 4.869497467861317e-05 0.02643325706815543
wittgenstein 4.869497467861317e-05 0.11995931507897897
wmf 0.0001460849240358395 0.0
word 0.00019477989871445267 0.044451762570833796
wordmark 9.738994935722633e-05 0.0
works 4.869497467861317e-05 0.11020314013361425
would 4.869497467861317e-05 0.0
wpformidentifier 4.869497467861317e-05 0.0
wrap 4.869497467861317e-05 0.5108256237659907
write 9.738994935722633e-05 0.017544309650909525
written 0.00024347487339306583 0.0
ws 4.869497467861317e-05 0.0
www 0.000876509544215037 0.0
x 0.0007304246201791975 0.0
xml 0.0001460849240358395 0.14981227822866008
y 0.000584339696143358 0.008733679968754631
yaml 0.0001460849240358395 0.11995931507897897
yarn 9.738994935722633e-05 0.11995931507897897
yarn_ 4.869497467861317e-05 0.0
ycombinator 9.738994935722633e-05 0.0
years 4.869497467861317e-05 0.017544309650909525
yes 4.869497467861317e-05 0.7936884097818228
you 0.0003408648227502922 0.0
your 0.00019477989871445267 0.0
yue 0.00019477989871445267 0.0
z 9.738994935722633e-05 0.11020314013361425
z39 0.000876509544215037 0.0
z3988 0.000876509544215037 0.0
zh 0.000292169848071679 1.3109449238781037
ziga 9.738994935722633e-05 0.11995931507897897
π 4.869497467861317e-05 0.11995931507897897
русский 4.869497467861317e-05 0.7375989431307791
татарча 4.869497467861317e-05 4.74493212836325
українська 4.869497467861317e-05 0.0
հայերեն 4.869497467861317e-05 0.0
اسکریپت 4.869497467861317e-05 0.0
العربية 4.869497467861317e-05 0.0
سكريبت 4.869497467861317e-05 0.0
فارسی 4.869497467861317e-05 0.0
كافي 4.869497467861317e-05 0.0
کافی 4.869497467861317e-05 0.0
ക 9.738994935722633e-05 0.0
പ 4.869497467861317e-05 0.0
ഫ 4.869497467861317e-05 0.0
മലയ 4.869497467861317e-05 0.0
ര 4.869497467861317e-05 0.0
റ 9.738994935722633e-05 0.0
ള 4.869497467861317e-05 0.11995931507897897
സ 4.869497467861317e-05 0.0
中文 4.869497467861317e-05 0.0
日本語 4.869497467861317e-05 0.0
粵語 4.869497467861317e-05 0.6177977433181585
커피스크립트 4.869497467861317e-05 0.0
한국어 4.869497467861317e-05 0.0
