0 0.004384414114984796 0.0
00 0.0001414327133866063 0.0
000 0.0001414327133866063 0.0
0004 0.00021214907007990948 4.051784947803305
01 0.00042429814015981895 0.3382128810989969
039 0.0002828654267732126 0.0
06 0.0001414327133866063 0.5254244231871433
08 0.0002828654267732126 0.4682660093471948
0_unported_license 7.071635669330315e-05 0.0
1 0.005515875822077646 0.0
10 0.001272894420479457 0.0
100 0.0010607453503995474 0.0
1000 7.071635669330315e-05 0.0
10000 7.071635669330315e-05 1.2484245668967697
1000000 0.0001414327133866063 0.0
1007 0.00042429814015981895 1.749199854809259
100px 7.071635669330315e-05 0.9837320126696876
101 0.0001414327133866063 2.03688192726104
1067757338 0.0004950144968531221 4.74493212836325
10px 0.0005657308535464252 0.454472687214859
11 0.0003535817834665158 0.21233263520999412
1122372914 7.071635669330315e-05 4.74493212836325
1145 0.00042429814015981895 1.377636298376776
11680093_2 7.071635669330315e-05 4.74493212836325
117 7.071635669330315e-05 0.0
11799573_9 7.071635669330315e-05 4.74493212836325
12 0.0001414327133866063 0.18058393689541388
125em 0.0001414327133866063 0.0
127 7.071635669330315e-05 0.09097177820572679
12px 7.071635669330315e-05 0.09097177820572679
12s5i 7.071635669330315e-05 0.0
13 7.071635669330315e-05 0.0
133 0.00021214907007990948 0.08149303425118301
14 0.0001414327133866063 0.22314355131420976
14578759 0.0001414327133866063 4.74493212836325
148 7.071635669330315e-05 2.5477075510270306
14z 0.0001414327133866063 3.3586377672433594
15 0.0001414327133866063 0.3382128810989969
157 7.071635669330315e-05 2.3470368555648795
15px 7.071635669330315e-05 0.8531118302526235
160 0.001272894420479457 0.0
1721654 7.071635669330315e-05 4.74493212836325
1721675 0.00021214907007990948 4.74493212836325
18 0.0002828654267732126 0.48225225132193467
1814400 0.0001414327133866063 0.5705448584676129
188 0.0001414327133866063 3.1354942159291497
194 0.0001414327133866063 2.953172659135195
1990s 0.0002828654267732126 1.911718784307034
1em 0.0004950144968531221 0.02643325706815543
1px 0.00042429814015981895 0.2451224580329849
1x1 7.071635669330315e-05 0.0
2 0.002757937911038823 0.0
20 0.0002828654267732126 0.0
2003 0.0001414327133866063 0.9837320126696876
2004 0.00042429814015981895 0.06280090123903044
2006 0.0002828654267732126 1.0072625100798818
2007 0.0001414327133866063 0.9382696385929302
2009 7.071635669330315e-05 0.9382696385929302
2010 0.00021214907007990948 0.8329091229351039
2019 0.0002828654267732126 0.9162907318741551
2021 7.071635669330315e-05 0.7746402148111283
2022 0.0005657308535464252 0.0
20230314220638 7.071635669330315e-05 4.74493212836325
20230314220639 0.0001414327133866063 4.74493212836325
2097152 0.0002828654267732126 0.0
20px 7.071635669330315e-05 0.8531118302526235
2115 0.0001414327133866063 4.74493212836325
22 0.0005657308535464252 0.26759531388504365
22curry 0.00042429814015981895 4.74493212836325
22t11 0.0001414327133866063 4.74493212836325
238px 7.071635669330315e-05 0.8329091229351039
23id 0.0001414327133866063 1.2185716037470886
23px 7.071635669330315e-05 0.5254244231871433
24 0.0001414327133866063 0.5254244231871433
25 0.00021214907007990948 0.3260915205666521
255 7.071635669330315e-05 0.09097177820572679
25em 0.0003535817834665158 0.035401927050916
25t01 0.0001414327133866063 4.74493212836325
26 7.071635669330315e-05 0.0
268 0.0001414327133866063 3.1354942159291497
289 0.0001414327133866063 2.953172659135195
28programming 0.0007071635669330316 1.1340142157190256
28programming_language 0.0001414327133866063 1.1340142157190256
29 0.0008485962803196379 0.22314355131420976
2c 0.00021214907007990948 0.48225225132193467
2cicon 7.071635669330315e-05 0.0
2cstyles 7.071635669330315e-05 0.0
2cwikimediabadges 7.071635669330315e-05 0.6177977433181585
2em 0.0001414327133866063 0.06280090123903044
2f 0.0003535817834665158 0.11020314013361425
2f10 0.0002828654267732126 0.8737311174553593
2f11680093_2 0.0001414327133866063 4.74493212836325
2f11799573_9 0.0001414327133866063 4.74493212836325
2f1721654 0.0001414327133866063 4.74493212836325
2f347476 0.0001414327133866063 4.74493212836325
2fapi 0.0001414327133866063 1.377636298376776
2fcorpusid 0.0001414327133866063 1.377636298376776
2fcurry 7.071635669330315e-05 4.74493212836325
2fdocs 7.071635669330315e-05 1.5668782980153044
2fen 0.00042429814015981895 0.10054122922187746
2ffmt 0.00042429814015981895 0.10054122922187746
2fwww 0.0001414327133866063 0.3382128810989969
2px 0.00042429814015981895 0.26759531388504365
2x 0.0003535817834665158 0.0
3 0.0020507743441057916 0.0
302187 0.00021214907007990948 4.74493212836325
30em 7.071635669330315e-05 0.09097177820572679
31 0.0002828654267732126 0.0
3125em 7.071635669330315e-05 0.0
324 0.0001414327133866063 2.7990219793079367
32654 0.0002828654267732126 4.74493212836325
33 0.0001414327133866063 0.8531118302526235
340 0.0001414327133866063 3.6463198396951406
347476 7.071635669330315e-05 4.74493212836325
347484 0.00021214907007990948 4.74493212836325
3476 0.0001414327133866063 4.74493212836325
364 0.0001414327133866063 3.1354942159291497
36635 0.0002828654267732126 4.051784947803305
36c 7.071635669330315e-05 1.0072625100798818
38140 0.0001414327133866063 4.74493212836325
39 7.071635669330315e-05 0.3141153295199365
3901 0.0001414327133866063 2.7990219793079367
399 7.071635669330315e-05 1.3109449238781037
3a 0.0003535817834665158 0.11020314013361425
3a14578759 7.071635669330315e-05 4.74493212836325
3a3 7.071635669330315e-05 0.09097177820572679
3a47275506 7.071635669330315e-05 4.74493212836325
3abook 7.071635669330315e-05 0.22314355131420976
3acurry 0.00042429814015981895 4.74493212836325
3adoi 0.0002828654267732126 0.9382696385929302
3ajournal 0.0003535817834665158 0.3260915205666521
3akev 0.00042429814015981895 0.10054122922187746
3amtx 0.00042429814015981895 0.10054122922187746
3aofi 0.00042429814015981895 0.10054122922187746
3asid 0.00042429814015981895 0.10054122922187746
3cols 7.071635669330315e-05 0.21233263520999412
3ds2cid 0.0001414327133866063 1.377636298376776
3em 0.0001414327133866063 0.035401927050916
3px 0.0001414327133866063 0.12981161152199053
4 0.0011314617070928505 0.02643325706815543
40 7.071635669330315e-05 0.0
400 0.0001414327133866063 0.0
40346 0.0001414327133866063 4.74493212836325
4079 0.0001414327133866063 4.74493212836325
43 0.0001414327133866063 1.2185716037470886
4578 7.071635669330315e-05 4.74493212836325
45c2 7.071635669330315e-05 4.74493212836325
47 0.0001414327133866063 1.2484245668967697
47275506 0.0001414327133866063 4.74493212836325
48 0.0001414327133866063 0.8531118302526235
49 0.0001414327133866063 0.9607424944449889
4c 7.071635669330315e-05 0.09097177820572679
4px 0.0001414327133866063 0.8329091229351039
5 0.0009193126370129411 0.11020314013361425
50 0.0003535817834665158 0.0
500 0.0001414327133866063 0.0
5000000 0.0001414327133866063 0.0
50px 7.071635669330315e-05 1.0072625100798818
50z 0.0001414327133866063 2.5477075510270306
512 7.071635669330315e-05 0.6505875661411494
5191093 0.0001414327133866063 4.74493212836325
524 7.071635669330315e-05 3.3586377672433594
52428800 0.0001414327133866063 0.008733679968754631
52px 7.071635669330315e-05 1.0072625100798818
53 0.0001414327133866063 1.3437347467010947
539 0.0001414327133866063 4.051784947803305
540 0.0005657308535464252 2.4423470353692043
5411 0.00021214907007990948 4.74493212836325
544 0.0001414327133866063 3.3586377672433594
55 0.0001414327133866063 1.1895840668738364
574 0.0001414327133866063 3.6463198396951406
58 0.0001414327133866063 1.1073459686368643
5em 0.0007071635669330316 0.0
5x 0.0003535817834665158 0.0
6 0.0007778799236263348 0.044451762570833796
61 0.0002828654267732126 1.3109449238781037
65 7.071635669330315e-05 0.05358424613410626
67 0.0001414327133866063 1.5668782980153044
685 7.071635669330315e-05 4.74493212836325
6em 7.071635669330315e-05 0.7195804376281008
7 0.0005657308535464252 0.0
720px 0.0001414327133866063 0.0
74 0.0001414327133866063 1.0072625100798818
757 0.0001414327133866063 3.1354942159291497
75px 7.071635669330315e-05 1.0072625100798818
776 0.0001414327133866063 4.74493212836325
7cext 0.00021214907007990948 0.0
7cmediawiki 7.071635669330315e-05 0.0
7cskins 7.071635669330315e-05 0.0
7cwikibase 7.071635669330315e-05 0.0
8 0.0004950144968531221 0.0
80 7.071635669330315e-05 0.3022808718729337
805 0.0001414327133866063 3.6463198396951406
81 0.0001414327133866063 1.0560526742493137
8125em 7.071635669330315e-05 0.0
822 0.0001414327133866063 4.74493212836325
834 0.0001414327133866063 4.74493212836325
8360 7.071635669330315e-05 4.74493212836325
85 0.0001414327133866063 0.5705448584676129
87 0.0001414327133866063 1.0560526742493137
88 0.0007778799236263348 0.0
8a 0.00021214907007990948 0.7375989431307791
8b 7.071635669330315e-05 0.9837320126696876
8c 0.0001414327133866063 1.0313600616589422
8f 7.071635669330315e-05 1.0813704822336037
9 0.0003535817834665158 0.11020314013361425
90 0.00021214907007990948 0.08149303425118301
91 0.0004950144968531221 0.0721032939013439
93 0.0004950144968531221 0.06280090123903044
95 7.071635669330315e-05 0.035401927050916
978 0.0005657308535464252 0.9837320126696876
99 0.00021214907007990948 0.6505875661411494
9932cc 7.071635669330315e-05 1.0072625100798818
9b1f 7.071635669330315e-05 4.051784947803305
9e 7.071635669330315e-05 1.3109449238781037
9px 0.00021214907007990948 0.09097177820572679
_hanus_michael2006 0.0001414327133866063 4.74493212836325
_rachid_echahed_and_michael_hanus2007 7.071635669330315e-05 4.74493212836325
_secondary_and_tertiary_sources 0.0001414327133866063 2.26002547857525
a 0.03344883671593239 0.0
a0 0.0001414327133866063 0.25629575863111026
a2a9b1 0.00021214907007990948 0.27902400970866637
a8 0.0001414327133866063 0.6844891178168307
a9 7.071635669330315e-05 0.9382696385929302
aa 0.0001414327133866063 0.0721032939013439
able 7.071635669330315e-05 1.911718784307034
about 0.0009193126370129411 0.0
aboutsite 7.071635669330315e-05 0.0
above 0.0001414327133866063 0.1599646496926782
abovebelow 0.0002828654267732126 0.44086703515908027
absence 0.0001414327133866063 3.6463198396951406
absolute 7.071635669330315e-05 0.0
academic 0.00021214907007990948 2.1058747987479913
academic_programming_languages 7.071635669330315e-05 3.1354942159291497
acc 7.071635669330315e-05 1.3109449238781037
accessdate 7.071635669330315e-05 0.2451224580329849
accesskey 0.00134361077717276 0.0
account 0.0002828654267732126 0.0
acm 0.00042429814015981895 1.1895840668738364
across 7.071635669330315e-05 0.0
action 0.0016971925606392758 0.0
actions 7.071635669330315e-05 0.0
actual 0.0001414327133866063 1.8545603704670854
actually 7.071635669330315e-05 2.3470368555648795
add 7.071635669330315e-05 0.0
adding 7.071635669330315e-05 0.8947845266531914
additional 7.071635669330315e-05 0.0
address 0.0001414327133866063 0.0
after 0.0012021780637861538 0.0
agree 7.071635669330315e-05 0.0
al 0.0001414327133866063 1.7004096906398272
alert 0.0002828654267732126 0.0
algebraic 0.0001414327133866063 2.26002547857525
algebraic_data_type 7.071635669330315e-05 3.3586377672433594
align 0.0007071635669330316 0.05358424613410626
all 0.0005657308535464252 0.0
all_articles_lacking_reliable_references 7.071635669330315e-05 2.03688192726104
allow 7.071635669330315e-05 1.0313600616589422
allows 7.071635669330315e-05 0.8329091229351039
alpha 0.0002828654267732126 0.08149303425118301
also 0.0003535817834665158 0.19105523676270922
alt 0.0007071635669330316 0.0
alternate 0.00021214907007990948 0.0
alternatives 7.071635669330315e-05 4.74493212836325
ambox 0.002192207057492398 1.0072625100798818
among 0.0001414327133866063 1.5668782980153044
amp 0.00827381373311647 0.0
an 0.0008485962803196379 0.0
and 0.002545788840958914 0.0
anon 0.0001414327133866063 0.0
anoncontribs 7.071635669330315e-05 0.0
anontalk 7.071635669330315e-05 0.0
anonymous 7.071635669330315e-05 0.0
another 0.0001414327133866063 0.09097177820572679
antoy 0.0007071635669330316 4.74493212836325
any 7.071635669330315e-05 0.6844891178168307
anyway 7.071635669330315e-05 4.74493212836325
api 0.00021214907007990948 0.0
apple 0.0001414327133866063 0.0
applicable 7.071635669330315e-05 2.5477075510270306
application 0.0004950144968531221 0.0
apply 7.071635669330315e-05 0.0
approach 7.071635669330315e-05 1.7004096906398272
april 7.071635669330315e-05 0.0
ar 7.071635669330315e-05 0.6844891178168307
arbitrary 7.071635669330315e-05 1.8004931491968095
archetype 7.071635669330315e-05 4.74493212836325
are 0.0010607453503995474 0.0
argument 0.00021214907007990948 0.0
arguments 0.00021214907007990948 1.377636298376776
aria 0.0021214907007990947 0.0
article 0.0009900289937062442 0.0
articles 0.0007071635669330316 0.0
articles_lacking_reliable_references_from_july_2019 7.071635669330315e-05 4.051784947803305
articles_with_gnd_identifiers 7.071635669330315e-05 2.1058747987479913
as 0.0019093416307191854 0.0
as_eq 7.071635669330315e-05 1.377636298376776
associated 0.0001414327133866063 0.0
async 0.00021214907007990948 0.0
at 0.0003535817834665158 0.0
atitle 0.0003535817834665158 0.25629575863111026
atom 0.00021214907007990948 0.0
attribution 7.071635669330315e-05 0.0
au 0.0002828654267732126 0.48225225132193467
august 7.071635669330315e-05 0.0
author 0.0001414327133866063 0.0
authority 0.00021214907007990948 1.16141318990714
authority_control 0.00021214907007990948 1.1340142157190256
auto 0.0002828654267732126 0.0
autocapitalize 7.071635669330315e-05 0.0
autostart 7.071635669330315e-05 0.11020314013361425
available 0.0001414327133866063 0.0
avoid 0.0001414327133866063 0.09097177820572679
b 0.0024043561275723076 0.0
b1 7.071635669330315e-05 0.9607424944449889
b3 7.071635669330315e-05 0.7559480817989758
b32424 0.0001414327133866063 1.0072625100798818
b3n 7.071635669330315e-05 2.03688192726104
b97fa261fd43 7.071635669330315e-05 4.74493212836325
background 0.001272894420479457 0.017544309650909525
backlink 0.0004950144968531221 0.08149303425118301
backtracking 0.0001414327133866063 3.3586377672433594
based 0.0002828654267732126 0.3504829736908114
basic 0.00021214907007990948 0.7195804376281008
basic_concepts 0.0002828654267732126 4.051784947803305
bc 7.071635669330315e-05 0.9607424944449889
bdi 0.0002828654267732126 0.7375989431307791
be 0.0007778799236263348 0.06280090123903044
because 0.0001414327133866063 0.0
been 7.071635669330315e-05 0.6844891178168307
before 0.0009900289937062442 0.0
behavior 0.0001414327133866063 2.03688192726104
being 7.071635669330315e-05 0.8737311174553593
below 7.071635669330315e-05 0.18058393689541388
beyond 7.071635669330315e-05 1.911718784307034
binding 0.0001414327133866063 2.03688192726104
bks 0.0001414327133866063 1.377636298376776
bkt 7.071635669330315e-05 1.377636298376776
block 7.071635669330315e-05 0.18058393689541388
body 0.0011314617070928505 0.0
bodycontent 0.0001414327133866063 0.0
bold 7.071635669330315e-05 0.2451224580329849
book 7.071635669330315e-05 0.42744401482693967
books 7.071635669330315e-05 0.5552773863368246
booksources 0.0002828654267732126 0.6673946844575306
bool 7.071635669330315e-05 2.953172659135195
boolean 0.0001414327133866063 1.5668782980153044
booleans 7.071635669330315e-05 2.953172659135195
bootstrap 7.071635669330315e-05 0.10054122922187746
border 0.0016971925606392758 0.0
both 0.00021214907007990948 0.3022808718729337
bottom 0.00021214907007990948 0.05358424613410626
bound 7.071635669330315e-05 2.665490586683414
box 0.0010607453503995474 0.0
br 7.071635669330315e-05 0.42744401482693967
bracket 0.0011314617070928505 0.0
braßel 7.071635669330315e-05 4.74493212836325
breadth 0.00021214907007990948 4.74493212836325
break 0.00021214907007990948 0.05358424613410626
browsing 7.071635669330315e-05 0.0
btitle 7.071635669330315e-05 0.22314355131420976
btn 0.00042429814015981895 0.0
bugs 7.071635669330315e-05 2.3470368555648795
built 7.071635669330315e-05 1.0072625100798818
but 7.071635669330315e-05 0.3629054936893685
button 0.0024043561275723076 0.0
buttons 7.071635669330315e-05 0.0
by 0.0024043561275723076 0.0
bytes 0.0002828654267732126 0.0
c 0.0005657308535464252 0.0
c13_en 7.071635669330315e-05 0.0
c3 0.0001414327133866063 0.7018808605286999
c_ 0.0001414327133866063 0.8329091229351039
ca 0.0008485962803196379 0.0
cache 0.0001414327133866063 0.0
cached 7.071635669330315e-05 0.0
cachereport 7.071635669330315e-05 0.0
cactions 0.00042429814015981895 0.0
called 0.0001414327133866063 0.6844891178168307
calls 0.0001414327133866063 0.0
campaigns 7.071635669330315e-05 0.0
can 0.0011314617070928505 0.17022114985986725
canonical 0.0001414327133866063 0.0
caption 0.0001414327133866063 0.21233263520999412
case 0.00021214907007990948 1.0813704822336037
cases 7.071635669330315e-05 1.911718784307034
catalan 7.071635669330315e-05 1.5668782980153044
català 7.071635669330315e-05 1.6094379124341003
categories 0.0001414327133866063 0.02643325706815543
category 0.0016971925606392758 0.0
catlinks 0.00042429814015981895 0.0
cats 7.071635669330315e-05 0.0721032939013439
caused 7.071635669330315e-05 2.7990219793079367
ccf 7.071635669330315e-05 0.454472687214859
cell 7.071635669330315e-05 0.7195804376281008
center 0.0007071635669330316 0.017544309650909525
centralauth 0.0001414327133866063 0.0
centralautologin 0.0001414327133866063 0.0
centralnotice 0.00021214907007990948 0.0
change 7.071635669330315e-05 0.0
changes 0.0002828654267732126 0.0
charinsert 7.071635669330315e-05 0.0
charset 7.071635669330315e-05 0.0
checkbox 0.0024043561275723076 0.0
child 0.001767908917332579 0.06280090123903044
chinese 7.071635669330315e-05 0.8131064956389242
choice 7.071635669330315e-05 2.26002547857525
citation 0.0009900289937062442 0.08149303425118301
cite 0.0018386252740258823 0.0
cite_journal 0.0001414327133866063 1.5260563034950492
cite_note 0.0009900289937062442 0.08149303425118301
cite_ref 0.0009900289937062442 0.08149303425118301
cite_web 0.0001414327133866063 0.4682660093471948
citerefantoy_sergio 0.0001414327133866063 4.74493212836325
citerefmichael_hanus 7.071635669330315e-05 4.74493212836325
citerefsergio_antoy 7.071635669330315e-05 4.74493212836325
citerefsergio_antoy_and_michael_hanus2010 7.071635669330315e-05 4.74493212836325
citeseerx 0.0001414327133866063 1.9723434061234688
citethispage 7.071635669330315e-05 0.0
class 0.047945689838059545 0.0
classes 7.071635669330315e-05 1.5260563034950492
classname 0.00021214907007990948 0.0
clear 0.0001414327133866063 0.11995931507897897
client 0.00042429814015981895 0.0
code 7.071635669330315e-05 0.035401927050916
coll 0.0002828654267732126 0.0
collapse 0.0001414327133866063 0.21233263520999412
collapsed 0.00021214907007990948 0.0
collapses 7.071635669330315e-05 0.0
collapsible 0.0007071635669330316 0.0
color 0.001272894420479457 0.017544309650909525
colspan 0.0003535817834665158 0.14981227822866008
column 0.00021214907007990948 0.09097177820572679
columns 0.0003535817834665158 0.09097177820572679
com 0.0003535817834665158 0.11995931507897897
combined 7.071635669330315e-05 1.8004931491968095
combines 7.071635669330315e-05 2.1799827709017134
commons 0.0003535817834665158 0.0
communications 0.0001414327133866063 1.6538896750049343
community 7.071635669330315e-05 0.0
community_portal 7.071635669330315e-05 0.0
compact 0.0001414327133866063 0.8947845266531914
compactlinks 7.071635669330315e-05 0.0
compiler 0.00021214907007990948 0.5108256237659907
complete 7.071635669330315e-05 1.4127276181880462
complex 7.071635669330315e-05 1.2185716037470886
complications 7.071635669330315e-05 0.0
computation 7.071635669330315e-05 2.03688192726104
computations 7.071635669330315e-05 2.953172659135195
computed 0.0001414327133866063 2.953172659135195
computer 0.00042429814015981895 0.12981161152199053
computer_science 7.071635669330315e-05 0.5860490450035782
computing 0.0001414327133866063 0.3504829736908114
concatenation 7.071635669330315e-05 3.6463198396951406
concepts 0.00021214907007990948 1.486835590341768
concise 0.0001414327133866063 2.7990219793079367
concurrent 0.00021214907007990948 1.486835590341768
concurrent_programming_languages 7.071635669330315e-05 2.665490586683414
condition 0.0001414327133866063 1.9723434061234688
conditional 7.071635669330315e-05 1.6094379124341003
conditions 0.00021214907007990948 2.1799827709017134
config 0.0001414327133866063 0.0
confluence 0.0001414327133866063 3.6463198396951406
confluence_ 7.071635669330315e-05 3.6463198396951406
consider 7.071635669330315e-05 2.4423470353692043
consisting 7.071635669330315e-05 2.26002547857525
consists 0.0001414327133866063 1.911718784307034
constraint 0.0001414327133866063 1.911718784307034
constraint_programming 7.071635669330315e-05 2.7990219793079367
constraints 0.0001414327133866063 2.1799827709017134
constructors 0.0001414327133866063 2.26002547857525
contact 0.0002828654267732126 0.0
contact_us 0.0001414327133866063 0.0
contactpage 7.071635669330315e-05 0.0
container 0.0010607453503995474 0.0
containing 0.0001414327133866063 0.0
contains 7.071635669330315e-05 1.4127276181880462
content 0.005445159465384344 0.0
contentinfo 7.071635669330315e-05 0.0
contents 0.0009193126370129411 0.0
contentsub 7.071635669330315e-05 0.0
context 0.0001414327133866063 0.0
contrast 0.0002828654267732126 1.911718784307034
contribute 7.071635669330315e-05 0.0
contributions 7.071635669330315e-05 0.0
contributors 0.0001414327133866063 0.0
control 0.0002828654267732126 0.44086703515908027
controls 0.00021214907007990948 0.0
convenient 7.071635669330315e-05 2.4423470353692043
conversion 7.071635669330315e-05 0.0
cookie 0.0003535817834665158 0.0
cookie_statement 7.071635669330315e-05 0.0
cookiestatement 7.071635669330315e-05 0.0
copyright 0.00021214907007990948 0.0
copyrightico 7.071635669330315e-05 0.0
corpusid 0.0001414327133866063 1.377636298376776
corresponding 7.071635669330315e-05 1.4127276181880462
corresponds 7.071635669330315e-05 3.1354942159291497
count 0.0001414327133866063 0.0
counter 0.0002828654267732126 0.27902400970866637
cpu 7.071635669330315e-05 0.0
cputime 7.071635669330315e-05 0.0
create 0.0002828654267732126 0.0
createaccount 0.0002828654267732126 0.0
created 0.00021214907007990948 0.44086703515908027
creative 7.071635669330315e-05 0.0
creativecommons 0.0001414327133866063 0.0
cross 7.071635669330315e-05 0.0
crossorigin 7.071635669330315e-05 0.0
cs1 0.001272894420479457 0.09097177820572679
csrftoken 7.071635669330315e-05 0.0
ctx_ver 0.00042429814015981895 0.10054122922187746
curl 0.0001414327133866063 4.051784947803305
current 0.0001414327133866063 0.0
current_events 7.071635669330315e-05 0.0
currentevents 7.071635669330315e-05 0.0
curry 0.004455130471678099 4.051784947803305
curry_ 0.002757937911038823 4.74493212836325
curry_and_curl_programming_languages 0.0001414327133866063 4.74493212836325
curry_and_curl_programming_languages_3 0.0001414327133866063 4.74493212836325
curry_programming_language 0.0001414327133866063 4.74493212836325
currying 0.00021214907007990948 3.3586377672433594
currywiki 7.071635669330315e-05 4.74493212836325
cx 0.0001414327133866063 0.0
d 0.0001414327133866063 0.06280090123903044
d33 0.0001414327133866063 0.09097177820572679
d5bfb2d1 7.071635669330315e-05 4.74493212836325
d6 7.071635669330315e-05 0.09097177820572679
d8 7.071635669330315e-05 0.7375989431307791
d9 7.071635669330315e-05 0.7936884097818228
da 7.071635669330315e-05 1.2185716037470886
danae 0.00021214907007990948 4.74493212836325
data 0.007000919312637013 0.0
date 0.00042429814015981895 0.08149303425118301
datemodified 0.0001414327133866063 0.0
datepublished 0.0001414327133866063 0.0
db 0.0001414327133866063 0.8737311174553593
dd 0.0011314617070928505 0.22314355131420976
ddf 7.071635669330315e-05 0.454472687214859
de 0.001272894420479457 0.2905848321097423
december 7.071635669330315e-05 0.0
decimal 7.071635669330315e-05 0.09097177820572679
declaration 0.0001414327133866063 1.6094379124341003
declarative 0.0001414327133866063 2.1058747987479913
declared 0.0001414327133866063 1.6538896750049343
decoding 0.0001414327133866063 0.11020314013361425
deduplicate 0.0005657308535464252 0.017544309650909525
deduplicated 0.0037479669047450676 0.06280090123903044
deep 7.071635669330315e-05 2.5477075510270306
deepening 7.071635669330315e-05 4.74493212836325
define 0.0002828654267732126 1.449095262358921
defined 0.0005657308535464252 0.9162907318741551
defining 0.0002828654267732126 2.1799827709017134
definition 0.0001414327133866063 1.2185716037470886
definitions 0.00021214907007990948 1.8004931491968095
delete 7.071635669330315e-05 0.9162907318741551
delivers 7.071635669330315e-05 4.051784947803305
denoted 7.071635669330315e-05 3.3586377672433594
depend 7.071635669330315e-05 2.953172659135195
depth 0.00042429814015981895 0.0
derivations 7.071635669330315e-05 4.051784947803305
description 7.071635669330315e-05 0.0
design 7.071635669330315e-05 0.3141153295199365
designed 7.071635669330315e-05 0.3504829736908114
desktoparticletarget 0.00021214907007990948 0.0
detect 7.071635669330315e-05 3.1354942159291497
detection 7.071635669330315e-05 0.0
determine 7.071635669330315e-05 2.4423470353692043
determinism 0.0004950144968531221 3.1354942159291497
deterministic 0.0004950144968531221 2.5477075510270306
deutsch 7.071635669330315e-05 0.5254244231871433
developer 7.071635669330315e-05 0.0
developers 0.0001414327133866063 0.0
different 0.0002828654267732126 0.38822330167365837
dir 0.0007778799236263348 0.0
directions 7.071635669330315e-05 3.6463198396951406
disabled 0.0007778799236263348 0.0
discipline 7.071635669330315e-05 0.8131064956389242
disclaimers 0.0001414327133866063 0.0
discuss 7.071635669330315e-05 0.0
discussed 7.071635669330315e-05 3.1354942159291497
discussion 0.0001414327133866063 0.0
display 0.0004950144968531221 0.0
distinction 7.071635669330315e-05 2.953172659135195
div 0.014638285835513755 0.0
dl 0.0007071635669330316 0.19105523676270922
dmy 7.071635669330315e-05 0.0
dns 0.0001414327133866063 0.0
do 7.071635669330315e-05 0.8329091229351039
dobasicsearch 7.071635669330315e-05 1.377636298376776
docs 7.071635669330315e-05 1.1073459686368643
doctype 7.071635669330315e-05 0.0
document 0.0002828654267732126 0.0
documentation 7.071635669330315e-05 1.2185716037470886
documentelement 0.00021214907007990948 0.0
does 0.00021214907007990948 0.4682660093471948
doi 0.0009900289937062442 0.8131064956389242
doi_ 0.0002828654267732126 0.9162907318741551
doing 7.071635669330315e-05 2.4423470353692043
donate 0.00021214907007990948 0.0
donating 7.071635669330315e-05 0.0
double 0.0003535817834665158 2.26002547857525
download 0.0002828654267732126 0.0
downloadaspdf 7.071635669330315e-05 0.0
dropdown 0.001767908917332579 0.0
dt 0.0011314617070928505 0.26759531388504365
due 0.0001414327133866063 1.8004931491968095
dutch 7.071635669330315e-05 1.3437347467010947
e 0.001272894420479457 0.0
e5 7.071635669330315e-05 1.7004096906398272
e6e6ff 7.071635669330315e-05 0.454472687214859
e7 7.071635669330315e-05 1.7004096906398272
e8 0.0001414327133866063 1.5260563034950492
each 0.0001414327133866063 0.8531118302526235
easily 7.071635669330315e-05 1.749199854809259
echahed 0.0001414327133866063 4.74493212836325
echo 7.071635669330315e-05 0.0
ed 7.071635669330315e-05 0.8131064956389242
edit 0.0028993706244254294 0.0
editable 7.071635669330315e-05 0.0
edited 7.071635669330315e-05 0.0
editing 7.071635669330315e-05 0.0
editor 0.0001414327133866063 0.0
editors 0.0001414327133866063 0.0
editpage 7.071635669330315e-05 0.0
edits 0.0001414327133866063 0.0
editsection 0.0016971925606392758 0.0
edituri 7.071635669330315e-05 0.0
edu 0.0001414327133866063 0.9607424944449889
eee 0.0001414327133866063 0.48225225132193467
effects 0.0001414327133866063 2.3470368555648795
either 7.071635669330315e-05 1.3437347467010947
element 0.0007071635669330316 0.0
elements 0.0003535817834665158 1.2791962255635234
ellipsis 0.0001414327133866063 0.0
elt 0.0002828654267732126 0.0
employing 7.071635669330315e-05 3.6463198396951406
empty 0.0005657308535464252 0.0
emptyportlet 0.0001414327133866063 0.0
en 0.002192207057492398 0.0
enabled 0.0008485962803196379 0.0
encouraged 0.0002828654267732126 0.0
encyclopedia 0.0001414327133866063 0.0
end 7.071635669330315e-05 0.0
english 0.00021214907007990948 0.0
enhancements 7.071635669330315e-05 0.0721032939013439
entities 7.071635669330315e-05 0.0
entity 0.0002828654267732126 0.0
entityaccesscount 7.071635669330315e-05 0.0
entitypage 0.0001414327133866063 0.0
enumerating 7.071635669330315e-05 4.74493212836325
environment 7.071635669330315e-05 0.7375989431307791
enwiki 7.071635669330315e-05 0.0
enwikimwclientprefs 7.071635669330315e-05 0.0
equal 7.071635669330315e-05 1.8545603704670854
equals 0.0001414327133866063 2.953172659135195
equation 0.0002828654267732126 3.6463198396951406
equational 7.071635669330315e-05 4.74493212836325
equations 0.0003535817834665158 4.051784947803305
error 0.0001414327133866063 0.09097177820572679
es 0.0002828654267732126 0.6844891178168307
es6 7.071635669330315e-05 0.0
esi 0.0001414327133866063 0.0
esitest 7.071635669330315e-05 0.0
español 7.071635669330315e-05 0.7195804376281008
et 0.0001414327133866063 1.6094379124341003
etc 7.071635669330315e-05 1.377636298376776
evaluate 0.00021214907007990948 2.5477075510270306
evaluated 7.071635669330315e-05 2.1058747987479913
evaluation 0.0003535817834665158 1.7004096906398272
even 7.071635669330315e-05 0.40112670650956617
event 0.0007071635669330316 0.0
eventlogging 0.0001414327133866063 0.0
events 0.0001414327133866063 0.0
exact 7.071635669330315e-05 0.0
example 7.071635669330315e-05 0.4682660093471948
examples 7.071635669330315e-05 1.2185716037470886
excessively 7.071635669330315e-05 2.1799827709017134
executed 7.071635669330315e-05 1.449095262358921
execution 0.0001414327133866063 0.9607424944449889
existentially 7.071635669330315e-05 4.74493212836325
exists 7.071635669330315e-05 0.0
expand 0.0002828654267732126 0.0
expanded 0.00021214907007990948 0.008733679968754631
expansion 0.0001414327133866063 0.0
expansiondepth 7.071635669330315e-05 0.0
expensive 7.071635669330315e-05 0.0
expensivefunctioncount 7.071635669330315e-05 0.0
experimental 0.00042429814015981895 2.1799827709017134
experimental_programming_languages 7.071635669330315e-05 3.3586377672433594
expiry 0.0001414327133866063 0.0
explicitly 7.071635669330315e-05 1.8545603704670854
export 7.071635669330315e-05 0.0
express 7.071635669330315e-05 1.3109449238781037
expresses 7.071635669330315e-05 3.3586377672433594
expression 0.00021214907007990948 1.3437347467010947
expressions 0.00021214907007990948 1.4127276181880462
expressive 7.071635669330315e-05 2.7990219793079367
ext 0.0019800579874124885 0.0
extension 0.0001414327133866063 0.7375989431307791
external 0.0024043561275723076 0.0
external_links 0.0002828654267732126 0.19105523676270922
extra 0.0001414327133866063 0.0
f 0.0002828654267732126 0.0
f28500 7.071635669330315e-05 1.0072625100798818
f7f7f7 7.071635669330315e-05 0.454472687214859
fa 0.0002828654267732126 1.0072625100798818
fa8a495983347898 7.071635669330315e-05 0.0
fact 7.071635669330315e-05 1.1340142157190256
fallbacksearchbutton 7.071635669330315e-05 0.0
false 0.001272894420479457 0.0
family 0.0002828654267732126 0.7018808605286999
favicon 7.071635669330315e-05 0.0
fbfbfb 7.071635669330315e-05 1.0072625100798818
fc3 7.071635669330315e-05 1.0072625100798818
fdfdfd 0.00021214907007990948 0.44086703515908027
feature 0.0015557598472526696 0.0
featurename 0.00021214907007990948 0.0
features 0.0001414327133866063 0.38822330167365837
february 7.071635669330315e-05 0.0
fee7e6 7.071635669330315e-05 1.0072625100798818
feed 0.0001414327133866063 0.0
file 0.0005657308535464252 0.0
file_upload_wizard 0.0001414327133866063 0.0
files 7.071635669330315e-05 0.0
find 7.071635669330315e-05 0.6177977433181585
finite 7.071635669330315e-05 4.051784947803305
first 0.00134361077717276 0.0
first_search 0.0001414327133866063 4.051784947803305
firstheading 0.00021214907007990948 0.0
fischer 0.0001414327133866063 4.74493212836325
fix 7.071635669330315e-05 2.26002547857525
flexibility 7.071635669330315e-05 2.7990219793079367
float 0.0001414327133866063 0.06280090123903044
flush 0.0003535817834665158 0.0
following 0.0001414327133866063 0.8131064956389242
follows 0.0003535817834665158 1.486835590341768
font 0.0011314617070928505 0.017544309650909525
footer 0.0018386252740258823 0.0
for 0.0021214907007990947 0.0
form 0.0004950144968531221 0.0
format 0.0001414327133866063 0.0
foundation 0.0006364472102397285 0.0
foundations 0.0002828654267732126 3.6463198396951406
foundations_of_functional_logic_programming 0.0003535817834665158 4.74493212836325
free 0.0004950144968531221 0.0
from 0.0009193126370129411 0.0
full 0.0002828654267732126 0.044451762570833796
fulltext 7.071635669330315e-05 0.0
function 0.0010607453503995474 0.0
functional 0.00268722155434552 1.2185716037470886
functional_logic_programming 7.071635669330315e-05 4.74493212836325
functional_logic_programming_languages 7.071635669330315e-05 3.6463198396951406
functional_patterns 0.0002828654267732126 4.74493212836325
functional_programming 7.071635669330315e-05 1.6094379124341003
functions 0.00021214907007990948 0.7018808605286999
fundamental 7.071635669330315e-05 2.5477075510270306
fundraiserredirector 7.071635669330315e-05 0.0
g 0.0002828654267732126 0.0
gadget 0.0002828654267732126 0.0
gehomepagesuggestededitsenabletopics 7.071635669330315e-05 0.0
general_disclaimer 7.071635669330315e-05 0.0
generate 7.071635669330315e-05 1.377636298376776
generator 7.071635669330315e-05 0.0
genre 0.00042429814015981895 0.10054122922187746
geoip 7.071635669330315e-05 0.0
german 7.071635669330315e-05 0.5108256237659907
germany 7.071635669330315e-05 1.749199854809259
get 7.071635669330315e-05 1.2791962255635234
give 7.071635669330315e-05 2.665490586683414
given 0.00021214907007990948 1.4127276181880462
globalcssjs 0.0001414327133866063 0.0
gnd 0.0002828654267732126 2.1058747987479913
go 0.0003535817834665158 0.0
google 0.0003535817834665158 0.540239508972284
googpub 0.0001414327133866063 0.0
graph 0.0001414327133866063 2.1799827709017134
gray 7.071635669330315e-05 0.09097177820572679
greek 0.0001414327133866063 0.09097177820572679
green 7.071635669330315e-05 0.09097177820572679
group 0.0008485962803196379 0.0
growthexperiments 7.071635669330315e-05 0.0
gt 0.0001414327133866063 0.8531118302526235
guessing 7.071635669330315e-05 4.74493212836325
guidance 7.071635669330315e-05 0.0
guides 7.071635669330315e-05 0.0
h 0.0001414327133866063 0.0
h1 0.0001414327133866063 0.0
h2 0.0005657308535464252 0.0
h3 0.0007071635669330316 0.7195804376281008
hack 0.00042429814015981895 0.0
hand 0.0001414327133866063 2.26002547857525
hanus 0.0008485962803196379 4.051784947803305
has 0.00021214907007990948 0.0
haskell 0.0019800579874124885 1.5668782980153044
haskell_ 0.00042429814015981895 2.4423470353692043
haskell_curry 7.071635669330315e-05 4.74493212836325
haskell_programming_language_family 7.071635669330315e-05 4.051784947803305
haspopup 0.0003535817834665158 0.0
hatnote 0.00042429814015981895 1.0560526742493137
have 7.071635669330315e-05 0.6340582641899388
head 0.00021214907007990948 0.0
header 0.0019800579874124885 0.0
heading 0.0016264762039459727 0.0
headline 0.0007071635669330316 0.0
height 0.0009900289937062442 0.0
help 0.0007778799236263348 0.0
hence 0.0001414327133866063 3.1354942159291497
here 0.0001414327133866063 0.0
hidden 0.0009900289937062442 0.0
hide 0.0002828654267732126 0.0
hierarchical 7.071635669330315e-05 2.7990219793079367
highest 7.071635669330315e-05 0.0
highlight 0.0011314617070928505 0.6177977433181585
history 0.00042429814015981895 0.0
hlist 0.0040308323315182805 0.2905848321097423
home 0.0001414327133866063 1.4127276181880462
honour 7.071635669330315e-05 4.74493212836325
hor 0.0001414327133866063 0.0
hosted 7.071635669330315e-05 0.0
how 0.00042429814015981895 0.0
however 0.0002828654267732126 0.0
href 0.018669118167032036 0.0
hreflang 0.0007778799236263348 0.11020314013361425
html 0.0003535817834665158 0.0
http 0.0014143271338660631 0.0
https 0.0031822360511986423 0.0
hub 7.071635669330315e-05 0.0
i 0.002545788840958914 0.008733679968754631
ico 7.071635669330315e-05 0.0
icon 0.00268722155434552 0.0
icons 0.0002828654267732126 0.0
id 0.011385333427621809 0.0
identifier 0.001272894420479457 0.42744401482693967
identifiers 0.0002828654267732126 1.0813704822336037
idhash 7.071635669330315e-05 0.0
if 0.00042429814015981895 0.0
illustrate 7.071635669330315e-05 3.3586377672433594
image 0.0005657308535464252 0.0
imageobject 0.0001414327133866063 0.0
imageright 7.071635669330315e-05 0.8329091229351039
images 0.0008485962803196379 0.0
img 0.0005657308535464252 0.0
implement 7.071635669330315e-05 0.0
implementation 0.00021214907007990948 0.5705448584676129
implementations 0.00021214907007990948 0.8531118302526235
important 0.0001414327133866063 0.7018808605286999
imposed 7.071635669330315e-05 3.3586377672433594
improve 7.071635669330315e-05 0.9382696385929302
improvements 7.071635669330315e-05 0.0
in 0.003960115974824977 0.0
inc 0.00021214907007990948 0.0
include 0.0001414327133866063 0.0
including 7.071635669330315e-05 0.7375989431307791
increment 7.071635669330315e-05 0.26759531388504365
indeterminate 7.071635669330315e-05 3.6463198396951406
index 0.0019093416307191854 0.0
indicators 7.071635669330315e-05 0.0
inductive 7.071635669330315e-05 3.6463198396951406
inference 7.071635669330315e-05 1.9723434061234688
inferred 7.071635669330315e-05 2.26002547857525
infinite 7.071635669330315e-05 2.7990219793079367
infix 7.071635669330315e-05 3.6463198396951406
influenced 7.071635669330315e-05 0.454472687214859
info 0.0015557598472526696 0.0
infobox 0.0020507743441057916 0.21233263520999412
infobox_programming_language 0.0001414327133866063 0.37548427589622857
informatica 0.0001414327133866063 2.953172659135195
informatik 0.0005657308535464252 2.665490586683414
information 0.00021214907007990948 0.0
inherit 0.0004950144968531221 0.035401927050916
init 0.00021214907007990948 0.0
inline 0.004172265044904887 0.035401927050916
inner 0.0002828654267732126 0.0
input 0.0010607453503995474 0.0
insert 0.0003535817834665158 2.665490586683414
inside 0.0001414327133866063 0.0721032939013439
instance 0.0003535817834665158 1.449095262358921
instantiating 7.071635669330315e-05 4.74493212836325
integrated 0.0001414327133866063 1.0560526742493137
integration 7.071635669330315e-05 1.5668782980153044
interaction 0.00021214907007990948 0.0
interface 0.00021214907007990948 0.0
interlanguage 0.0019093416307191854 0.0
interpret 7.071635669330315e-05 4.74493212836325
interwiki 0.0007778799236263348 0.11020314013361425
into 0.0001414327133866063 0.48225225132193467
introduction 0.00021214907007990948 0.0
invoked 7.071635669330315e-05 2.03688192726104
ip 0.0001414327133866063 0.0
is 0.002262923414185701 0.0
isbn 0.00042429814015981895 0.6673946844575306
isbn_ 0.0001414327133866063 0.6673946844575306
issn 0.0002828654267732126 1.8545603704670854
issn_ 7.071635669330315e-05 1.8545603704670854
issue 0.0001414327133866063 0.8947845266531914
ist 0.0001414327133866063 1.9723434061234688
it 0.0009900289937062442 0.0
italian 7.071635669330315e-05 0.7559480817989758
italiano 7.071635669330315e-05 0.7746402148111283
italic 7.071635669330315e-05 0.5705448584676129
item 0.004879428611837918 0.0
items 7.071635669330315e-05 0.0
iterative 7.071635669330315e-05 3.6463198396951406
its 0.0003535817834665158 0.25629575863111026
j 0.0001414327133866063 0.0
ja 0.0002828654267732126 0.9162907318741551
january 0.0001414327133866063 0.0
japanese 7.071635669330315e-05 0.9162907318741551
journal 0.00042429814015981895 0.7195804376281008
jquery 7.071635669330315e-05 0.0
js 0.00021214907007990948 0.0
json 0.0001414327133866063 0.0
jstor 0.0001414327133866063 1.377636298376776
jtitle 0.0003535817834665158 0.3260915205666521
july 0.0003535817834665158 0.0
jump 0.0001414327133866063 0.0
june 7.071635669330315e-05 0.0
just 7.071635669330315e-05 1.2484245668967697
k 0.0001414327133866063 0.0
kern 0.0001414327133866063 0.09097177820572679
key 7.071635669330315e-05 0.0
kics2 0.00042429814015981895 4.74493212836325
kiel 0.0005657308535464252 4.051784947803305
kind 7.071635669330315e-05 1.9723434061234688
kiselyov 7.071635669330315e-05 4.74493212836325
known 7.071635669330315e-05 1.0813704822336037
kr 0.00021214907007990948 1.9723434061234688
kt 0.0014143271338660631 1.486835590341768
l 7.071635669330315e-05 1.1895840668738364
label 0.0037479669047450676 0.0
labelledby 7.071635669330315e-05 0.0
lacking 0.0004950144968531221 1.486835590341768
landmark 0.0002828654267732126 0.0
lang 0.00268722155434552 0.0
langlinks 0.0001414327133866063 0.0
language 0.004313697758291493 0.0
languages 0.0021214907007990947 0.0
last 0.0014143271338660631 0.0
lastmod 7.071635669330315e-05 0.0
latter 7.071635669330315e-05 2.03688192726104
lazy 0.0004950144968531221 0.0
lazy_evaluation 7.071635669330315e-05 2.7990219793079367
ld 0.0001414327133866063 0.0
lead 7.071635669330315e-05 2.3470368555648795
learn 0.00042429814015981895 0.0
lecture 0.0002828654267732126 2.26002547857525
left 0.001767908917332579 0.0
lenguaje 7.071635669330315e-05 2.03688192726104
lenguaje_de_programaci 7.071635669330315e-05 2.1058747987479913
level 0.0006364472102397285 0.0
levels 7.071635669330315e-05 0.0
li 0.015062583975673574 0.0
license 0.0002828654267732126 0.0
licenses 0.0001414327133866063 0.0
like 0.0003535817834665158 0.41419878807691896
limbajul 7.071635669330315e-05 4.051784947803305
limbajul_de_programare_curry 7.071635669330315e-05 4.74493212836325
limit 0.0007778799236263348 0.0
limited 0.0004950144968531221 0.0
limitreport 0.00021214907007990948 0.0
line 0.0002828654267732126 0.10054122922187746
link 0.00784951559295665 0.0
linked 7.071635669330315e-05 0.0
links 0.00134361077717276 0.0
list 0.007920231949649954 0.0
listbullet 0.00021214907007990948 0.0
listitem 0.0002828654267732126 0.2905848321097423
lists 0.0003535817834665158 1.1073459686368643
literate 0.00021214907007990948 4.051784947803305
literate_programming 7.071635669330315e-05 4.051784947803305
llenguatge 7.071635669330315e-05 2.953172659135195
llenguatge_de_programaci 7.071635669330315e-05 3.3586377672433594
load 0.00021214907007990948 0.0
loaded 7.071635669330315e-05 0.0
loader 7.071635669330315e-05 0.0
loading 0.00021214907007990948 0.0
loc 7.071635669330315e-05 0.0
lock 0.0007778799236263348 0.09097177820572679
log 0.0004950144968531221 0.0
logged 0.0001414327133866063 0.0
logic 0.002192207057492398 1.449095262358921
logic_programming 7.071635669330315e-05 2.665490586683414
logician 0.0001414327133866063 4.74493212836325
login 0.0003535817834665158 0.0
logo 0.0005657308535464252 0.0
lower 0.00042429814015981895 0.09097177820572679
ltr 0.0020507743441057916 0.0
lua 0.0001414327133866063 0.008733679968754631
m 0.0001414327133866063 0.0
made 7.071635669330315e-05 0.0
mailing 0.0001414327133866063 2.665490586683414
main 0.001767908917332579 0.0
main_page 0.0001414327133866063 0.0
mainentity 0.0001414327133866063 0.0
mainpage 7.071635669330315e-05 0.0
maint 7.071635669330315e-05 0.09097177820572679
maintenance 0.0001414327133866063 0.9382696385929302
maintenance_template_removal 7.071635669330315e-05 1.0813704822336037
major 0.0001414327133866063 0.8131064956389242
mandatory 0.0002828654267732126 0.0
many 0.0001414327133866063 0.6673946844575306
march 7.071635669330315e-05 0.0
margin 0.00134361077717276 0.017544309650909525
match 0.0001414327133866063 0.0
matching 0.00021214907007990948 1.911718784307034
mathematician 0.0001414327133866063 3.1354942159291497
max 0.0001414327133866063 0.0
may 0.0001414327133866063 0.0
mbox 0.0007778799236263348 1.0072625100798818
mcc 0.0001414327133866063 4.74493212836325
mechanism 0.00021214907007990948 1.6538896750049343
media 0.00021214907007990948 0.0
mediawiki 0.0006364472102397285 0.0
memory 7.071635669330315e-05 0.008733679968754631
memusage 7.071635669330315e-05 0.008733679968754631
menu 0.007000919312637013 0.0
merges 7.071635669330315e-05 4.051784947803305
message 0.00021214907007990948 0.0
meta 0.0009193126370129411 0.0
metadata 7.071635669330315e-05 0.6017974019717174
mh 7.071635669330315e-05 3.3586377672433594
michael 0.0007778799236263348 1.3109449238781037
might 7.071635669330315e-05 1.749199854809259
min 0.0001414327133866063 0.12981161152199053
minerva 0.0005657308535464252 0.13976194237515863
minimal 7.071635669330315e-05 2.1799827709017134
mmv 0.0001414327133866063 0.11020314013361425
mobile 0.00021214907007990948 0.0
mobileaction 7.071635669330315e-05 0.0
mobileview 7.071635669330315e-05 0.0
modeling 7.071635669330315e-05 2.03688192726104
modular 7.071635669330315e-05 1.911718784307034
module 7.071635669330315e-05 0.0
modules 0.00021214907007990948 0.0
monadic 7.071635669330315e-05 3.6463198396951406
monospace 0.0001414327133866063 2.4423470353692043
monospaced 0.003535817834665158 2.4423470353692043
more 0.00134361077717276 0.0
mostly 7.071635669330315e-05 1.9723434061234688
move 0.0001414327133866063 0.0
moved 7.071635669330315e-05 0.0
ms 7.071635669330315e-05 0.0
muenster 0.00021214907007990948 4.74493212836325
must 7.071635669330315e-05 1.2185716037470886
mvps 0.0002828654267732126 4.74493212836325
mw 0.03755038540414398 0.0
mw1479 0.00021214907007990948 4.051784947803305
mycontributions 7.071635669330315e-05 0.0
mytalk 7.071635669330315e-05 0.0
münster 0.00021214907007990948 4.74493212836325
n 0.004525846828371402 0.0
name 0.0024043561275723076 0.0
name_binding 7.071635669330315e-05 4.74493212836325
named 7.071635669330315e-05 1.1073459686368643
namespaces 7.071635669330315e-05 0.0
narrowing 0.0014143271338660631 4.051784947803305
national 7.071635669330315e-05 0.8947845266531914
nav 0.0009900289937062442 0.0
navbar 0.00021214907007990948 0.06280090123903044
navbox 0.0034651014779718547 0.454472687214859
navigation 0.0009193126370129411 0.0
navigationtiming 7.071635669330315e-05 0.0
nb 7.071635669330315e-05 0.8531118302526235
nearby 7.071635669330315e-05 0.0
nearly 7.071635669330315e-05 2.1799827709017134
nederlands 7.071635669330315e-05 1.4127276181880462
needed 0.0003535817834665158 1.1340142157190256
nested 0.0001414327133866063 1.9723434061234688
net 0.0002828654267732126 0.7195804376281008
new 0.0005657308535464252 0.14981227822866008
newpp 7.071635669330315e-05 0.0
news 7.071635669330315e-05 0.5552773863368246
newspapers 7.071635669330315e-05 1.377636298376776
next 7.071635669330315e-05 1.2484245668967697
nl 0.0002828654267732126 1.16141318990714
no 0.0006364472102397285 0.0
no_original_research 0.0001414327133866063 2.03688192726104
node 7.071635669330315e-05 0.0
nofollow 0.002262923414185701 0.0
noicon 0.0003535817834665158 0.0
nojs 7.071635669330315e-05 0.0
non 0.0012021780637861538 0.0
nondeterministic 0.00021214907007990948 3.6463198396951406
nondeterministic_programming_languages 7.071635669330315e-05 4.74493212836325
none 0.0009900289937062442 0.0
noprint 0.0002828654267732126 0.0
normal 0.0004950144968531221 0.0
noscript 0.0002828654267732126 0.0
nosnippet 7.071635669330315e-05 0.0
not 0.0009900289937062442 0.0
note 7.071635669330315e-05 0.6340582641899388
noted 7.071635669330315e-05 2.7990219793079367
notes 0.0002828654267732126 1.2185716037470886
notice 7.071635669330315e-05 0.0
november 7.071635669330315e-05 0.0
nowrap 0.0001414327133866063 0.05358424613410626
nowraplinks 7.071635669330315e-05 0.454472687214859
ns 0.0001414327133866063 0.0
nstab 7.071635669330315e-05 0.0
null 7.071635669330315e-05 0.0
numb 0.0005657308535464252 0.0
number 0.0001414327133866063 0.0
nws 7.071635669330315e-05 1.377636298376776
o 0.0009900289937062442 0.0
obtained 0.0001414327133866063 3.1354942159291497
occurring 7.071635669330315e-05 4.051784947803305
october 7.071635669330315e-05 0.0
odd 0.0001414327133866063 0.454472687214859
of 0.00537444310869104 0.0
often 7.071635669330315e-05 1.486835590341768
og 0.0001414327133866063 0.0
ol 0.00134361077717276 0.035401927050916
oldid 0.00021214907007990948 0.0
on 0.00134361077717276 0.0
one 0.00042429814015981895 0.42744401482693967
only 0.0003535817834665158 0.0
oojs_ui_icon_edit 0.00042429814015981895 0.8737311174553593
opensearch_desc 7.071635669330315e-05 0.0
opensearchdescription 7.071635669330315e-05 0.0
operating 7.071635669330315e-05 0.41419878807691896
operating_system 7.071635669330315e-05 0.5108256237659907
operation 0.0004950144968531221 1.6094379124341003
operations 0.0003535817834665158 1.4127276181880462
operator 0.00021214907007990948 1.2791962255635234
operators 7.071635669330315e-05 1.2484245668967697
opportunities 7.071635669330315e-05 3.6463198396951406
optimal 7.071635669330315e-05 4.051784947803305
optional 7.071635669330315e-05 1.5668782980153044
options 0.0003535817834665158 0.0
or 0.0005657308535464252 0.0
order 0.00042429814015981895 1.1073459686368643
org 0.005728024892157556 0.0
organization 0.0003535817834665158 0.0
origin 0.0003535817834665158 0.0
original 0.0001414327133866063 0.3022808718729337
os 7.071635669330315e-05 0.6177977433181585
other 0.0001414327133866063 0.0
out 0.0001414327133866063 0.0
output 0.010890318930768687 0.0
over 0.0001414327133866063 0.9162907318741551
overflow 0.00021214907007990948 0.0
overlapping 0.0001414327133866063 3.6463198396951406
overloading 7.071635669330315e-05 2.665490586683414
ow 0.0010607453503995474 2.4423470353692043
p 0.007354501096103529 0.0
padding 0.0011314617070928505 0.017544309650909525
page 0.0033943851212785516 0.0
pagelanguagecode 7.071635669330315e-05 0.0
pagelanguagedir 7.071635669330315e-05 0.0
pageprop 7.071635669330315e-05 0.27902400970866637
pages 0.0007778799236263348 0.0
pagevariantfallbacks 7.071635669330315e-05 0.0
pakcs 0.0002828654267732126 4.74493212836325
panel 0.0002828654267732126 0.0
paradigm 0.0001414327133866063 0.5705448584676129
parallel 7.071635669330315e-05 1.8004931491968095
parsed 7.071635669330315e-05 0.0
parser 0.01096103528746199 0.0
part 7.071635669330315e-05 0.7375989431307791
particular 0.0001414327133866063 1.749199854809259
past 7.071635669330315e-05 0.0
patroltoken 7.071635669330315e-05 0.0
pattern 0.00042429814015981895 1.6538896750049343
patterns 0.00042429814015981895 1.9723434061234688
pcache 7.071635669330315e-05 0.0
pdf 0.0001414327133866063 0.0
performs 7.071635669330315e-05 2.7990219793079367
perm 0.0002828654267732126 4.74493212836325
permalink 7.071635669330315e-05 0.0
permanent 0.0001414327133866063 0.0
permutation 7.071635669330315e-05 4.74493212836325
persian 7.071635669330315e-05 1.0313600616589422
personal 0.0003535817834665158 0.0
php 0.002262923414185701 0.0
pin 0.0001414327133866063 0.0
pinnable 0.0008485962803196379 0.0
pinned 0.0007071635669330316 0.0
placeholder 7.071635669330315e-05 0.0
places 0.0006364472102397285 0.0
plainlinks 0.0001414327133866063 0.20163734609324613
please 7.071635669330315e-05 0.9837320126696876
png 0.0011314617070928505 0.0
policy 0.0001414327133866063 0.0
polymorphic 7.071635669330315e-05 2.665490586683414
polymorphism 7.071635669330315e-05 1.9723434061234688
polymorphism_ 7.071635669330315e-05 3.1354942159291497
popups 7.071635669330315e-05 0.0
portable 7.071635669330315e-05 1.5260563034950492
portal 0.00021214907007990948 0.0
portlet 0.0019093416307191854 0.0
position 0.0001414327133866063 0.0
possible 0.0001414327133866063 1.2791962255635234
post 0.0001414327133866063 0.0
postexpandincludesize 7.071635669330315e-05 0.0
power 7.071635669330315e-05 1.449095262358921
powered 7.071635669330315e-05 0.0
poweredby_mediawiki_132x47 7.071635669330315e-05 0.0
poweredby_mediawiki_176x62 7.071635669330315e-05 0.0
poweredby_mediawiki_88x31 7.071635669330315e-05 0.0
poweredbyico 7.071635669330315e-05 0.0
ppvisitednodes 7.071635669330315e-05 0.0
pre 0.0018386252740258823 0.40112670650956617
preconnect 7.071635669330315e-05 0.11020314013361425
predefined 7.071635669330315e-05 2.4423470353692043
prefetch 0.0001414327133866063 0.0
preprocessor 7.071635669330315e-05 0.0
presentation 7.071635669330315e-05 0.6177977433181585
preview 7.071635669330315e-05 0.0
previous 0.0001414327133866063 1.8004931491968095
primary 0.00021214907007990948 1.449095262358921
primary_sources 0.0002828654267732126 2.26002547857525
principle 7.071635669330315e-05 3.1354942159291497
print 0.0001414327133866063 0.0
print_export 0.00021214907007990948 0.0
printable 0.00021214907007990948 0.0
printfooter 7.071635669330315e-05 0.0
privacy 0.00021214907007990948 0.0
privacy_policy 0.0001414327133866063 0.0
produces 7.071635669330315e-05 2.665490586683414
profit 7.071635669330315e-05 0.0
program 0.0002828654267732126 0.41419878807691896
programació 7.071635669330315e-05 3.3586377672433594
programación 7.071635669330315e-05 2.03688192726104
programare 7.071635669330315e-05 2.5477075510270306
programmeertaal 0.0001414327133866063 2.7990219793079367
programmer 7.071635669330315e-05 0.9837320126696876
programmiersprache 0.0001414327133866063 1.8004931491968095
programming 0.005515875822077646 0.0
programming_language 0.002970086981118733 0.08149303425118301
programming_language_implementation 7.071635669330315e-05 1.377636298376776
programming_languages_created_in_the_1990s 7.071635669330315e-05 4.051784947803305
programming_paradigm 7.071635669330315e-05 0.5860490450035782
programs 0.00042429814015981895 0.6340582641899388
progressive 0.0006364472102397285 0.0
projects 0.0001414327133866063 0.0
prolog 0.0007071635669330316 1.7004096906398272
prolog_ 0.00021214907007990948 4.051784947803305
property 0.00042429814015981895 0.0
protection 7.071635669330315e-05 0.9162907318741551
proved 7.071635669330315e-05 2.7990219793079367
provide 0.0002828654267732126 0.9382696385929302
provided 7.071635669330315e-05 1.0560526742493137
providing 7.071635669330315e-05 1.8004931491968095
ps 0.0002828654267732126 2.1058747987479913
psu 0.0001414327133866063 1.9723434061234688
pt 0.00042429814015981895 0.0
publisher 0.0001414327133866063 0.0
pure 0.00021214907007990948 2.03688192726104
purely 0.00021214907007990948 2.26002547857525
push 0.00021214907007990948 0.0
pygments 0.0001414327133866063 0.6177977433181585
q 0.0005657308535464252 0.0
q2368856 0.0005657308535464252 4.74493212836325
quantified 7.071635669330315e-05 4.051784947803305
query 7.071635669330315e-05 1.0813704822336037
question 7.071635669330315e-05 1.6538896750049343
question_book 0.0004950144968531221 1.3437347467010947
quick 7.071635669330315e-05 0.0
quiet 0.00042429814015981895 0.0
quoted 7.071635669330315e-05 2.665490586683414
quotes 7.071635669330315e-05 0.09097177820572679
r 0.00021214907007990948 0.0
r1011085734 7.071635669330315e-05 0.09097177820572679
r1033289096 7.071635669330315e-05 1.0560526742493137
r1061467846 7.071635669330315e-05 0.454472687214859
r1066479718 7.071635669330315e-05 0.21233263520999412
r1097763485 7.071635669330315e-05 1.0072625100798818
r1129693374 7.071635669330315e-05 0.2905848321097423
r1133582631 0.00042429814015981895 0.09097177820572679
r886049734 0.0034651014779718547 2.4423470353692043
rachid 0.0001414327133866063 4.74493212836325
random 0.0001414327133866063 0.0
randomly 7.071635669330315e-05 0.0
randompage 7.071635669330315e-05 0.0
rather 7.071635669330315e-05 1.3109449238781037
raw 7.071635669330315e-05 0.0
re 0.0001414327133866063 0.0
read 0.0001414327133866063 0.0
ready 0.001272894420479457 0.0
real 7.071635669330315e-05 0.0
reasoning 7.071635669330315e-05 2.5477075510270306
recent 0.00021214907007990948 0.0
recentchanges 0.00021214907007990948 0.0
recentchangeslinked 0.0001414327133866063 0.0
reck 7.071635669330315e-05 4.74493212836325
recursion 7.071635669330315e-05 0.0
recursive 0.00021214907007990948 2.1799827709017134
recursive_data_type 7.071635669330315e-05 4.051784947803305
red 7.071635669330315e-05 0.09097177820572679
redirect 0.0014850434905593665 0.008733679968754631
reduce 7.071635669330315e-05 2.3470368555648795
reduced 7.071635669330315e-05 0.0
reduction 0.0001414327133866063 2.953172659135195
reductions 0.0001414327133866063 4.051784947803305
reference 0.0010607453503995474 0.035401927050916
references 0.0012021780637861538 0.008733679968754631
referencetooltips 7.071635669330315e-05 0.0
referential 0.0001414327133866063 3.3586377672433594
referential_transparency 7.071635669330315e-05 4.051784947803305
referrer 0.00021214907007990948 0.0
reflist 0.0010607453503995474 0.09097177820572679
regard 7.071635669330315e-05 2.953172659135195
registered 7.071635669330315e-05 0.0
registration 0.0001414327133866063 0.08149303425118301
rel 0.007213068382716923 0.0
related 0.0001414327133866063 0.0
relation 7.071635669330315e-05 2.953172659135195
reliable 0.00042429814015981895 0.8947845266531914
relies 7.071635669330315e-05 1.911718784307034
remainder 7.071635669330315e-05 3.1354942159291497
removal 7.071635669330315e-05 1.0313600616589422
remove 7.071635669330315e-05 0.9382696385929302
rendering 7.071635669330315e-05 0.0
repeat 0.0002828654267732126 0.0721032939013439
replace 0.0001414327133866063 0.0
replaced 0.00021214907007990948 1.8545603704670854
replacements 7.071635669330315e-05 3.3586377672433594
replacing 0.0001414327133866063 2.5477075510270306
report 0.0001414327133866063 0.0
require 7.071635669330315e-05 0.0
required 7.071635669330315e-05 1.1895840668738364
requiring 7.071635669330315e-05 2.7990219793079367
research 0.0001414327133866063 0.7018808605286999
reset 7.071635669330315e-05 0.26759531388504365
resolution 0.0001414327133866063 2.665490586683414
resourceloaderdynamicstyles 7.071635669330315e-05 0.0
result 0.0002828654267732126 0.9837320126696876
retrieved 0.0001414327133866063 0.0
returns 0.00021214907007990948 2.03688192726104
returnto 0.0002828654267732126 0.0
revision 0.00021214907007990948 0.0
revisions 7.071635669330315e-05 0.0
rewriting 7.071635669330315e-05 2.7990219793079367
rfr_id 0.00042429814015981895 0.10054122922187746
rft 0.00268722155434552 0.10054122922187746
rft_id 0.0005657308535464252 0.11020314013361425
rft_val_fmt 0.00042429814015981895 0.10054122922187746
rgba 7.071635669330315e-05 0.09097177820572679
right 0.0008485962803196379 0.0
rl 7.071635669330315e-05 0.0
rlconf 7.071635669330315e-05 0.0
rlpagemodules 7.071635669330315e-05 0.0
rlq 0.00042429814015981895 0.0
rlstate 7.071635669330315e-05 0.0
ro 0.0002828654267732126 1.5260563034950492
robots 7.071635669330315e-05 0.0
role 0.0012021780637861538 0.0
roman 0.0002828654267732126 0.09097177820572679
romanian 7.071635669330315e-05 1.5260563034950492
română 7.071635669330315e-05 1.5260563034950492
rootpage 7.071635669330315e-05 0.0
row 0.00042429814015981895 0.12981161152199053
rsd 0.0001414327133866063 0.0
ru 0.0002828654267732126 0.6505875661411494
rule 7.071635669330315e-05 1.486835590341768
rules 0.00042429814015981895 1.8545603704670854
russian 7.071635669330315e-05 0.6505875661411494
s 0.0002828654267732126 0.0
s2cid 0.0002828654267732126 1.377636298376776
s2cid_ 0.0001414327133866063 1.377636298376776
sa 0.0001414327133866063 0.0
same 0.00021214907007990948 0.8737311174553593
sameas 0.0001414327133866063 0.0
satisfies 7.071635669330315e-05 4.74493212836325
saved 7.071635669330315e-05 0.0
schema 0.0001414327133866063 0.0
scholar 0.00021214907007990948 1.3109449238781037
science 0.00042429814015981895 0.3504829736908114
scope 0.00042429814015981895 0.11995931507897897
screen 0.0001414327133866063 0.0
scribunto 7.071635669330315e-05 0.008733679968754631
script 0.0009900289937062442 0.0
scripts 7.071635669330315e-05 0.0
search 0.003040803337812036 0.0
searchable 7.071635669330315e-05 1.0560526742493137
searchbutton 0.0002828654267732126 0.0
searchform 7.071635669330315e-05 0.0
searchinput 7.071635669330315e-05 0.0
secondary 7.071635669330315e-05 1.5260563034950492
seconds 0.00021214907007990948 0.0
section 0.00134361077717276 0.0
see 0.0001414327133866063 0.44086703515908027
select 7.071635669330315e-05 2.4423470353692043
selected 0.0003535817834665158 0.0
selector 7.071635669330315e-05 0.0
selflink 7.071635669330315e-05 0.08149303425118301
semanticscholar 0.0002828654267732126 1.377636298376776
sense 7.071635669330315e-05 2.7990219793079367
sentences 7.071635669330315e-05 0.0
separation 7.071635669330315e-05 2.7990219793079367
september 0.0001414327133866063 0.0
sergio 0.0006364472102397285 4.051784947803305
set 0.0003535817834665158 0.0
several 7.071635669330315e-05 0.7195804376281008
sha1 7.071635669330315e-05 0.10054122922187746
shan 7.071635669330315e-05 4.74493212836325
sharealike 7.071635669330315e-05 0.0
sharealike_3 7.071635669330315e-05 0.0
show 0.0003535817834665158 0.0
shown 7.071635669330315e-05 1.7004096906398272
side 0.0002828654267732126 1.2791962255635234
sidebar 0.0007778799236263348 0.0
similar 0.0001414327133866063 0.9162907318741551
similarly 0.00021214907007990948 2.1799827709017134
simplesearch 7.071635669330315e-05 0.0
simplifies 7.071635669330315e-05 3.6463198396951406
since 0.0001414327133866063 0.9162907318741551
site 0.0003535817834665158 0.0
sitedir 7.071635669330315e-05 0.0
sitelinks 7.071635669330315e-05 0.0
sitenotice 0.0001414327133866063 0.0
sitesub 7.071635669330315e-05 0.0
sitesupport 7.071635669330315e-05 0.0
size 0.0008485962803196379 0.0
sizing 0.0001414327133866063 0.25629575863111026
skin 0.0009900289937062442 0.0
skins 0.00042429814015981895 0.0
sld 0.0001414327133866063 4.74493212836325
sld_resolution 7.071635669330315e-05 4.74493212836325
small 0.00042429814015981895 0.0721032939013439
smap 0.0001414327133866063 4.74493212836325
so 0.0001414327133866063 0.8329091229351039
software 7.071635669330315e-05 0.08149303425118301
software_design 7.071635669330315e-05 0.5705448584676129
solid 0.0007778799236263348 0.2340726218464
solution 7.071635669330315e-05 2.4423470353692043
solutions 0.0001414327133866063 2.03688192726104
solve 0.0001414327133866063 2.3470368555648795
solved 0.0001414327133866063 4.051784947803305
solving 0.0001414327133866063 2.665490586683414
some 0.0002828654267732126 0.5108256237659907
sound 7.071635669330315e-05 2.26002547857525
sources 0.00021214907007990948 0.6177977433181585
space 7.071635669330315e-05 0.11995931507897897
spacing 7.071635669330315e-05 0.2905848321097423
span 0.058270277915281804 0.0
spanish 7.071635669330315e-05 0.7195804376281008
special 0.0018386252740258823 0.0
specialpages 0.0001414327133866063 0.0
specification 0.0001414327133866063 1.2484245668967697
specified 7.071635669330315e-05 1.749199854809259
specifies 7.071635669330315e-05 2.7990219793079367
specify 7.071635669330315e-05 1.8545603704670854
speedy 7.071635669330315e-05 1.0072625100798818
src 0.0007071635669330316 0.0
srcset 0.0002828654267732126 0.0
standard 7.071635669330315e-05 0.0
start 0.0001414327133866063 0.0
startup 0.0001414327133866063 0.0
statement 7.071635669330315e-05 0.0
static 0.0010607453503995474 0.0
static_typing 7.071635669330315e-05 1.911718784307034
statistics 7.071635669330315e-05 0.0
stats 7.071635669330315e-05 0.0
statslink 7.071635669330315e-05 0.0
status 7.071635669330315e-05 0.0
sticky 0.0001414327133866063 0.0
still 7.071635669330315e-05 1.1895840668738364
stopmobileredirecttoggle 7.071635669330315e-05 0.0
strategies 0.0008485962803196379 3.3586377672433594
strategy 0.0005657308535464252 2.3470368555648795
strict 7.071635669330315e-05 2.3470368555648795
strong 0.0001414327133866063 0.8737311174553593
strong_typing 7.071635669330315e-05 1.911718784307034
structured 7.071635669330315e-05 0.0
structures 0.0001414327133866063 1.16141318990714
style 0.006788770242557103 0.0
styles 0.0008485962803196379 0.0
stylesheet 0.0001414327133866063 0.0
subbox 7.071635669330315e-05 0.21233263520999412
subexpressions 0.00021214907007990948 4.74493212836325
subgroup 0.0003535817834665158 0.454472687214859
subheader 7.071635669330315e-05 0.21233263520999412
subject 7.071635669330315e-05 0.0
sublist 0.0006364472102397285 0.0
submit 0.0001414327133866063 0.0
subscription 0.0001414327133866063 0.09097177820572679
subsection 7.071635669330315e-05 0.7195804376281008
subtitle 7.071635669330315e-05 0.0
subtyping 7.071635669330315e-05 3.1354942159291497
such 0.0002828654267732126 0.454472687214859
suggestededitsession 7.071635669330315e-05 0.0
summary 0.00021214907007990948 0.19105523676270922
sup 0.0009900289937062442 0.0721032939013439
superset 7.071635669330315e-05 2.26002547857525
support 0.0003535817834665158 0.0
supports 0.00021214907007990948 0.8531118302526235
svg 0.0014143271338660631 0.0
switcher 7.071635669330315e-05 0.0
symbol 7.071635669330315e-05 1.749199854809259
syntactic 7.071635669330315e-05 1.911718784307034
system 0.0001414327133866063 0.11020314013361425
t 0.0007778799236263348 0.0
tab 0.0003535817834665158 0.0
tabindex 0.0001414327133866063 0.0
table 0.0007778799236263348 0.0
tabs 0.0001414327133866063 0.0
tagline 0.00021214907007990948 0.0
tags 7.071635669330315e-05 0.0
takes 7.071635669330315e-05 1.7004096906398272
talk 0.0002828654267732126 0.0
target 0.00134361077717276 0.0
targetloader 7.071635669330315e-05 0.0
tasks 0.0001414327133866063 1.749199854809259
tb 0.00021214907007990948 0.0
tbm 0.0001414327133866063 1.377636298376776
tbody 0.00042429814015981895 0.044451762570833796
tbs 0.00021214907007990948 1.377636298376776
td 0.0019800579874124885 0.044451762570833796
technique 7.071635669330315e-05 3.1354942159291497
telephone 7.071635669330315e-05 0.0
template 0.0015557598472526696 0.0
templateargumentsize 7.071635669330315e-05 0.0
templatestyles 0.004313697758291493 0.017544309650909525
term 0.00021214907007990948 1.6094379124341003
term_rewriting 7.071635669330315e-05 4.74493212836325
termed 7.071635669330315e-05 2.5477075510270306
terms 0.0001414327133866063 0.0
terms_of_use 7.071635669330315e-05 0.0
tertiary 7.071635669330315e-05 2.1058747987479913
testing 7.071635669330315e-05 2.03688192726104
text 0.0045965631850647054 0.0
text_of_the_creative_commons_attribution 7.071635669330315e-05 0.0
th 0.0011314617070928505 0.11995931507897897
than 0.0001414327133866063 0.6340582641899388
that 0.0009900289937062442 0.18058393689541388
the 0.008344530089809774 0.0
their 7.071635669330315e-05 0.7559480817989758
them 7.071635669330315e-05 0.9837320126696876
there 0.00021214907007990948 0.8737311174553593
they 7.071635669330315e-05 0.7195804376281008
this 0.002545788840958914 0.0
thought 7.071635669330315e-05 2.665490586683414
thumb 0.00042429814015981895 0.12981161152199053
thumbnail 7.071635669330315e-05 0.0
thus 7.071635669330315e-05 1.0313600616589422
time 0.00042429814015981895 0.0
timestamp 0.0001414327133866063 0.0
timeusage 7.071635669330315e-05 0.008733679968754631
timingprofile 7.071635669330315e-05 0.0
title 0.01230464606463475 0.0
titlebar 0.0005657308535464252 0.0
titleform 7.071635669330315e-05 0.0
to 0.004313697758291493 0.0
toc 0.007495933809490135 0.0
toggle 0.0007778799236263348 0.0
toggle_view_mobile 7.071635669330315e-05 0.0
tokens 7.071635669330315e-05 0.0
toolbar 0.00021214907007990948 0.0
tools 0.0006364472102397285 0.0
top 0.0007778799236263348 0.0
total 0.0001414327133866063 0.0
touch 0.0001414327133866063 0.0
tr 0.002262923414185701 0.044451762570833796
trademark 7.071635669330315e-05 0.0
transclusion 7.071635669330315e-05 0.0
transforming 7.071635669330315e-05 3.3586377672433594
transientcontent 7.071635669330315e-05 0.0
transparency 0.0001414327133866063 3.1354942159291497
transparent 0.00021214907007990948 0.06280090123903044
treated 7.071635669330315e-05 3.3586377672433594
tried 0.0001414327133866063 3.1354942159291497
triggered 7.071635669330315e-05 0.0
true 0.0019093416307191854 0.0
truly 0.0001414327133866063 4.74493212836325
ttl 7.071635669330315e-05 0.0
two 7.071635669330315e-05 0.6505875661411494
type 0.0031822360511986423 0.0
type_inference 7.071635669330315e-05 2.26002547857525
type_system 7.071635669330315e-05 0.7746402148111283
types 0.00021214907007990948 0.7375989431307791
typing 0.00021214907007990948 0.7018808605286999
typos 7.071635669330315e-05 4.74493212836325
u 0.0001414327133866063 0.0
ui 0.003960115974824977 0.0
uid 7.071635669330315e-05 1.1073459686368643
uk 0.0002828654267732126 0.6340582641899388
ukrainian 7.071635669330315e-05 0.8131064956389242
ul 0.004667279541758009 0.0
uls 0.0003535817834665158 0.0
under 7.071635669330315e-05 0.0
uni 0.0007778799236263348 2.03688192726104
unknown 0.00021214907007990948 0.26759531388504365
unknowns 7.071635669330315e-05 4.74493212836325
unpin 0.0001414327133866063 0.0
unpinned 0.0001414327133866063 0.0
unspecified 7.071635669330315e-05 3.6463198396951406
unstrip 0.0002828654267732126 0.0
until 7.071635669330315e-05 1.2791962255635234
upload 0.0011314617070928505 0.0
upper 0.0002828654267732126 0.09097177820572679
url 0.0005657308535464252 0.0
us 0.0001414327133866063 0.0
usage 0.0002828654267732126 0.0
use 0.00021214907007990948 0.0
used 0.0001414327133866063 0.19105523676270922
useful 0.0001414327133866063 1.5668782980153044
uselang 7.071635669330315e-05 0.0
user 0.0019800579874124885 0.0
useradd 0.0001414327133866063 0.0
userlogin 0.0001414327133866063 0.0
uses 0.0003535817834665158 0.7746402148111283
using 0.0001414327133866063 0.0
usually 7.071635669330315e-05 1.6538896750049343
utc 7.071635669330315e-05 0.0
utf 7.071635669330315e-05 0.0
utm_campaign 7.071635669330315e-05 0.0
utm_medium 7.071635669330315e-05 0.0
utm_source 7.071635669330315e-05 0.0
ux 7.071635669330315e-05 0.08149303425118301
valid 7.071635669330315e-05 2.1799827709017134
validity 7.071635669330315e-05 4.051784947803305
value 0.0014143271338660631 0.0
values 0.0003535817834665158 0.9837320126696876
var 0.0001414327133866063 0.0
variable 0.0001414327133866063 0.9382696385929302
variables 0.00042429814015981895 1.0072625100798818
variant 0.0001414327133866063 0.0
variants 0.00042429814015981895 0.0
various 0.0001414327133866063 1.377636298376776
vary 7.071635669330315e-05 0.10054122922187746
ve 7.071635669330315e-05 0.0
vector 0.01831553638356552 0.0
verifiability 0.0001414327133866063 1.2185716037470886
version 0.0001414327133866063 0.0
vertical 7.071635669330315e-05 0.6017974019717174
vevent 7.071635669330315e-05 0.22314355131420976
view 0.0006364472102397285 0.0
viewdoc 0.0001414327133866063 1.9723434061234688
viewport 7.071635669330315e-05 0.0
views 0.00021214907007990948 0.0
visible 7.071635669330315e-05 0.09097177820572679
visit 0.0001414327133866063 0.0
visited 7.071635669330315e-05 0.0
visualeditor 0.0002828654267732126 0.0
volume 0.0002828654267732126 0.8329091229351039
vue 0.0001414327133866063 0.0
w 0.009193126370129411 0.0
walltime 7.071635669330315e-05 0.0
was 0.0001414327133866063 0.0
watchlist 7.071635669330315e-05 0.0
watchtoken 7.071635669330315e-05 0.0
way 0.0001414327133866063 0.8947845266531914
ways 7.071635669330315e-05 1.449095262358921
wb 0.0001414327133866063 0.0
wbc 7.071635669330315e-05 0.0
wc 7.071635669330315e-05 1.3437347467010947
we 0.00021214907007990948 1.4127276181880462
web 0.00021214907007990948 0.09097177820572679
website 0.0001414327133866063 0.0
weight 0.0002828654267732126 0.05358424613410626
well 7.071635669330315e-05 1.0560526742493137
wgaction 7.071635669330315e-05 0.0
wgarticleid 7.071635669330315e-05 0.0
wgbackendresponsetime 7.071635669330315e-05 0.0
wgbreakframes 7.071635669330315e-05 0.0
wgcanonicalnamespace 7.071635669330315e-05 0.0
wgcanonicalspecialpagename 7.071635669330315e-05 0.0
wgcategories 7.071635669330315e-05 0.0
wgcentralauthmobiledomain 7.071635669330315e-05 0.0
wgcspnonce 7.071635669330315e-05 0.0
wgcurrevisionid 7.071635669330315e-05 0.0
wgdefaultdateformat 7.071635669330315e-05 0.0
wgdigittransformtable 7.071635669330315e-05 0.0
wgeditsubmitbuttonlabelpublish 7.071635669330315e-05 0.0
wgflaggedrevsparams 7.071635669330315e-05 0.0
wggestructuredtaskrejectionreasontextinputenabled 7.071635669330315e-05 0.0
wggetopicsmatchmodeenabled 7.071635669330315e-05 0.0
wghostname 7.071635669330315e-05 0.0
wgisarticle 7.071635669330315e-05 0.0
wgisprobablyeditable 7.071635669330315e-05 0.0
wgisredirect 7.071635669330315e-05 0.0
wgmediaviewerenabledbydefault 7.071635669330315e-05 0.0
wgmediavieweronclick 7.071635669330315e-05 0.0
wgmfdisplaywikibasedescriptions 7.071635669330315e-05 0.0
wgmonthnames 7.071635669330315e-05 0.0
wgnamespacenumber 7.071635669330315e-05 0.0
wgnoticeproject 7.071635669330315e-05 0.0
wgpagecontentlanguage 7.071635669330315e-05 0.0
wgpagecontentmodel 7.071635669330315e-05 0.0
wgpagename 7.071635669330315e-05 0.0
wgpageparsereport 7.071635669330315e-05 0.0
wgpopupsflags 7.071635669330315e-05 0.0
wgrelevantarticleid 7.071635669330315e-05 0.0
wgrelevantpageisprobablyeditable 7.071635669330315e-05 0.0
wgrelevantpagename 7.071635669330315e-05 0.0
wgrequestid 7.071635669330315e-05 0.0
wgrestrictionedit 7.071635669330315e-05 0.0
wgrestrictionmove 7.071635669330315e-05 0.0
wgrevisionid 7.071635669330315e-05 0.0
wgseparatortransformtable 7.071635669330315e-05 0.0
wgtitle 7.071635669330315e-05 0.0
wgulscurrentautonym 7.071635669330315e-05 0.0
wgulsiscompactlinksenabled 7.071635669330315e-05 0.0
wgulsislanguageselectorempty 7.071635669330315e-05 0.0
wgulsposition 7.071635669330315e-05 0.0
wgusergroups 7.071635669330315e-05 0.0
wgusername 7.071635669330315e-05 0.0
wgvector2022previewpages 7.071635669330315e-05 0.0
wgvisualeditor 7.071635669330315e-05 0.0
wgwikibaseitemid 7.071635669330315e-05 0.0
wgwmepagelength 7.071635669330315e-05 0.0
wgwmeschemaeditattemptstepoversample 7.071635669330315e-05 0.0
what 7.071635669330315e-05 0.0
whatlinkshere 0.0001414327133866063 0.0
when 0.0003535817834665158 0.0
where 0.0005657308535464252 0.9382696385929302
whereby 7.071635669330315e-05 3.3586377672433594
which 0.00042429814015981895 0.3022808718729337
white 7.071635669330315e-05 0.12981161152199053
width 0.002262923414185701 0.0
wiki 0.008344530089809774 0.0
wikibase 0.0002828654267732126 0.0
wikidata 0.0007778799236263348 0.0
wikimedia 0.0028286542677321263 0.0
wikimediabadges 7.071635669330315e-05 0.0
wikimediaevents 7.071635669330315e-05 0.0
wikimediafoundation 0.0001414327133866063 0.0
wikipedia 0.006435188459090587 0.0
wikisource 7.071635669330315e-05 0.09097177820572679
wikitext 7.071635669330315e-05 0.0
window 0.00021214907007990948 0.0
with 0.0014850434905593665 0.0
wmf 0.00021214907007990948 0.0
word 0.0001414327133866063 0.05358424613410626
wordmark 0.0001414327133866063 0.0
works 7.071635669330315e-05 0.0
worldcat 7.071635669330315e-05 1.5260563034950492
wpformidentifier 7.071635669330315e-05 0.0
wrap 0.0001414327133866063 0.06280090123903044
written 0.0001414327133866063 0.44086703515908027
ws 7.071635669330315e-05 0.09097177820572679
www 0.0019800579874124885 0.0
x 0.00134361077717276 0.0
x1 0.0001414327133866063 3.6463198396951406
x2 0.0001414327133866063 4.74493212836325
xml 0.00021214907007990948 0.0
xn 0.0001414327133866063 4.74493212836325
xs 0.0007778799236263348 2.5477075510270306
y 0.0004950144968531221 0.0
yes 7.071635669330315e-05 0.0
yields 7.071635669330315e-05 3.1354942159291497
you 0.0003535817834665158 0.0
ys 0.0011314617070928505 3.6463198396951406
z 0.0001414327133866063 0.0
z39 0.00042429814015981895 0.10054122922187746
z3988 0.00042429814015981895 0.10054122922187746
zh 0.0002828654267732126 0.48225225132193467
русский 7.071635669330315e-05 0.6505875661411494
українська 7.071635669330315e-05 0.8329091229351039
فارسی 7.071635669330315e-05 1.0313600616589422
کیوری 7.071635669330315e-05 4.74493212836325
中文 7.071635669330315e-05 0.8329091229351039
日本語 7.071635669330315e-05 0.9382696385929302
程式語言 7.071635669330315e-05 2.26002547857525
