0 0.004345431176938613 0.0
00 0.0001224065120264398 0.0
000 0.0001224065120264398 0.0
00007 6.12032560132199e-05 4.74493212836325
0008 0.0001836097680396597 4.74493212836325
004 0.0001224065120264398 3.1354942159291497
005 0.0001836097680396597 3.6463198396951406
0073376051 6.12032560132199e-05 4.74493212836325
01 6.12032560132199e-05 0.3382128810989969
016 6.12032560132199e-05 3.3586377672433594
018 6.12032560132199e-05 3.6463198396951406
02 0.0001224065120264398 0.48225225132193467
039 0.0002448130240528796 0.0
048 0.0001224065120264398 3.6463198396951406
05 0.0001224065120264398 0.6340582641899388
07 0.0005508293041189791 0.6177977433181585
09 0.0002448130240528796 0.5860490450035782
0920 6.12032560132199e-05 4.74493212836325
0_unported_license 6.12032560132199e-05 0.0
0px 6.12032560132199e-05 0.7375989431307791
1 0.004284227920925393 0.0
10 0.001836097680396597 0.0
100 0.0007344390721586388 0.0
1000 6.12032560132199e-05 0.0
1000000 0.0001224065120264398 0.0
1007 0.0001836097680396597 1.749199854809259
1016 0.0001836097680396597 2.3470368555648795
1049264 0.0001836097680396597 4.74493212836325
106 0.0001224065120264398 1.749199854809259
108473 0.0001224065120264398 4.74493212836325
10px 0.0004284227920925393 0.454472687214859
10th 0.0002448130240528796 2.7990219793079367
11 0.0006120325601321991 0.21233263520999412
1105_heller 0.0001224065120264398 4.74493212836325
1109 0.0011016586082379582 2.03688192726104
1115 0.0001836097680396597 4.74493212836325
1127 0.0001224065120264398 4.74493212836325
1132 0.0001224065120264398 4.051784947803305
1139447124 0.0004284227920925393 4.74493212836325
115 0.0001224065120264398 1.911718784307034
117 6.12032560132199e-05 0.0
12 0.0007956423281718588 0.18058393689541388
120 0.0001224065120264398 1.5668782980153044
124 0.0006120325601321991 1.5668782980153044
125em 6.12032560132199e-05 0.0
127 6.12032560132199e-05 0.09097177820572679
12736 0.0001224065120264398 4.74493212836325
12764358 0.0001224065120264398 4.74493212836325
12px 6.12032560132199e-05 0.09097177820572679
12s5i 6.12032560132199e-05 0.0
13 0.0003672195360793194 0.0
1325463722 6.12032560132199e-05 4.74493212836325
133 6.12032560132199e-05 0.08149303425118301
14 0.00030601628006609954 0.22314355131420976
145 0.0001224065120264398 2.4423470353692043
146 0.0001224065120264398 2.1058747987479913
149 0.0001224065120264398 2.665490586683414
15 0.0003672195360793194 0.3382128810989969
1518 0.0002448130240528796 4.74493212836325
153 0.0001224065120264398 2.7990219793079367
15t05 0.0001224065120264398 4.051784947803305
16 0.0006120325601321991 0.2451224580329849
160 0.001958504192423037 0.0
1630815 0.0001836097680396597 4.74493212836325
16996625 0.0001224065120264398 4.74493212836325
17 0.0004284227920925393 0.44086703515908027
175804126 6.12032560132199e-05 4.74493212836325
1776 6.12032560132199e-05 4.74493212836325
17908643 0.0001224065120264398 4.74493212836325
18 0.0004284227920925393 0.48225225132193467
1813032 6.12032560132199e-05 4.74493212836325
1814400 0.0001224065120264398 0.5705448584676129
184401877 6.12032560132199e-05 4.74493212836325
184402054 6.12032560132199e-05 4.74493212836325
184404993 6.12032560132199e-05 4.74493212836325
19 0.0006120325601321991 0.38822330167365837
1993 0.0002448130240528796 1.4127276181880462
1995 0.0002448130240528796 1.377636298376776
1999 6.12032560132199e-05 1.377636298376776
1em 0.00030601628006609954 0.02643325706815543
1px 0.0002448130240528796 0.2451224580329849
1x1 6.12032560132199e-05 0.0
2 0.001285268376277618 0.0
20 0.0004284227920925393 0.0
20000 6.12032560132199e-05 1.749199854809259
2001 0.0004284227920925393 1.449095262358921
20011116220556 6.12032560132199e-05 4.74493212836325
2002 0.0004284227920925393 1.0560526742493137
2003 0.0002448130240528796 0.9837320126696876
2004 0.001897300936409817 0.06280090123903044
2005 0.0001224065120264398 0.8531118302526235
2006 0.0003672195360793194 1.0072625100798818
2009 0.0015912846563437175 0.9382696385929302
2010 0.001162861864251178 0.8329091229351039
2011 0.0003672195360793194 0.6017974019717174
2013 0.0005508293041189791 0.6844891178168307
2017 0.0006120325601321991 0.9837320126696876
2019 0.0004896260481057592 0.9162907318741551
2022 0.00030601628006609954 0.0
2023 0.0001836097680396597 0.7195804376281008
20230314103922 6.12032560132199e-05 4.74493212836325
20230314103923 0.0001224065120264398 4.74493212836325
2063024 0.0001224065120264398 4.74493212836325
2097152 0.0002448130240528796 0.0
20t07 0.0001224065120264398 4.74493212836325
21 0.0007344390721586388 0.3504829736908114
212201774 6.12032560132199e-05 4.74493212836325
22 0.0004284227920925393 0.26759531388504365
23 0.00030601628006609954 0.48225225132193467
23172598 0.0001224065120264398 4.74493212836325
237 0.0001224065120264398 2.953172659135195
238px 6.12032560132199e-05 0.8329091229351039
23id 0.0004284227920925393 1.2185716037470886
23px 6.12032560132199e-05 0.5254244231871433
24 0.00030601628006609954 0.5254244231871433
246 0.0001224065120264398 3.1354942159291497
25 0.00030601628006609954 0.3260915205666521
255 6.12032560132199e-05 0.09097177820572679
2580 6.12032560132199e-05 4.051784947803305
2589 6.12032560132199e-05 4.051784947803305
258b 0.0001836097680396597 4.051784947803305
258f 6.12032560132199e-05 4.74493212836325
2595 6.12032560132199e-05 4.74493212836325
2599 6.12032560132199e-05 4.051784947803305
25a1 6.12032560132199e-05 4.74493212836325
25a8 0.0002448130240528796 4.74493212836325
25ad 6.12032560132199e-05 4.74493212836325
25ae 0.0001224065120264398 4.74493212836325
25af 6.12032560132199e-05 4.74493212836325
25ba 6.12032560132199e-05 4.74493212836325
25be 0.0001224065120264398 4.74493212836325
25e5 6.12032560132199e-05 4.051784947803305
25e6 6.12032560132199e-05 4.051784947803305
25e7 0.0001836097680396597 4.74493212836325
25e8 0.00030601628006609954 4.74493212836325
25em 0.0001836097680396597 0.035401927050916
26 0.0011016586082379582 0.0
264 0.0001224065120264398 3.6463198396951406
26gifs 6.12032560132199e-05 4.74493212836325
26id 6.12032560132199e-05 3.6463198396951406
26idtype 6.12032560132199e-05 4.74493212836325
26ie 6.12032560132199e-05 4.74493212836325
26qid 6.12032560132199e-05 4.74493212836325
26ref 6.12032560132199e-05 4.74493212836325
26sr 6.12032560132199e-05 4.74493212836325
27 0.0005508293041189791 0.42744401482693967
2709 0.0001224065120264398 2.665490586683414
27s 0.0002448130240528796 1.0813704822336037
28 0.0006732358161454189 0.5860490450035782
2895 0.0001224065120264398 4.74493212836325
28computer 0.002019707448436257 4.74493212836325
28computer_programming 0.0001224065120264398 4.74493212836325
28mesa 0.0001224065120264398 4.74493212836325
28rob 6.12032560132199e-05 4.74493212836325
28robmech 6.12032560132199e-05 4.74493212836325
29 0.0026929432645816757 0.22314355131420976
2900007 0.0001224065120264398 4.74493212836325
2962 0.0001224065120264398 4.74493212836325
2b 0.0004896260481057592 0.7195804376281008
2c 0.0010404553522247383 0.48225225132193467
2cicon 6.12032560132199e-05 0.0
2cstyles 6.12032560132199e-05 0.0
2d 0.0001224065120264398 3.1354942159291497
2em 0.0001836097680396597 0.06280090123903044
2f 0.001897300936409817 0.11020314013361425
2f0073376051 6.12032560132199e-05 4.74493212836325
2f0920 0.0001224065120264398 4.74493212836325
2f1 0.0001224065120264398 2.03688192726104
2f10 0.0005508293041189791 0.8737311174553593
2f1105_heller 6.12032560132199e-05 4.74493212836325
2f175804126 6.12032560132199e-05 4.74493212836325
2f184401877 6.12032560132199e-05 4.74493212836325
2f184402054 6.12032560132199e-05 4.74493212836325
2f184404993 6.12032560132199e-05 4.74493212836325
2f19 6.12032560132199e-05 2.665490586683414
2f2009 6.12032560132199e-05 2.5477075510270306
2f212201774 6.12032560132199e-05 4.74493212836325
2f452524 6.12032560132199e-05 4.74493212836325
2faccu 6.12032560132199e-05 4.051784947803305
2fan_introduction_ch_implementing_temperature_converter_ch 6.12032560132199e-05 4.74493212836325
2fapi 0.0004284227920925393 1.377636298376776
2fapplications 6.12032560132199e-05 4.051784947803305
2farchitecture 6.12032560132199e-05 4.051784947803305
2farticle 6.12032560132199e-05 2.3470368555648795
2farticle_en 0.0001224065120264398 4.74493212836325
2farticles 0.0001224065120264398 2.1799827709017134
2fasme 0.0001836097680396597 4.74493212836325
2fb005jr8iw6 6.12032560132199e-05 4.74493212836325
2fbyt20011031s0002 6.12032560132199e-05 4.74493212836325
2fc 0.0002448130240528796 2.3470368555648795
2fc_course 6.12032560132199e-05 4.74493212836325
2fcaidcd 0.0001224065120264398 4.74493212836325
2fch 6.12032560132199e-05 4.74493212836325
2fchlabview 6.12032560132199e-05 4.74493212836325
2fcinterpreter 6.12032560132199e-05 4.74493212836325
2fcitation 6.12032560132199e-05 2.7990219793079367
2fcjfdtotal 0.0001224065120264398 4.74493212836325
2fcompany 6.12032560132199e-05 3.3586377672433594
2fcontent 0.0001224065120264398 2.3470368555648795
2fcorpusid 0.0004284227920925393 1.377636298376776
2fcpp 6.12032560132199e-05 3.3586377672433594
2fdl 6.12032560132199e-05 2.5477075510270306
2fdocuments 6.12032560132199e-05 3.6463198396951406
2fdp 6.12032560132199e-05 4.74493212836325
2fdrdobbs 0.0002448130240528796 4.74493212836325
2fen 0.001897300936409817 0.10054122922187746
2ff225771541203807 6.12032560132199e-05 4.74493212836325
2ffmt 0.0017748944243833771 0.10054122922187746
2fgetabs 6.12032560132199e-05 4.74493212836325
2fgetabsservlet 6.12032560132199e-05 4.74493212836325
2fhighered 6.12032560132199e-05 4.74493212836325
2fiel 6.12032560132199e-05 4.74493212836325
2findex 6.12032560132199e-05 1.5668782980153044
2fiospress 0.0001224065120264398 4.74493212836325
2fmactech 6.12032560132199e-05 4.74493212836325
2fmcse 0.0001224065120264398 4.051784947803305
2fmemagazine 6.12032560132199e-05 4.74493212836325
2fmesa 0.0002448130240528796 4.74493212836325
2fmspec 0.0001224065120264398 4.74493212836325
2fprojects 6.12032560132199e-05 2.1058747987479913
2fpub 6.12032560132199e-05 2.665490586683414
2fref 6.12032560132199e-05 3.6463198396951406
2freviews 6.12032560132199e-05 3.3586377672433594
2frobomech 0.0001224065120264398 4.74493212836325
2fs 6.12032560132199e-05 3.6463198396951406
2fs00366 0.0001224065120264398 4.74493212836325
2fscitation 6.12032560132199e-05 4.74493212836325
2fseptember 6.12032560132199e-05 4.74493212836325
2fservlet 6.12032560132199e-05 4.051784947803305
2fsites 6.12032560132199e-05 2.4423470353692043
2fvol 6.12032560132199e-05 4.051784947803305
2fwww 0.0003672195360793194 0.3382128810989969
2fxml874m51x1w42w0 6.12032560132199e-05 4.74493212836325
2px 0.0002448130240528796 0.26759531388504365
2x 0.0004284227920925393 0.0
3 0.0010404553522247383 0.0
30 0.0001836097680396597 0.5705448584676129
30em 6.12032560132199e-05 0.09097177820572679
31 0.0001224065120264398 0.0
3125em 6.12032560132199e-05 0.0
31643142 0.0001836097680396597 4.74493212836325
32 0.0001224065120264398 0.26759531388504365
324 0.0001224065120264398 2.7990219793079367
32477309 0.0001224065120264398 4.74493212836325
325 0.0001224065120264398 2.953172659135195
328 0.0001224065120264398 3.6463198396951406
33z 0.0001224065120264398 2.953172659135195
34 0.0001224065120264398 1.1340142157190256
36 0.0001224065120264398 0.8131064956389242
366 0.0001224065120264398 3.3586377672433594
367 0.0001224065120264398 3.1354942159291497
36c 6.12032560132199e-05 1.0072625100798818
37 0.0002448130240528796 1.0072625100798818
375 0.0001224065120264398 3.1354942159291497
38 0.0001224065120264398 1.0313600616589422
39 0.0011016586082379582 0.3141153295199365
390 0.0001224065120264398 2.953172659135195
39307433 0.0001224065120264398 4.74493212836325
395 0.0001224065120264398 4.051784947803305
39daae1b95b8 6.12032560132199e-05 4.74493212836325
3a 0.0017748944243833771 0.11020314013361425
3a12764358 6.12032560132199e-05 4.74493212836325
3a16996625 6.12032560132199e-05 4.74493212836325
3a17908643 6.12032560132199e-05 4.74493212836325
3a2063024 6.12032560132199e-05 4.74493212836325
3a23172598 6.12032560132199e-05 4.74493212836325
3a3 6.12032560132199e-05 0.09097177820572679
3a32477309 6.12032560132199e-05 4.74493212836325
3a39307433 6.12032560132199e-05 4.74493212836325
3abook 0.0005508293041189791 0.22314355131420976
3ach 0.0017748944243833771 4.74493212836325
3adoi 0.0005508293041189791 0.9382696385929302
3ajournal 0.0012240651202643981 0.3260915205666521
3akev 0.0017748944243833771 0.10054122922187746
3amtx 0.0017748944243833771 0.10054122922187746
3aofi 0.0017748944243833771 0.10054122922187746
3asid 0.0017748944243833771 0.10054122922187746
3cols 6.12032560132199e-05 0.21233263520999412
3d 0.0001836097680396597 1.7004096906398272
3d1 6.12032560132199e-05 2.953172659135195
3d1325463722 6.12032560132199e-05 4.74493212836325
3d1776 0.0001224065120264398 4.74493212836325
3d1813032 6.12032560132199e-05 4.74493212836325
3dbooks 6.12032560132199e-05 4.74493212836325
3dchsdk 6.12032560132199e-05 4.74493212836325
3dcvips 6.12032560132199e-05 4.74493212836325
3djmdedb000117000003000390000001 6.12032560132199e-05 4.74493212836325
3dno 6.12032560132199e-05 4.74493212836325
3dnormal 6.12032560132199e-05 4.74493212836325
3ds2cid 0.0004284227920925393 1.377636298376776
3dsr_1_1 6.12032560132199e-05 4.74493212836325
3dutf8 6.12032560132199e-05 4.74493212836325
3dyes 6.12032560132199e-05 4.74493212836325
3em 0.0001836097680396597 0.035401927050916
3fid 6.12032560132199e-05 1.3437347467010947
3fprog 6.12032560132199e-05 4.74493212836325
3fquerytext 6.12032560132199e-05 4.74493212836325
3fs 6.12032560132199e-05 4.051784947803305
3px 6.12032560132199e-05 0.12981161152199053
4 0.0014076748883040577 0.02643325706815543
40 0.0007956423281718588 0.0
400 0.0001224065120264398 0.0
406 0.0001224065120264398 3.6463198396951406
40px 0.0002448130240528796 1.1340142157190256
4244 0.0007956423281718588 4.051784947803305
44 0.0001224065120264398 1.2185716037470886
452524 6.12032560132199e-05 4.74493212836325
4799 0.0002448130240528796 4.051784947803305
48 0.0003672195360793194 0.8531118302526235
49 0.0002448130240528796 0.9607424944449889
4c 6.12032560132199e-05 0.09097177820572679
4px 0.0001224065120264398 0.8329091229351039
5 0.0006120325601321991 0.11020314013361425
50 0.0002448130240528796 0.0
500 0.0001224065120264398 0.0
5000000 0.0001224065120264398 0.0
52 0.0002448130240528796 1.2791962255635234
524 0.0001224065120264398 3.3586377672433594
52428800 0.0001224065120264398 0.008733679968754631
5266 0.0002448130240528796 4.74493212836325
52px 6.12032560132199e-05 1.0072625100798818
5375178 0.0001836097680396597 4.74493212836325
544 0.0001224065120264398 3.3586377672433594
5489 0.0001836097680396597 4.74493212836325
54z 0.0001224065120264398 3.6463198396951406
5552033 0.0001836097680396597 4.74493212836325
5552091 0.0001836097680396597 4.74493212836325
59 0.0002448130240528796 0.40112670650956617
5em 0.0003672195360793194 0.0
5x 0.0004284227920925393 0.0
6 0.0007344390721586388 0.044451762570833796
60 0.0001224065120264398 0.8131064956389242
60px 0.0002448130240528796 1.3437347467010947
610 0.0001224065120264398 4.051784947803305
62 0.0001224065120264398 1.377636298376776
65 6.12032560132199e-05 0.05358424613410626
6685507 0.0001836097680396597 4.74493212836325
673 0.0001224065120264398 4.74493212836325
674 0.0001224065120264398 4.051784947803305
69 0.0001224065120264398 1.2791962255635234
694 0.0001224065120264398 3.6463198396951406
698 0.0001224065120264398 4.74493212836325
699 0.0001224065120264398 3.1354942159291497
6em 6.12032560132199e-05 0.7195804376281008
6th 0.0002448130240528796 3.6463198396951406
7 0.0014076748883040577 0.0
70 0.0001224065120264398 1.449095262358921
7101 0.0004896260481057592 4.74493212836325
720px 0.0001224065120264398 0.0
729046 0.0004896260481057592 4.74493212836325
75 0.0003672195360793194 1.449095262358921
754 0.0001224065120264398 2.5477075510270306
76 0.0001224065120264398 1.1895840668738364
7cext 0.0001836097680396597 0.0
7cjquery 6.12032560132199e-05 0.41419878807691896
7cmediawiki 6.12032560132199e-05 0.0
7cskins 6.12032560132199e-05 0.0
7cwikibase 6.12032560132199e-05 0.0
8 0.0010404553522247383 0.0
80 0.0001224065120264398 0.3022808718729337
8024093 0.0001224065120264398 4.74493212836325
80px 0.0002448130240528796 1.2484245668967697
8125em 6.12032560132199e-05 0.0
82 0.0001836097680396597 0.9162907318741551
88 0.001958504192423037 0.0
89 6.12032560132199e-05 1.449095262358921
8b 0.0001836097680396597 0.9837320126696876
8f 6.12032560132199e-05 1.0813704822336037
9 0.00030601628006609954 0.11020314013361425
90 6.12032560132199e-05 0.08149303425118301
90476 0.0001224065120264398 4.74493212836325
91 0.001897300936409817 0.0721032939013439
913 0.0001224065120264398 4.74493212836325
93 0.001958504192423037 0.06280090123903044
933 0.0001224065120264398 3.6463198396951406
95 0.0002448130240528796 0.035401927050916
97 6.12032560132199e-05 0.9607424944449889
978 0.0014688781443172776 0.9837320126696876
9783642042645 0.0002448130240528796 4.74493212836325
99 6.12032560132199e-05 0.6505875661411494
9932cc 6.12032560132199e-05 1.0072625100798818
997 0.0001224065120264398 3.6463198396951406
99zyk_programowania 6.12032560132199e-05 2.4423470353692043
9px 0.0001836097680396597 0.09097177820572679
_missing_periodical 6.12032560132199e-05 2.665490586683414
a 0.0402717424566987 0.0
a1 6.12032560132199e-05 1.449095262358921
a2a9b1 0.0001224065120264398 0.27902400970866637
a8 0.0002448130240528796 0.6844891178168307
aa 6.12032560132199e-05 0.0721032939013439
ab68 6.12032560132199e-05 4.74493212836325
abilities 6.12032560132199e-05 2.665490586683414
about 0.0006120325601321991 0.0
aboutsite 6.12032560132199e-05 0.0
above 6.12032560132199e-05 0.1599646496926782
absolute 6.12032560132199e-05 0.0
accesskey 0.001162861864251178 0.0
accompanies 6.12032560132199e-05 4.74493212836325
account 0.0002448130240528796 0.0
accu 6.12032560132199e-05 4.051784947803305
acm 0.0001224065120264398 1.1895840668738364
across 6.12032560132199e-05 0.0
action 0.001285268376277618 0.0
actions 6.12032560132199e-05 0.0
ad 6.12032560132199e-05 1.1895840668738364
add 6.12032560132199e-05 0.0
added 6.12032560132199e-05 1.0560526742493137
addendum 6.12032560132199e-05 4.74493212836325
additional 6.12032560132199e-05 0.0
address 0.0001224065120264398 0.0
ae 0.0001224065120264398 1.449095262358921
af 6.12032560132199e-05 1.377636298376776
after 0.0001224065120264398 0.0
agent 0.0001836097680396597 2.7990219793079367
agents 6.12032560132199e-05 3.1354942159291497
ago 0.0001224065120264398 0.5108256237659907
agree 6.12032560132199e-05 0.0
aided 0.0002448130240528796 3.1354942159291497
aip 0.0001224065120264398 4.74493212836325
aix 0.0002448130240528796 2.7990219793079367
alert 0.0002448130240528796 0.0
aliases 6.12032560132199e-05 3.6463198396951406
align 0.0001836097680396597 0.05358424613410626
all 0.0006732358161454189 0.0
all_articles_with_dead_external_links 6.12032560132199e-05 2.7990219793079367
all_articles_with_style_issues 6.12032560132199e-05 4.051784947803305
all_wikipedia_articles_needing_clarification 6.12032560132199e-05 4.051784947803305
allocation 0.0001224065120264398 1.8545603704670854
alpha 0.0002448130240528796 0.08149303425118301
also 0.00030601628006609954 0.19105523676270922
alt 0.0007344390721586388 0.0
alternate 0.0001836097680396597 0.0
amazon 0.0001224065120264398 3.1354942159291497
ambox 0.0034273823367403145 1.0072625100798818
ambox_important 0.0007344390721586388 2.03688192726104
among 6.12032560132199e-05 1.5668782980153044
amp 0.022277985188812046 0.0
an 0.0009180488401982985 0.0
an_introduction_ch_implementing_temperature_converter_ch 6.12032560132199e-05 4.74493212836325
analysis 0.0004896260481057592 1.5260563034950492
anchor 0.0002448130240528796 2.665490586683414
and 0.005814309321255891 0.0
anon 0.0001224065120264398 0.0
anoncontribs 6.12032560132199e-05 0.0
anontalk 6.12032560132199e-05 0.0
anonymous 6.12032560132199e-05 0.0
another 6.12032560132199e-05 0.09097177820572679
api 0.0004896260481057592 0.0
apple 0.0001836097680396597 0.0
application 0.0004896260481057592 0.0
applications 0.0004896260481057592 0.7746402148111283
apply 6.12032560132199e-05 0.0
approach 0.0001224065120264398 1.7004096906398272
april 6.12032560132199e-05 0.0
architecture 6.12032560132199e-05 1.2484245668967697
archive 6.12032560132199e-05 0.3504829736908114
archived 6.12032560132199e-05 0.6017974019717174
arduino 6.12032560132199e-05 3.6463198396951406
are 0.0003672195360793194 0.0
argument 0.0001224065120264398 0.0
arguments 6.12032560132199e-05 1.377636298376776
aria 0.0017136911683701573 0.0
arithmetic 0.0001224065120264398 1.7004096906398272
arm 0.0001224065120264398 2.953172659135195
array 0.0001836097680396597 1.16141318990714
array_data_type 6.12032560132199e-05 3.3586377672433594
arrays 0.00030601628006609954 1.5260563034950492
article 0.0020809107044494767 0.0
article_en 0.0002448130240528796 4.74493212836325
articles 0.0022033172164759164 0.0
articles_with_dead_external_links_from_june_2019 6.12032560132199e-05 4.74493212836325
articles_with_dead_external_links_from_march_2019 6.12032560132199e-05 4.74493212836325
articles_with_multiple_maintenance_issues 6.12032560132199e-05 2.1058747987479913
articles_with_permanently_dead_external_links 6.12032560132199e-05 2.953172659135195
articles_with_weasel_words_from_september_2017 6.12032560132199e-05 4.74493212836325
as 0.0005508293041189791 0.0
asme 0.0004284227920925393 4.74493212836325
associated 0.0001224065120264398 0.0
assumed 6.12032560132199e-05 2.7990219793079367
async 0.00030601628006609954 0.0
at 0.0001224065120264398 0.0
atitle 0.0013464716322908379 0.25629575863111026
atom 0.0001836097680396597 0.0
attribution 6.12032560132199e-05 0.0
au 0.0006120325601321991 0.48225225132193467
aufirst 0.0017136911683701573 0.3629054936893685
august 6.12032560132199e-05 0.0
aulast 0.0017136911683701573 0.3629054936893685
author 0.0001836097680396597 0.0
auto 0.00030601628006609954 0.0
autocapitalize 6.12032560132199e-05 0.0
automatic 6.12032560132199e-05 1.377636298376776
automation 0.0001224065120264398 1.911718784307034
autostart 6.12032560132199e-05 0.11020314013361425
availability 6.12032560132199e-05 2.1058747987479913
available 0.00030601628006609954 0.0
avoid 0.0001224065120264398 0.09097177820572679
b 0.005936715833282331 0.0
b005jr8iw6 6.12032560132199e-05 4.74493212836325
b32424 0.0001224065120264398 1.0072625100798818
b4 0.0003672195360793194 0.8329091229351039
ba 6.12032560132199e-05 1.486835590341768
background 0.0006120325601321991 0.017544309650909525
backlink 0.0017748944243833771 0.08149303425118301
bar 0.0001836097680396597 2.3470368555648795
based 0.0006120325601321991 0.3504829736908114
bday 0.0001224065120264398 0.41419878807691896
bdi 0.0008568455841850786 0.7375989431307791
be 0.0006732358161454189 0.06280090123903044
became 6.12032560132199e-05 1.6094379124341003
because 6.12032560132199e-05 0.0
been 0.0001224065120264398 0.6844891178168307
before 0.0001224065120264398 0.0
beginners 6.12032560132199e-05 1.7004096906398272
below 6.12032560132199e-05 0.18058393689541388
better 0.0001836097680396597 1.749199854809259
biased 6.12032560132199e-05 4.74493212836325
block 6.12032560132199e-05 0.18058393689541388
bo 0.0002448130240528796 3.3586377672433594
body 0.0010404553522247383 0.0
bodycontent 0.0001224065120264398 0.0
bokmål 0.0001224065120264398 1.3437347467010947
book 0.0008568455841850786 0.42744401482693967
bookitem 0.0001224065120264398 1.749199854809259
books 6.12032560132199e-05 0.5552773863368246
booksources 0.0008568455841850786 0.6673946844575306
bootstrap 6.12032560132199e-05 0.10054122922187746
border 0.0012240651202643981 0.0
both 0.0001224065120264398 0.3022808718729337
bottom 0.0001836097680396597 0.05358424613410626
box 0.0009792520962115185 0.0
br 0.0001836097680396597 0.42744401482693967
bracket 0.0006120325601321991 0.0
break 0.0001836097680396597 0.05358424613410626
browsing 6.12032560132199e-05 0.0
btitle 0.0005508293041189791 0.22314355131420976
btn 0.0003672195360793194 0.0
built 0.0001224065120264398 1.0072625100798818
but 6.12032560132199e-05 0.3629054936893685
button 0.001958504192423037 0.0
buttons 6.12032560132199e-05 0.0
by 0.0008568455841850786 0.0
byt20011031s0002 0.0001224065120264398 4.74493212836325
byte 0.00030601628006609954 1.9723434061234688
byte_ 6.12032560132199e-05 4.051784947803305
bytes 0.0002448130240528796 0.0
c 0.0047126507130179325 0.0
c13_en 6.12032560132199e-05 0.0
c4 6.12032560132199e-05 2.1058747987479913
c90 0.0001224065120264398 4.051784947803305
c99 0.0005508293041189791 2.953172659135195
c_ 0.0001224065120264398 0.8329091229351039
c_course 6.12032560132199e-05 4.74493212836325
c_programming_language_family 6.12032560132199e-05 2.5477075510270306
ca 0.0006120325601321991 0.0
cache 0.0001224065120264398 0.0
cached 6.12032560132199e-05 0.0
cachereport 6.12032560132199e-05 0.0
cactions 0.0003672195360793194 0.0
caid 0.0001224065120264398 4.74493212836325
caidcd 6.12032560132199e-05 4.74493212836325
call 6.12032560132199e-05 1.1073459686368643
calls 6.12032560132199e-05 0.0
cam 6.12032560132199e-05 3.1354942159291497
campaigns 6.12032560132199e-05 0.0
campbell 0.0001224065120264398 4.051784947803305
can 0.0003672195360793194 0.17022114985986725
canonical 0.0001224065120264398 0.0
caption 0.0001224065120264398 0.21233263520999412
categories 0.0001836097680396597 0.02643325706815543
categorization_approaches 6.12032560132199e-05 2.4423470353692043
category 0.0020809107044494767 0.0
catlinks 0.0003672195360793194 0.0
cats 6.12032560132199e-05 0.0721032939013439
cd 0.0001224065120264398 2.953172659135195
cdve 0.0002448130240528796 4.74493212836325
cell 0.0001224065120264398 0.7195804376281008
center 0.0004896260481057592 0.017544309650909525
centralauth 0.0001224065120264398 0.0
centralautologin 0.0001224065120264398 0.0
centralnotice 0.0001836097680396597 0.0
cerr 6.12032560132199e-05 4.051784947803305
cfm 0.0002448130240528796 2.1058747987479913
ch 0.0055694962972030115 2.665490586683414
ch_ 0.0021421139604626965 3.6463198396951406
ch_arm_raspberry_pi_released 6.12032560132199e-05 4.74493212836325
ch_computer_programming 0.0001224065120264398 4.74493212836325
change 6.12032560132199e-05 0.0
changes 0.0002448130240528796 0.0
characters 6.12032560132199e-05 1.3437347467010947
charinsert 6.12032560132199e-05 0.0
charset 6.12032560132199e-05 0.0
checkbox 0.0020809107044494767 0.0
cheng 0.0015912846563437175 4.051784947803305
chide 0.0001224065120264398 4.74493212836325
child 6.12032560132199e-05 0.06280090123903044
china 6.12032560132199e-05 3.1354942159291497
chinese 0.0001224065120264398 0.8131064956389242
chlabview 6.12032560132199e-05 4.74493212836325
chrobotalk 6.12032560132199e-05 4.74493212836325
chsdk 6.12032560132199e-05 4.74493212836325
cin 6.12032560132199e-05 4.74493212836325
cint 0.0001836097680396597 4.051784947803305
cinterpreter 6.12032560132199e-05 4.74493212836325
citation 0.0035497888487667543 0.08149303425118301
cite 0.007589203745639268 0.0
cite_book 0.0001224065120264398 1.5668782980153044
cite_journal 0.0007344390721586388 1.5260563034950492
cite_note 0.0035497888487667543 0.08149303425118301
cite_ref 0.0035497888487667543 0.08149303425118301
citerefcampbell2003 6.12032560132199e-05 4.74493212836325
citerefcheng1993 0.0001224065120264398 4.74493212836325
citerefcheng1995 0.0001224065120264398 4.74493212836325
citerefcheng2002 6.12032560132199e-05 4.74493212836325
citerefcheng2006 0.0001224065120264398 4.74493212836325
citerefcheng2009 0.0001836097680396597 4.74493212836325
citerefcheng2010 6.12032560132199e-05 4.74493212836325
citerefcheng2011 6.12032560132199e-05 4.74493212836325
citereffurmanwertz2010 6.12032560132199e-05 4.74493212836325
citerefglassborow2001 6.12032560132199e-05 4.74493212836325
citerefheller2001 6.12032560132199e-05 4.74493212836325
citerefhuber2010 6.12032560132199e-05 4.74493212836325
citerefliuwangjiang2010 6.12032560132199e-05 4.74493212836325
citerefmorejon2006 6.12032560132199e-05 4.74493212836325
citerefstopforth2013 6.12032560132199e-05 4.74493212836325
citerefveeraraghavan2013 6.12032560132199e-05 4.74493212836325
citerefwang2002 6.12032560132199e-05 4.74493212836325
citerefwang2009 6.12032560132199e-05 4.74493212836325
citerefwangbohagiwara2009 0.0001224065120264398 4.74493212836325
citerefwilson2004 6.12032560132199e-05 4.74493212836325
citerefzhu2003 6.12032560132199e-05 4.74493212836325
citerefzhuangwang2009 6.12032560132199e-05 4.74493212836325
citethispage 6.12032560132199e-05 0.0
cjfdtotal 0.0002448130240528796 4.74493212836325
ckni 6.12032560132199e-05 4.74493212836325
clarification 0.0003672195360793194 3.1354942159291497
clarified 6.12032560132199e-05 4.74493212836325
clarify 0.0001224065120264398 2.953172659135195
class 0.03488585592753535 0.0
classes 0.0004284227920925393 1.5260563034950492
classname 0.0001836097680396597 0.0
clear 0.0007956423281718588 0.11995931507897897
client 0.0003672195360793194 0.0
cn 0.0004896260481057592 4.051784947803305
cnki 0.0004284227920925393 4.74493212836325
code 0.003917008384846074 0.035401927050916
coll 0.0002448130240528796 0.0
collaborative 0.0001836097680396597 3.6463198396951406
collapse 0.0002448130240528796 0.21233263520999412
collapsed 0.0001836097680396597 0.0
collapses 6.12032560132199e-05 0.0
collapsible 0.0007956423281718588 0.0
color 0.0005508293041189791 0.017544309650909525
colspan 0.0001224065120264398 0.14981227822866008
column 0.0001836097680396597 0.09097177820572679
columns 0.0003672195360793194 0.09097177820572679
com 0.0023869269845155764 0.11995931507897897
combined 6.12032560132199e-05 1.8004931491968095
combines 6.12032560132199e-05 2.1799827709017134
comment 0.0012240651202643981 1.377636298376776
commentedtext 6.12032560132199e-05 1.9723434061234688
commercial 6.12032560132199e-05 1.3109449238781037
common 6.12032560132199e-05 0.8737311174553593
commonly 6.12032560132199e-05 2.03688192726104
commons 0.00030601628006609954 0.0
community 6.12032560132199e-05 0.0
community_portal 6.12032560132199e-05 0.0
compact 0.0009792520962115185 0.8947845266531914
compactlinks 6.12032560132199e-05 0.0
company 0.0001224065120264398 1.0072625100798818
compatible 6.12032560132199e-05 1.486835590341768
compiled 6.12032560132199e-05 1.0813704822336037
complex 0.0002448130240528796 1.2185716037470886
complications 6.12032560132199e-05 0.0
computational 6.12032560132199e-05 2.1058747987479913
computer 0.001162861864251178 0.12981161152199053
computer_programming 0.001958504192423037 1.0560526742493137
computers 0.0001224065120264398 1.0813704822336037
computerworld 6.12032560132199e-05 2.5477075510270306
computing 0.0015300814003304977 0.3504829736908114
computing_platform 6.12032560132199e-05 1.6094379124341003
conceptual 0.0002448130240528796 3.3586377672433594
conference 0.0009792520962115185 0.9607424944449889
config 0.0001224065120264398 0.0
confusing 0.00030601628006609954 4.051784947803305
const 6.12032560132199e-05 2.5477075510270306
constructors 6.12032560132199e-05 2.26002547857525
contact 0.0002448130240528796 0.0
contact_us 0.0001224065120264398 0.0
contactpage 6.12032560132199e-05 0.0
container 0.0010404553522247383 0.0
containing 6.12032560132199e-05 0.0
contains 6.12032560132199e-05 1.4127276181880462
content 0.004100618152885734 0.0
contentinfo 6.12032560132199e-05 0.0
contents 0.0007956423281718588 0.0
contentsub 6.12032560132199e-05 0.0
context 0.0001224065120264398 0.0
contexts 6.12032560132199e-05 2.953172659135195
continuous 6.12032560132199e-05 3.3586377672433594
contribute 6.12032560132199e-05 0.0
contributions 6.12032560132199e-05 0.0
contributors 0.0001224065120264398 0.0
control 0.0002448130240528796 0.44086703515908027
controls 0.0001224065120264398 0.0
conversion 0.0001224065120264398 0.0
converter 0.0001224065120264398 3.6463198396951406
cookie 0.00030601628006609954 0.0
cookie_statement 6.12032560132199e-05 0.0
cookiestatement 6.12032560132199e-05 0.0
cooperative 0.0001224065120264398 3.3586377672433594
copyright 0.0001836097680396597 0.0
copyrightico 6.12032560132199e-05 0.0
corpusid 0.0004284227920925393 1.377636298376776
count 0.0001224065120264398 0.0
course 0.0001224065120264398 1.8545603704670854
cout 6.12032560132199e-05 3.6463198396951406
cpp 6.12032560132199e-05 2.4423470353692043
cpu 6.12032560132199e-05 0.0
cputime 6.12032560132199e-05 0.0
crank 6.12032560132199e-05 4.74493212836325
create 0.0002448130240528796 0.0
createaccount 0.0002448130240528796 0.0
creative 6.12032560132199e-05 0.0
creativecommons 0.0001224065120264398 0.0
crn 0.00030601628006609954 4.051784947803305
crn_magazine 6.12032560132199e-05 4.74493212836325
cross 0.0002448130240528796 0.0
crossorigin 6.12032560132199e-05 0.0
cs1 0.005753106065242671 0.09097177820572679
cs1_errors 0.0006732358161454189 2.665490586683414
csrftoken 6.12032560132199e-05 0.0
ctx_ver 0.0017748944243833771 0.10054122922187746
current 0.0001224065120264398 0.0
current_events 6.12032560132199e-05 0.0
currentevents 6.12032560132199e-05 0.0
curriculum 0.0001224065120264398 2.7990219793079367
cvips 6.12032560132199e-05 4.74493212836325
cx 0.0001224065120264398 0.0
cycle 6.12032560132199e-05 0.6844891178168307
d 6.12032560132199e-05 0.06280090123903044
d33 0.0001224065120264398 0.09097177820572679
d6 6.12032560132199e-05 0.09097177820572679
data 0.0047126507130179325 0.0
date 0.0020809107044494767 0.08149303425118301
datemodified 0.0001224065120264398 0.0
datepublished 0.0001224065120264398 0.0
davis 0.0001836097680396597 3.3586377672433594
days 6.12032560132199e-05 2.1058747987479913
de 6.12032560132199e-05 0.2905848321097423
dead 0.0009792520962115185 2.3470368555648795
debugging 6.12032560132199e-05 2.1799827709017134
december 6.12032560132199e-05 0.0
decimal 6.12032560132199e-05 0.09097177820572679
declaration 0.0001224065120264398 1.6094379124341003
decoding 0.0002448130240528796 0.11020314013361425
deduplicate 0.00030601628006609954 0.017544309650909525
deduplicated 0.001958504192423037 0.06280090123903044
default 6.12032560132199e-05 1.5260563034950492
definition 6.12032560132199e-05 1.2185716037470886
delete 0.0001224065120264398 0.9162907318741551
depth 0.0001836097680396597 0.0
description 6.12032560132199e-05 0.0
design 0.0013464716322908379 0.3141153295199365
designed 6.12032560132199e-05 0.3504829736908114
desktoparticletarget 0.0001836097680396597 0.0
destructors 6.12032560132199e-05 3.3586377672433594
detection 6.12032560132199e-05 0.0
developed 0.0001224065120264398 0.540239508972284
developer 0.0001224065120264398 0.0
developers 0.0001224065120264398 0.0
development 0.0004896260481057592 0.38822330167365837
different 0.0001836097680396597 0.38822330167365837
dir 0.0001836097680396597 0.0
disabled 0.0006732358161454189 0.0
disc 6.12032560132199e-05 1.8004931491968095
disclaimers 0.0001224065120264398 0.0
discrete 6.12032560132199e-05 2.953172659135195
discuss 0.0001224065120264398 0.0
discussion 0.0001836097680396597 0.0
display 0.0006120325601321991 0.0
distributed 6.12032560132199e-05 1.1895840668738364
div 0.011934634922577882 0.0
dl 6.12032560132199e-05 0.19105523676270922
dmy 6.12032560132199e-05 0.0
dns 0.0001224065120264398 0.0
dobb 0.0004896260481057592 2.665490586683414
docs 0.0001224065120264398 1.1073459686368643
doctype 6.12032560132199e-05 0.0
document 0.0002448130240528796 0.0
documentelement 0.0001836097680396597 0.0
documents 0.0001224065120264398 1.6538896750049343
does 6.12032560132199e-05 0.4682660093471948
doi 0.0016524879123569374 0.8131064956389242
doi_ 0.0005508293041189791 0.9162907318741551
donate 0.0001836097680396597 0.0
donating 6.12032560132199e-05 0.0
dotted 6.12032560132199e-05 1.9723434061234688
download 0.0002448130240528796 0.0
downloadaspdf 6.12032560132199e-05 0.0
dp 6.12032560132199e-05 3.6463198396951406
dr 0.0004896260481057592 1.9723434061234688
drdobbs 0.0002448130240528796 2.7990219793079367
dropdown 0.0015300814003304977 0.0
dtstart 0.0001224065120264398 0.41419878807691896
e 0.0002448130240528796 0.0
e2 6.12032560132199e-05 0.7018808605286999
e40a 6.12032560132199e-05 4.74493212836325
e5 6.12032560132199e-05 1.7004096906398272
e6 6.12032560132199e-05 2.7990219793079367
e6223a93 6.12032560132199e-05 4.74493212836325
e7 0.0001836097680396597 1.7004096906398272
e8 0.00030601628006609954 1.5260563034950492
echo 6.12032560132199e-05 0.0
ed 0.0001224065120264398 0.8131064956389242
edit 0.002631740008568456 0.0
editable 6.12032560132199e-05 0.0
edited 6.12032560132199e-05 0.0
editing 6.12032560132199e-05 0.0
edition 0.0004284227920925393 1.2484245668967697
editor 0.0001224065120264398 0.0
editors 0.0001224065120264398 0.0
editpage 6.12032560132199e-05 0.0
edits 0.0001224065120264398 0.0
editsection 0.0009180488401982985 0.0
edituri 6.12032560132199e-05 0.0
edu 0.0001836097680396597 0.9607424944449889
education 0.0003672195360793194 1.486835590341768
educational 0.0001836097680396597 2.26002547857525
educational_programming_languages 6.12032560132199e-05 3.1354942159291497
ee 6.12032560132199e-05 2.953172659135195
element 0.0004284227920925393 0.0
ellipsis 0.0001224065120264398 0.0
elt 0.0002448130240528796 0.0
embedded 0.0009792520962115185 1.449095262358921
embedding 0.0001224065120264398 3.3586377672433594
empty 0.0003672195360793194 0.0
emptyportlet 0.0001224065120264398 0.0
en 0.002631740008568456 0.0
enabled 0.0006732358161454189 0.0
encouraged 0.0002448130240528796 0.0
encyclopedia 0.0001224065120264398 0.0
encyclopedic 6.12032560132199e-05 3.6463198396951406
end 6.12032560132199e-05 0.0
endl 6.12032560132199e-05 4.051784947803305
engine 6.12032560132199e-05 1.2185716037470886
engineering 0.0007344390721586388 1.3109449238781037
engineers 0.0002448130240528796 2.4423470353692043
english 0.0003672195360793194 0.0
enhancements 6.12032560132199e-05 0.0721032939013439
entities 6.12032560132199e-05 0.0
entity 0.0002448130240528796 0.0
entityaccesscount 6.12032560132199e-05 0.0
entitypage 0.0001224065120264398 0.0
environment 0.0006120325601321991 0.7375989431307791
environments 0.0001836097680396597 1.7004096906398272
enwiki 6.12032560132199e-05 0.0
enwikimwclientprefs 6.12032560132199e-05 0.0
equation 0.0001224065120264398 3.6463198396951406
error 0.0013464716322908379 0.09097177820572679
errors 0.0007956423281718588 1.486835590341768
es6 6.12032560132199e-05 0.0
esi 0.0001224065120264398 0.0
esitest 6.12032560132199e-05 0.0
etc 6.12032560132199e-05 1.377636298376776
ev3 6.12032560132199e-05 4.051784947803305
event 0.0006120325601321991 0.0
eventlogging 0.0001224065120264398 0.0
events 0.0001224065120264398 0.0
exact 6.12032560132199e-05 0.0
example 0.0001224065120264398 0.4682660093471948
existing 6.12032560132199e-05 1.486835590341768
exists 6.12032560132199e-05 0.0
expand 0.0001836097680396597 0.0
expanded 0.00030601628006609954 0.008733679968754631
expansion 0.0001224065120264398 0.0
expansiondepth 6.12032560132199e-05 0.0
expensive 6.12032560132199e-05 0.0
expensivefunctioncount 6.12032560132199e-05 0.0
experience 0.0001224065120264398 1.8545603704670854
expiry 0.0001224065120264398 0.0
export 6.12032560132199e-05 0.0
ext 0.0016524879123569374 0.0
extend 6.12032560132199e-05 2.1058747987479913
extending 0.0002448130240528796 2.665490586683414
extension 6.12032560132199e-05 0.7375989431307791
external 0.003855805128832854 0.0
external_links 0.0002448130240528796 0.19105523676270922
extra 6.12032560132199e-05 0.0
eɪ 0.0001224065120264398 4.74493212836325
f 0.0006120325601321991 0.0
f2 0.0003672195360793194 2.953172659135195
f225771541203807 6.12032560132199e-05 4.74493212836325
f28500 6.12032560132199e-05 1.0072625100798818
fa8a495983347898 6.12032560132199e-05 0.0
face 6.12032560132199e-05 3.1354942159291497
fallbacksearchbutton 6.12032560132199e-05 0.0
false 0.0007344390721586388 0.0
family 0.0001836097680396597 0.7018808605286999
favicon 6.12032560132199e-05 0.0
fbfbfb 6.12032560132199e-05 1.0072625100798818
fc3 6.12032560132199e-05 1.0072625100798818
feature 0.001285268376277618 0.0
featurename 0.0001836097680396597 0.0
features 0.0009180488401982985 0.38822330167365837
february 0.0001224065120264398 0.0
fee7e6 6.12032560132199e-05 1.0072625100798818
feed 0.0001224065120264398 0.0
file 0.0006732358161454189 0.0
file_upload_wizard 0.0001224065120264398 0.0
files 6.12032560132199e-05 0.0
finch 0.0001224065120264398 4.74493212836325
finchrobot 6.12032560132199e-05 4.74493212836325
first 6.12032560132199e-05 0.0
firstheading 0.0001836097680396597 0.0
five 6.12032560132199e-05 1.9723434061234688
fleece 6.12032560132199e-05 3.6463198396951406
float 6.12032560132199e-05 0.06280090123903044
floating 0.0001224065120264398 1.6094379124341003
flush 0.00030601628006609954 0.0
follower 6.12032560132199e-05 4.74493212836325
follows 0.0001224065120264398 1.486835590341768
fonipa 6.12032560132199e-05 2.7990219793079367
font 0.0005508293041189791 0.017544309650909525
footer 0.0015912846563437175 0.0
for 0.0033661790807270947 0.0
form 0.0002448130240528796 0.0
format 0.0001224065120264398 0.0
fortran 0.0001224065120264398 1.5260563034950492
foundation 0.0005508293041189791 0.0
four 6.12032560132199e-05 1.911718784307034
francis 0.0001224065120264398 3.3586377672433594
free 0.0003672195360793194 0.0
freebsd 0.0003672195360793194 2.7990219793079367
freely 6.12032560132199e-05 1.1895840668738364
freeware 0.0003672195360793194 2.7990219793079367
from 0.0014076748883040577 0.0
full 0.0001836097680396597 0.044451762570833796
fulltext 6.12032560132199e-05 0.0
function 0.0006120325601321991 0.0
functionality 0.00030601628006609954 1.7004096906398272
functions 0.0007344390721586388 0.7018808605286999
fundraiserredirector 6.12032560132199e-05 0.0
furman 0.0001224065120264398 4.74493212836325
further 0.0001836097680396597 0.7375989431307791
further_reading 0.0002448130240528796 1.2484245668967697
g 0.0001224065120264398 0.0
gadget 0.0002448130240528796 0.0
gary 0.0001224065120264398 2.953172659135195
gehomepagesuggestededitsenabletopics 6.12032560132199e-05 0.0
general_disclaimer 6.12032560132199e-05 0.0
generator 6.12032560132199e-05 0.0
generic 6.12032560132199e-05 1.8004931491968095
genre 0.0017748944243833771 0.10054122922187746
geoip 6.12032560132199e-05 0.0
getabs 6.12032560132199e-05 4.74493212836325
getabsservlet 6.12032560132199e-05 4.74493212836325
gifs 6.12032560132199e-05 4.74493212836325
given 6.12032560132199e-05 1.4127276181880462
glassborow 0.0001224065120264398 4.74493212836325
globalcssjs 0.0001224065120264398 0.0
go 0.00030601628006609954 0.0
googpub 0.0001224065120264398 0.0
graphical 0.0001224065120264398 1.449095262358921
gray 6.12032560132199e-05 0.09097177820572679
greek 0.0001224065120264398 0.09097177820572679
green 6.12032560132199e-05 0.09097177820572679
group 0.0002448130240528796 0.0
growthexperiments 6.12032560132199e-05 0.0
gt 6.12032560132199e-05 0.8531118302526235
guidance 6.12032560132199e-05 0.0
guide 6.12032560132199e-05 1.1340142157190256
guides 6.12032560132199e-05 0.0
h 0.0004284227920925393 0.0
h1 0.0001224065120264398 0.0
h2 0.0007344390721586388 0.0
hack 0.0003672195360793194 0.0
hagiwara 0.0002448130240528796 4.74493212836325
handling 0.0001224065120264398 1.377636298376776
harry 0.0015912846563437175 3.6463198396951406
has 0.0004896260481057592 0.0
haspopup 0.00030601628006609954 0.0
head 0.0001836097680396597 0.0
headaches 0.0001224065120264398 4.74493212836325
header 0.0015912846563437175 0.0
heading 0.0014076748883040577 0.0
headline 0.0004284227920925393 0.0
height 0.0010404553522247383 0.0
heller 0.0001224065120264398 3.6463198396951406
help 0.002998959544647775 0.0
here 6.12032560132199e-05 0.0
hidden 0.0020809107044494767 0.0
hide 0.0005508293041189791 0.0
high 6.12032560132199e-05 0.8531118302526235
higher 0.0001224065120264398 1.486835590341768
highered 6.12032560132199e-05 4.74493212836325
highest 6.12032560132199e-05 0.0
hill 0.0002448130240528796 2.5477075510270306
history 0.0004284227920925393 0.0
home 6.12032560132199e-05 1.4127276181880462
hong 0.0001224065120264398 3.3586377672433594
hor 0.0001224065120264398 0.0
hosted 6.12032560132199e-05 0.0
how 0.0005508293041189791 0.0
however 0.0002448130240528796 0.0
hp 0.0003672195360793194 2.3470368555648795
href 0.021665952628679847 0.0
hreflang 0.0001224065120264398 0.11020314013361425
htm 0.0006120325601321991 1.2484245668967697
html 0.0007344390721586388 0.0
http 0.003182569312687435 0.0
https 0.002937756288634555 0.0
hub 6.12032560132199e-05 0.0
huber 0.0001224065120264398 4.051784947803305
i 0.003978211640859293 0.008733679968754631
ibm 0.0001224065120264398 1.2185716037470886
ibm_aix 0.0001224065120264398 3.1354942159291497
ichiro 0.0001224065120264398 4.74493212836325
ico 6.12032560132199e-05 0.0
icon 0.0021421139604626965 0.0
icons 0.0002448130240528796 0.0
id 0.013525919578921599 0.0
ide 0.0001224065120264398 1.449095262358921
identifier 0.0028153497766081155 0.42744401482693967
idhash 6.12032560132199e-05 0.0
idtype 6.12032560132199e-05 4.74493212836325
ie 6.12032560132199e-05 3.6463198396951406
ieee 0.0008568455841850786 1.6094379124341003
iel 6.12032560132199e-05 4.74493212836325
if 0.0001224065120264398 0.0
image 0.0007956423281718588 0.0
imageobject 0.0001224065120264398 0.0
imageright 0.0001224065120264398 0.8329091229351039
images 0.0007344390721586388 0.0
img 0.0006120325601321991 0.0
implement 6.12032560132199e-05 0.0
implementing 0.0001224065120264398 1.911718784307034
important 0.00030601628006609954 0.7018808605286999
improve 6.12032560132199e-05 0.9382696385929302
improvements 6.12032560132199e-05 0.0
improving_weasel 6.12032560132199e-05 4.74493212836325
in 0.003182569312687435 0.0
inc 0.0004284227920925393 0.0
include 0.0001836097680396597 0.0
includes 6.12032560132199e-05 1.1340142157190256
including 6.12032560132199e-05 0.7375989431307791
index 0.0015912846563437175 0.0
indicators 6.12032560132199e-05 0.0
industrial 0.0002448130240528796 2.953172659135195
info 0.004406634432951833 0.0
infobox 0.0022645204724891363 0.21233263520999412
infobox_software 0.0002448130240528796 1.0313600616589422
information 0.0003672195360793194 0.0
inherit 0.0003672195360793194 0.035401927050916
init 0.0001836097680396597 0.0
initial 6.12032560132199e-05 1.377636298376776
inline 0.0020809107044494767 0.035401927050916
inner 0.0001224065120264398 0.0
input 0.0007344390721586388 0.0
inside 0.0001836097680396597 0.0721032939013439
integrated 0.0004896260481057592 1.0560526742493137
integrated_development_environment 6.12032560132199e-05 1.7004096906398272
interact 6.12032560132199e-05 2.7990219793079367
interaction 0.0001836097680396597 0.0
interactive 0.0002448130240528796 1.3437347467010947
interface 0.0001224065120264398 0.0
interfaces 0.0001224065120264398 1.449095262358921
interlanguage 0.0005508293041189791 0.0
international 0.0007344390721586388 0.9607424944449889
interpreter 0.0006120325601321991 1.486835590341768
interpreter_ 6.12032560132199e-05 2.665490586683414
interpreters 0.0001836097680396597 2.5477075510270306
interpreters_ 6.12032560132199e-05 4.74493212836325
interpretive 0.0001224065120264398 4.74493212836325
interwiki 0.0001224065120264398 0.11020314013361425
into 0.00030601628006609954 0.48225225132193467
introduction 0.0004284227920925393 0.0
invariant 6.12032560132199e-05 4.74493212836325
iospress 0.0001224065120264398 4.74493212836325
ip 0.0001224065120264398 0.0
ipa 0.0001836097680396597 2.7990219793079367
is 0.0012240651202643981 0.0
isbn 0.001285268376277618 0.6673946844575306
isbn_ 0.0004284227920925393 0.6673946844575306
iso 6.12032560132199e-05 2.1799827709017134
issue 0.00030601628006609954 0.8947845266531914
issues 0.0008568455841850786 1.3109449238781037
it 0.0009180488401982985 0.0
item 0.003672195360793194 0.0
items 6.12032560132199e-05 0.0
its 0.0001224065120264398 0.25629575863111026
iː 0.0001224065120264398 3.6463198396951406
j 0.0001836097680396597 0.0
january 6.12032560132199e-05 0.0
java 0.0002448130240528796 0.8947845266531914
jiang 0.0001224065120264398 4.74493212836325
jmdedb000117000003000390000001 6.12032560132199e-05 4.74493212836325
journal 0.004223024664912174 0.7195804376281008
jquery 0.0001836097680396597 0.0
js 0.0001836097680396597 0.0
json 0.0001224065120264398 0.0
jtitle 0.0006120325601321991 0.3260915205666521
july 6.12032560132199e-05 0.0
jump 0.0001224065120264398 0.0
june 0.0005508293041189791 0.0
jyjs 6.12032560132199e-05 4.74493212836325
jyjs200907016 0.0001836097680396597 4.74493212836325
język 6.12032560132199e-05 2.3470368555648795
k 0.0001836097680396597 0.0
kern 0.0001224065120264398 0.09097177820572679
key 6.12032560132199e-05 0.0
kits 0.0001224065120264398 4.74493212836325
label 0.0035497888487667543 0.0
labelledby 6.12032560132199e-05 0.0
labview 0.00030601628006609954 3.6463198396951406
landmark 0.0002448130240528796 0.0
lang 0.0011016586082379582 0.0
langlinks 0.0001224065120264398 0.0
language 0.002509333496542016 0.0
languages 0.0003672195360793194 0.0
last 6.12032560132199e-05 0.0
lastmod 6.12032560132199e-05 0.0
lazy 0.0001224065120264398 0.0
ld 0.0001224065120264398 0.0
learn 0.0006120325601321991 0.0
learning 0.0001224065120264398 1.8545603704670854
left 0.0010404553522247383 0.0
lego 6.12032560132199e-05 3.6463198396951406
length 0.00030601628006609954 1.749199854809259
length_array 6.12032560132199e-05 3.6463198396951406
level 0.0004896260481057592 0.0
levels 6.12032560132199e-05 0.0
li 0.016218862843503275 0.0
libraries 0.0001224065120264398 0.9162907318741551
license 0.0003672195360793194 0.0
licenses 0.0001224065120264398 0.0
life 6.12032560132199e-05 0.6340582641899388
like 0.0001224065120264398 0.41419878807691896
limit 0.0006732358161454189 0.0
limited 0.0003672195360793194 0.0
limitreport 0.0001836097680396597 0.0
line 0.0001224065120264398 0.10054122922187746
linear 0.0001836097680396597 2.1799827709017134
linear_equation 6.12032560132199e-05 4.74493212836325
link 0.0045290409449782725 0.0
link_rot 0.0001224065120264398 2.7990219793079367
linkage 0.0001836097680396597 3.3586377672433594
linkbot 6.12032560132199e-05 4.74493212836325
linked 6.12032560132199e-05 0.0
links 0.001897300936409817 0.0
linux 0.0003672195360793194 1.0313600616589422
list 0.005018666993084032 0.0
listbullet 0.0001836097680396597 0.0
liu 0.0001224065120264398 2.953172659135195
load 0.0001836097680396597 0.0
loaded 6.12032560132199e-05 0.0
loader 6.12032560132199e-05 0.0
loading 0.0001836097680396597 0.0
loc 6.12032560132199e-05 0.0
lock 0.0006732358161454189 0.09097177820572679
log 0.0004284227920925393 0.0
logged 0.0001224065120264398 0.0
login 0.00030601628006609954 0.0
logo 0.0004896260481057592 0.0
lower 0.0003672195360793194 0.09097177820572679
lti 6.12032560132199e-05 4.74493212836325
ltr 0.0004284227920925393 0.0
lua 0.0001224065120264398 0.008733679968754631
m 0.0001224065120264398 0.0
machines 6.12032560132199e-05 1.5668782980153044
macos 0.0001836097680396597 1.8545603704670854
mactech 0.0002448130240528796 4.74493212836325
made 6.12032560132199e-05 0.0
magazine 0.0005508293041189791 1.6538896750049343
main 0.0015300814003304977 0.0
main_page 0.0001224065120264398 0.0
mainentity 0.0001224065120264398 0.0
mainpage 6.12032560132199e-05 0.0
maint 6.12032560132199e-05 0.09097177820572679
maintenance 0.0004284227920925393 0.9382696385929302
maintenance_template_removal 0.0002448130240528796 1.0813704822336037
major 0.0001224065120264398 0.8131064956389242
makecollapsible 0.0001836097680396597 0.42744401482693967
mandatory 0.0002448130240528796 0.0
manual 0.0001224065120264398 1.1340142157190256
manual_of_style 0.0001224065120264398 3.1354942159291497
many 0.0001224065120264398 0.6673946844575306
march 0.00030601628006609954 0.0
margin 0.0010404553522247383 0.017544309650909525
mario 0.0001224065120264398 4.74493212836325
marketed 6.12032560132199e-05 3.6463198396951406
martin 0.0001224065120264398 2.03688192726104
match 6.12032560132199e-05 0.0
mathematical 6.12032560132199e-05 1.6094379124341003
mathematics 0.0001224065120264398 1.8545603704670854
matt 0.0001224065120264398 2.7990219793079367
matthew 0.0001224065120264398 2.4423470353692043
max 0.0001224065120264398 0.0
may 0.0002448130240528796 0.0
mbox 0.0017748944243833771 1.0072625100798818
mcgraw 0.0002448130240528796 3.1354942159291497
mcse 6.12032560132199e-05 4.051784947803305
mech 0.0001224065120264398 4.74493212836325
mechanical 0.0001224065120264398 3.3586377672433594
mechanism 0.0002448130240528796 1.6538896750049343
mechanisms 6.12032560132199e-05 2.1799827709017134
mechatronic 0.0001224065120264398 4.74493212836325
mechatronics 0.0006120325601321991 4.74493212836325
media 0.0001836097680396597 0.0
mediawiki 0.0006120325601321991 0.0
memagazine 6.12032560132199e-05 4.74493212836325
member 0.00030601628006609954 2.1058747987479913
members 6.12032560132199e-05 2.03688192726104
memory 0.0001224065120264398 0.008733679968754631
memusage 6.12032560132199e-05 0.008733679968754631
menu 0.00605912234530877 0.0
mesa 0.0002448130240528796 4.051784947803305
mesh 0.0001836097680396597 4.051784947803305
message 0.00030601628006609954 0.0
messages 6.12032560132199e-05 1.6538896750049343
meta 0.0007956423281718588 0.0
metadata 0.0002448130240528796 0.6017974019717174
metapress 0.0002448130240528796 4.74493212836325
method 0.0001224065120264398 1.3109449238781037
methods 6.12032560132199e-05 1.449095262358921
microsoft 0.0001224065120264398 0.8531118302526235
microsoft_windows 0.0001224065120264398 1.6538896750049343
might 6.12032560132199e-05 1.749199854809259
min 0.0001224065120264398 0.12981161152199053
mindstorms 6.12032560132199e-05 3.6463198396951406
minerva 0.0004896260481057592 0.13976194237515863
missing 0.0001836097680396597 1.9723434061234688
missing_periodical 0.0006120325601321991 2.665490586683414
mixed 6.12032560132199e-05 2.1058747987479913
mmv 0.0001224065120264398 0.11020314013361425
mobile 0.0003672195360793194 0.0
mobileaction 6.12032560132199e-05 0.0
mobilec 6.12032560132199e-05 4.74493212836325
mobileview 6.12032560132199e-05 0.0
model 0.0001836097680396597 0.8737311174553593
modeling 6.12032560132199e-05 2.03688192726104
module 6.12032560132199e-05 0.0
modules 0.0001836097680396597 0.0
more 0.0008568455841850786 0.0
morejon 0.0001224065120264398 4.74493212836325
move 0.0001224065120264398 0.0
moved 6.12032560132199e-05 0.0
ms 6.12032560132199e-05 0.0
mspec 6.12032560132199e-05 4.74493212836325
multi 6.12032560132199e-05 0.8329091229351039
multiple 0.0004284227920925393 0.7936884097818228
multiple_issues 0.0002448130240528796 2.1058747987479913
mw 0.02411408286920864 0.0
mw1391 6.12032560132199e-05 4.051784947803305
mw1414 0.0001224065120264398 3.6463198396951406
mycontributions 6.12032560132199e-05 0.0
mytalk 6.12032560132199e-05 0.0
n 0.0008568455841850786 0.0
name 0.002325723728502356 0.0
named 6.12032560132199e-05 1.1073459686368643
namespaces 6.12032560132199e-05 0.0
nav 0.0008568455841850786 0.0
navbar 6.12032560132199e-05 0.06280090123903044
navigation 0.0007344390721586388 0.0
navigationtiming 6.12032560132199e-05 0.0
nb 0.0001224065120264398 0.8531118302526235
nearby 6.12032560132199e-05 0.0
needing 0.0003672195360793194 1.5260563034950492
nested 6.12032560132199e-05 1.9723434061234688
neutral 6.12032560132199e-05 2.665490586683414
neutral_point_of_view 6.12032560132199e-05 2.953172659135195
new 0.0001836097680396597 0.14981227822866008
newpp 6.12032560132199e-05 0.0
news 6.12032560132199e-05 0.5552773863368246
newtonium 6.12032560132199e-05 4.74493212836325
no 0.0005508293041189791 0.0
node 6.12032560132199e-05 0.0
noexcerpt 6.12032560132199e-05 0.42744401482693967
nofollow 0.002937756288634555 0.0
noicon 0.00030601628006609954 0.0
nojs 6.12032560132199e-05 0.0
non 0.0001224065120264398 0.0
none 0.0011016586082379582 0.0
nopopups 6.12032560132199e-05 2.7990219793079367
noprint 0.0004284227920925393 0.0
normal 0.0001836097680396597 0.0
norsk 6.12032560132199e-05 1.3437347467010947
norwegian 6.12032560132199e-05 1.3437347467010947
noscript 0.0002448130240528796 0.0
nosnippet 6.12032560132199e-05 0.0
not 0.0003672195360793194 0.0
notable 6.12032560132199e-05 1.8004931491968095
notice 6.12032560132199e-05 0.0
november 0.0001836097680396597 0.0
now 0.0001224065120264398 1.0072625100798818
nowrap 0.0008568455841850786 0.05358424613410626
ns 0.0001224065120264398 0.0
nstab 6.12032560132199e-05 0.0
null 6.12032560132199e-05 0.0
numb 0.00030601628006609954 0.0
number 0.0001224065120264398 0.0
numbers 0.0001836097680396597 1.16141318990714
numeric 0.0001836097680396597 1.911718784307034
numerical 0.0002448130240528796 1.911718784307034
numerical_analysis 6.12032560132199e-05 4.051784947803305
nxt 6.12032560132199e-05 4.051784947803305
o 0.00030601628006609954 0.0
object 0.0002448130240528796 0.5254244231871433
october 0.0001224065120264398 0.0
of 0.003243772568700655 0.0
offers 6.12032560132199e-05 1.911718784307034
official 0.00030601628006609954 0.8737311174553593
official_website_different_in_wikidata_and_wikipedia 6.12032560132199e-05 1.8545603704670854
often 6.12032560132199e-05 1.486835590341768
og 0.0001224065120264398 0.0
ol 0.0001836097680396597 0.035401927050916
oldid 0.0001836097680396597 0.0
on 0.0012240651202643981 0.0
one 0.0001836097680396597 0.42744401482693967
only 0.0002448130240528796 0.0
open 0.0001224065120264398 0.7018808605286999
opensearch_desc 6.12032560132199e-05 0.0
opensearchdescription 6.12032560132199e-05 0.0
operating 0.0002448130240528796 0.41419878807691896
operating_system 0.0001836097680396597 0.5108256237659907
operator 6.12032560132199e-05 1.2791962255635234
operators 6.12032560132199e-05 1.2484245668967697
optional 6.12032560132199e-05 1.5668782980153044
options 0.00030601628006609954 0.0
or 0.0004896260481057592 0.0
org 0.007221984209559948 0.0
organization 0.00030601628006609954 0.0
oriented 0.0001224065120264398 0.6505875661411494
origin 0.00030601628006609954 0.0
original 0.0001224065120264398 0.3022808718729337
originally 6.12032560132199e-05 0.9607424944449889
os 0.0002448130240528796 0.6177977433181585
os_x 6.12032560132199e-05 4.051784947803305
other 6.12032560132199e-05 0.0
out 0.0001224065120264398 0.0
output 0.0045290409449782725 0.0
overflow 0.0001836097680396597 0.0
p 0.0034885855927535344 0.0
package 0.0001224065120264398 1.486835590341768
padding 0.0006120325601321991 0.017544309650909525
page 0.002998959544647775 0.0
pagelanguagecode 6.12032560132199e-05 0.0
pagelanguagedir 6.12032560132199e-05 0.0
pageprop 6.12032560132199e-05 0.27902400970866637
pages 0.0016524879123569374 0.0
pagevariantfallbacks 6.12032560132199e-05 0.0
panel 0.0002448130240528796 0.0
parsed 6.12032560132199e-05 0.0
parser 0.004651447457004712 0.0
part 6.12032560132199e-05 0.7375989431307791
party 6.12032560132199e-05 1.9723434061234688
pass 6.12032560132199e-05 1.6538896750049343
passed 6.12032560132199e-05 1.6094379124341003
passing 6.12032560132199e-05 1.7004096906398272
past 6.12032560132199e-05 0.0
patroltoken 6.12032560132199e-05 0.0
pcache 6.12032560132199e-05 0.0
pdf 0.0001224065120264398 0.0
pedagogic 0.0001836097680396597 4.051784947803305
pedagogic_integrated_development_environments 6.12032560132199e-05 4.051784947803305
people 0.0001224065120264398 1.0560526742493137
periodical 0.0001836097680396597 2.665490586683414
permalink 6.12032560132199e-05 0.0
permanent 0.0001836097680396597 0.0
permanently 0.0001836097680396597 2.953172659135195
personal 0.00030601628006609954 0.0
php 0.001836097680396597 0.0
phrasing 6.12032560132199e-05 4.74493212836325
pi 0.0001836097680396597 2.4423470353692043
pike 0.0001224065120264398 3.1354942159291497
pike_ 6.12032560132199e-05 4.051784947803305
pin 0.0001224065120264398 0.0
pinnable 0.0007344390721586388 0.0
pinned 0.0006120325601321991 0.0
piping 6.12032560132199e-05 3.6463198396951406
pl 0.0002448130240528796 0.9162907318741551
place 6.12032560132199e-05 0.8737311174553593
placeholder 6.12032560132199e-05 0.0
places 0.0005508293041189791 0.0
plainlinks 0.0002448130240528796 0.20163734609324613
platform 0.0008568455841850786 0.5552773863368246
please 0.0001836097680396597 0.9837320126696876
please_clarify 6.12032560132199e-05 3.1354942159291497
plotting 0.0001224065120264398 4.74493212836325
png 0.0013464716322908379 0.0
point 0.0001836097680396597 0.9162907318741551
pointer 0.0001224065120264398 1.749199854809259
pointers 6.12032560132199e-05 1.911718784307034
policy 0.0001224065120264398 0.0
polish 6.12032560132199e-05 0.9837320126696876
polski 6.12032560132199e-05 1.0560526742493137
polymorphic 6.12032560132199e-05 2.665490586683414
popups 6.12032560132199e-05 0.0
portability 0.0001224065120264398 2.1799827709017134
portal 0.0001836097680396597 0.0
portlet 0.0016524879123569374 0.0
position 6.12032560132199e-05 0.0
possibilities 0.0001224065120264398 3.6463198396951406
post 0.0001224065120264398 0.0
postexpandincludesize 6.12032560132199e-05 0.0
powered 6.12032560132199e-05 0.0
poweredby_mediawiki_132x47 6.12032560132199e-05 0.0
poweredby_mediawiki_176x62 6.12032560132199e-05 0.0
poweredby_mediawiki_88x31 6.12032560132199e-05 0.0
poweredbyico 6.12032560132199e-05 0.0
pp 0.0004284227920925393 0.9382696385929302
ppvisitednodes 6.12032560132199e-05 0.0
preconnect 6.12032560132199e-05 0.11020314013361425
prefetch 0.0001224065120264398 0.0
preprocessor 6.12032560132199e-05 0.0
presentation 0.0002448130240528796 0.6177977433181585
press 0.0001836097680396597 1.3437347467010947
preview 6.12032560132199e-05 0.0
primary 6.12032560132199e-05 1.449095262358921
print 0.0001224065120264398 0.0
print_export 0.0001836097680396597 0.0
printable 0.0001836097680396597 0.0
printfooter 6.12032560132199e-05 0.0
privacy 0.0001836097680396597 0.0
privacy_policy 0.0001224065120264398 0.0
private 0.0001224065120264398 2.03688192726104
proceedings 0.0002448130240528796 1.2484245668967697
products 6.12032560132199e-05 1.4127276181880462
professional 0.0001224065120264398 1.8545603704670854
profit 6.12032560132199e-05 0.0
prog 6.12032560132199e-05 1.749199854809259
programmer 0.0002448130240528796 0.9837320126696876
programming 0.004406634432951833 0.0
programming_language 0.0001836097680396597 0.08149303425118301
programowania 6.12032560132199e-05 2.4423470353692043
programs 6.12032560132199e-05 0.6340582641899388
progressive 0.0001836097680396597 0.0
projects 0.0001836097680396597 0.0
promgramming 0.0001224065120264398 4.74493212836325
property 0.0001836097680396597 0.0
proprietary 0.0001836097680396597 1.5260563034950492
proprietary_software 6.12032560132199e-05 2.3470368555648795
protection 6.12032560132199e-05 0.9162907318741551
provides 6.12032560132199e-05 0.9162907318741551
pt 0.0003672195360793194 0.0
pub 0.0005508293041189791 0.41419878807691896
public 0.0001224065120264398 0.9162907318741551
public_html 6.12032560132199e-05 4.74493212836325
published 0.0001836097680396597 0.3504829736908114
publisher 0.0001224065120264398 0.0
push 0.0001836097680396597 0.0
q 0.0001836097680396597 0.0
q5065901 0.0004284227920925393 4.74493212836325
qid 6.12032560132199e-05 4.051784947803305
qing 0.0001224065120264398 4.74493212836325
qnx 0.0003672195360793194 4.74493212836325
querytext 6.12032560132199e-05 4.74493212836325
quick 0.0001224065120264398 0.0
quiet 0.0003672195360793194 0.0
quotes 6.12032560132199e-05 0.09097177820572679
r 0.0001224065120264398 0.0
r1011085734 6.12032560132199e-05 0.09097177820572679
r1066479718 0.0001224065120264398 0.21233263520999412
r1086701767 6.12032560132199e-05 2.1058747987479913
r1097763485 0.0002448130240528796 1.0072625100798818
r1133582631 0.0017748944243833771 0.09097177820572679
random 0.0001224065120264398 0.0
randomly 6.12032560132199e-05 0.0
randompage 6.12032560132199e-05 0.0
raspberry 0.0001836097680396597 2.953172659135195
raw 6.12032560132199e-05 0.0
re 0.0001224065120264398 0.0
read 0.0001224065120264398 0.0
readers 6.12032560132199e-05 4.051784947803305
reading 0.0001836097680396597 1.16141318990714
ready 0.0011016586082379582 0.0
real 6.12032560132199e-05 0.0
recent 0.0001836097680396597 0.0
recentchanges 0.0001836097680396597 0.0
recentchangeslinked 0.0001224065120264398 0.0
recursion 6.12032560132199e-05 0.0
red 6.12032560132199e-05 0.09097177820572679
redirect 0.001897300936409817 0.008733679968754631
reduced 6.12032560132199e-05 0.0
ref 0.0001224065120264398 2.665490586683414
reference 0.003672195360793194 0.035401927050916
references 0.0006732358161454189 0.008733679968754631
referencetooltips 6.12032560132199e-05 0.0
referrer 0.0001836097680396597 0.0
reflect 6.12032560132199e-05 2.953172659135195
reflist 0.0009180488401982985 0.09097177820572679
registered 6.12032560132199e-05 0.0
registration 0.0001224065120264398 0.08149303425118301
rel 0.005936715833282331 0.0
related 0.0001224065120264398 0.0
release 0.0001836097680396597 0.49643688631389105
removal 0.0002448130240528796 1.0313600616589422
remove 0.0002448130240528796 0.9382696385929302
removed 6.12032560132199e-05 1.3109449238781037
rendering 6.12032560132199e-05 0.0
repeat 0.0002448130240528796 0.0721032939013439
replace 6.12032560132199e-05 0.0
report 0.0001224065120264398 0.0
require 6.12032560132199e-05 0.0
requires 0.0006120325601321991 1.5668782980153044
reseller 6.12032560132199e-05 4.74493212836325
resolution 6.12032560132199e-05 2.665490586683414
resourceloaderdynamicstyles 6.12032560132199e-05 0.0
retrieved 6.12032560132199e-05 0.0
returnto 0.0002448130240528796 0.0
reviews 6.12032560132199e-05 3.1354942159291497
revision 0.0001836097680396597 0.0
revisions 6.12032560132199e-05 0.0
rfr_id 0.0017748944243833771 0.10054122922187746
rft 0.0129138870187894 0.10054122922187746
rft_id 0.0021421139604626965 0.11020314013361425
rft_val_fmt 0.0017748944243833771 0.10054122922187746
rgba 6.12032560132199e-05 0.09097177820572679
riaan 0.0001224065120264398 4.74493212836325
right 0.0005508293041189791 0.0
rivals 0.0002448130240528796 4.051784947803305
rj 0.0001224065120264398 4.74493212836325
rl 6.12032560132199e-05 0.0
rlconf 6.12032560132199e-05 0.0
rlpagemodules 6.12032560132199e-05 0.0
rlq 0.0003672195360793194 0.0
rlstate 6.12032560132199e-05 0.0
rob 6.12032560132199e-05 3.1354942159291497
robmech 6.12032560132199e-05 4.74493212836325
robomech 6.12032560132199e-05 4.74493212836325
robot 0.0001836097680396597 3.3586377672433594
robotalk 6.12032560132199e-05 4.74493212836325
robotics 0.00030601628006609954 2.5477075510270306
robots 6.12032560132199e-05 0.0
roboworks 6.12032560132199e-05 4.74493212836325
role 0.0011016586082379582 0.0
roman 0.0002448130240528796 0.09097177820572679
rong 0.0003672195360793194 4.74493212836325
rootpage 6.12032560132199e-05 0.0
rot 0.0001224065120264398 2.5477075510270306
row 0.0006732358161454189 0.12981161152199053
rsd 0.0001224065120264398 0.0
rt 6.12032560132199e-05 1.8545603704670854
runs 6.12032560132199e-05 1.749199854809259
s 0.0009180488401982985 0.0
s00366 6.12032560132199e-05 4.74493212836325
s2cid 0.0008568455841850786 1.377636298376776
s2cid_ 0.0004284227920925393 1.377636298376776
sa 0.0001224065120264398 0.0
sameas 0.0001224065120264398 0.0
saved 6.12032560132199e-05 0.0
schema 0.0001224065120264398 0.0
schools 6.12032560132199e-05 2.953172659135195
science 0.00030601628006609954 0.3504829736908114
scientific 0.0004284227920925393 1.9723434061234688
scientists 0.0002448130240528796 2.7990219793079367
scintilla 6.12032560132199e-05 4.74493212836325
scitation 6.12032560132199e-05 4.74493212836325
scite 6.12032560132199e-05 4.051784947803305
scope 0.0007344390721586388 0.11995931507897897
screen 0.0001224065120264398 0.0
scribunto 6.12032560132199e-05 0.008733679968754631
script 0.0010404553522247383 0.0
scripting 0.0005508293041189791 1.3109449238781037
scripts 6.12032560132199e-05 0.0
search 0.0016524879123569374 0.0
searchbutton 0.0002448130240528796 0.0
searchform 6.12032560132199e-05 0.0
searchinput 6.12032560132199e-05 0.0
secondary 6.12032560132199e-05 1.5260563034950492
seconds 0.0001836097680396597 0.0
section 0.0006120325601321991 0.0
see 0.0002448130240528796 0.44086703515908027
see_also 0.0002448130240528796 0.6340582641899388
selected 0.0002448130240528796 0.0
selector 6.12032560132199e-05 0.0
selflink 6.12032560132199e-05 0.08149303425118301
semanticscholar 0.0008568455841850786 1.377636298376776
sentences 6.12032560132199e-05 0.0
september 0.0006120325601321991 0.0
series 6.12032560132199e-05 1.1073459686368643
servlet 6.12032560132199e-05 3.3586377672433594
set 0.0002448130240528796 0.0
several 6.12032560132199e-05 0.7195804376281008
sha1 6.12032560132199e-05 0.10054122922187746
sharealike 6.12032560132199e-05 0.0
sharealike_3 6.12032560132199e-05 0.0
shared 6.12032560132199e-05 1.6538896750049343
shell 0.0003672195360793194 1.4127276181880462
shop 0.0001224065120264398 3.6463198396951406
should 6.12032560132199e-05 1.377636298376776
show 0.0002448130240528796 0.0
sidebar 0.0006732358161454189 0.0
sigh 6.12032560132199e-05 3.3586377672433594
simple 0.0001224065120264398 0.6017974019717174
simplesearch 6.12032560132199e-05 0.0
simplification 0.0001224065120264398 3.3586377672433594
site 0.00030601628006609954 0.0
sitedir 6.12032560132199e-05 0.0
sitelinks 6.12032560132199e-05 0.0
sitenotice 0.0001224065120264398 0.0
sites 6.12032560132199e-05 1.9723434061234688
sitesub 6.12032560132199e-05 0.0
sitesupport 6.12032560132199e-05 0.0
six 6.12032560132199e-05 2.1799827709017134
size 0.0006732358161454189 0.0
sizing 6.12032560132199e-05 0.25629575863111026
skin 0.0008568455841850786 0.0
skins 0.0003672195360793194 0.0
slider 6.12032560132199e-05 4.74493212836325
small 0.0006120325601321991 0.0721032939013439
softintegration 0.0007956423281718588 4.74493212836325
software 0.0006120325601321991 0.08149303425118301
software_categories 6.12032560132199e-05 2.4423470353692043
software_license 6.12032560132199e-05 1.0072625100798818
software_release_life_cycle 6.12032560132199e-05 0.7018808605286999
solaris 0.0002448130240528796 1.911718784307034
solaris_ 0.0001224065120264398 2.3470368555648795
solid 0.0004896260481057592 0.2340726218464
solves 0.0001224065120264398 4.051784947803305
source 6.12032560132199e-05 0.49643688631389105
space 0.0007956423281718588 0.11995931507897897
span 0.027908684742028275 0.0
sparc 0.0002448130240528796 2.665490586683414
special 0.0022033172164759164 0.0
specialpages 0.0001224065120264398 0.0
specification 6.12032560132199e-05 1.2484245668967697
spectrum 0.0001224065120264398 3.3586377672433594
speeding 0.0001224065120264398 3.6463198396951406
speedy 6.12032560132199e-05 1.0072625100798818
sr 6.12032560132199e-05 1.8545603704670854
sr_1_1 6.12032560132199e-05 4.74493212836325
src 0.0007344390721586388 0.0
srcset 0.0003672195360793194 0.0
sriranga 0.0001224065120264398 4.74493212836325
stable 6.12032560132199e-05 0.7195804376281008
standard 0.0002448130240528796 0.0
standards 0.0001224065120264398 1.4127276181880462
start 0.0001224065120264398 0.0
startup 0.0001224065120264398 0.0
statement 6.12032560132199e-05 0.0
statements 6.12032560132199e-05 0.9382696385929302
static 0.0008568455841850786 0.0
statistics 6.12032560132199e-05 0.0
stats 6.12032560132199e-05 0.0
statslink 6.12032560132199e-05 0.0
status 6.12032560132199e-05 0.0
stem 0.0004284227920925393 3.6463198396951406
sticky 0.0001224065120264398 0.0
stop 0.0001224065120264398 2.665490586683414
stopforth 0.0001224065120264398 4.74493212836325
stopmobileredirecttoggle 6.12032560132199e-05 0.0
stress 0.0001224065120264398 2.953172659135195
string 6.12032560132199e-05 1.0313600616589422
string_t 6.12032560132199e-05 4.74493212836325
struct 6.12032560132199e-05 2.665490586683414
structured 6.12032560132199e-05 0.0
student 0.0001224065120264398 2.5477075510270306
students 0.0001224065120264398 2.3470368555648795
studio 0.0002448130240528796 1.5260563034950492
study 0.0001224065120264398 2.5477075510270306
style 0.005447089785176572 0.0
styles 0.0007344390721586388 0.0
stylesheet 0.0001224065120264398 0.0
subbox 6.12032560132199e-05 0.21233263520999412
subheader 6.12032560132199e-05 0.21233263520999412
subject 6.12032560132199e-05 0.0
sublist 0.00030601628006609954 0.0
submit 0.0001224065120264398 0.0
subscription 0.0001224065120264398 0.09097177820572679
subtitle 6.12032560132199e-05 0.0
such 0.0001836097680396597 0.454472687214859
suggestededitsession 6.12032560132199e-05 0.0
suggestions 6.12032560132199e-05 2.953172659135195
summary 6.12032560132199e-05 0.19105523676270922
sun 0.0001224065120264398 2.5477075510270306
sup 0.003794601872819634 0.0721032939013439
superset 6.12032560132199e-05 2.26002547857525
support 0.0001224065120264398 0.0
supported 0.0001836097680396597 0.9382696385929302
supports 0.00030601628006609954 0.8531118302526235
svg 0.001836097680396597 0.0
switcher 6.12032560132199e-05 0.0
symbolic 6.12032560132199e-05 2.665490586683414
system 0.0005508293041189791 0.11020314013361425
systems 0.0004284227920925393 0.454472687214859
t 0.0006732358161454189 0.0
tab 0.00030601628006609954 0.0
tabindex 0.0001224065120264398 0.0
table 0.0009180488401982985 0.0
tabs 0.0001224065120264398 0.0
tagged 0.0001224065120264398 2.26002547857525
tagline 0.0001836097680396597 0.0
tags 6.12032560132199e-05 0.0
talk 0.0006120325601321991 0.0
target 0.0002448130240528796 0.0
targetloader 6.12032560132199e-05 0.0
tb 0.0001836097680396597 0.0
tbody 0.0006120325601321991 0.044451762570833796
td 0.002570536752555236 0.044451762570833796
teach 6.12032560132199e-05 3.6463198396951406
teachers 6.12032560132199e-05 3.6463198396951406
teaching 0.0006120325601321991 2.5477075510270306
technology 0.0001224065120264398 0.7195804376281008
techworld 0.0001224065120264398 4.74493212836325
telephone 6.12032560132199e-05 0.0
temperature 0.0001224065120264398 4.74493212836325
template 0.0030601628006609954 0.0
templateargumentsize 6.12032560132199e-05 0.0
templatestyles 0.0022645204724891363 0.017544309650909525
terms 0.0001224065120264398 0.0
terms_of_use 6.12032560132199e-05 0.0
tertiary 0.0001224065120264398 2.1058747987479913
text 0.00642634188138809 0.0
text_of_the_creative_commons_attribution 6.12032560132199e-05 0.0
th 0.0013464716322908379 0.11995931507897897
that 0.0001836097680396597 0.18058393689541388
the 0.003182569312687435 0.0
there 6.12032560132199e-05 0.8737311174553593
these 0.0001224065120264398 0.6340582641899388
they 6.12032560132199e-05 0.7195804376281008
third 6.12032560132199e-05 1.377636298376776
this 0.001836097680396597 0.0
this_ 6.12032560132199e-05 4.74493212836325
thumb 0.0007344390721586388 0.12981161152199053
thumbnail 6.12032560132199e-05 0.0
time 0.0004896260481057592 0.0
timestamp 0.0001224065120264398 0.0
timeusage 6.12032560132199e-05 0.008733679968754631
timingprofile 6.12032560132199e-05 0.0
title 0.015484423771344636 0.0
titlebar 0.0004896260481057592 0.0
titleform 6.12032560132199e-05 0.0
to 0.002570536752555236 0.0
toc 0.005018666993084032 0.0
toggle 0.0005508293041189791 0.0
toggle_view_mobile 6.12032560132199e-05 0.0
tokens 6.12032560132199e-05 0.0
tolk 0.0001224065120264398 4.74493212836325
tom 0.0001224065120264398 1.911718784307034
tone 0.0003672195360793194 3.3586377672433594
tool 0.0001224065120264398 1.1073459686368643
toolbar 0.0001836097680396597 0.0
toolkit 0.0001224065120264398 1.9723434061234688
tools 0.0005508293041189791 0.0
top 0.0004284227920925393 0.0
total 0.0001224065120264398 0.0
touch 0.0001224065120264398 0.0
tp311 0.0001224065120264398 4.74493212836325
tp312 0.0001224065120264398 4.74493212836325
tr 0.0020809107044494767 0.044451762570833796
trademark 6.12032560132199e-05 0.0
trans 6.12032560132199e-05 4.051784947803305
transclusion 6.12032560132199e-05 0.0
transientcontent 6.12032560132199e-05 0.0
transparent 0.0001224065120264398 0.06280090123903044
trialware 0.0001836097680396597 4.74493212836325
triggered 6.12032560132199e-05 0.0
true 0.0013464716322908379 0.0
ttl 6.12032560132199e-05 0.0
type 0.002509333496542016 0.0
tʃ 0.0001224065120264398 4.74493212836325
u 0.0001224065120264398 0.0
uc 6.12032560132199e-05 4.051784947803305
ucdavis 0.0001836097680396597 4.74493212836325
ui 0.003243772568700655 0.0
ul 0.0034273823367403145 0.0
uls 0.00030601628006609954 0.0
unclear 6.12032560132199e-05 2.1058747987479913
under 6.12032560132199e-05 0.0
union 6.12032560132199e-05 1.749199854809259
universities 6.12032560132199e-05 3.3586377672433594
university 6.12032560132199e-05 0.8947845266531914
unix 0.0001224065120264398 1.449095262358921
unknown 6.12032560132199e-05 0.26759531388504365
unpin 0.0001224065120264398 0.0
unpinned 0.0001224065120264398 0.0
unstrip 0.0002448130240528796 0.0
unsupported_attributions 6.12032560132199e-05 4.051784947803305
until 6.12032560132199e-05 1.2791962255635234
unverifiable 6.12032560132199e-05 4.74493212836325
up 0.0001224065120264398 0.8947845266531914
updated 0.0001224065120264398 0.41419878807691896
upload 0.0013464716322908379 0.0
upper 0.0002448130240528796 0.09097177820572679
url 0.0006120325601321991 0.0
us 0.0001224065120264398 0.0
usage 0.0002448130240528796 0.0
use 0.0002448130240528796 0.0
used 0.0004284227920925393 0.19105523676270922
uselang 6.12032560132199e-05 0.0
user 0.0016524879123569374 0.0
useradd 0.0001224065120264398 0.0
userlogin 0.0001224065120264398 0.0
using 0.00030601628006609954 0.0
utc 6.12032560132199e-05 0.0
utf 6.12032560132199e-05 0.0
utf8 6.12032560132199e-05 4.74493212836325
utm_campaign 6.12032560132199e-05 0.0
utm_medium 6.12032560132199e-05 0.0
utm_source 6.12032560132199e-05 0.0
ux 0.0004284227920925393 0.08149303425118301
vague 6.12032560132199e-05 2.953172659135195
vagueness 0.0001224065120264398 4.74493212836325
value 0.0007956423281718588 0.0
var 0.0001224065120264398 0.0
variable 0.0003672195360793194 0.9382696385929302
variables 6.12032560132199e-05 1.0072625100798818
variadic 0.0001224065120264398 2.7990219793079367
variadic_function 6.12032560132199e-05 3.3586377672433594
variant 6.12032560132199e-05 0.0
variants 0.0003672195360793194 0.0
vary 6.12032560132199e-05 0.10054122922187746
ve 6.12032560132199e-05 0.0
vector 0.014811187955199217 0.0
veeraraghavan 0.0001224065120264398 4.74493212836325
verbatim 6.12032560132199e-05 4.051784947803305
verifiability 0.0001224065120264398 1.2185716037470886
version 0.0002448130240528796 0.0
vevent 6.12032560132199e-05 0.22314355131420976
view 0.0006120325601321991 0.0
viewport 6.12032560132199e-05 0.0
views 0.0001836097680396597 0.0
virtual 6.12032560132199e-05 1.0313600616589422
visible 6.12032560132199e-05 0.09097177820572679
visit 0.0001224065120264398 0.0
visited 6.12032560132199e-05 0.0
visualeditor 0.0002448130240528796 0.0
visualization 0.0001836097680396597 3.1354942159291497
vlas 6.12032560132199e-05 4.051784947803305
vol 6.12032560132199e-05 1.449095262358921
volume 0.00030601628006609954 0.8329091229351039
vu 6.12032560132199e-05 3.6463198396951406
vue 0.0001224065120264398 0.0
w 0.001836097680396597 0.0
walltime 6.12032560132199e-05 0.0
wang 0.0007344390721586388 2.7990219793079367
was 0.0001224065120264398 0.0
watch 0.0001224065120264398 1.6538896750049343
watchlist 6.12032560132199e-05 0.0
watchtoken 6.12032560132199e-05 0.0
wb 0.0001224065120264398 0.0
wbc 6.12032560132199e-05 0.0
wbr 0.0001224065120264398 0.7195804376281008
weasel 0.0003672195360793194 3.6463198396951406
web 0.0001836097680396597 0.09097177820572679
website 0.0004284227920925393 0.0
weight 6.12032560132199e-05 0.05358424613410626
weinan 6.12032560132199e-05 4.74493212836325
were 6.12032560132199e-05 0.6844891178168307
wertz 0.0001224065120264398 4.74493212836325
wgaction 6.12032560132199e-05 0.0
wgarticleid 6.12032560132199e-05 0.0
wgbackendresponsetime 6.12032560132199e-05 0.0
wgbreakframes 6.12032560132199e-05 0.0
wgcanonicalnamespace 6.12032560132199e-05 0.0
wgcanonicalspecialpagename 6.12032560132199e-05 0.0
wgcategories 6.12032560132199e-05 0.0
wgcentralauthmobiledomain 6.12032560132199e-05 0.0
wgcspnonce 6.12032560132199e-05 0.0
wgcurrevisionid 6.12032560132199e-05 0.0
wgdefaultdateformat 6.12032560132199e-05 0.0
wgdigittransformtable 6.12032560132199e-05 0.0
wgeditsubmitbuttonlabelpublish 6.12032560132199e-05 0.0
wgflaggedrevsparams 6.12032560132199e-05 0.0
wggestructuredtaskrejectionreasontextinputenabled 6.12032560132199e-05 0.0
wggetopicsmatchmodeenabled 6.12032560132199e-05 0.0
wghostname 6.12032560132199e-05 0.0
wgisarticle 6.12032560132199e-05 0.0
wgisprobablyeditable 6.12032560132199e-05 0.0
wgisredirect 6.12032560132199e-05 0.0
wgmediaviewerenabledbydefault 6.12032560132199e-05 0.0
wgmediavieweronclick 6.12032560132199e-05 0.0
wgmfdisplaywikibasedescriptions 6.12032560132199e-05 0.0
wgmonthnames 6.12032560132199e-05 0.0
wgnamespacenumber 6.12032560132199e-05 0.0
wgnoticeproject 6.12032560132199e-05 0.0
wgpagecontentlanguage 6.12032560132199e-05 0.0
wgpagecontentmodel 6.12032560132199e-05 0.0
wgpagename 6.12032560132199e-05 0.0
wgpageparsereport 6.12032560132199e-05 0.0
wgpopupsflags 6.12032560132199e-05 0.0
wgrelevantarticleid 6.12032560132199e-05 0.0
wgrelevantpageisprobablyeditable 6.12032560132199e-05 0.0
wgrelevantpagename 6.12032560132199e-05 0.0
wgrequestid 6.12032560132199e-05 0.0
wgrestrictionedit 6.12032560132199e-05 0.0
wgrestrictionmove 6.12032560132199e-05 0.0
wgrevisionid 6.12032560132199e-05 0.0
wgseparatortransformtable 6.12032560132199e-05 0.0
wgtitle 6.12032560132199e-05 0.0
wgulscurrentautonym 6.12032560132199e-05 0.0
wgulsiscompactlinksenabled 6.12032560132199e-05 0.0
wgulsislanguageselectorempty 6.12032560132199e-05 0.0
wgulsposition 6.12032560132199e-05 0.0
wgusergroups 6.12032560132199e-05 0.0
wgusername 6.12032560132199e-05 0.0
wgvector2022previewpages 6.12032560132199e-05 0.0
wgvisualeditor 6.12032560132199e-05 0.0
wgwikibaseitemid 6.12032560132199e-05 0.0
wgwmepagelength 6.12032560132199e-05 0.0
wgwmeschemaeditattemptstepoversample 6.12032560132199e-05 0.0
what 6.12032560132199e-05 0.0
whatlinkshere 0.0001224065120264398 0.0
when 0.0007956423281718588 0.0
which 6.12032560132199e-05 0.3022808718729337
white 0.0007956423281718588 0.12981161152199053
who 0.0001224065120264398 1.486835590341768
wide 6.12032560132199e-05 2.03688192726104
width 0.0020809107044494767 0.0
wiki 0.010649366546300262 0.0
wikibase 0.0002448130240528796 0.0
wikidata 0.0006732358161454189 0.0
wikimedia 0.0027541465205948956 0.0
wikimediabadges 0.0001224065120264398 0.0
wikimediaevents 6.12032560132199e-05 0.0
wikimediafoundation 0.0001224065120264398 0.0
wikipedia 0.008384846073811127 0.0
wikipedia_articles_needing_clarification_from_june_2011 6.12032560132199e-05 4.74493212836325
wikipedia_articles_with_style_issues_from_september_2017 6.12032560132199e-05 4.74493212836325
wikisource 6.12032560132199e-05 0.09097177820572679
wikitext 6.12032560132199e-05 0.0
wilson 0.0001224065120264398 3.6463198396951406
window 0.0001836097680396597 0.0
windows 0.0002448130240528796 0.8329091229351039
with 0.002631740008568456 0.0
wmf 0.0001836097680396597 0.0
wolf 6.12032560132199e-05 4.74493212836325
wolf200905018 0.0001836097680396597 4.74493212836325
word 0.0001224065120264398 0.05358424613410626
worded_statements 6.12032560132199e-05 4.74493212836325
wordmark 0.0001224065120264398 0.0
words 0.0003672195360793194 1.6538896750049343
words_to_watch 0.0001224065120264398 4.051784947803305
works 6.12032560132199e-05 0.0
wpformidentifier 6.12032560132199e-05 0.0
wrap 0.0001224065120264398 0.06280090123903044
writing 0.0001836097680396597 1.2791962255635234
writing_better_articles 0.0001224065120264398 4.051784947803305
written 0.0001836097680396597 0.44086703515908027
ws 6.12032560132199e-05 0.09097177820572679
www 0.0015912846563437175 0.0
x 0.0003672195360793194 0.0
x86 0.0002448130240528796 2.1799827709017134
xml 0.0001836097680396597 0.0
xml874m51x1w42w0 6.12032560132199e-05 4.74493212836325
xusheng 0.0001224065120264398 4.74493212836325
y 0.0001224065120264398 0.0
years 0.0001224065120264398 0.454472687214859
yes 0.0001224065120264398 0.0
yo 0.0002448130240528796 3.6463198396951406
yong 0.0001224065120264398 4.74493212836325
you 0.00030601628006609954 0.0
your 0.0001224065120264398 2.1799827709017134
z 0.0001224065120264398 0.0
z39 0.0017748944243833771 0.10054122922187746
z3988 0.0017748944243833771 0.10054122922187746
zero 6.12032560132199e-05 1.7004096906398272
zhao 0.0001224065120264398 4.051784947803305
zhaoqing 0.0001224065120264398 4.74493212836325
zhu 0.0001224065120264398 4.74493212836325
zhuang 0.0001224065120264398 4.74493212836325
ˈ 0.0001224065120264398 2.953172659135195
ˌ 0.0001224065120264398 4.74493212836325
