0 0.005219759437173765 0.0
00 0.00022694606248581587 0.0
000 0.0003025947499810878 0.0
01 0.0003025947499810878 0.008733679968754631
01a 7.564868749527195e-05 0.8531118302526235
02 0.0001512973749905439 0.0
03 0.0003025947499810878 0.017544309650909525
039 0.0003025947499810878 0.22314355131420976
04 7.564868749527195e-05 0.017544309650909525
048 0.0003025947499810878 0.4682660093471948
05 7.564868749527195e-05 0.0
06 0.00022694606248581587 0.008733679968754631
0791417808 0.0003782434374763598 0.8531118302526235
09t04 0.0001512973749905439 0.0
09z 0.0001512973749905439 0.0
0_unported_license 7.564868749527195e-05 0.0
0px 7.564868749527195e-05 0.0
1 0.004614569937211589 0.0
10 0.0009077842499432635 0.0
100 0.0010590816249338073 0.0
1000 7.564868749527195e-05 0.0
10000 7.564868749527195e-05 0.008733679968754631
1000000 0.0001512973749905439 0.0
10px 7.564868749527195e-05 0.0
11 0.0005295408124669037 0.008733679968754631
113 0.0001512973749905439 0.10054122922187746
1138344155 0.0005295408124669037 0.8531118302526235
114 0.00022694606248581587 0.2340726218464
117 7.564868749527195e-05 0.0
1184854 7.564868749527195e-05 0.0
12 0.00022694606248581587 0.008733679968754631
124 7.564868749527195e-05 0.2340726218464
125em 0.0003782434374763598 0.0
127 7.564868749527195e-05 0.11020314013361425
129 7.564868749527195e-05 0.11995931507897897
12px 7.564868749527195e-05 0.0
12s5i 7.564868749527195e-05 0.0
13 0.0003782434374763598 0.0
133 7.564868749527195e-05 0.008733679968754631
139 0.0001512973749905439 0.17022114985986725
1428 0.0001512973749905439 0.06280090123903044
14t23 0.0001512973749905439 0.0
15 0.00022694606248581587 0.0
15px 7.564868749527195e-05 0.0
160 0.0005295408124669037 0.2340726218464
1767 0.0001512973749905439 0.8531118302526235
1814400 0.0001512973749905439 0.0
184409649 7.564868749527195e-05 0.0
19 0.0003025947499810878 0.0
190 7.564868749527195e-05 0.2340726218464
1983 0.0001512973749905439 0.044451762570833796
1984 7.564868749527195e-05 0.02643325706815543
1985 0.0008321355624479915 0.02643325706815543
1985_software 7.564868749527195e-05 0.0
1986 0.0001512973749905439 0.02643325706815543
1987 7.564868749527195e-05 0.08149303425118301
1990 7.564868749527195e-05 0.02643325706815543
1990s 7.564868749527195e-05 0.008733679968754631
1991 0.0003782434374763598 0.02643325706815543
1992 0.00022694606248581587 0.02643325706815543
1993 0.0003025947499810878 0.02643325706815543
1994 7.564868749527195e-05 0.02643325706815543
1995 0.0003782434374763598 0.02643325706815543
1996 7.564868749527195e-05 0.0721032939013439
1997 0.00022694606248581587 0.02643325706815543
1em 0.00045389212497163174 0.0
1px 0.00022694606248581587 0.0
1x1 7.564868749527195e-05 0.0
2 0.0024207579998487025 0.0
20 0.0012103789999243512 0.0
2002 7.564868749527195e-05 0.0
2003 0.0001512973749905439 0.02643325706815543
2004 0.0006808381874574476 0.06280090123903044
2006 0.0001512973749905439 0.008733679968754631
2007 0.0001512973749905439 0.008733679968754631
2008 7.564868749527195e-05 0.02643325706815543
20080512215826 7.564868749527195e-05 0.0
2014 0.0001512973749905439 0.017544309650909525
2016 7.564868749527195e-05 0.017544309650909525
2022 0.0003782434374763598 0.0
2023 0.00022694606248581587 0.0
20230314215729 0.00022694606248581587 0.8531118302526235
2097152 0.0003025947499810878 0.0
20px 7.564868749527195e-05 0.0
21 0.00045389212497163174 0.0
224 0.0001512973749905439 0.017544309650909525
23124 7.564868749527195e-05 0.0
235 7.564868749527195e-05 0.06280090123903044
24 7.564868749527195e-05 0.008733679968754631
246367 0.00022694606248581587 0.8531118302526235
25 0.0003025947499810878 0.0
250 7.564868749527195e-05 0.3260915205666521
255 7.564868749527195e-05 0.044451762570833796
25em 0.0003782434374763598 0.0
26 0.0003025947499810878 0.0
27 0.0001512973749905439 0.0
27s 7.564868749527195e-05 0.0
27s_journal 7.564868749527195e-05 0.0
28688 0.0001512973749905439 0.8531118302526235
28programming 0.0009834329374385354 0.0
28programming_language 0.0001512973749905439 0.0
29 0.0013616763749148952 0.0
2a 7.564868749527195e-05 0.8531118302526235
2b 0.0003782434374763598 0.8531118302526235
2c 0.0001512973749905439 0.8531118302526235
2cicon 7.564868749527195e-05 0.0
2cstyles 7.564868749527195e-05 0.0
2d 7.564868749527195e-05 0.8531118302526235
2e 7.564868749527195e-05 0.09097177820572679
2em 0.0001512973749905439 0.0
2f 0.0007564868749527196 0.0
2f03 7.564868749527195e-05 0.0
2f11 7.564868749527195e-05 0.0
2f184409649 7.564868749527195e-05 0.0
2f1991 7.564868749527195e-05 0.0
2fbooks 0.0001512973749905439 0.0
2fbusiness 7.564868749527195e-05 0.0
2fca 7.564868749527195e-05 0.0
2fchanges 7.564868749527195e-05 0.0
2fclipper 0.00022694606248581587 0.0
2fdatabase 7.564868749527195e-05 0.0
2fdelphi 7.564868749527195e-05 0.0
2fdocs 7.564868749527195e-05 0.0
2fdocumentation 7.564868749527195e-05 0.0
2fen 0.0006808381874574476 0.0
2fexamining 7.564868749527195e-05 0.0
2fextensions 7.564868749527195e-05 0.0
2ffmt 0.0006808381874574476 0.0
2findex 7.564868749527195e-05 0.0
2flanguages 7.564868749527195e-05 0.0
2foverview 7.564868749527195e-05 0.0
2fproduct 7.564868749527195e-05 0.0
2fselling 7.564868749527195e-05 0.0
2fsoftware 7.564868749527195e-05 0.0
2ftag 7.564868749527195e-05 0.0
2fviewthread 7.564868749527195e-05 0.0
2fvivaclipper 7.564868749527195e-05 0.0
2fwinworldpc 7.564868749527195e-05 0.0
2fwww 0.00045389212497163174 0.0
2px 0.0001512973749905439 0.0
2x 0.0003782434374763598 0.0
3 0.0010590816249338073 0.0
30 0.0003782434374763598 0.035401927050916
30em 7.564868749527195e-05 0.0
31 0.00045389212497163174 0.008733679968754631
3125em 7.564868749527195e-05 0.0
32 0.00045389212497163174 0.0
32c0732c 7.564868749527195e-05 0.8531118302526235
343 0.0001512973749905439 0.5254244231871433
35 0.0001512973749905439 0.02643325706815543
36 0.0001512973749905439 0.02643325706815543
37z 0.0001512973749905439 0.0
382 0.0001512973749905439 0.044451762570833796
383 0.0001512973749905439 0.0
39 0.0003025947499810878 0.035401927050916
392 0.0001512973749905439 0.8531118302526235
39424 0.0001512973749905439 0.8531118302526235
3a 0.0008321355624479915 0.09097177820572679
3a3 7.564868749527195e-05 0.0
3abook 0.0003025947499810878 0.0
3aclipper 0.0006808381874574476 0.0
3ajournal 0.0003782434374763598 0.0
3akev 0.0006808381874574476 0.0
3amtx 0.0006808381874574476 0.0
3aofi 0.0006808381874574476 0.0
3asid 0.0006808381874574476 0.0
3b 0.00022694606248581587 0.8531118302526235
3cols 7.564868749527195e-05 0.0
3d0791417808 7.564868749527195e-05 0.0
3d1184854 7.564868749527195e-05 0.0
3dproduct 7.564868749527195e-05 0.0
3em 0.0001512973749905439 0.0
3fisbn 7.564868749527195e-05 0.0
3fpage 7.564868749527195e-05 0.0
3fqid 7.564868749527195e-05 0.0
3px 0.00022694606248581587 0.0
4 0.0009077842499432635 0.0
40 7.564868749527195e-05 0.017544309650909525
400 0.00022694606248581587 0.0
400px 7.564868749527195e-05 0.0
402px 7.564868749527195e-05 0.0
412 0.0001512973749905439 0.48225225132193467
417 0.0001512973749905439 0.044451762570833796
418 0.0001512973749905439 0.8531118302526235
426 7.564868749527195e-05 0.6017974019717174
454 0.0001512973749905439 0.11020314013361425
455 0.0001512973749905439 0.8531118302526235
46 0.0001512973749905439 0.10054122922187746
4c 7.564868749527195e-05 4.74493212836325
4em 0.0001512973749905439 0.0
4fea 7.564868749527195e-05 0.8531118302526235
5 0.001739919812391255 0.0
50 0.0003025947499810878 0.0
500 0.0001512973749905439 0.0
5000000 0.0001512973749905439 0.0
52428800 0.0001512973749905439 0.0
532 7.564868749527195e-05 0.14981227822866008
54 0.0001512973749905439 0.044451762570833796
5524385 0.0001512973749905439 0.8531118302526235
572 0.0001512973749905439 0.2340726218464
59 7.564868749527195e-05 0.044451762570833796
5em 0.0003782434374763598 0.0
5x 0.0003782434374763598 0.11020314013361425
6 0.0006808381874574476 0.0
600px 7.564868749527195e-05 0.0
64 0.0003782434374763598 0.0
65 7.564868749527195e-05 0.02643325706815543
7 0.0008321355624479915 0.0
720px 7.564868749527195e-05 0.0
724 7.564868749527195e-05 0.11995931507897897
73 0.0001512973749905439 0.02643325706815543
732 0.0001512973749905439 0.2340726218464
76 0.0001512973749905439 0.02643325706815543
7cext 0.00022694606248581587 0.0
7cjquery 7.564868749527195e-05 0.0
7cmediawiki 7.564868749527195e-05 0.0
7cskins 7.564868749527195e-05 0.0
7cwikibase 7.564868749527195e-05 0.0
7em 7.564868749527195e-05 0.0
8 0.0009077842499432635 0.008733679968754631
80 0.0003782434374763598 0.0
81 7.564868749527195e-05 0.008733679968754631
8125em 7.564868749527195e-05 0.0
82 0.0003025947499810878 0.017544309650909525
83 0.0003782434374763598 0.1599646496926782
84 0.0001512973749905439 0.02643325706815543
85 0.0001512973749905439 0.0
86 7.564868749527195e-05 0.017544309650909525
87 7.564868749527195e-05 0.008733679968754631
88 0.0009834329374385354 0.035401927050916
8a 0.00022694606248581587 0.0
8b 7.564868749527195e-05 1.1340142157190256
8d 0.0003782434374763598 0.0
8d_ 0.0001512973749905439 0.0
9 0.0005295408124669037 0.0
90 7.564868749527195e-05 0.0
91 0.0010590816249338073 0.035401927050916
92 0.0001512973749905439 0.044451762570833796
93 0.0010590816249338073 0.13976194237515863
94 0.00022694606248581587 0.05358424613410626
95 0.0001512973749905439 0.09097177820572679
96 0.0001512973749905439 0.0
97 0.0003025947499810878 0.11020314013361425
98 7.564868749527195e-05 0.017544309650909525
987008707577005171 7.564868749527195e-05 0.0
99 7.564868749527195e-05 0.08149303425118301
999999 7.564868749527195e-05 0.8531118302526235
9c 7.564868749527195e-05 0.0
9e 0.0001512973749905439 0.0
9ee52ad724c8 7.564868749527195e-05 0.8531118302526235
9f 7.564868749527195e-05 0.0
9px 0.00022694606248581587 0.0
_dobb 7.564868749527195e-05 0.0
_littlefield1983 7.564868749527195e-05 0.0
a 0.04296845449731447 0.0
a0 0.0001512973749905439 0.3504829736908114
a1 7.564868749527195e-05 0.2451224580329849
a1si_nyelv 7.564868749527195e-05 0.0
a2a9b1 7.564868749527195e-05 0.0
a3o 7.564868749527195e-05 0.0
a4e2 7.564868749527195e-05 0.8531118302526235
a6 7.564868749527195e-05 0.3504829736908114
a6f5 7.564868749527195e-05 0.8531118302526235
a7 7.564868749527195e-05 0.3504829736908114
a8 7.564868749527195e-05 0.0
a9 7.564868749527195e-05 0.0
aa 0.0003782434374763598 0.2340726218464
abbr 0.0006051894999621756 0.0
about 0.0006808381874574476 0.0
aboutsite 7.564868749527195e-05 0.0
above 7.564868749527195e-05 0.008733679968754631
abovebelow 0.0003025947499810878 0.0
absolute 7.564868749527195e-05 0.035401927050916
ac 7.564868749527195e-05 2.665490586683414
access 7.564868749527195e-05 0.0
accessdate 7.564868749527195e-05 0.0
accesskey 0.0014373250624101672 0.0
according 7.564868749527195e-05 0.09097177820572679
account 0.0003025947499810878 0.0
across 7.564868749527195e-05 0.0
action 0.0021181632498676146 0.0
actions 7.564868749527195e-05 0.0
actively 7.564868749527195e-05 0.06280090123903044
ad 0.0001512973749905439 0.11020314013361425
add 7.564868749527195e-05 0.0
added 0.0001512973749905439 0.02643325706815543
addition 7.564868749527195e-05 0.044451762570833796
additional 7.564868749527195e-05 0.0
address 0.0003025947499810878 0.0
advantage 0.0001512973749905439 0.1599646496926782
ae 7.564868749527195e-05 0.0
after 0.001512973749905439 0.02643325706815543
ago 7.564868749527195e-05 0.017544309650909525
agree 7.564868749527195e-05 0.0
alaska 7.564868749527195e-05 0.8531118302526235
alert 0.0003025947499810878 0.11995931507897897
align 0.0006808381874574476 0.0721032939013439
all 0.0003025947499810878 0.0
almost 7.564868749527195e-05 0.11020314013361425
alongside 7.564868749527195e-05 0.11020314013361425
alpha 0.0003025947499810878 0.14981227822866008
also 0.0003782434374763598 0.0
alt 0.0006808381874574476 0.0
alternate 0.00022694606248581587 0.14981227822866008
although 7.564868749527195e-05 0.017544309650909525
amongst 7.564868749527195e-05 0.7195804376281008
amp 0.009229139874423179 0.18058393689541388
an 0.0006051894999621756 0.0
and 0.0028746501248203345 0.0
angus 0.0001512973749905439 0.8531118302526235
angusj 0.0001512973749905439 0.0
anon 0.0001512973749905439 0.0
anoncontribs 7.564868749527195e-05 0.0
anontalk 7.564868749527195e-05 0.0
anonymous 7.564868749527195e-05 0.12981161152199053
another 7.564868749527195e-05 0.0
api 7.564868749527195e-05 0.14981227822866008
apollo 0.0001512973749905439 0.8531118302526235
appeared 7.564868749527195e-05 0.044451762570833796
apple 0.0001512973749905439 0.13976194237515863
application 0.0007564868749527196 0.0
applications 0.00045389212497163174 0.0
apply 7.564868749527195e-05 0.0
approaches 7.564868749527195e-05 0.10054122922187746
april 0.0001512973749905439 0.0
archive 0.0001512973749905439 0.044451762570833796
archived 7.564868749527195e-05 0.035401927050916
are 0.0003782434374763598 0.0
argument 7.564868749527195e-05 0.0
aria 0.0024207579998487025 0.0
article 0.0009077842499432635 0.0
articles 0.0007564868749527196 0.0
articles_with_j9u_identifiers 7.564868749527195e-05 0.0
articles_with_lccn_identifiers 7.564868749527195e-05 0.0
articles_with_short_description 7.564868749527195e-05 0.0
as 0.0015886224374007112 0.0
ashton 0.0001512973749905439 0.8531118302526235
ashton_tate 7.564868749527195e-05 0.0
asp 0.0001512973749905439 0.0
aspects 7.564868749527195e-05 0.017544309650909525
aspen 7.564868749527195e-05 0.8531118302526235
associated 0.0001512973749905439 0.035401927050916
associates 0.00045389212497163174 0.2340726218464
async 0.00022694606248581587 0.37548427589622857
at 0.0003782434374763598 0.0
atitle 0.0003782434374763598 0.0
atom 0.00022694606248581587 0.11995931507897897
attribution 7.564868749527195e-05 0.0
au 0.00022694606248581587 0.37548427589622857
august 0.00022694606248581587 0.035401927050916
author 0.0001512973749905439 0.02643325706815543
authorities 7.564868749527195e-05 0.0
authority 0.00022694606248581587 0.008733679968754631
authority_control 7.564868749527195e-05 0.008733679968754631
auto 0.0003025947499810878 0.035401927050916
autocapitalize 7.564868749527195e-05 0.0
autocollapse 7.564868749527195e-05 0.0
autostart 7.564868749527195e-05 0.0
autumn 7.564868749527195e-05 0.8531118302526235
available 0.0001512973749905439 0.0
avoid 0.0001512973749905439 0.19105523676270922
b 0.0024964066873439748 0.017544309650909525
b0 0.0003782434374763598 0.3504829736908114
b2 7.564868749527195e-05 0.7195804376281008
b3 0.0001512973749905439 0.0
b3n 0.0001512973749905439 0.0
b4 0.0013616763749148952 0.0
b5 0.0005295408124669037 0.0
b7 0.0001512973749905439 0.3504829736908114
b8 0.0001512973749905439 0.0
background 0.0013616763749148952 0.2340726218464
backlink 0.0008321355624479915 0.0
bahasa 0.0001512973749905439 0.11020314013361425
bahasa_pengaturcaraan 7.564868749527195e-05 0.0
banking 0.00022694606248581587 0.2340726218464
bar 0.00022694606248581587 0.11020314013361425
bar_3 0.0003025947499810878 0.0
barry 7.564868749527195e-05 0.08149303425118301
base 7.564868749527195e-05 0.02643325706815543
based 7.564868749527195e-05 0.0
basic 0.0001512973749905439 0.0
bc_ 0.0001512973749905439 0.0
bday 0.0001512973749905439 0.0
bdi 0.0001512973749905439 0.0
be 0.0003782434374763598 0.0
became 7.564868749527195e-05 0.02643325706815543
because 7.564868749527195e-05 0.0
become 7.564868749527195e-05 0.14981227822866008
before 0.0011347303124290794 0.017544309650909525
being 7.564868749527195e-05 0.008733679968754631
below 7.564868749527195e-05 0.0
between 7.564868749527195e-05 0.017544309650909525
bf 0.0001512973749905439 0.7195804376281008
billed 7.564868749527195e-05 0.8531118302526235
bit 0.0005295408124669037 0.035401927050916
block 0.00022694606248581587 0.044451762570833796
body 0.0010590816249338073 0.11995931507897897
bodycontent 0.0001512973749905439 0.0
bokmål 0.0001512973749905439 0.8737311174553593
bold 7.564868749527195e-05 0.21233263520999412
book 0.0001512973749905439 0.0721032939013439
books 0.0001512973749905439 0.0
booksources 0.0001512973749905439 0.0
bootstrap 7.564868749527195e-05 0.0
border 0.0011347303124290794 0.7936884097818228
both 7.564868749527195e-05 0.008733679968754631
bottom 0.00022694606248581587 0.12981161152199053
box 0.0011347303124290794 0.0
boxtext 7.564868749527195e-05 0.0
bracket 0.001512973749905439 0.3141153295199365
brackets 0.0001512973749905439 0.11995931507897897
break 0.00022694606248581587 0.19105523676270922
brian 7.564868749527195e-05 0.017544309650909525
browsing 7.564868749527195e-05 0.27902400970866637
btitle 0.0003025947499810878 0.0
btn 0.00045389212497163174 0.0
built 7.564868749527195e-05 0.008733679968754631
business 0.0001512973749905439 0.08149303425118301
businesses 0.0001512973749905439 0.2340726218464
but 0.00022694606248581587 0.0
button 0.0027233527498297903 0.0
buttons 7.564868749527195e-05 0.0
buying 7.564868749527195e-05 0.27902400970866637
by 0.0012860276874196233 0.0
bytes 0.0003025947499810878 0.0
c 0.0003782434374763598 0.0
c13_en 7.564868749527195e-05 0.0
c3 0.00045389212497163174 0.0
c_ 7.564868749527195e-05 0.19105523676270922
ca 0.0028746501248203345 0.035401927050916
cache 0.0001512973749905439 0.0
cached 7.564868749527195e-05 0.0
cachereport 7.564868749527195e-05 0.0
cactions 0.00045389212497163174 0.0
calls 7.564868749527195e-05 0.0
campaigns 7.564868749527195e-05 0.0
canonical 0.0001512973749905439 0.0
cantonese 7.564868749527195e-05 0.0
caps 7.564868749527195e-05 0.0
caption 0.0001512973749905439 0.0
cases 7.564868749527195e-05 0.008733679968754631
catalan 7.564868749527195e-05 0.3629054936893685
català 7.564868749527195e-05 0.0
categories 0.0001512973749905439 0.0
category 0.0021181632498676146 0.0
catlinks 0.00045389212497163174 0.0
cats 7.564868749527195e-05 0.0
ccf 7.564868749527195e-05 1.0560526742493137
center 0.0006051894999621756 0.02643325706815543
centralauth 0.0001512973749905439 0.0
centralautologin 0.0001512973749905439 0.0
centralnotice 0.00022694606248581587 0.0
cfm 0.0001512973749905439 0.14981227822866008
change 7.564868749527195e-05 0.0
changes 0.0006051894999621756 0.02643325706815543
charinsert 7.564868749527195e-05 0.0
charset 7.564868749527195e-05 0.0
checkbox 0.0025720553748392466 0.0
child 0.0018912171873817988 0.21233263520999412
chinese 7.564868749527195e-05 0.19105523676270922
citation 0.0012860276874196233 0.017544309650909525
cite 0.0027233527498297903 0.0
cite_book 0.0001512973749905439 0.13976194237515863
cite_note 0.0018912171873817988 0.0
cite_ref 0.0021181632498676146 0.0
citerefglenn_rifkin1991 7.564868749527195e-05 0.0
citerefrod_da_silva1995 7.564868749527195e-05 0.0
citerefwarren_m 7.564868749527195e-05 0.0
citethispage 7.564868749527195e-05 0.0
class 0.03555488312277782 0.0
classically 7.564868749527195e-05 0.8531118302526235
classname 0.00022694606248581587 0.0
clear 0.00022694606248581587 0.11020314013361425
client 0.00045389212497163174 0.0
clipper 0.009077842499432635 0.27902400970866637
clipper_ 0.00347983962478251 0.8531118302526235
clipper_helloworld 0.0005295408124669037 0.0
clipper_programming_language 0.0001512973749905439 0.0
clipper_tools 0.0003025947499810878 0.8531118302526235
cloned 7.564868749527195e-05 0.8531118302526235
clones 0.0001512973749905439 0.41419878807691896
code 0.0014373250624101672 0.0
code_machine 7.564868749527195e-05 0.0
col 7.564868749527195e-05 0.2340726218464
coll 0.0003025947499810878 0.0
collapse 7.564868749527195e-05 0.0
collapsed 0.00022694606248581587 0.0
collapses 7.564868749527195e-05 0.0
collapsible 0.0008321355624479915 0.0
color 0.0011347303124290794 0.3629054936893685
colspan 0.0003025947499810878 0.0
column 0.00022694606248581587 0.11020314013361425
columns 0.00045389212497163174 0.11020314013361425
com 0.0014373250624101672 0.0
comix 7.564868749527195e-05 0.8531118302526235
command 7.564868749527195e-05 0.0721032939013439
commercial 7.564868749527195e-05 0.044451762570833796
commonly 7.564868749527195e-05 0.14981227822866008
commons 0.0006051894999621756 0.0
community 7.564868749527195e-05 0.10054122922187746
community_portal 7.564868749527195e-05 0.0
comp 0.0003025947499810878 0.035401927050916
compactlinks 7.564868749527195e-05 0.0
companies 0.0001512973749905439 0.02643325706815543
company 0.00022694606248581587 0.02643325706815543
compared 7.564868749527195e-05 0.0
compatibility 7.564868749527195e-05 0.11020314013361425
compatible 7.564868749527195e-05 0.0
compiled 0.00022694606248581587 0.0
compiler 0.0007564868749527196 0.0
compilers 0.0003025947499810878 0.044451762570833796
compiling 0.0003025947499810878 0.2451224580329849
complications 7.564868749527195e-05 0.0
computer 0.0007564868749527196 0.0
computer_associates 0.00022694606248581587 0.0
computer_science 0.0001512973749905439 0.0
computer_software 7.564868749527195e-05 0.0
computing 0.0003782434374763598 0.008733679968754631
concepts 7.564868749527195e-05 0.0
concerning 7.564868749527195e-05 0.7746402148111283
config 0.0001512973749905439 0.0
considerably 7.564868749527195e-05 0.20163734609324613
considered 7.564868749527195e-05 0.02643325706815543
contact 0.0005295408124669037 0.0
contact_us 0.0001512973749905439 0.0
contactpage 7.564868749527195e-05 0.0
container 0.0010590816249338073 0.14981227822866008
containing 7.564868749527195e-05 0.008733679968754631
content 0.005219759437173765 0.0
contentinfo 7.564868749527195e-05 0.0
contents 0.0009834329374385354 0.0
contentsub 7.564868749527195e-05 0.0
context 0.0001512973749905439 0.017544309650909525
contrast 7.564868749527195e-05 0.008733679968754631
contribute 7.564868749527195e-05 0.0
contributions 7.564868749527195e-05 0.2340726218464
contributors 0.0001512973749905439 0.017544309650909525
control 0.00022694606248581587 0.0
controls 0.0003025947499810878 0.0
conversion 7.564868749527195e-05 0.0
converting 0.0001512973749905439 0.14981227822866008
convincing 7.564868749527195e-05 0.8531118302526235
cookie 0.0003782434374763598 0.0
cookie_statement 7.564868749527195e-05 0.0
cookiestatement 7.564868749527195e-05 0.0
copies 7.564868749527195e-05 0.2340726218464
copyright 0.00022694606248581587 0.0
copyrightico 7.564868749527195e-05 0.0
corp 7.564868749527195e-05 0.3141153295199365
corporation 0.00022694606248581587 0.035401927050916
could 7.564868749527195e-05 0.044451762570833796
count 0.0001512973749905439 0.0
counter 0.0003025947499810878 0.11020314013361425
cpu 7.564868749527195e-05 0.0
cputime 7.564868749527195e-05 0.0
create 0.00045389212497163174 0.0
createaccount 0.0003025947499810878 0.0
created 0.0003782434374763598 0.0
creative 7.564868749527195e-05 0.0
creativecommons 0.0001512973749905439 0.0
cross 7.564868749527195e-05 0.0
crossorigin 7.564868749527195e-05 0.0
cs1 0.0015886224374007112 0.017544309650909525
csrftoken 7.564868749527195e-05 0.0
ct 0.0001512973749905439 0.6844891178168307
ctx_ver 0.0006808381874574476 0.0
current 0.00022694606248581587 0.08149303425118301
current_events 7.564868749527195e-05 0.0
currentevents 7.564868749527195e-05 0.0
cursor 7.564868749527195e-05 0.5860490450035782
custnum 0.00022694606248581587 0.8531118302526235
customer 0.0005295408124669037 0.02643325706815543
customer_relationship_management 7.564868749527195e-05 0.0
cx 0.0001512973749905439 0.0
cycle 7.564868749527195e-05 0.8737311174553593
d 7.564868749527195e-05 0.017544309650909525
d33 0.0001512973749905439 0.0
d6 7.564868749527195e-05 0.0
da 0.0001512973749905439 0.3141153295199365
data 0.003631136999773054 0.0
database 0.0006808381874574476 0.02643325706815543
database_language 7.564868749527195e-05 0.0
databases 0.0001512973749905439 0.11020314013361425
datatype 0.0001512973749905439 0.19105523676270922
date 0.0003782434374763598 0.02643325706815543
datemodified 0.0001512973749905439 0.0
datepublished 0.0001512973749905439 0.0
davep 7.564868749527195e-05 0.0
dbase 0.0024964066873439748 0.27902400970866637
dbf 7.564868749527195e-05 0.8531118302526235
dbfcdx 7.564868749527195e-05 0.8531118302526235
dbfree 0.00022694606248581587 0.8531118302526235
dbtntx 7.564868749527195e-05 0.8531118302526235
dd 0.0012103789999243512 0.035401927050916
ddf 7.564868749527195e-05 0.0
de 0.0006808381874574476 0.017544309650909525
dealing 7.564868749527195e-05 0.8531118302526235
debugger 7.564868749527195e-05 0.044451762570833796
debugger_front 7.564868749527195e-05 0.0
december 0.0001512973749905439 0.02643325706815543
decimal 7.564868749527195e-05 0.11020314013361425
decline 0.0005295408124669037 0.2340726218464
decoding 0.0001512973749905439 0.21233263520999412
decoration 0.0001512973749905439 0.0
deduplicate 0.00045389212497163174 0.0
deduplicated 0.0009077842499432635 0.0
delphi 0.00022694606248581587 0.19105523676270922
delphi_ 7.564868749527195e-05 0.0
depth 0.00022694606248581587 0.0
description 0.0005295408124669037 0.0
designed 7.564868749527195e-05 0.0
designer 7.564868749527195e-05 0.19105523676270922
desktoparticletarget 0.00022694606248581587 0.0
detection 7.564868749527195e-05 0.10054122922187746
deutsch 7.564868749527195e-05 0.0
developed 0.00022694606248581587 0.017544309650909525
developer 7.564868749527195e-05 0.02643325706815543
developers 0.00022694606248581587 0.0
development 7.564868749527195e-05 0.017544309650909525
different 0.00022694606248581587 0.0
dir 0.00022694606248581587 0.4682660093471948
disabled 0.0008321355624479915 0.11020314013361425
disclaimers 0.0001512973749905439 0.0
discuss 0.0001512973749905439 0.05358424613410626
discussion 0.0001512973749905439 0.26759531388504365
display 0.0009834329374385354 0.0
distribution 7.564868749527195e-05 0.044451762570833796
div 0.01588622437400711 0.0
dl 0.0007564868749527196 0.22314355131420976
dmy 7.564868749527195e-05 0.08149303425118301
dns 0.0001512973749905439 0.540239508972284
dobb 0.00022694606248581587 0.19105523676270922
dobca95 0.0003025947499810878 0.0
dobca95_8 0.00045389212497163174 0.0
docs 7.564868749527195e-05 0.10054122922187746
doctype 7.564868749527195e-05 0.0
document 0.0003025947499810878 0.09097177820572679
documentation 7.564868749527195e-05 0.017544309650909525
documentelement 0.00022694606248581587 0.0
does 0.0001512973749905439 0.0
dollars 7.564868749527195e-05 0.1599646496926782
donate 0.00022694606248581587 0.0
donating 7.564868749527195e-05 0.0
dos 0.0015886224374007112 0.13976194237515863
dos_software 7.564868749527195e-05 0.0
dot 0.00022694606248581587 0.2340726218464
download 0.0003025947499810878 0.0
downloadaspdf 7.564868749527195e-05 0.0
dr 0.0003025947499810878 0.02643325706815543
drdobbs 0.0001512973749905439 0.0
driver 7.564868749527195e-05 0.21233263520999412
drivers 7.564868749527195e-05 0.044451762570833796
dropdown 0.0018912171873817988 0.0
dt 0.0012103789999243512 0.0
dtstart 0.0001512973749905439 0.0
dutch 7.564868749527195e-05 0.13976194237515863
dynamic 0.00022694606248581587 0.0
dynamic_programming_languages 7.564868749527195e-05 0.0
dynamically 0.00022694606248581587 0.11020314013361425
dynamically_typed_programming_languages 7.564868749527195e-05 0.0
e 0.00045389212497163174 0.0
e0 0.001739919812391255 0.7195804376281008
e3 0.0005295408124669037 0.0
e6e6ff 7.564868749527195e-05 0.0
e7 0.00022694606248581587 0.0
e8 0.0001512973749905439 0.0
ea 7.564868749527195e-05 1.911718784307034
each 7.564868749527195e-05 0.008733679968754631
early 7.564868749527195e-05 0.02643325706815543
eb 0.0003025947499810878 0.0
ec 0.0001512973749905439 0.0
echo 7.564868749527195e-05 0.0
ed 0.00022694606248581587 0.008733679968754631
edit 0.003933731749754142 0.0
editable 7.564868749527195e-05 0.49643688631389105
edited 7.564868749527195e-05 0.0
editing 7.564868749527195e-05 0.11020314013361425
editor 0.0001512973749905439 0.044451762570833796
editors 0.0001512973749905439 0.0
editpage 7.564868749527195e-05 0.0
edits 0.0001512973749905439 0.0
editsection 0.0022694606248581588 0.0
edituri 7.564868749527195e-05 0.0
element 0.0005295408124669037 0.0
elements 7.564868749527195e-05 0.008733679968754631
ellipsis 0.0001512973749905439 0.2340726218464
elt 7.564868749527195e-05 0.0
empty 0.00022694606248581587 0.008733679968754631
emptyportlet 0.0001512973749905439 0.0
en 0.002193811937362887 0.0
enabled 0.0008321355624479915 0.008733679968754631
encouraged 0.0003025947499810878 1.5668782980153044
encyclopedia 0.0001512973749905439 0.0
end 0.0003025947499810878 0.0
english 0.00022694606248581587 0.0
enhancements 7.564868749527195e-05 0.0
enlarge 7.564868749527195e-05 0.0
entities 7.564868749527195e-05 0.0
entity 0.0003025947499810878 0.0
entityaccesscount 7.564868749527195e-05 0.0
entitypage 0.0001512973749905439 0.0
environments 7.564868749527195e-05 0.0
enwiki 7.564868749527195e-05 0.0
enwikimwclientprefs 7.564868749527195e-05 0.0
error 0.0001512973749905439 0.11020314013361425
es 0.0003025947499810878 1.8545603704670854
es6 7.564868749527195e-05 0.0
esi 0.0001512973749905439 0.7195804376281008
esitest 7.564868749527195e-05 0.0
español 7.564868749527195e-05 0.0
especially 7.564868749527195e-05 0.044451762570833796
evaluation 7.564868749527195e-05 0.008733679968754631
even 0.0001512973749905439 0.11020314013361425
event 0.0007564868749527196 0.0
eventlogging 0.0001512973749905439 0.0
events 0.0001512973749905439 0.11020314013361425
every 7.564868749527195e-05 0.0
evolution 7.564868749527195e-05 0.26759531388504365
evolved 0.0001512973749905439 0.11020314013361425
exact 7.564868749527195e-05 0.0
examining 0.00022694606248581587 0.41419878807691896
executed 0.0001512973749905439 0.0
execution 7.564868749527195e-05 0.0
execution_ 7.564868749527195e-05 0.0
exist 0.0001512973749905439 0.0721032939013439
existing 0.0001512973749905439 0.11020314013361425
exists 7.564868749527195e-05 0.0
expand 0.0003782434374763598 0.0
expanded 0.00045389212497163174 0.0
expansion 0.0001512973749905439 0.0
expansiondepth 7.564868749527195e-05 0.0
expensive 7.564868749527195e-05 0.0
expensivefunctioncount 7.564868749527195e-05 0.0
experience 7.564868749527195e-05 0.035401927050916
expiry 0.0001512973749905439 0.0
export 7.564868749527195e-05 0.0
ext 0.0020425145623723428 0.0
extend 7.564868749527195e-05 0.11020314013361425
extended 0.0001512973749905439 0.035401927050916
extensions 0.0001512973749905439 0.0
external 0.001815568499886527 0.0
external_links 0.0003025947499810878 0.0
extra 7.564868749527195e-05 0.0
f 0.0003782434374763598 0.0
f7f7f7 7.564868749527195e-05 0.0
fa8a495983347898 7.564868749527195e-05 0.0
facto 7.564868749527195e-05 0.19105523676270922
failed 7.564868749527195e-05 0.13976194237515863
fallbacksearchbutton 7.564868749527195e-05 0.0
false 0.0009077842499432635 0.0
family 0.00022694606248581587 0.008733679968754631
faq 7.564868749527195e-05 0.12981161152199053
far 7.564868749527195e-05 0.11020314013361425
fast 7.564868749527195e-05 0.044451762570833796
faster 7.564868749527195e-05 0.0
favicon 7.564868749527195e-05 0.0
fdfdfd 0.00022694606248581587 0.0
feature 0.001664271124895983 0.0
featurename 0.00022694606248581587 0.0
february 0.0003025947499810878 0.017544309650909525
feed 0.0001512973749905439 0.19105523676270922
fglib 7.564868749527195e-05 0.0
file 0.0007564868749527196 0.0
file_upload_wizard 0.0001512973749905439 0.0
files 0.0001512973749905439 0.0
find 7.564868749527195e-05 0.0
find_code 7.564868749527195e-05 0.0
first 0.0011347303124290794 0.0
firstheading 0.00022694606248581587 0.0
flagship 7.564868749527195e-05 0.8531118302526235
float 0.00022694606248581587 0.06280090123903044
flush 0.0003782434374763598 0.0
font 0.0013616763749148952 0.14981227822866008
footer 0.001966865874877071 0.0
for 0.0018912171873817988 0.0
form 0.0003025947499810878 0.0
format 0.0001512973749905439 0.035401927050916
formats 7.564868749527195e-05 0.044451762570833796
foundation 0.0006808381874574476 0.0
four 7.564868749527195e-05 0.044451762570833796
fourth 0.0003025947499810878 0.11020314013361425
foxpro 0.0005295408124669037 0.27902400970866637
fr 0.0003025947499810878 0.09097177820572679
français 7.564868749527195e-05 1.16141318990714
free 0.0005295408124669037 0.0
free_software 7.564868749527195e-05 0.0
french 7.564868749527195e-05 0.09097177820572679
from 0.001664271124895983 0.0
front 0.0001512973749905439 0.19105523676270922
full 0.0003782434374763598 0.044451762570833796
fulltext 7.564868749527195e-05 0.0
func 7.564868749527195e-05 0.044451762570833796
function 0.0006051894999621756 0.0
function_pointer 7.564868749527195e-05 0.0
fundraiserredirector 7.564868749527195e-05 0.0
g 0.0001512973749905439 0.0
gadget 0.0003025947499810878 0.0
galego 7.564868749527195e-05 0.0
galician 7.564868749527195e-05 0.0
gave 7.564868749527195e-05 0.19105523676270922
gehomepagesuggestededitsenabletopics 7.564868749527195e-05 0.0
general 0.0001512973749905439 0.0
general_disclaimer 7.564868749527195e-05 0.0
generated 7.564868749527195e-05 0.0
generation 0.00022694606248581587 0.0
generation_programming_languages 7.564868749527195e-05 0.0
generator 7.564868749527195e-05 0.0
genre 0.0006808381874574476 0.0
geoip 7.564868749527195e-05 0.0
german 7.564868749527195e-05 0.017544309650909525
get 0.00022694606248581587 0.008733679968754631
github 0.0001512973749905439 0.017544309650909525
gl 0.0003025947499810878 0.0
glenn 0.0001512973749905439 0.7936884097818228
globalcssjs 0.0001512973749905439 0.0
gnu 7.564868749527195e-05 0.02643325706815543
gnu_general_public_license 7.564868749527195e-05 0.0
go 0.0003782434374763598 0.0
google 0.0003025947499810878 0.10054122922187746
googpub 0.0001512973749905439 0.0
gov 7.564868749527195e-05 0.2340726218464
gpl 7.564868749527195e-05 0.09097177820572679
grafx 7.564868749527195e-05 0.8531118302526235
grafxsoft 0.0001512973749905439 0.8531118302526235
graphic 7.564868749527195e-05 0.19105523676270922
gray 7.564868749527195e-05 1.449095262358921
greatly 7.564868749527195e-05 0.3141153295199365
greek 0.0001512973749905439 0.3141153295199365
green 7.564868749527195e-05 0.08149303425118301
group 0.0013616763749148952 0.05358424613410626
groups 0.0001512973749905439 0.0
growthexperiments 7.564868749527195e-05 0.0
gt 0.00045389212497163174 0.2340726218464
gui 7.564868749527195e-05 0.0721032939013439
guidance 7.564868749527195e-05 0.2340726218464
guides 7.564868749527195e-05 4.74493212836325
h 0.0001512973749905439 0.035401927050916
h1 0.0001512973749905439 1.2484245668967697
h2 0.0010590816249338073 1.2484245668967697
h3 0.0006051894999621756 0.0
hack 0.00045389212497163174 0.0
had 7.564868749527195e-05 0.02643325706815543
harbour 0.0006051894999621756 0.8531118302526235
harbour_ 0.00022694606248581587 0.0
has 0.00022694606248581587 0.0
haspopup 0.0003782434374763598 0.0
have 7.564868749527195e-05 0.008733679968754631
having 7.564868749527195e-05 0.02643325706815543
hbide 7.564868749527195e-05 0.8531118302526235
head 0.00022694606248581587 0.0
header 0.001966865874877071 0.0
heading 0.001739919812391255 0.0
headline 0.0009077842499432635 0.0
height 0.0010590816249338073 0.0
heimendinger 7.564868749527195e-05 0.8531118302526235
hello 0.0003025947499810878 0.0
hello_world 7.564868749527195e-05 0.017544309650909525
help 0.0006808381874574476 0.0
here 0.0001512973749905439 0.008733679968754631
hidden 0.0009834329374385354 0.0
hide 0.0001512973749905439 0.0
high 0.0003025947499810878 0.0
highest 7.564868749527195e-05 0.0
history 0.0013616763749148952 0.0
hlist 0.0045389212497163175 0.0
hor 0.0001512973749905439 0.0
hosted 7.564868749527195e-05 0.0721032939013439
how 0.0003782434374763598 0.0
however 0.0003025947499810878 0.0
href 0.021711173311143053 0.0
hreflang 0.001512973749905439 0.0
htm 0.0006051894999621756 0.3141153295199365
html 0.0003782434374763598 0.06280090123903044
http 0.0012860276874196233 0.017544309650909525
https 0.004387623874725774 0.0
hu 0.0003025947499810878 0.37548427589622857
hub 7.564868749527195e-05 0.2451224580329849
hungarian 7.564868749527195e-05 0.0
hybridizing 7.564868749527195e-05 0.8531118302526235
i 0.0027233527498297903 0.0
ico 7.564868749527195e-05 0.0
icon 0.00310159618730615 0.0
icons 0.0003025947499810878 0.0
id 0.013465466374158408 0.0
ide 7.564868749527195e-05 0.02643325706815543
identifier 0.0001512973749905439 0.044451762570833796
identifiers 0.0005295408124669037 0.008733679968754631
idhash 7.564868749527195e-05 0.0
if 0.0001512973749905439 0.0
iii 0.0001512973749905439 0.3141153295199365
il 7.564868749527195e-05 0.0
image 0.0003025947499810878 0.0
imageobject 0.0001512973749905439 0.0
images 0.0009077842499432635 0.0
img 0.0006051894999621756 0.0
implement 7.564868749527195e-05 0.05358424613410626
implementation 7.564868749527195e-05 0.0
implementations 0.00022694606248581587 0.0
implemented 0.0001512973749905439 0.035401927050916
implements 7.564868749527195e-05 0.017544309650909525
important 0.0001512973749905439 0.008733679968754631
impression 7.564868749527195e-05 0.8531118302526235
improvements 7.564868749527195e-05 0.08149303425118301
in 0.003025947499810878 0.0
inc 0.00022694606248581587 0.0
include 0.0001512973749905439 0.0
increment 7.564868749527195e-05 0.06280090123903044
index 0.0024964066873439748 0.0
indicators 7.564868749527195e-05 0.454472687214859
info 0.001966865874877071 0.044451762570833796
infobox 0.001815568499886527 0.008733679968754631
infobox_programming_language 0.0001512973749905439 0.008733679968754631
infobox_software 0.0001512973749905439 0.017544309650909525
information 0.00022694606248581587 0.0
inherit 0.0008321355624479915 0.11020314013361425
init 0.00022694606248581587 0.0
inline 0.001512973749905439 0.05358424613410626
inner 0.0003782434374763598 0.0
input 0.0009834329374385354 0.0
inside 0.0001512973749905439 0.0
insurance 0.0001512973749905439 0.02643325706815543
insurance_companies 7.564868749527195e-05 0.0
interaction 0.00022694606248581587 0.0
interactive 7.564868749527195e-05 0.11020314013361425
interactivity 7.564868749527195e-05 0.21233263520999412
interface 0.0001512973749905439 0.0
interlanguage 0.003404190937287238 0.0
internal 7.564868749527195e-05 0.035401927050916
interpreted 0.0001512973749905439 0.11020314013361425
interpreter 7.564868749527195e-05 0.13976194237515863
interpreter_ 7.564868749527195e-05 0.0
interwiki 0.001512973749905439 0.0
into 0.0001512973749905439 0.0
introduction 0.0003782434374763598 0.11020314013361425
inventory 0.0001512973749905439 0.2340726218464
inventory_management_software 7.564868749527195e-05 0.0
io 0.0001512973749905439 0.14981227822866008
ip 0.0001512973749905439 0.3141153295199365
is 0.0012103789999243512 0.0
isbn 0.0003025947499810878 0.0
isbn_ 7.564868749527195e-05 0.0
isopen 7.564868749527195e-05 0.8531118302526235
israel 7.564868749527195e-05 0.11020314013361425
it 0.0014373250624101672 0.0
italian 7.564868749527195e-05 0.3629054936893685
italiano 7.564868749527195e-05 0.0
item 0.006278841062107573 0.0
items 7.564868749527195e-05 0.0
iv 0.0001512973749905439 0.3141153295199365
j 0.0001512973749905439 0.0
j9u 0.00022694606248581587 0.11020314013361425
ja 0.0003025947499810878 0.3141153295199365
january 0.00022694606248581587 0.0
japanese 7.564868749527195e-05 0.2340726218464
johnson 0.0001512973749905439 0.19105523676270922
journal 0.00022694606248581587 0.008733679968754631
jquery 0.00022694606248581587 0.0
js 0.0001512973749905439 0.0
json 0.0001512973749905439 0.11995931507897897
jtitle 0.0003782434374763598 0.0
july 7.564868749527195e-05 0.008733679968754631
jump 0.0001512973749905439 0.0
june 0.0003025947499810878 0.017544309650909525
k 0.0001512973749905439 0.0
kern 0.0001512973749905439 0.0
key 7.564868749527195e-05 0.0
ko 0.0003025947499810878 0.0
korean 7.564868749527195e-05 0.540239508972284
label 0.003933731749754142 0.0
labelledby 0.0001512973749905439 0.0
landmark 0.0003025947499810878 0.0
lang 0.0029502988123156063 0.0
langage 0.0001512973749905439 0.0
langlinks 0.0001512973749905439 0.0
language 0.004160677812239957 0.0
languages 0.001815568499886527 0.0
largest 7.564868749527195e-05 0.02643325706815543
larry 7.564868749527195e-05 0.08149303425118301
last 0.0009834329374385354 0.0
lastmod 7.564868749527195e-05 0.0
later 0.0003025947499810878 0.017544309650909525
latvian 7.564868749527195e-05 0.0
latviešu 7.564868749527195e-05 0.0
lazy 0.0001512973749905439 0.008733679968754631
lccn 0.00022694606248581587 0.11020314013361425
ld 0.0001512973749905439 0.7195804376281008
learn 0.0003782434374763598 0.0
left 0.0011347303124290794 0.0
lenguaje 7.564868749527195e-05 0.0
lenguaje_de_programaci 7.564868749527195e-05 0.0
level 0.0010590816249338073 0.0
level_programming_languages 7.564868749527195e-05 0.0
levels 7.564868749527195e-05 0.0
li 0.02435887737347757 0.0
libraries 7.564868749527195e-05 0.0
library 0.00045389212497163174 0.0
license 0.0003782434374763598 0.0
licensed 0.0001512973749905439 0.12981161152199053
licenses 0.0001512973749905439 0.12981161152199053
life 7.564868749527195e-05 0.02643325706815543
like 0.00022694606248581587 0.0
limit 0.0008321355624479915 0.0
limited 0.00045389212497163174 0.008733679968754631
limitreport 0.00022694606248581587 0.0
line 0.0003025947499810878 0.008733679968754631
linguagem 7.564868749527195e-05 0.0
linguagem_de_programa 7.564868749527195e-05 0.0
linguaggio 0.0001512973749905439 0.0
linguaxe 7.564868749527195e-05 0.0
linguaxe_de_programaci 7.564868749527195e-05 0.0
link 0.006127543687117028 0.08149303425118301
linkable 7.564868749527195e-05 0.8531118302526235
linked 7.564868749527195e-05 0.0721032939013439
links 0.0014373250624101672 0.0
linux 0.00022694606248581587 0.017544309650909525
list 0.008926545124442091 0.0
listbullet 0.00022694606248581587 0.0
listitem 0.0003025947499810878 0.0
littlefield 0.0001512973749905439 0.8531118302526235
llenguatge 7.564868749527195e-05 0.0
llenguatge_de_programaci 7.564868749527195e-05 0.0
load 0.00022694606248581587 0.0
loaded 7.564868749527195e-05 0.0
loader 7.564868749527195e-05 0.035401927050916
loading 0.00022694606248581587 0.0
loc 0.0001512973749905439 0.0
local_base 7.564868749527195e-05 0.0
lock 0.0008321355624479915 0.11020314013361425
log 0.0005295408124669037 0.0
logged 0.0001512973749905439 0.0
login 0.0003782434374763598 0.3141153295199365
logo 0.0006051894999621756 0.0
lot 7.564868749527195e-05 0.18058393689541388
lower 0.00045389212497163174 0.044451762570833796
ltr 0.0009834329374385354 0.0
lua 0.0001512973749905439 0.0
lv 0.0003025947499810878 0.0
m 0.0003025947499810878 0.08149303425118301
machine 0.0003782434374763598 0.0
machine_language 7.564868749527195e-05 0.0
machsix 7.564868749527195e-05 0.8531118302526235
macos 0.00022694606248581587 0.017544309650909525
macro 7.564868749527195e-05 0.017544309650909525
macro_ 7.564868749527195e-05 0.0
macros 7.564868749527195e-05 0.19105523676270922
made 0.0001512973749905439 0.035401927050916
magazine 7.564868749527195e-05 0.0
magnify 7.564868749527195e-05 0.0
magyar 7.564868749527195e-05 0.0
main 0.0018912171873817988 0.0
main_page 0.0001512973749905439 0.0
mainentity 0.0001512973749905439 0.0
mainframe 0.00022694606248581587 0.11020314013361425
mainframes 7.564868749527195e-05 0.2340726218464
mainpage 7.564868749527195e-05 0.0
maint 7.564868749527195e-05 0.09097177820572679
major 7.564868749527195e-05 0.008733679968754631
makecollapsible 0.00022694606248581587 0.0
malay 7.564868749527195e-05 0.0
malayalam 7.564868749527195e-05 0.0
management 0.0003782434374763598 0.0
mandatory 0.0003025947499810878 0.2340726218464
many 0.00045389212497163174 0.0
march 0.0003025947499810878 0.017544309650909525
margin 0.0014373250624101672 0.0
market 0.0003025947499810878 0.02643325706815543
market_penetration 0.0003782434374763598 0.8531118302526235
marketing 0.0001512973749905439 0.21233263520999412
markets 7.564868749527195e-05 0.1599646496926782
mask 7.564868749527195e-05 0.27902400970866637
match 7.564868749527195e-05 0.008733679968754631
matured 0.0001512973749905439 0.8531118302526235
max 0.0001512973749905439 0.11020314013361425
maxscript 0.00022694606248581587 0.8531118302526235
may 0.0005295408124669037 0.0
media 0.0001512973749905439 0.11995931507897897
mediawiki 0.0006051894999621756 0.0
melayu 7.564868749527195e-05 0.6340582641899388
memory 7.564868749527195e-05 0.0
memusage 7.564868749527195e-05 0.0
menu 0.007489220062031923 0.0
message 0.0001512973749905439 0.0
meta 0.0009834329374385354 0.09097177820572679
microsoft 0.0003782434374763598 0.0
microsoft_windows 0.00022694606248581587 0.0
million 7.564868749527195e-05 0.02643325706815543
millions 7.564868749527195e-05 0.2340726218464
min 7.564868749527195e-05 0.11020314013361425
minerva 0.0005295408124669037 0.0
mini 0.0003025947499810878 0.20163734609324613
ml 0.0003025947499810878 0.11995931507897897
mmv 0.0001512973749905439 0.0
mobile 0.00022694606248581587 0.0
mobileaction 7.564868749527195e-05 0.0
mobileview 7.564868749527195e-05 0.0
module 7.564868749527195e-05 0.044451762570833796
modules 0.00022694606248581587 0.0721032939013439
more 0.0012860276874196233 0.0
move 7.564868749527195e-05 0.0
moved 7.564868749527195e-05 0.0
ms 0.0012860276874196233 0.0
multiplatform 7.564868749527195e-05 0.8531118302526235
multiple 7.564868749527195e-05 0.035401927050916
must 7.564868749527195e-05 0.008733679968754631
mw 0.03320977381042439 0.0
mw1456 0.00022694606248581587 0.8531118302526235
mycontributions 7.564868749527195e-05 0.0
mytalk 7.564868749527195e-05 0.0
n 0.0010590816249338073 0.08149303425118301
n94109077 7.564868749527195e-05 0.0
name 0.0023451093123534306 0.0
named 0.0001512973749905439 0.008733679968754631
names 7.564868749527195e-05 0.02643325706815543
namespaces 7.564868749527195e-05 0.21233263520999412
nantucket 0.0012103789999243512 0.8531118302526235
national 7.564868749527195e-05 0.008733679968754631
native 0.0003782434374763598 0.0
nav 0.0010590816249338073 0.7018808605286999
navbar 0.0012860276874196233 0.20163734609324613
navbox 0.004765867312202133 0.0
navigation 0.0009834329374385354 0.0
navigationtiming 7.564868749527195e-05 0.0
nb 0.0001512973749905439 0.19105523676270922
nearby 7.564868749527195e-05 0.0
nederlands 7.564868749527195e-05 0.0
needs 7.564868749527195e-05 0.0
net 0.0005295408124669037 0.0
new 0.0008321355624479915 0.0
newer 7.564868749527195e-05 0.09097177820572679
newest 7.564868749527195e-05 0.26759531388504365
newpp 7.564868749527195e-05 0.0
news 7.564868749527195e-05 0.0
newsgroup 0.0001512973749905439 0.3141153295199365
newsgroups 7.564868749527195e-05 0.8531118302526235
nl 0.0003025947499810878 0.0721032939013439
nli 7.564868749527195e-05 0.0
nlx10 7.564868749527195e-05 0.0
no 0.0006808381874574476 0.0
node 7.564868749527195e-05 0.0
noexcerpt 7.564868749527195e-05 0.0
nofollow 0.0015886224374007112 0.0
noicon 0.0003782434374763598 0.0
nojs 7.564868749527195e-05 0.0
nomobile 7.564868749527195e-05 0.0
non 7.564868749527195e-05 0.0
none 0.0018912171873817988 0.21233263520999412
noprint 0.00045389212497163174 0.37548427589622857
normal 0.0003782434374763598 0.008733679968754631
norsk 7.564868749527195e-05 0.8737311174553593
norwegian 7.564868749527195e-05 0.0
noscript 0.0003025947499810878 0.0
nosnippet 7.564868749527195e-05 0.0
not 0.0006051894999621756 0.0
notice 7.564868749527195e-05 0.11020314013361425
november 0.00022694606248581587 0.0
nowrap 0.0003025947499810878 0.035401927050916
nowraplinks 0.0001512973749905439 0.0
ns 0.0001512973749905439 0.19105523676270922
nstab 7.564868749527195e-05 0.0
null 7.564868749527195e-05 0.0
numb 0.0007564868749527196 0.0
number 7.564868749527195e-05 0.0
nv 0.00022694606248581587 0.0
nyelv 7.564868749527195e-05 0.0
nytimes 0.0001512973749905439 0.0
o 0.0003025947499810878 0.035401927050916
oasis 0.0001512973749905439 0.8531118302526235
obj 7.564868749527195e-05 0.8531118302526235
object 0.00022694606248581587 0.0
objects 0.0009834329374385354 0.0
october 0.00022694606248581587 0.02643325706815543
odd 0.00022694606248581587 0.11995931507897897
of 0.0024964066873439748 0.0
offering 7.564868749527195e-05 0.02643325706815543
og 0.0001512973749905439 0.0
ol 0.0014373250624101672 0.0
oldid 0.00022694606248581587 0.0
on 0.0006808381874574476 0.0
one 7.564868749527195e-05 0.0
ongoing 7.564868749527195e-05 0.41419878807691896
only 0.0003025947499810878 0.0
oojs_ui_icon_edit 0.00045389212497163174 0.0
oop 0.0001512973749905439 0.14981227822866008
open 0.0001512973749905439 0.017544309650909525
opensearch_desc 7.564868749527195e-05 0.0
opensearchdescription 7.564868749527195e-05 0.0
operated 7.564868749527195e-05 0.2340726218464
operating 7.564868749527195e-05 0.035401927050916
operating_system 7.564868749527195e-05 0.540239508972284
optional 7.564868749527195e-05 0.008733679968754631
options 0.0003782434374763598 0.0
or 0.00022694606248581587 0.0
order 7.564868749527195e-05 0.008733679968754631
org 0.006732733187079204 0.0
organization 0.0003782434374763598 0.0
organizations 7.564868749527195e-05 0.0
oriented 7.564868749527195e-05 0.0
oriented_programming 7.564868749527195e-05 0.2340726218464
origin 0.0003782434374763598 0.11020314013361425
original 0.0003025947499810878 0.02643325706815543
originally 7.564868749527195e-05 0.0
os 7.564868749527195e-05 0.02643325706815543
other 7.564868749527195e-05 0.0
out 0.00022694606248581587 0.0
output 0.010515167561842802 0.008733679968754631
over 0.0001512973749905439 0.008733679968754631
overflow 0.0001512973749905439 0.19105523676270922
overview 7.564868749527195e-05 0.09097177820572679
ownership 7.564868749527195e-05 0.2340726218464
p 0.005749300249640669 0.0
padding 0.0014373250624101672 0.0
page 0.003706785687268326 0.0
pagelanguagecode 7.564868749527195e-05 0.0
pagelanguagedir 7.564868749527195e-05 0.0
pageprop 7.564868749527195e-05 0.0
pages 0.0005295408124669037 0.0
pagetype 0.0001512973749905439 0.0
pagevariantfallbacks 7.564868749527195e-05 0.0
painstakingly 7.564868749527195e-05 0.8531118302526235
panel 0.0003025947499810878 0.0
parsed 7.564868749527195e-05 0.0
parser 0.010666464936833346 0.0
part 7.564868749527195e-05 0.0
parties 0.0005295408124669037 0.7936884097818228
pascal 0.0001512973749905439 0.044451762570833796
pascal_programming_language 7.564868749527195e-05 0.0
past 7.564868749527195e-05 0.14981227822866008
paths 7.564868749527195e-05 0.8531118302526235
patroltoken 7.564868749527195e-05 0.0
pcache 7.564868749527195e-05 0.0
pdf 0.0001512973749905439 0.0
penetration 0.0003025947499810878 0.8531118302526235
pengaturcaraan 7.564868749527195e-05 0.0
permalink 7.564868749527195e-05 0.0
permanent 0.0001512973749905439 0.035401927050916
personal 0.0003782434374763598 0.0
php 0.002799001437325062 0.0
pict 7.564868749527195e-05 0.8531118302526235
pin 0.0001512973749905439 0.454472687214859
pinnable 0.0009077842499432635 0.0
pinned 0.0007564868749527196 0.0
pirating 7.564868749527195e-05 0.8531118302526235
pl 0.0003025947499810878 0.035401927050916
placeholder 7.564868749527195e-05 0.0
places 0.0006808381874574476 0.035401927050916
plainlinks 7.564868749527195e-05 0.0
ploy 7.564868749527195e-05 0.8531118302526235
png 0.001512973749905439 0.0
pointer 7.564868749527195e-05 0.0
pointers 7.564868749527195e-05 0.0
policy 0.0001512973749905439 0.0
polish 7.564868749527195e-05 1.8545603704670854
polski 7.564868749527195e-05 0.0
polynode 7.564868749527195e-05 0.8531118302526235
popular 0.0001512973749905439 0.09097177820572679
popups 7.564868749527195e-05 0.0
portable 7.564868749527195e-05 0.0
portal 0.00022694606248581587 0.06280090123903044
portlet 0.0020425145623723428 0.0
portuguese 7.564868749527195e-05 0.540239508972284
português 7.564868749527195e-05 0.8329091229351039
position 7.564868749527195e-05 0.008733679968754631
post 0.0001512973749905439 0.0
postexpandincludesize 7.564868749527195e-05 0.0
powerbuilder 0.00022694606248581587 0.8531118302526235
powered 7.564868749527195e-05 1.1340142157190256
poweredby_mediawiki_132x47 7.564868749527195e-05 0.0
poweredby_mediawiki_176x62 7.564868749527195e-05 0.0
poweredby_mediawiki_88x31 7.564868749527195e-05 0.0
poweredbyico 7.564868749527195e-05 0.0
powerful 0.0001512973749905439 0.0
ppvisitednodes 7.564868749527195e-05 0.0
pre 0.0003025947499810878 0.02643325706815543
preconnect 7.564868749527195e-05 0.0
preferable 7.564868749527195e-05 0.8531118302526235
prefetch 0.0001512973749905439 0.0
preprocessor 7.564868749527195e-05 0.0
president 7.564868749527195e-05 0.2340726218464
preview 7.564868749527195e-05 0.14981227822866008
primarily 0.0001512973749905439 0.035401927050916
print 0.0003025947499810878 0.0
print_export 0.00022694606248581587 0.0
printable 0.00022694606248581587 0.14981227822866008
printer 7.564868749527195e-05 0.035401927050916
printers 7.564868749527195e-05 0.8531118302526235
printfil 7.564868749527195e-05 0.0
printfooter 7.564868749527195e-05 0.0
privacy 0.00022694606248581587 0.0
privacy_policy 0.0001512973749905439 0.0
process 7.564868749527195e-05 0.0
product 0.0003025947499810878 0.02643325706815543
profit 7.564868749527195e-05 0.0
program 7.564868749527195e-05 0.0
programació 7.564868749527195e-05 0.0
programación 0.0001512973749905439 0.0
programação 7.564868749527195e-05 0.0
programmeertaal 0.0001512973749905439 0.0
programmer 7.564868749527195e-05 0.008733679968754631
programmiersprache 0.0001512973749905439 0.017544309650909525
programming 0.003631136999773054 0.0
programming_in_clipper 0.0003025947499810878 0.8531118302526235
programming_language 0.0029502988123156063 0.008733679968754631
programming_languages 7.564868749527195e-05 0.11995931507897897
programming_languages_created_in_1985 7.564868749527195e-05 0.0
programoz 7.564868749527195e-05 0.0
programozási 7.564868749527195e-05 0.0
programs 0.0001512973749905439 0.008733679968754631
progressive 0.0006808381874574476 0.0
project 0.0003025947499810878 0.0
projects 0.0003025947499810878 0.06280090123903044
prompt 0.0003025947499810878 0.26759531388504365
property 0.0003782434374763598 0.008733679968754631
provided 7.564868749527195e-05 0.008733679968754631
pt 0.0007564868749527196 0.02643325706815543
public 7.564868749527195e-05 0.0
published 0.0001512973749905439 0.044451762570833796
publisher 0.0001512973749905439 0.41419878807691896
purchasing 7.564868749527195e-05 0.8531118302526235
purpose 7.564868749527195e-05 0.0
push 0.00022694606248581587 0.0
pwct 0.00022694606248581587 0.8531118302526235
q 0.0005295408124669037 0.0
q834358 0.0006051894999621756 0.8531118302526235
qid 7.564868749527195e-05 0.0
quick 7.564868749527195e-05 0.0
quiet 0.00045389212497163174 0.0
quotes 7.564868749527195e-05 0.19105523676270922
r 0.0001512973749905439 0.0
r1011085734 7.564868749527195e-05 0.0
r1061467846 0.0001512973749905439 0.0
r1063604349 7.564868749527195e-05 0.0
r1066479718 0.0001512973749905439 0.0
r1129693374 0.00022694606248581587 0.0
r1133582631 0.0006808381874574476 0.0
random 0.0001512973749905439 0.21233263520999412
randomly 7.564868749527195e-05 0.2340726218464
randompage 7.564868749527195e-05 0.0
raw 7.564868749527195e-05 0.11020314013361425
rdd 7.564868749527195e-05 0.8531118302526235
re 0.0001512973749905439 0.02643325706815543
read 0.00022694606248581587 0.11020314013361425
ready 0.0013616763749148952 0.0
real 7.564868749527195e-05 0.0
rebell 7.564868749527195e-05 0.8531118302526235
recent 0.00022694606248581587 0.0721032939013439
recentchanges 0.00022694606248581587 0.0
recentchangeslinked 0.0001512973749905439 0.0
recursion 7.564868749527195e-05 0.0
red 7.564868749527195e-05 0.12981161152199053
redirect 0.0020425145623723428 0.02643325706815543
redlink 0.0001512973749905439 0.0
reduced 7.564868749527195e-05 0.0
reference 0.001966865874877071 0.035401927050916
references 0.0008321355624479915 0.0
referencetooltips 7.564868749527195e-05 0.0
referrer 0.00022694606248581587 0.0
reflist 0.0011347303124290794 0.0
registered 7.564868749527195e-05 0.0
registration 0.0001512973749905439 0.5705448584676129
rel 0.0037824343747635976 0.0
related 0.0001512973749905439 0.02643325706815543
relationship 7.564868749527195e-05 0.08149303425118301
release 0.00022694606248581587 0.02643325706815543
released 0.0013616763749148952 0.017544309650909525
remain 7.564868749527195e-05 0.05358424613410626
remained 7.564868749527195e-05 0.19105523676270922
renamed 7.564868749527195e-05 0.017544309650909525
rendering 7.564868749527195e-05 0.0
repeat 0.0003025947499810878 0.0721032939013439
replace 7.564868749527195e-05 0.008733679968754631
replaceable 7.564868749527195e-05 0.8531118302526235
replacement 7.564868749527195e-05 0.11020314013361425
report 0.0001512973749905439 0.0
reported 7.564868749527195e-05 0.044451762570833796
request 7.564868749527195e-05 0.14981227822866008
require 7.564868749527195e-05 0.0
reset 7.564868749527195e-05 0.044451762570833796
resourceloaderdynamicstyles 7.564868749527195e-05 0.0
result 7.564868749527195e-05 0.0
retrieved 0.0001512973749905439 0.0
returnto 0.0003025947499810878 0.0
rev 7.564868749527195e-05 0.8531118302526235
revision 0.00022694606248581587 0.0
revisions 7.564868749527195e-05 0.6844891178168307
revival 0.00022694606248581587 0.8531118302526235
revival_by_third 0.0003025947499810878 0.8531118302526235
rfr_id 0.0006808381874574476 0.0
rft 0.0024207579998487025 0.0
rft_id 0.0006808381874574476 0.0
rft_val_fmt 0.0006808381874574476 0.0
rgba 7.564868749527195e-05 0.0
rifkin 0.0001512973749905439 0.8531118302526235
right 0.0009077842499432635 0.0
rl 7.564868749527195e-05 0.0
rlconf 7.564868749527195e-05 0.0
rlpagemodules 7.564868749527195e-05 0.0
rlq 0.00045389212497163174 0.0
rlstate 7.564868749527195e-05 0.0
robots 7.564868749527195e-05 0.5108256237659907
rod 0.0001512973749905439 0.8531118302526235
role 0.0012103789999243512 0.0
roman 0.0003025947499810878 0.37548427589622857
rootpage 7.564868749527195e-05 0.0
row 0.0005295408124669037 0.11020314013361425
rsd 0.0001512973749905439 0.0
ru 0.0003025947499810878 0.8947845266531914
run 7.564868749527195e-05 0.0
running 7.564868749527195e-05 0.02643325706815543
runtime 0.0001512973749905439 0.0
runtime_library 7.564868749527195e-05 0.0
russell 7.564868749527195e-05 0.20163734609324613
russian 7.564868749527195e-05 0.540239508972284
s 0.0006808381874574476 0.0
sa 0.0001512973749905439 0.0
sameas 0.0001512973749905439 0.0
saved 7.564868749527195e-05 0.0
say 0.00022694606248581587 0.19105523676270922
schema 0.0001512973749905439 0.02643325706815543
science 0.0001512973749905439 0.008733679968754631
scope 0.0006051894999621756 0.0721032939013439
screen 0.0001512973749905439 0.044451762570833796
scribunto 7.564868749527195e-05 0.044451762570833796
script 0.0010590816249338073 0.14981227822866008
scripts 7.564868749527195e-05 0.10054122922187746
search 0.0020425145623723428 0.0
searchaux 7.564868749527195e-05 0.0
searchbutton 0.0003025947499810878 0.0
searchform 7.564868749527195e-05 0.0
searchinput 7.564868749527195e-05 0.0
seasonal 7.564868749527195e-05 0.8531118302526235
seconds 0.00022694606248581587 0.0
section 0.001512973749905439 0.008733679968754631
selected 0.0003025947499810878 0.008733679968754631
selector 7.564868749527195e-05 0.0
selflink 0.00022694606248581587 0.0
selling 0.00022694606248581587 0.02643325706815543
sentences 7.564868749527195e-05 0.0
september 0.0001512973749905439 0.008733679968754631
served 7.564868749527195e-05 0.08149303425118301
server 7.564868749527195e-05 0.017544309650909525
set 0.0003025947499810878 0.0
several 7.564868749527195e-05 0.0
sha1 7.564868749527195e-05 0.0
shadow 0.00022694606248581587 0.26759531388504365
sharealike 7.564868749527195e-05 0.0
sharealike_3 7.564868749527195e-05 0.0
shared 7.564868749527195e-05 0.0
short 0.00045389212497163174 0.0
short_description 0.0001512973749905439 0.0
short_description_is_different_from_wikidata 7.564868749527195e-05 0.0
shortdescription 7.564868749527195e-05 0.0
show 0.0003025947499810878 0.0
sidebar 0.0008321355624479915 0.0
silva 0.0001512973749905439 0.8531118302526235
simple 0.0003025947499810878 0.017544309650909525
simplesearch 7.564868749527195e-05 0.0
site 0.0003782434374763598 0.0
sitedir 7.564868749527195e-05 0.0
sitelinks 7.564868749527195e-05 0.0
sitenotice 0.0001512973749905439 0.0
sitesub 7.564868749527195e-05 0.0
sitesupport 7.564868749527195e-05 0.0
six 7.564868749527195e-05 0.18058393689541388
size 0.0011347303124290794 0.0
sizing 7.564868749527195e-05 0.11020314013361425
skin 0.0009834329374385354 0.8131064956389242
skins 0.00045389212497163174 0.0
small 0.0003782434374763598 0.0
smaller 7.564868749527195e-05 0.02643325706815543
software 0.001739919812391255 0.017544309650909525
software_release_life_cycle 7.564868749527195e-05 0.0
sold 0.00022694606248581587 0.044451762570833796
solid 0.00022694606248581587 0.19105523676270922
source 7.564868749527195e-05 0.0
sourceforge 7.564868749527195e-05 0.044451762570833796
soviet 0.00045389212497163174 0.49643688631389105
space 0.00022694606248581587 0.0721032939013439
spacing 0.0003025947499810878 0.0
span 0.02549360768590665 0.044451762570833796
spanish 7.564868749527195e-05 0.3629054936893685
special 0.001815568499886527 0.0
specialpages 0.0001512973749905439 0.0
specific 7.564868749527195e-05 0.0
sql 0.00022694606248581587 0.02643325706815543
sqlexecute 7.564868749527195e-05 0.8531118302526235
src 0.0007564868749527196 0.0
srcset 0.0003025947499810878 0.0
stable 7.564868749527195e-05 0.017544309650909525
standalone 7.564868749527195e-05 0.044451762570833796
standard 0.0003025947499810878 0.0
start 0.0001512973749905439 0.0721032939013439
started 0.0001512973749905439 0.02643325706815543
startup 0.0001512973749905439 0.0
statement 7.564868749527195e-05 0.0
states 7.564868749527195e-05 0.035401927050916
static 0.0009834329374385354 0.0
statistics 7.564868749527195e-05 0.0
stats 7.564868749527195e-05 0.0
statslink 7.564868749527195e-05 0.0
status 7.564868749527195e-05 0.0
sticky 0.0001512973749905439 0.0
still 7.564868749527195e-05 0.0
stopmobileredirecttoggle 7.564868749527195e-05 0.0
string 0.0001512973749905439 0.0
string_ 7.564868749527195e-05 0.0
strive 7.564868749527195e-05 0.8531118302526235
strong 0.0003025947499810878 0.008733679968754631
strong_typing 7.564868749527195e-05 0.0
structured 0.00022694606248581587 0.035401927050916
style 0.005068462062183221 0.0
styles 0.0011347303124290794 0.0
stylesheet 0.0001512973749905439 0.0
subbox 7.564868749527195e-05 0.0
subgroup 0.0003782434374763598 0.0
subheader 7.564868749527195e-05 0.0
subject 7.564868749527195e-05 0.10054122922187746
sublist 0.0009077842499432635 0.0
submit 0.0001512973749905439 0.0
subscription 0.0001512973749905439 0.0
subsection 0.0001512973749905439 0.0
subtitle 7.564868749527195e-05 0.0
success 7.564868749527195e-05 0.02643325706815543
such 0.0001512973749905439 0.0
suggestededitsession 7.564868749527195e-05 0.0
summary 7.564868749527195e-05 0.14981227822866008
summer 0.0001512973749905439 0.02643325706815543
sup 0.0028746501248203345 0.0
support 0.0001512973749905439 0.0
supporting 0.0001512973749905439 0.0
svg 0.0009077842499432635 0.0
switcher 7.564868749527195e-05 0.0
syntax 0.0001512973749905439 0.0
system 7.564868749527195e-05 0.0
t 0.0009077842499432635 0.02643325706815543
tab 0.0003782434374763598 0.19105523676270922
tabindex 0.0001512973749905439 0.0
table 0.0008321355624479915 0.0
tabs 0.0001512973749905439 4.051784947803305
tag 7.564868749527195e-05 0.02643325706815543
tagline 0.00022694606248581587 0.0
tags 7.564868749527195e-05 0.0
talk 0.00045389212497163174 0.05358424613410626
target 0.001739919812391255 0.0
targetloader 7.564868749527195e-05 0.0
tate 0.0001512973749905439 0.8531118302526235
tb 0.00022694606248581587 0.0
tbody 0.00045389212497163174 0.0
td 0.001966865874877071 0.0
technical 0.0001512973749905439 0.044451762570833796
tek 0.0001512973749905439 0.0
telephone 7.564868749527195e-05 0.48225225132193467
template 0.0020425145623723428 0.0
template_talk 7.564868749527195e-05 0.0
templateargumentsize 7.564868749527195e-05 0.0
templatestyles 0.0013616763749148952 0.0
terms 0.0001512973749905439 0.0
terms_of_use 7.564868749527195e-05 0.0
text 0.004387623874725774 0.0
text_of_the_creative_commons_attribution 7.564868749527195e-05 0.0
th 0.0012103789999243512 1.8545603704670854
than 7.564868749527195e-05 0.0
that 0.0005295408124669037 0.0
the 0.004917164687192677 0.0
the_new_york_times 7.564868749527195e-05 0.0
their 0.0001512973749905439 0.008733679968754631
then 7.564868749527195e-05 0.0
these 0.0001512973749905439 0.0
they 7.564868749527195e-05 0.008733679968754631
third 0.00022694606248581587 0.10054122922187746
this 0.0020425145623723428 0.0
thocp 0.0003782434374763598 0.8531118302526235
those 7.564868749527195e-05 0.0
three 7.564868749527195e-05 0.02643325706815543
thumb 0.00045389212497163174 0.0
thumbcaption 7.564868749527195e-05 0.0
thumbimage 7.564868749527195e-05 0.0
thumbinner 7.564868749527195e-05 0.0
thumbnail 7.564868749527195e-05 0.0
time 0.0005295408124669037 0.0
times 0.0003025947499810878 0.02643325706815543
timestamp 0.0001512973749905439 0.0
timeusage 7.564868749527195e-05 0.0
timingprofile 7.564868749527195e-05 0.0
tips 0.0001512973749905439 0.3141153295199365
title 0.018458279748846357 0.0
titlebar 0.0006051894999621756 0.0
titleform 7.564868749527195e-05 0.0
to 0.003631136999773054 0.0
toc 0.009607383311899538 0.0
toggle 0.0009834329374385354 0.0
toggle_view_mobile 7.564868749527195e-05 0.0
tokens 7.564868749527195e-05 3.6463198396951406
too 7.564868749527195e-05 0.02643325706815543
took 7.564868749527195e-05 0.10054122922187746
tool 7.564868749527195e-05 0.0
toolbar 0.00022694606248581587 0.0
tools 0.0009834329374385354 0.0
top 0.0006808381874574476 0.0
total 0.0001512973749905439 0.0
touch 0.0001512973749905439 2.4423470353692043
tr 0.0022694606248581588 0.08149303425118301
trademark 7.564868749527195e-05 0.0
traditional 7.564868749527195e-05 0.12981161152199053
trained 7.564868749527195e-05 0.8531118302526235
transclusion 7.564868749527195e-05 0.0
transientcontent 7.564868749527195e-05 0.0
transition 7.564868749527195e-05 0.05358424613410626
transparent 0.0005295408124669037 0.11020314013361425
triggered 7.564868749527195e-05 0.0
tright 7.564868749527195e-05 0.0
true 0.001664271124895983 0.0
ttl 7.564868749527195e-05 0.0
type 0.0026477040623345185 0.0
typed 0.00022694606248581587 0.017544309650909525
typically 7.564868749527195e-05 0.0
typing 0.0003025947499810878 0.008733679968754631
u 0.0001512973749905439 0.035401927050916
ui 0.004463272562221046 0.0
uid 0.00022694606248581587 0.0
uk 0.0003025947499810878 0.09097177820572679
ukrainian 7.564868749527195e-05 1.749199854809259
ul 0.006278841062107573 0.0
uli 7.564868749527195e-05 3.3586377672433594
uls 0.0003782434374763598 0.0
under 0.0003025947499810878 0.0
union 7.564868749527195e-05 0.017544309650909525
united 7.564868749527195e-05 0.035401927050916
unix 0.00022694606248581587 0.02643325706815543
unknown 0.00045389212497163174 0.008733679968754631
unpin 0.0001512973749905439 0.0
unpinned 0.0001512973749905439 0.0
unstrip 0.0003025947499810878 0.0
updated 0.0001512973749905439 0.08149303425118301
upload 0.0012103789999243512 0.14981227822866008
upper 0.0003025947499810878 0.11020314013361425
url 0.0006808381874574476 0.0721032939013439
us 0.0001512973749905439 0.02643325706815543
usage 0.0003025947499810878 0.0
use 0.0003025947499810878 0.0
used 0.00022694606248581587 0.0
uselang 7.564868749527195e-05 0.0
usenet 0.0007564868749527196 0.27902400970866637
user 0.0020425145623723428 0.0
useradd 0.0001512973749905439 0.0
userlogin 0.0001512973749905439 0.0
uses 7.564868749527195e-05 0.008733679968754631
using 0.00022694606248581587 0.0
utc 7.564868749527195e-05 0.0
utf 7.564868749527195e-05 0.21233263520999412
utm_campaign 7.564868749527195e-05 0.0
utm_medium 7.564868749527195e-05 0.0
utm_source 7.564868749527195e-05 0.0
ux 7.564868749527195e-05 0.0
v 7.564868749527195e-05 0.044451762570833796
v6 7.564868749527195e-05 0.8531118302526235
valid 0.0001512973749905439 0.008733679968754631
value 0.0009834329374385354 0.0
var 0.0001512973749905439 0.11020314013361425
variant 0.00022694606248581587 0.0
variants 0.00045389212497163174 0.0
various 0.0001512973749905439 0.0
vary 7.564868749527195e-05 0.0
ve 7.564868749527195e-05 0.25629575863111026
vector 0.020803389061199787 0.0
vendors 7.564868749527195e-05 0.19105523676270922
version 0.00045389212497163174 0.0
version_history 0.0003782434374763598 0.8531118302526235
versions 0.0003025947499810878 0.035401927050916
vertical 7.564868749527195e-05 0.19105523676270922
very 7.564868749527195e-05 0.0
vevent 7.564868749527195e-05 0.0
view 0.0008321355624479915 0.0
viewport 7.564868749527195e-05 0.0
views 0.00022694606248581587 0.02643325706815543
viewthread 7.564868749527195e-05 0.0
virtual 0.0001512973749905439 0.0
virtual_machine 7.564868749527195e-05 0.0
visible 7.564868749527195e-05 0.044451762570833796
visit 0.0001512973749905439 0.0
visited 7.564868749527195e-05 0.0
visual 0.0013616763749148952 0.0
visual_basic 7.564868749527195e-05 0.0
visual_foxpro 0.0001512973749905439 0.0
visual_objects 0.0003025947499810878 0.0
visualeditor 0.0003025947499810878 0.0
viva 0.0001512973749905439 0.8531118302526235
vivaclipper 7.564868749527195e-05 0.0
vo 7.564868749527195e-05 0.09097177820572679
vp 0.00022694606248581587 0.02643325706815543
vue 0.0001512973749905439 0.11995931507897897
vulcan 7.564868749527195e-05 0.8531118302526235
w 0.002799001437325062 0.0
walltime 7.564868749527195e-05 0.0
warren 0.0001512973749905439 0.21233263520999412
was 0.0012860276874196233 0.0
watchlist 7.564868749527195e-05 0.0
watchtoken 7.564868749527195e-05 0.0
wb 0.0001512973749905439 0.0
wbc 7.564868749527195e-05 0.0
wbr 0.0003025947499810878 0.0
web 0.0006808381874574476 0.0
website 0.0001512973749905439 0.0
weight 0.0003782434374763598 0.7195804376281008
well 0.0003025947499810878 0.008733679968754631
were 0.00045389212497163174 0.02643325706815543
western 7.564868749527195e-05 0.2340726218464
wgaction 7.564868749527195e-05 0.0
wgarticleid 7.564868749527195e-05 0.0
wgbackendresponsetime 7.564868749527195e-05 0.0
wgbreakframes 7.564868749527195e-05 0.0
wgcanonicalnamespace 7.564868749527195e-05 0.0
wgcanonicalspecialpagename 7.564868749527195e-05 0.0
wgcategories 7.564868749527195e-05 0.0
wgcentralauthmobiledomain 7.564868749527195e-05 0.0
wgcspnonce 7.564868749527195e-05 0.0
wgcurrevisionid 7.564868749527195e-05 0.0
wgdefaultdateformat 7.564868749527195e-05 0.0
wgdigittransformtable 7.564868749527195e-05 0.0
wgeditsubmitbuttonlabelpublish 7.564868749527195e-05 0.0
wgflaggedrevsparams 7.564868749527195e-05 0.0
wggestructuredtaskrejectionreasontextinputenabled 7.564868749527195e-05 0.0
wggetopicsmatchmodeenabled 7.564868749527195e-05 0.0
wghostname 7.564868749527195e-05 0.0
wgisarticle 7.564868749527195e-05 0.0
wgisprobablyeditable 7.564868749527195e-05 0.0
wgisredirect 7.564868749527195e-05 0.0
wgmediaviewerenabledbydefault 7.564868749527195e-05 0.0
wgmediavieweronclick 7.564868749527195e-05 0.0
wgmfdisplaywikibasedescriptions 7.564868749527195e-05 0.0
wgmonthnames 7.564868749527195e-05 0.0
wgnamespacenumber 7.564868749527195e-05 0.0
wgnoticeproject 7.564868749527195e-05 0.0
wgpagecontentlanguage 7.564868749527195e-05 0.0
wgpagecontentmodel 7.564868749527195e-05 0.0
wgpagename 7.564868749527195e-05 0.0
wgpageparsereport 7.564868749527195e-05 0.0
wgpopupsflags 7.564868749527195e-05 0.0
wgrelevantarticleid 7.564868749527195e-05 0.0
wgrelevantpageisprobablyeditable 7.564868749527195e-05 0.0
wgrelevantpagename 7.564868749527195e-05 0.0
wgrequestid 7.564868749527195e-05 0.0
wgrestrictionedit 7.564868749527195e-05 0.0
wgrestrictionmove 7.564868749527195e-05 0.0
wgrevisionid 7.564868749527195e-05 0.0
wgseparatortransformtable 7.564868749527195e-05 0.0
wgtitle 7.564868749527195e-05 0.0
wgulscurrentautonym 7.564868749527195e-05 0.0
wgulsiscompactlinksenabled 7.564868749527195e-05 0.0
wgulsislanguageselectorempty 7.564868749527195e-05 0.0
wgulsposition 7.564868749527195e-05 0.0
wgusergroups 7.564868749527195e-05 0.0
wgusername 7.564868749527195e-05 0.0
wgvector2022previewpages 7.564868749527195e-05 0.0
wgvisualeditor 7.564868749527195e-05 0.0
wgwikibaseitemid 7.564868749527195e-05 0.0
wgwmepagelength 7.564868749527195e-05 0.0
wgwmeschemaeditattemptstepoversample 7.564868749527195e-05 0.0
what 7.564868749527195e-05 0.0
whatlinkshere 0.0001512973749905439 0.0
when 0.0001512973749905439 0.0
where 7.564868749527195e-05 0.0
which 0.0003025947499810878 0.0
while 7.564868749527195e-05 0.017544309650909525
white 0.00022694606248581587 0.0721032939013439
width 0.0024207579998487025 0.0
wiki 0.013011574249186777 0.0
wikibase 0.0003025947499810878 0.0
wikidata 0.0010590816249338073 0.0
wikimedia 0.00310159618730615 0.0
wikimediabadges 0.0001512973749905439 0.0
wikimediaevents 7.564868749527195e-05 0.0
wikimediafoundation 0.0001512973749905439 0.0
wikipedia 0.007186625312050836 0.0
wikisource 7.564868749527195e-05 3.6463198396951406
wikitext 7.564868749527195e-05 0.0
window 0.00022694606248581587 0.11020314013361425
windows 0.0007564868749527196 0.0
winter 0.0001512973749905439 0.8531118302526235
winworldpc 7.564868749527195e-05 0.0
with 0.0014373250624101672 0.0
wmf 0.00022694606248581587 0.0
word 0.0003025947499810878 0.044451762570833796
wordmark 0.0001512973749905439 0.0
wordpress 0.0001512973749905439 0.0
works 7.564868749527195e-05 0.11020314013361425
world 0.0003025947499810878 0.0
worldwide 7.564868749527195e-05 0.14981227822866008
wpformidentifier 7.564868749527195e-05 0.0
wrap 0.0001512973749905439 0.5108256237659907
wrapped 7.564868749527195e-05 0.8131064956389242
written 7.564868749527195e-05 0.0
ws 7.564868749527195e-05 0.0
www 0.0018912171873817988 0.0
x 0.00022694606248581587 0.0
xbase 0.0021181632498676146 0.8531118302526235
xbase_programming_language 0.0001512973749905439 0.0
xbase_programming_language_family 7.564868749527195e-05 0.0
xharbour 0.0009834329374385354 0.8531118302526235
xide 7.564868749527195e-05 0.8531118302526235
xml 0.00022694606248581587 0.14981227822866008
xsharp 0.0003782434374763598 0.8531118302526235
y 0.0001512973749905439 0.008733679968754631
years 0.00022694606248581587 0.017544309650909525
yes 7.564868749527195e-05 0.7936884097818228
york 0.0003025947499810878 0.1599646496926782
you 0.0003782434374763598 0.0
yue 0.0003025947499810878 0.0
z 0.0001512973749905439 0.11020314013361425
z39 0.0006808381874574476 0.0
z3988 0.0006808381874574476 0.0
zfillfunction 7.564868749527195e-05 0.8531118302526235
zh 0.00045389212497163174 1.3109449238781037
русский 7.564868749527195e-05 0.7375989431307791
українська 7.564868749527195e-05 0.0
ക 7.564868749527195e-05 0.0
ഗ 7.564868749527195e-05 0.0
ങ 7.564868749527195e-05 0.0
പ 0.0001512973749905439 0.0
പർ 7.564868749527195e-05 0.0
ഭ 7.564868749527195e-05 0.0
മ 7.564868749527195e-05 0.0
മലയ 7.564868749527195e-05 0.0
ര 0.0001512973749905439 0.0
ല 7.564868749527195e-05 0.0
ള 7.564868749527195e-05 0.11995931507897897
ഷ 7.564868749527195e-05 0.0
プログラミング言語 7.564868749527195e-05 0.0
中文 7.564868749527195e-05 0.0
日本語 7.564868749527195e-05 0.0
粵語 7.564868749527195e-05 0.6177977433181585
언어 7.564868749527195e-05 0.0
클리퍼 7.564868749527195e-05 0.0
프로그래밍 7.564868749527195e-05 0.0
한국어 7.564868749527195e-05 0.0
