0 0.006326132310384279 0.0
00 0.0002018978396931153 0.0
000 0.00013459855979541018 0.0
01 0.00013459855979541018 0.008733679968754631
02 0.00026919711959082036 0.0
026 0.0002018978396931153 0.3629054936893685
039 0.00026919711959082036 0.22314355131420976
04 0.0006056935190793458 0.017544309650909525
06 0.00013459855979541018 0.008733679968754631
06360 0.00026919711959082036 1.2185716037470886
07 0.00026919711959082036 0.0
08 6.729927989770509e-05 0.0
09 0.0002018978396931153 0.09097177820572679
0_unported_license 6.729927989770509e-05 0.0
0b 6.729927989770509e-05 0.27902400970866637
1 0.004172555353657716 0.0
10 0.0016151827175449223 0.0
100 0.001480584157749512 0.0
1000 6.729927989770509e-05 0.0
10000 6.729927989770509e-05 0.008733679968754631
1000000 0.00013459855979541018 0.0
1016 0.0002018978396931153 0.10054122922187746
10t23 0.00013459855979541018 0.0
11 0.0004710949592839357 0.008733679968754631
1109 0.0002018978396931153 0.13976194237515863
114 0.0002018978396931153 0.2340726218464
1141918130 0.0004710949592839357 1.2185716037470886
117 6.729927989770509e-05 0.0
12 0.0009421899185678714 0.008733679968754631
121 6.729927989770509e-05 0.2340726218464
121px 6.729927989770509e-05 0.0
1240 0.00013459855979541018 1.2185716037470886
125em 0.00033649639948852547 0.0
127 6.729927989770509e-05 0.11020314013361425
12px 6.729927989770509e-05 0.0
12s5i 6.729927989770509e-05 0.0
13 0.0006056935190793458 0.0
133 6.729927989770509e-05 0.008733679968754631
1351 0.00013459855979541018 1.2185716037470886
14 0.0004710949592839357 0.008733679968754631
145 6.729927989770509e-05 0.05358424613410626
1489108 0.0002018978396931153 1.2185716037470886
15 0.0005383942391816407 0.0
160 0.0006056935190793458 0.2340726218464
17 0.0004037956793862306 0.0
18 0.00013459855979541018 0.0
1814400 0.00013459855979541018 0.0
182px 6.729927989770509e-05 0.0
19 0.00026919711959082036 0.0
1989 6.729927989770509e-05 0.02643325706815543
1993 6.729927989770509e-05 0.02643325706815543
1em 0.0004037956793862306 0.0
1px 0.0002018978396931153 0.0
1x1 6.729927989770509e-05 0.0
2 0.001413284877851807 0.0
20 0.0004037956793862306 0.0
2003 0.0004037956793862306 0.02643325706815543
2004 0.0012786863180563968 0.06280090123903044
2005 0.0005383942391816407 0.0
2009 0.00013459855979541018 0.0
2010 0.0004710949592839357 0.008733679968754631
20100412012221 6.729927989770509e-05 0.0
2011 0.0008748906386701663 0.0
20110615191026 6.729927989770509e-05 0.0
20110813164042 6.729927989770509e-05 0.0
20110903124517 6.729927989770509e-05 0.0
20111224221001 6.729927989770509e-05 0.0
2012 0.00033649639948852547 0.0721032939013439
2013 0.00033649639948852547 0.017544309650909525
20131022091250 6.729927989770509e-05 0.0
20131029190618 6.729927989770509e-05 0.0
2015 0.00013459855979541018 0.017544309650909525
20150607005903 6.729927989770509e-05 0.0
20150607014753 6.729927989770509e-05 0.0
2017 0.0008748906386701663 0.0
2018 0.00033649639948852547 0.09097177820572679
2022 0.00033649639948852547 0.0
2023 0.0002018978396931153 0.0
20230314103826 6.729927989770509e-05 1.2185716037470886
20230314103827 0.00013459855979541018 1.2185716037470886
2097152 0.00026919711959082036 0.0
21 0.00013459855979541018 0.0
213 0.00013459855979541018 0.10054122922187746
22 0.00013459855979541018 0.0
229 0.00013459855979541018 0.06280090123903044
23 6.729927989770509e-05 0.02643325706815543
235 0.00013459855979541018 0.06280090123903044
242px 6.729927989770509e-05 0.0
25 0.00026919711959082036 0.0
255 6.729927989770509e-05 0.044451762570833796
256 0.00013459855979541018 0.044451762570833796
25em 0.0008748906386701663 0.0
26 0.0004037956793862306 0.0
26frmfile 6.729927989770509e-05 0.0
27 6.729927989770509e-05 0.0
2724 0.00013459855979541018 1.2185716037470886
2731 0.00013459855979541018 1.2185716037470886
27s 6.729927989770509e-05 0.0
27t15 0.00013459855979541018 0.0
28 0.00026919711959082036 0.017544309650909525
29 6.729927989770509e-05 0.0
29z 0.00013459855979541018 0.0
2c 0.0005383942391816407 0.8531118302526235
2c7b 6.729927989770509e-05 1.2185716037470886
2cicon 6.729927989770509e-05 0.0
2cstyles 6.729927989770509e-05 0.0
2em 0.00013459855979541018 0.0
2f 0.0012113870381586917 0.0
2f10 0.00013459855979541018 0.0
2fabout 0.00013459855979541018 0.0
2faimms 0.0004037956793862306 0.0
2faimms_ref 6.729927989770509e-05 0.0
2faimms_user 6.729927989770509e-05 0.0
2faimmsosi 6.729927989770509e-05 0.0
2fb2b 6.729927989770509e-05 0.0
2fblog 0.00013459855979541018 0.0
2fblogs 6.729927989770509e-05 0.0
2fbooks 0.00013459855979541018 0.0
2fbusiness 6.729927989770509e-05 0.0
2fcase_studies 6.729927989770509e-05 0.0
2fclass 6.729927989770509e-05 0.0
2fcontent 6.729927989770509e-05 0.0
2fdownload 0.00026919711959082036 0.0
2fdutch 6.729927989770509e-05 0.0
2fe 6.729927989770509e-05 0.0
2fedelman 6.729927989770509e-05 0.0
2fee458 6.729927989770509e-05 0.0
2fen 0.0010094891984655764 0.0
2fenglish 6.729927989770509e-05 0.0
2ffeature_articles 0.00013459855979541018 0.0
2ffmt 0.0010094891984655764 0.0
2fframes 6.729927989770509e-05 0.0
2ffrorinbrazil 6.729927989770509e-05 0.0
2fglobalsolutions 6.729927989770509e-05 0.0
2fhome 6.729927989770509e-05 0.0
2findustry_commentary 6.729927989770509e-05 0.0
2finforms 6.729927989770509e-05 0.0
2fj 0.00013459855979541018 0.0
2fjune 6.729927989770509e-05 0.0
2fmanuals 0.00013459855979541018 0.0
2fmedia_centre 6.729927989770509e-05 0.0
2fmoving 6.729927989770509e-05 0.0
2fms 6.729927989770509e-05 0.0
2fnews 0.0002018978396931153 0.0
2fnews_integration_planning 6.729927989770509e-05 0.0
2forms 0.0002018978396931153 0.0
2fpes 0.00013459855979541018 0.0
2fpjm 6.729927989770509e-05 0.0
2fpress 0.00013459855979541018 0.0
2fpublic 6.729927989770509e-05 0.0
2fshell_elsevier_article 6.729927989770509e-05 0.0
2ftechnology 6.729927989770509e-05 0.0
2ftnt 6.729927989770509e-05 0.0
2fwww 0.0006056935190793458 0.0
2px 0.00013459855979541018 0.0
2x 0.00026919711959082036 0.0
3 0.0012786863180563968 0.0
30em 6.729927989770509e-05 0.0
31 0.00013459855979541018 0.008733679968754631
3125em 6.729927989770509e-05 0.0
31460418 0.0002018978396931153 1.2185716037470886
33 0.00013459855979541018 0.008733679968754631
375 0.00013459855979541018 1.0560526742493137
38z 0.00013459855979541018 0.0
397 0.00013459855979541018 1.2185716037470886
3a 0.0011440877582609866 0.09097177820572679
3a3 6.729927989770509e-05 0.0
3aaimms 0.0010094891984655764 0.0
3abook 0.0006056935190793458 0.0
3adoi 0.00013459855979541018 0.0
3ajournal 0.0004037956793862306 0.0
3akev 0.0010094891984655764 0.0
3amtx 0.0010094891984655764 0.0
3aofi 0.0010094891984655764 0.0
3asid 0.0010094891984655764 0.0
3cols 6.729927989770509e-05 0.0
3dindex 6.729927989770509e-05 0.0
3dtopic 6.729927989770509e-05 0.0
3dwjyart7vye8c 6.729927989770509e-05 0.0
3em 0.00013459855979541018 0.0
3ffrmname 6.729927989770509e-05 0.0
3fid 6.729927989770509e-05 0.0
3px 0.00013459855979541018 0.0
4 0.0012113870381586917 0.0
40 0.00033649639948852547 0.017544309650909525
400 0.00013459855979541018 0.0
4020 0.00026919711959082036 1.2185716037470886
408 0.00013459855979541018 0.19105523676270922
42456 0.00026919711959082036 1.2185716037470886
43 0.00026919711959082036 0.008733679968754631
453 0.00013459855979541018 1.2185716037470886
4731124 0.00013459855979541018 1.2185716037470886
49 0.00013459855979541018 0.008733679968754631
4925 6.729927989770509e-05 1.2185716037470886
4c 6.729927989770509e-05 4.74493212836325
4em 0.00013459855979541018 0.0
5 0.0004710949592839357 0.0
50 0.00013459855979541018 0.0
500 0.00013459855979541018 0.0
5000000 0.00013459855979541018 0.0
52219 0.00013459855979541018 1.2185716037470886
52428800 0.00013459855979541018 0.0
557 0.0005383942391816407 1.2185716037470886
57 0.00013459855979541018 0.02643325706815543
57570 0.00013459855979541018 1.2185716037470886
589 0.00013459855979541018 0.3260915205666521
592 0.00013459855979541018 0.19105523676270922
5db72c4b6fe5 6.729927989770509e-05 1.2185716037470886
5em 0.00033649639948852547 0.0
5x 0.00026919711959082036 0.11020314013361425
6 0.0012113870381586917 0.0
65 6.729927989770509e-05 0.02643325706815543
660 0.00013459855979541018 1.2185716037470886
67 0.00013459855979541018 0.008733679968754631
687 6.729927989770509e-05 0.41419878807691896
7 0.0009421899185678714 0.0
720px 6.729927989770509e-05 0.0
7547 0.00026919711959082036 1.2185716037470886
76 0.00013459855979541018 0.02643325706815543
7cext 0.0002018978396931153 0.0
7cjquery 6.729927989770509e-05 0.0
7cmediawiki 6.729927989770509e-05 0.0
7cskins 6.729927989770509e-05 0.0
7cwikibase 6.729927989770509e-05 0.0
7em 6.729927989770509e-05 0.0
8 0.0004710949592839357 0.008733679968754631
80 0.0002018978396931153 0.0
81 0.0002018978396931153 0.008733679968754631
8125em 6.729927989770509e-05 0.0
82 0.00013459855979541018 0.017544309650909525
83 0.00013459855979541018 0.1599646496926782
838 0.00013459855979541018 0.2340726218464
84 0.00013459855979541018 0.02643325706815543
843 0.00013459855979541018 0.2340726218464
84ab 6.729927989770509e-05 1.2185716037470886
85 0.0002018978396931153 0.0
86 0.0002018978396931153 0.017544309650909525
863 0.00013459855979541018 0.05358424613410626
869 0.00013459855979541018 1.2185716037470886
87 0.0002018978396931153 0.008733679968754631
870 0.00013459855979541018 0.40112670650956617
8727 0.004374453193350831 0.0
87_ 6.729927989770509e-05 0.0
88 0.0012786863180563968 0.035401927050916
8c 0.00013459855979541018 0.7195804376281008
8c_ 0.0002018978396931153 0.0
9 0.00033649639948852547 0.0
90 6.729927989770509e-05 0.0
91 0.0010767884783632815 0.035401927050916
927 0.00013459855979541018 0.6017974019717174
93 0.0010767884783632815 0.13976194237515863
95 0.00013459855979541018 0.09097177820572679
978 0.0008075913587724611 0.0
99 0.00013459855979541018 0.08149303425118301
9px 0.0002018978396931153 0.0
_a 6.729927989770509e-05 0.0
_nort2004 6.729927989770509e-05 0.0
_r 6.729927989770509e-05 0.0
_vanderbei 0.0002018978396931153 0.0
a 0.049868766404199474 0.0
a0 0.00013459855979541018 0.3504829736908114
a2a9b1 6.729927989770509e-05 0.0
a7 0.00026919711959082036 0.3504829736908114
a8 6.729927989770509e-05 0.0
aa 0.0002018978396931153 0.2340726218464
abbr 0.0005383942391816407 0.0
ability 6.729927989770509e-05 0.0
able 6.729927989770509e-05 0.008733679968754631
about 0.000740292078874756 0.0
aboutsite 6.729927989770509e-05 0.0
above 6.729927989770509e-05 0.008733679968754631
abovebelow 0.00033649639948852547 0.0
absolute 6.729927989770509e-05 0.035401927050916
academic 0.00013459855979541018 0.008733679968754631
accessdate 0.0004710949592839357 0.0
accesskey 0.0012786863180563968 0.0
account 0.00033649639948852547 0.0
achievement 0.00013459855979541018 0.08149303425118301
acquired 6.729927989770509e-05 0.02643325706815543
acronym 6.729927989770509e-05 0.14981227822866008
across 0.00013459855979541018 0.0
action 0.0015478834376472172 0.0
actions 6.729927989770509e-05 0.0
add 6.729927989770509e-05 0.0
added 6.729927989770509e-05 0.02643325706815543
additional 0.00013459855979541018 0.0
address 0.00013459855979541018 0.0
advanced 0.00026919711959082036 0.017544309650909525
af 0.0002018978396931153 0.0
after 0.0012113870381586917 0.02643325706815543
agree 6.729927989770509e-05 0.0
agribusiness 6.729927989770509e-05 1.2185716037470886
aimms 0.009556497745474124 0.1599646496926782
aimms_logo 0.0004710949592839357 0.0
aimms_outer_approximation_ 6.729927989770509e-05 0.0
aimms_prescriptive_analytics_platform 0.00026919711959082036 1.2185716037470886
aimms_ref 0.00013459855979541018 0.0
aimms_sc_navigator_platform 0.00026919711959082036 1.2185716037470886
aimms_user 0.00013459855979541018 0.0
aimmsosi 0.00013459855979541018 0.0
alert 0.00026919711959082036 0.11995931507897897
algebra 0.0002018978396931153 0.1599646496926782
algebraic 0.0008748906386701663 0.008733679968754631
algebraic_modeling_language 0.0002018978396931153 0.0
algebraic_modeling_languages 6.729927989770509e-05 0.0
algorithms 0.0006056935190793458 0.08149303425118301
align 0.0012786863180563968 0.0721032939013439
all 0.0004037956793862306 0.0
all_articles_with_dead_external_links 6.729927989770509e-05 0.0
allow 0.00013459855979541018 0.008733679968754631
allows 0.00013459855979541018 0.0
along 6.729927989770509e-05 0.0721032939013439
alongside 6.729927989770509e-05 0.11020314013361425
alpha 0.00026919711959082036 0.14981227822866008
also 0.00026919711959082036 0.0
alstom 0.00026919711959082036 0.0
alt 0.0006056935190793458 0.0
alternate 0.0002018978396931153 0.14981227822866008
amp 0.011979271821791506 0.18058393689541388
ampl 0.0002018978396931153 0.1599646496926782
an 0.0004037956793862306 0.0
analysis 0.0002018978396931153 0.11995931507897897
analytics 0.0012113870381586917 0.540239508972284
and 0.0037014603943737803 0.0
anon 0.00013459855979541018 0.0
anoncontribs 6.729927989770509e-05 0.0
anontalk 6.729927989770509e-05 0.0
anonymous 6.729927989770509e-05 0.12981161152199053
another 6.729927989770509e-05 0.0
antigone 0.0010094891984655764 0.1599646496926782
any 6.729927989770509e-05 0.0
aoa 6.729927989770509e-05 0.1599646496926782
api 0.00026919711959082036 0.14981227822866008
apmonitor 0.0002018978396931153 0.1599646496926782
apopt 0.0008075913587724611 0.1599646496926782
appeared 6.729927989770509e-05 0.044451762570833796
apple 0.00013459855979541018 0.13976194237515863
application 0.0005383942391816407 0.0
applications 0.00033649639948852547 0.0
applied 6.729927989770509e-05 0.08149303425118301
apply 6.729927989770509e-05 0.0
applying 6.729927989770509e-05 0.10054122922187746
approachable 6.729927989770509e-05 1.2185716037470886
approximation 6.729927989770509e-05 0.11995931507897897
apps 0.00013459855979541018 0.14981227822866008
april 0.00026919711959082036 0.0
archive 0.000740292078874756 0.044451762570833796
archived 0.0004710949592839357 0.035401927050916
are 0.0006056935190793458 0.0
areva 0.0002018978396931153 0.0
argument 6.729927989770509e-05 0.0
aria 0.0019516791170334478 0.0
around 0.00013459855979541018 0.035401927050916
artelys 0.000740292078874756 0.1599646496926782
artelys_knitro 0.00033649639948852547 0.0
article 0.0005383942391816407 0.0
articles 0.0008075913587724611 0.0
articles_with_dead_external_links_from_june_2017 6.729927989770509e-05 0.0
articles_with_permanently_dead_external_links 6.729927989770509e-05 0.0
as 0.0009421899185678714 0.0
associated 0.00013459855979541018 0.035401927050916
async 0.00013459855979541018 0.37548427589622857
at 0.0002018978396931153 0.0
atitle 0.0004710949592839357 0.0
atom 0.0002018978396931153 0.11995931507897897
attributes 6.729927989770509e-05 0.0
attribution 6.729927989770509e-05 0.0
au 0.0004037956793862306 0.37548427589622857
aufirst 0.0004037956793862306 0.0
august 0.0002018978396931153 0.035401927050916
aulast 0.0004037956793862306 0.0
author 0.00013459855979541018 0.02643325706815543
auto 0.00026919711959082036 0.035401927050916
autocapitalize 6.729927989770509e-05 0.0
autocollapse 6.729927989770509e-05 0.0
autostart 6.729927989770509e-05 0.0
available 0.0004037956793862306 0.0
avoid 0.00013459855979541018 0.19105523676270922
award 0.0004710949592839357 0.08149303425118301
awarded 6.729927989770509e-05 0.1599646496926782
b 0.002893869035601319 0.017544309650909525
b1 6.729927989770509e-05 0.3504829736908114
b2 6.729927989770509e-05 0.7195804376281008
b2b 0.00026919711959082036 1.2185716037470886
b3 0.00013459855979541018 0.0
b4 6.729927989770509e-05 0.0
b9 0.00013459855979541018 0.0
background 0.0012113870381586917 0.2340726218464
backlink 0.0010094891984655764 0.0
baron 0.0004037956793862306 0.1599646496926782
based 0.00013459855979541018 0.0
basic 6.729927989770509e-05 0.0
bcp 6.729927989770509e-05 0.1599646496926782
bdi 0.0004037956793862306 0.0
be 0.0005383942391816407 0.0
because 6.729927989770509e-05 0.0
before 0.0010094891984655764 0.017544309650909525
began 6.729927989770509e-05 0.017544309650909525
below 6.729927989770509e-05 0.0
between 6.729927989770509e-05 0.017544309650909525
bisschop 0.00026919711959082036 1.2185716037470886
block 0.00013459855979541018 0.044451762570833796
blocks 6.729927989770509e-05 0.035401927050916
blog 0.0004710949592839357 0.14981227822866008
blogs 0.00013459855979541018 0.11020314013361425
body 0.0009421899185678714 0.11995931507897897
bodycontent 0.00013459855979541018 0.0
bold 6.729927989770509e-05 0.21233263520999412
book 0.0004037956793862306 0.0721032939013439
books 0.00013459855979541018 0.0
booksources 0.0004037956793862306 0.0
bootstrap 6.729927989770509e-05 0.0
border 0.0009421899185678714 0.7936884097818228
both 0.00013459855979541018 0.008733679968754631
bottom 0.0002018978396931153 0.12981161152199053
bowl 0.00013459855979541018 1.2185716037470886
box 0.0010094891984655764 0.0
boxtext 6.729927989770509e-05 0.0
bp_2010_podhradsky_michal 6.729927989770509e-05 0.0
br 0.00013459855979541018 0.0
bracket 0.0009421899185678714 0.3141153295199365
brackets 0.00013459855979541018 0.11995931507897897
brazil 0.00013459855979541018 1.2185716037470886
break 0.0002018978396931153 0.19105523676270922
bridge 6.729927989770509e-05 0.18058393689541388
browser 6.729927989770509e-05 0.11020314013361425
browsing 6.729927989770509e-05 0.27902400970866637
btitle 0.0006056935190793458 0.0
btn 0.00033649639948852547 0.0
build 6.729927989770509e-05 0.02643325706815543
building 0.00013459855979541018 0.02643325706815543
built 6.729927989770509e-05 0.008733679968754631
business 0.0002018978396931153 0.08149303425118301
button 0.002153576956726563 0.0
buttons 6.729927989770509e-05 0.0
by 0.0009421899185678714 0.0
bytes 0.00026919711959082036 0.0
c 0.00013459855979541018 0.0
c13_en 6.729927989770509e-05 0.0
ca 0.0005383942391816407 0.035401927050916
cache 0.00013459855979541018 0.0
cached 6.729927989770509e-05 0.0
cachereport 6.729927989770509e-05 0.0
cactions 0.0004037956793862306 0.0
calculating 6.729927989770509e-05 0.3141153295199365
call 0.00026919711959082036 0.0
calls 6.729927989770509e-05 0.0
campaigns 6.729927989770509e-05 0.0
can 0.0006056935190793458 0.0
canonical 0.00013459855979541018 0.0
capabilities 6.729927989770509e-05 0.02643325706815543
caps 6.729927989770509e-05 0.0
caption 0.00013459855979541018 0.0
carbon 0.00013459855979541018 0.540239508972284
carbon_footprint 6.729927989770509e-05 0.0
case_studies 0.00013459855979541018 0.0
categories 0.00013459855979541018 0.0
category 0.0016151827175449223 0.0
category_handler 0.00013459855979541018 0.48225225132193467
catlinks 0.0004037956793862306 0.0
cats 6.729927989770509e-05 0.0
cbc 0.00033649639948852547 0.1599646496926782
ccf 6.729927989770509e-05 1.0560526742493137
center 0.0006056935190793458 0.02643325706815543
centralauth 0.00013459855979541018 0.0
centralautologin 0.00013459855979541018 0.0
centralnotice 0.0002018978396931153 0.0
chain 0.0012786863180563968 0.11020314013361425
change 6.729927989770509e-05 0.0
changes 0.00026919711959082036 0.02643325706815543
charinsert 6.729927989770509e-05 0.0
charset 6.729927989770509e-05 0.0
checkbox 0.002288175516521973 0.0
chemical 0.00026919711959082036 0.3141153295199365
chemicals 6.729927989770509e-05 1.2185716037470886
child 0.0016824819974426274 0.21233263520999412
citation 0.0015478834376472172 0.017544309650909525
cite 0.003499562554680665 0.0
cite_note 0.0020189783969311527 0.0
cite_ref 0.0020189783969311527 0.0
cite_web 0.00013459855979541018 0.0
citerefinforms 0.00013459855979541018 0.0
citerefkallrath2004 6.729927989770509e-05 0.0
citereflasschuitthijssen 6.729927989770509e-05 0.0
citerefmedeiros_milanez2010 6.729927989770509e-05 0.0
citerefparagon_decision_technology2009 6.729927989770509e-05 0.0
citerefroelofs2010 0.00013459855979541018 0.0
citerefstreiffertphilbrick 6.729927989770509e-05 0.0
citethispage 6.729927989770509e-05 0.0
class 0.03183255939161451 0.0
classname 0.0002018978396931153 0.0
clear 0.00013459855979541018 0.11020314013361425
clearing 0.00026919711959082036 1.2185716037470886
client 0.00033649639948852547 0.0
cloud 6.729927989770509e-05 0.11020314013361425
clp 0.00033649639948852547 0.1599646496926782
code 6.729927989770509e-05 0.0
coin 0.0009421899185678714 0.1599646496926782
col 6.729927989770509e-05 0.2340726218464
coll 0.00026919711959082036 0.0
collapse 6.729927989770509e-05 0.0
collapsed 0.0002018978396931153 0.0
collapses 6.729927989770509e-05 0.0
collapsible 0.000740292078874756 0.0
color 0.0009421899185678714 0.3629054936893685
colspan 0.00026919711959082036 0.0
column 0.0002018978396931153 0.11020314013361425
columns 0.0004037956793862306 0.11020314013361425
com 0.0024227740763173833 0.0
comet 0.00013459855979541018 0.1599646496926782
comet_ 6.729927989770509e-05 0.0
common 0.00013459855979541018 0.0
commons 0.00033649639948852547 0.0
community 6.729927989770509e-05 0.10054122922187746
community_portal 6.729927989770509e-05 0.0
compactlinks 6.729927989770509e-05 0.0
companies 0.0005383942391816407 0.02643325706815543
company 0.0002018978396931153 0.02643325706815543
comparison 0.0002018978396931153 0.0
comparison_of_optimization_software 6.729927989770509e-05 0.0
compchemeng 0.0002018978396931153 1.2185716037470886
compile 6.729927989770509e-05 0.0
complementarity 0.00013459855979541018 0.1599646496926782
complementarity_theory 6.729927989770509e-05 0.0
complications 6.729927989770509e-05 0.0
component 0.00013459855979541018 0.0
components 6.729927989770509e-05 0.0
computer 0.0002018978396931153 0.0
computer_algebra_systems 6.729927989770509e-05 0.0
computers 0.00013459855979541018 0.02643325706815543
computing 0.00013459855979541018 0.008733679968754631
concise 6.729927989770509e-05 0.008733679968754631
cone 6.729927989770509e-05 0.1599646496926782
conference 0.00013459855979541018 0.10054122922187746
config 0.00013459855979541018 0.0
configurable 6.729927989770509e-05 0.10054122922187746
conopt 6.729927989770509e-05 0.1599646496926782
consecutive 0.00033649639948852547 0.11020314013361425
considered 6.729927989770509e-05 0.02643325706815543
consists 6.729927989770509e-05 0.008733679968754631
constrained 6.729927989770509e-05 0.1599646496926782
constraint 0.0002018978396931153 0.008733679968754631
constraint_programming 0.00013459855979541018 0.0
constraints 6.729927989770509e-05 0.008733679968754631
constructed 6.729927989770509e-05 0.19105523676270922
construction 6.729927989770509e-05 0.1599646496926782
consumer 6.729927989770509e-05 0.10054122922187746
contact 0.00026919711959082036 0.0
contact_us 0.00013459855979541018 0.0
contactpage 6.729927989770509e-05 0.0
container 0.0009421899185678714 0.14981227822866008
containing 6.729927989770509e-05 0.008733679968754631
content 0.0047109495928393565 0.0
contentinfo 6.729927989770509e-05 0.0
contents 0.0008748906386701663 0.0
contentsub 6.729927989770509e-05 0.0
context 0.00013459855979541018 0.017544309650909525
contribute 6.729927989770509e-05 0.0
contributions 6.729927989770509e-05 0.2340726218464
contributors 0.00013459855979541018 0.017544309650909525
control 0.00013459855979541018 0.0
control_flow 6.729927989770509e-05 0.2340726218464
controls 0.00013459855979541018 0.0
conversion 6.729927989770509e-05 0.0
cookie 0.00033649639948852547 0.0
cookie_statement 6.729927989770509e-05 0.0
cookiestatement 6.729927989770509e-05 0.0
copyright 0.0002018978396931153 0.0
copyrightico 6.729927989770509e-05 0.0
couenne 0.0004037956793862306 0.1599646496926782
count 0.00013459855979541018 0.0
counter 0.00026919711959082036 0.11020314013361425
cp 0.0002018978396931153 0.035401927050916
cplex 0.0013459855979541019 0.1599646496926782
cpu 6.729927989770509e-05 0.0
cputime 6.729927989770509e-05 0.0
create 0.00026919711959082036 0.0
createaccount 0.00026919711959082036 0.0
created 6.729927989770509e-05 0.0
creating 6.729927989770509e-05 0.0
creation 6.729927989770509e-05 0.0
creative 6.729927989770509e-05 0.0
creativecommons 0.00013459855979541018 0.0
cross 6.729927989770509e-05 0.0
crossorigin 6.729927989770509e-05 0.0
crowd 0.00013459855979541018 1.2185716037470886
crude 0.00013459855979541018 1.2185716037470886
cs1 0.0023554747964196782 0.017544309650909525
csrftoken 6.729927989770509e-05 0.0
ct 0.00013459855979541018 0.6844891178168307
ctx_ver 0.0010094891984655764 0.0
current 0.00013459855979541018 0.08149303425118301
current_events 6.729927989770509e-05 0.0
currentevents 6.729927989770509e-05 0.0
cursor 6.729927989770509e-05 0.5860490450035782
custom 6.729927989770509e-05 0.06280090123903044
customer 6.729927989770509e-05 0.02643325706815543
customize 6.729927989770509e-05 0.5108256237659907
customizing 6.729927989770509e-05 0.20163734609324613
cvut 6.729927989770509e-05 0.0
cx 0.00013459855979541018 0.0
cz 6.729927989770509e-05 0.09097177820572679
d 0.0002018978396931153 0.017544309650909525
d33 0.00013459855979541018 0.0
d6 6.729927989770509e-05 0.0
d8 0.0011440877582609866 0.0
d9 0.000740292078874756 0.0
da 6.729927989770509e-05 0.3141153295199365
data 0.00343226327478296 0.0
database 0.00013459855979541018 0.02643325706815543
databases 6.729927989770509e-05 0.11020314013361425
date 0.0006729927989770509 0.02643325706815543
datemodified 0.00013459855979541018 0.0
datepublished 0.00013459855979541018 0.0
db 0.00026919711959082036 0.6505875661411494
dce 6.729927989770509e-05 0.0
dd 0.0010767884783632815 0.035401927050916
ddf 6.729927989770509e-05 0.0
de 0.00026919711959082036 0.017544309650909525
dead 0.000740292078874756 0.2340726218464
dead_link 0.00013459855979541018 0.5705448584676129
december 6.729927989770509e-05 0.02643325706815543
decimal 6.729927989770509e-05 0.11020314013361425
decision 0.00033649639948852547 0.1599646496926782
decisions 0.00013459855979541018 1.2185716037470886
declarative 0.0002018978396931153 0.008733679968754631
declarative_programming 6.729927989770509e-05 0.0
decoding 6.729927989770509e-05 0.21233263520999412
decomposition 6.729927989770509e-05 1.2185716037470886
decoration 0.00013459855979541018 0.0
deduplicate 0.0004037956793862306 0.0
deduplicated 0.0010094891984655764 0.0
delta 0.00033649639948852547 0.02643325706815543
deploy 0.00013459855979541018 0.12981161152199053
depth 0.0002018978396931153 0.0
description 0.00013459855979541018 0.0
design 0.00013459855979541018 0.035401927050916
designed 0.00013459855979541018 0.0
desktop 0.00013459855979541018 0.14981227822866008
desktop_application 6.729927989770509e-05 0.0
desktoparticletarget 0.0002018978396931153 0.0
detect 6.729927989770509e-05 0.008733679968754631
detection 6.729927989770509e-05 0.10054122922187746
deterministic 0.0002018978396931153 0.008733679968754631
deterministic_system 6.729927989770509e-05 0.0
deutsch 6.729927989770509e-05 0.0
develop 0.00013459855979541018 0.035401927050916
developed 6.729927989770509e-05 0.017544309650909525
developer 0.0002018978396931153 0.02643325706815543
developers 0.00013459855979541018 0.0
development 0.00013459855979541018 0.017544309650909525
device 6.729927989770509e-05 0.035401927050916
dir 0.0002018978396931153 0.4682660093471948
direct 6.729927989770509e-05 0.035401927050916
disabled 0.000740292078874756 0.11020314013361425
disclaimers 0.00013459855979541018 0.0
discuss 0.00013459855979541018 0.05358424613410626
discussion 0.00013459855979541018 0.26759531388504365
display 0.0006056935190793458 0.0
div 0.013863651658927249 0.0
dl 0.0006729927989770509 0.22314355131420976
dmy 6.729927989770509e-05 0.08149303425118301
dns 0.00013459855979541018 0.540239508972284
do 6.729927989770509e-05 0.0
doctype 6.729927989770509e-05 0.0
document 0.00026919711959082036 0.09097177820572679
documentelement 0.0002018978396931153 0.0
doi 0.0004037956793862306 0.008733679968754631
doi_ 0.00013459855979541018 0.0
domain 6.729927989770509e-05 0.0
donate 0.0002018978396931153 0.0
donating 6.729927989770509e-05 0.0
download 0.0008075913587724611 0.0
downloadaspdf 6.729927989770509e-05 0.0
dropdown 0.0016824819974426274 0.0
dt 0.0010767884783632815 0.0
dutch 0.00026919711959082036 0.13976194237515863
e 0.00033649639948852547 0.0
e185dd2f 6.729927989770509e-05 1.2185716037470886
e2 6.729927989770509e-05 1.911718784307034
e6e6ff 6.729927989770509e-05 0.0
earns 0.00026919711959082036 1.2185716037470886
ece 0.0002018978396931153 0.0
echo 6.729927989770509e-05 0.0
eclipse 0.0002018978396931153 0.11020314013361425
edelman 0.0009421899185678714 1.2185716037470886
edit 0.0026246719160104987 0.0
editable 6.729927989770509e-05 0.49643688631389105
edited 6.729927989770509e-05 0.0
editing 0.00013459855979541018 0.11020314013361425
editor 0.00013459855979541018 0.044451762570833796
editors 0.00013459855979541018 0.0
editpage 6.729927989770509e-05 0.0
edits 0.00013459855979541018 0.0
editsection 0.001413284877851807 0.0
edituri 6.729927989770509e-05 0.0
edleman 6.729927989770509e-05 1.2185716037470886
edu 0.0002018978396931153 0.06280090123903044
eduardo 0.00013459855979541018 1.2185716037470886
ee458 0.00013459855979541018 0.0
efficient 0.00013459855979541018 0.017544309650909525
either 6.729927989770509e-05 0.0
element 0.0004710949592839357 0.0
elements 6.729927989770509e-05 0.008733679968754631
ellipsis 0.00013459855979541018 0.2340726218464
elt 6.729927989770509e-05 0.0
embedded 0.00013459855979541018 0.035401927050916
employed 6.729927989770509e-05 0.3141153295199365
empty 0.00013459855979541018 0.008733679968754631
emptyportlet 0.00013459855979541018 0.0
en 0.0019516791170334478 0.0
enabled 0.000740292078874756 0.008733679968754631
encouraged 0.00026919711959082036 1.5668782980153044
encyclopedia 0.00013459855979541018 0.0
end 0.0002018978396931153 0.0
energy 0.0002018978396931153 1.1340142157190256
energy_market 6.729927989770509e-05 0.0
engine 0.000740292078874756 0.02643325706815543
engineering 0.00026919711959082036 0.0
english 0.00026919711959082036 0.0
enhancements 6.729927989770509e-05 0.0
entities 6.729927989770509e-05 0.0
entity 0.00026919711959082036 0.0
entityaccesscount 6.729927989770509e-05 0.0
entitypage 0.00013459855979541018 0.0
environment 0.0002018978396931153 0.0
enwiki 6.729927989770509e-05 0.0
enwikimwclientprefs 6.729927989770509e-05 0.0
equity 6.729927989770509e-05 1.1340142157190256
error 0.00013459855979541018 0.11020314013361425
errors 6.729927989770509e-05 0.06280090123903044
es6 6.729927989770509e-05 0.0
esi 0.00013459855979541018 0.7195804376281008
esitest 6.729927989770509e-05 0.0
even 0.0004037956793862306 0.11020314013361425
event 0.000740292078874756 0.0
eventlogging 0.00013459855979541018 0.0
events 0.00013459855979541018 0.11020314013361425
evolution 6.729927989770509e-05 0.26759531388504365
exact 6.729927989770509e-05 0.0
exchange 6.729927989770509e-05 0.035401927050916
existing 6.729927989770509e-05 0.11020314013361425
exists 6.729927989770509e-05 0.0
expand 0.0002018978396931153 0.0
expanded 0.0004710949592839357 0.0
expansion 0.00013459855979541018 0.0
expansiondepth 6.729927989770509e-05 0.0
expensive 6.729927989770509e-05 0.0
expensivefunctioncount 6.729927989770509e-05 0.0
expiry 0.00013459855979541018 0.0
export 6.729927989770509e-05 0.0
express 0.0002018978396931153 0.0
ext 0.0018170805572380376 0.0
external 0.0030957668752944344 0.0
external_links 0.00026919711959082036 0.0
extra 6.729927989770509e-05 0.0
f 0.00026919711959082036 0.0
f7f7f7 6.729927989770509e-05 0.0
fa 0.00026919711959082036 1.8004931491968095
fa8a495983347898 6.729927989770509e-05 0.0
fallbacksearchbutton 6.729927989770509e-05 0.0
false 0.0008075913587724611 0.0
fastest 0.00033649639948852547 0.26759531388504365
favicon 6.729927989770509e-05 0.0
fdfdfd 0.0002018978396931153 0.0
feature 0.001413284877851807 0.0
feature_articles 0.00013459855979541018 0.0
featurename 0.0002018978396931153 0.0
features 6.729927989770509e-05 0.0
february 0.00013459855979541018 0.017544309650909525
feed 0.00013459855979541018 0.19105523676270922
felk 6.729927989770509e-05 0.0
fico 0.0006729927989770509 1.2185716037470886
fico_xpress 0.0006056935190793458 0.0
file 0.0004037956793862306 0.0
file_upload_wizard 0.00013459855979541018 0.0
files 0.00013459855979541018 0.0
firm 6.729927989770509e-05 0.27902400970866637
first 0.0009421899185678714 0.0
firstheading 0.0002018978396931153 0.0
five 6.729927989770509e-05 0.02643325706815543
fix 0.00013459855979541018 0.008733679968754631
float 0.0002018978396931153 0.06280090123903044
flood 6.729927989770509e-05 1.2185716037470886
flow 0.00013459855979541018 0.035401927050916
flush 0.00033649639948852547 0.0
focapo 0.00013459855979541018 1.2185716037470886
followed 6.729927989770509e-05 0.035401927050916
font 0.0016151827175449223 0.14981227822866008
footer 0.0017497812773403325 0.0
footprint 0.00013459855979541018 0.7195804376281008
for 0.0024900733562150884 0.0
form 0.0002018978396931153 0.0
format 0.0010767884783632815 0.035401927050916
formats 6.729927989770509e-05 0.044451762570833796
formerly 6.729927989770509e-05 0.0
formulation 6.729927989770509e-05 0.3141153295199365
fortmp 0.0004037956793862306 0.1599646496926782
forum 6.729927989770509e-05 0.18058393689541388
forward 0.00026919711959082036 0.14981227822866008
foundation 0.0006056935190793458 0.0
founded 6.729927989770509e-05 0.1599646496926782
frames 0.00013459855979541018 0.21233263520999412
franz 0.0002018978396931153 0.20163734609324613
franz_edelman_award_for_achievement_in_operations_research_and_the_management_sciences 6.729927989770509e-05 0.0
free 0.00026919711959082036 0.0
frmfile 0.00013459855979541018 0.0
frmname 0.00013459855979541018 0.0
from 0.0011440877582609866 0.0
frorinbrazil 0.00013459855979541018 0.0
full 0.0002018978396931153 0.044451762570833796
fulltext 6.729927989770509e-05 0.0
function 0.0004037956793862306 0.0
fundraiserredirector 6.729927989770509e-05 0.0
further 6.729927989770509e-05 0.0
g 0.00013459855979541018 0.0
g2 0.00013459855979541018 0.26759531388504365
g2crowd 0.00013459855979541018 0.0
gadget 0.00026919711959082036 0.0
galahad 0.00013459855979541018 0.1599646496926782
galahad_library 6.729927989770509e-05 0.0
gams 6.729927989770509e-05 0.1599646496926782
gcg 6.729927989770509e-05 0.1599646496926782
ge 0.00013459855979541018 0.2340726218464
gecode 0.0002018978396931153 0.1599646496926782
gehomepagesuggestededitsenabletopics 6.729927989770509e-05 0.0
gekko 0.00013459855979541018 0.1599646496926782
gekko_ 6.729927989770509e-05 0.0
general 0.0002018978396931153 0.0
general_algebraic_modeling_system 6.729927989770509e-05 0.0
general_disclaimer 6.729927989770509e-05 0.0
generator 6.729927989770509e-05 0.0
genre 0.0010094891984655764 0.0
geoip 6.729927989770509e-05 0.0
german 6.729927989770509e-05 0.017544309650909525
global 0.00033649639948852547 0.0
global_optimization 0.00013459855979541018 0.0
globalcssjs 0.00013459855979541018 0.0
globalsolutions 6.729927989770509e-05 0.0
glop 0.0002018978396931153 0.1599646496926782
glpk 6.729927989770509e-05 0.1599646496926782
glpsol 6.729927989770509e-05 0.1599646496926782
gmp 6.729927989770509e-05 1.2185716037470886
gnu 0.0002018978396931153 0.02643325706815543
gnu_linear_programming_kit 0.00013459855979541018 0.0
go 0.00033649639948852547 0.0
google 0.0002018978396931153 0.10054122922187746
googpub 0.00013459855979541018 0.0
graphical 0.0002018978396931153 0.0721032939013439
graphical_user_interface 6.729927989770509e-05 0.0
gravity 6.729927989770509e-05 1.2185716037470886
gray 6.729927989770509e-05 1.449095262358921
greek 0.00013459855979541018 0.3141153295199365
green 6.729927989770509e-05 0.08149303425118301
grew 6.729927989770509e-05 0.02643325706815543
grid 0.00013459855979541018 0.18058393689541388
group 0.0026246719160104987 0.05358424613410626
groups 6.729927989770509e-05 0.0
growing 0.00026919711959082036 0.3141153295199365
growthexperiments 6.729927989770509e-05 0.0
guidance 6.729927989770509e-05 0.2340726218464
guide 0.00013459855979541018 0.09097177820572679
guides 6.729927989770509e-05 4.74493212836325
h 0.00013459855979541018 0.035401927050916
h1 0.00013459855979541018 1.2484245668967697
h2 0.0010767884783632815 1.2484245668967697
hack 0.0004037956793862306 0.0
had 6.729927989770509e-05 0.02643325706815543
handling 6.729927989770509e-05 0.06280090123903044
has 0.00013459855979541018 0.0
haspopup 0.00033649639948852547 0.0
have 6.729927989770509e-05 0.008733679968754631
head 0.0002018978396931153 0.0
header 0.0017497812773403325 0.0
heading 0.0015478834376472172 0.0
headline 0.0006056935190793458 0.0
healthcare 6.729927989770509e-05 0.27902400970866637
height 0.0008075913587724611 0.0
help 0.0004710949592839357 0.0
helping 6.729927989770509e-05 1.1340142157190256
here 6.729927989770509e-05 0.008733679968754631
hidden 0.0008748906386701663 0.0
hide 0.00013459855979541018 0.0
higher 6.729927989770509e-05 0.017544309650909525
highest 6.729927989770509e-05 0.0
highs 0.00026919711959082036 0.1599646496926782
highs_optimization_solver 0.00013459855979541018 0.0
his 0.00013459855979541018 0.044451762570833796
history 0.0008748906386701663 0.0
hlist 0.0039033582340668956 0.0
home 0.0002018978396931153 0.008733679968754631
hor 0.00013459855979541018 0.0
hosted 6.729927989770509e-05 0.0721032939013439
how 0.0004037956793862306 0.0
however 0.00026919711959082036 0.0
href 0.02537182852143482 0.0
hreflang 0.00026919711959082036 0.0
html 0.0010094891984655764 0.06280090123903044
http 0.0024900733562150884 0.017544309650909525
https 0.0031630661551921395 0.0
hub 6.729927989770509e-05 0.2451224580329849
hybrid 0.00013459855979541018 0.1599646496926782
hydrocarbon 0.00013459855979541018 1.2185716037470886
i 0.0016151827175449223 0.0
iastate 0.0002018978396931153 0.0
ico 6.729927989770509e-05 0.0
icon 0.0023554747964196782 0.0
icons 0.00026919711959082036 0.0
id 0.012113870381586917 0.0
identifier 0.0006729927989770509 0.044451762570833796
idhash 6.729927989770509e-05 0.0
ieee 0.00013459855979541018 0.10054122922187746
if 0.00013459855979541018 0.0
image 0.00033649639948852547 0.0
imageobject 0.00013459855979541018 0.0
images 0.0008748906386701663 0.0
img 0.0004710949592839357 0.0
impact 0.0004037956793862306 0.11020314013361425
imperative 0.00013459855979541018 0.08149303425118301
imperative_programming 6.729927989770509e-05 0.0
implement 0.00013459855979541018 0.05358424613410626
important 6.729927989770509e-05 0.008733679968754631
improvements 6.729927989770509e-05 0.08149303425118301
in 0.003970657513964601 0.0
inc 0.0002018978396931153 0.0
include 0.0002018978396931153 0.0
including 6.729927989770509e-05 0.008733679968754631
increment 6.729927989770509e-05 0.06280090123903044
independent 6.729927989770509e-05 0.0
index 0.0019516791170334478 0.0
indicators 6.729927989770509e-05 0.454472687214859
indices 6.729927989770509e-05 0.2340726218464
industries 0.00013459855979541018 0.454472687214859
industry 0.00033649639948852547 0.14981227822866008
industry_commentary 6.729927989770509e-05 0.0
info 0.0024900733562150884 0.044451762570833796
infobox 0.0016151827175449223 0.008733679968754631
infobox_programming_language 0.00013459855979541018 0.008733679968754631
information 0.0002018978396931153 0.0
informs 0.0024227740763173833 0.1599646496926782
inherit 0.0006729927989770509 0.11020314013361425
init 0.0002018978396931153 0.0
initial 6.729927989770509e-05 0.10054122922187746
inline 0.0016151827175449223 0.05358424613410626
inner 0.00026919711959082036 0.0
input 0.0008075913587724611 0.0
inside 0.00013459855979541018 0.0
integer 0.00033649639948852547 0.035401927050916
integer_unknowns 0.00013459855979541018 0.0
integrated 0.00013459855979541018 0.0
integrated_development_environment 6.729927989770509e-05 0.0
integration 0.00013459855979541018 0.008733679968754631
interaction 0.0002018978396931153 0.0
interactive 6.729927989770509e-05 0.11020314013361425
interest 6.729927989770509e-05 0.044451762570833796
interface 0.0006056935190793458 0.0
interlanguage 0.0008748906386701663 0.0
internally 6.729927989770509e-05 0.044451762570833796
interwiki 0.00026919711959082036 0.0
into 6.729927989770509e-05 0.0
introduction 0.0002018978396931153 0.11020314013361425
investment 6.729927989770509e-05 0.10054122922187746
ip 0.00013459855979541018 0.3141153295199365
ipopt 0.0008075913587724611 0.1599646496926782
is 0.0006056935190793458 0.0
isbn 0.0006056935190793458 0.0
isbn_ 0.0002018978396931153 0.0
iso 0.00026919711959082036 0.19105523676270922
issue 0.0002018978396931153 0.14981227822866008
issues 0.00013459855979541018 0.02643325706815543
it 0.0005383942391816407 0.0
item 0.004374453193350831 0.0
items 6.729927989770509e-05 0.0
its 0.0002018978396931153 0.0
j 0.0004710949592839357 0.0
jacop 0.00013459855979541018 0.1599646496926782
jacop_ 6.729927989770509e-05 0.0
january 0.00013459855979541018 0.0
johannes 0.00013459855979541018 0.3141153295199365
joseph 0.00013459855979541018 0.08149303425118301
journal 6.729927989770509e-05 0.008733679968754631
jquery 0.0002018978396931153 0.0
js 0.00013459855979541018 0.0
json 0.00013459855979541018 0.11995931507897897
jtitle 0.0004037956793862306 0.0
july 6.729927989770509e-05 0.008733679968754631
jump 0.00033649639948852547 0.0
june 0.0005383942391816407 0.017544309650909525
k 0.00013459855979541018 0.0
kalis 0.00013459855979541018 0.1599646496926782
kallrath 0.00013459855979541018 1.2185716037470886
kern 0.00013459855979541018 0.0
key 6.729927989770509e-05 0.0
kit 0.00013459855979541018 0.1599646496926782
kluwer 0.00013459855979541018 1.2185716037470886
knitro 0.0008748906386701663 0.1599646496926782
label 0.00343226327478296 0.0
labelledby 0.00013459855979541018 0.0
landmark 0.00026919711959082036 0.0
lang 0.0012113870381586917 0.0
langlinks 0.00013459855979541018 0.0
language 0.0016824819974426274 0.0
languages 0.0009421899185678714 0.0
large 6.729927989770509e-05 0.02643325706815543
lasschuit 0.00013459855979541018 1.2185716037470886
last 0.0008748906386701663 0.0
lastmod 6.729927989770509e-05 0.0
launched 0.0002018978396931153 0.10054122922187746
lazy 0.00013459855979541018 0.008733679968754631
ld 0.00013459855979541018 0.7195804376281008
learn 0.00033649639948852547 0.0
led 6.729927989770509e-05 0.06280090123903044
left 0.0010094891984655764 0.0
level 0.0006729927989770509 0.0
levels 0.00013459855979541018 0.0
li 0.033380442829261725 0.0
libraries 6.729927989770509e-05 0.0
library 0.00026919711959082036 0.0
library_ 6.729927989770509e-05 0.0
license 0.00026919711959082036 0.0
licenses 0.00013459855979541018 0.12981161152199053
lifecycle 6.729927989770509e-05 0.454472687214859
limit 0.000740292078874756 0.0
limited 0.0004037956793862306 0.008733679968754631
limitreport 0.0002018978396931153 0.0
lindo 0.001413284877851807 0.1599646496926782
line 0.0002018978396931153 0.008733679968754631
linear 0.0005383942391816407 0.11995931507897897
linear_programming 0.00026919711959082036 0.0
link 0.003499562554680665 0.08149303425118301
link_rot 6.729927989770509e-05 0.0
linked 0.00013459855979541018 0.0721032939013439
links 0.0018843798371357427 0.0
lionhrtpub 0.00026919711959082036 0.0
list 0.007806716468133791 0.0
list_of_optimization_software 0.00013459855979541018 0.0
listbullet 0.0002018978396931153 0.0
listitem 0.00026919711959082036 0.0
load 0.0002018978396931153 0.0
loaded 6.729927989770509e-05 0.0
loader 6.729927989770509e-05 0.035401927050916
loading 0.0002018978396931153 0.0
loc 6.729927989770509e-05 0.0
lock 0.000740292078874756 0.11020314013361425
log 0.0004710949592839357 0.0
logged 0.00013459855979541018 0.0
login 0.00033649639948852547 0.3141153295199365
logo 0.0006056935190793458 0.0
loqo 0.0002018978396931153 0.1599646496926782
lower 0.0004037956793862306 0.044451762570833796
lp 0.00013459855979541018 0.1599646496926782
lp_solve 0.00013459855979541018 0.1599646496926782
ltr 0.0004710949592839357 0.0
lua 0.00013459855979541018 0.0
lulu 0.00026919711959082036 0.26759531388504365
m 0.00013459855979541018 0.08149303425118301
made 6.729927989770509e-05 0.035401927050916
main 0.0017497812773403325 0.0
main_page 0.00013459855979541018 0.0
mainentity 0.00013459855979541018 0.0
mainpage 6.729927989770509e-05 0.0
maint 6.729927989770509e-05 0.09097177820572679
make 6.729927989770509e-05 0.0
makecollapsible 0.0002018978396931153 0.0
makes 6.729927989770509e-05 0.0
management 0.0004710949592839357 0.0
mandatory 0.00026919711959082036 0.2340726218464
manuals 0.00026919711959082036 0.08149303425118301
many 6.729927989770509e-05 0.0
marcel 0.00033649639948852547 0.08149303425118301
march 6.729927989770509e-05 0.017544309650909525
margin 0.0012113870381586917 0.0
market 0.0004037956793862306 0.02643325706815543
market_clearing 6.729927989770509e-05 0.0
match 6.729927989770509e-05 0.008733679968754631
mathematica 0.0018170805572380376 0.1599646496926782
mathematical 0.0009421899185678714 0.08149303425118301
mathematical_modeling 0.00013459855979541018 0.0
mathematical_optimization_software 0.0005383942391816407 0.1599646496926782
mathematician 6.729927989770509e-05 0.008733679968754631
mathprog 6.729927989770509e-05 0.1599646496926782
matrix 6.729927989770509e-05 0.11020314013361425
max 0.00013459855979541018 0.11020314013361425
may 0.0002018978396931153 0.0
measurement 0.00013459855979541018 0.454472687214859
medeiros 0.00013459855979541018 1.2185716037470886
media 0.00013459855979541018 0.11995931507897897
media_centre 6.729927989770509e-05 0.0
mediawiki 0.0006056935190793458 0.0
meeting 0.00013459855979541018 0.08149303425118301
memory 6.729927989770509e-05 0.0
memusage 6.729927989770509e-05 0.0
menu 0.006662628709872804 0.0
message 0.00013459855979541018 0.0
meta 0.0008748906386701663 0.09097177820572679
metaheuristic 0.0002018978396931153 0.1599646496926782
method 6.729927989770509e-05 0.0
methods 0.00013459855979541018 0.0
midaco 0.0002018978396931153 0.1599646496926782
midcontinent 6.729927989770509e-05 0.0
midcontinent_independent_system_operator 6.729927989770509e-05 0.0
midwest 0.00026919711959082036 1.2185716037470886
milanez 0.00013459855979541018 1.2185716037470886
milp 6.729927989770509e-05 0.1599646496926782
min 6.729927989770509e-05 0.11020314013361425
minerva 0.0004710949592839357 0.0
mini 0.0002018978396931153 0.20163734609324613
minlp 6.729927989770509e-05 0.1599646496926782
minos 0.0006729927989770509 0.1599646496926782
minos_ 0.00033649639948852547 0.0
minto 0.0002018978396931153 0.1599646496926782
miqcp 6.729927989770509e-05 0.1599646496926782
miqp 6.729927989770509e-05 0.1599646496926782
misdp 6.729927989770509e-05 0.1599646496926782
misocp 6.729927989770509e-05 0.1599646496926782
mixed 0.00033649639948852547 0.02643325706815543
mixture 6.729927989770509e-05 0.0721032939013439
mmv 0.00013459855979541018 0.0
mobile 0.0002018978396931153 0.0
mobileaction 6.729927989770509e-05 0.0
mobileview 6.729927989770509e-05 0.0
model 0.00013459855979541018 0.0
modelers 6.729927989770509e-05 1.2185716037470886
modeling 0.0019516791170334478 0.008733679968754631
models 0.0004037956793862306 0.11020314013361425
modernizing 6.729927989770509e-05 1.2185716037470886
modification 6.729927989770509e-05 0.2340726218464
module 6.729927989770509e-05 0.044451762570833796
modules 0.0002018978396931153 0.0721032939013439
more 0.0010094891984655764 0.0
mosek 0.0012113870381586917 0.1599646496926782
mosel 6.729927989770509e-05 0.1599646496926782
most 0.0002018978396931153 0.0
move 6.729927989770509e-05 0.0
moved 6.729927989770509e-05 0.0
moving 0.0002018978396931153 0.11020314013361425
mpecs 6.729927989770509e-05 0.1599646496926782
mps 0.00013459855979541018 0.1599646496926782
mps_ 6.729927989770509e-05 0.0
ms 0.00013459855979541018 0.0
multidimensional 0.00013459855979541018 0.0721032939013439
multiple 6.729927989770509e-05 0.035401927050916
mw 0.028736792516320074 0.0
mw1377 0.00013459855979541018 1.2185716037470886
mw1475 6.729927989770509e-05 0.0
mycontributions 6.729927989770509e-05 0.0
mytalk 6.729927989770509e-05 0.0
n 0.0009421899185678714 0.08149303425118301
nag 0.0004037956793862306 0.1599646496926782
name 0.002153576956726563 0.0
named 0.0004037956793862306 0.008733679968754631
namespaces 6.729927989770509e-05 0.21233263520999412
natively 6.729927989770509e-05 0.0
nav 0.0009421899185678714 0.7018808605286999
navbar 0.0011440877582609866 0.20163734609324613
navbox 0.006191533750588869 0.0
navigation 0.0008075913587724611 0.0
navigationtiming 6.729927989770509e-05 0.0
navigator 0.0004710949592839357 0.11020314013361425
nearby 6.729927989770509e-05 0.0
netherlands 0.0008075913587724611 0.08149303425118301
network 6.729927989770509e-05 0.10054122922187746
new 6.729927989770509e-05 0.0
newpp 6.729927989770509e-05 0.0
news 0.0004710949592839357 0.0
news_integration_planning 6.729927989770509e-05 0.0
nl 0.00013459855979541018 0.0721032939013439
nl_ 6.729927989770509e-05 0.0
nlp 6.729927989770509e-05 0.1599646496926782
nlpqlp 0.0002018978396931153 0.1599646496926782
no 0.0004710949592839357 0.0
node 6.729927989770509e-05 0.0
nofollow 0.002220876236624268 0.0
noicon 0.00033649639948852547 0.0
nojs 6.729927989770509e-05 0.0
non 0.00013459855979541018 0.0
none 0.001413284877851807 0.21233263520999412
nonlinear 0.0004037956793862306 0.1599646496926782
nonlinear_programming 0.00013459855979541018 0.0
noprint 0.00026919711959082036 0.37548427589622857
normal 0.000740292078874756 0.008733679968754631
nort 0.00013459855979541018 1.2185716037470886
noscript 0.00026919711959082036 0.0
nosnippet 6.729927989770509e-05 0.0
not 0.00033649639948852547 0.0
notice 6.729927989770509e-05 0.11020314013361425
november 6.729927989770509e-05 0.0
now 0.00026919711959082036 0.0
nowrap 0.0006729927989770509 0.035401927050916
nowraplinks 6.729927989770509e-05 0.0
npsol 0.0002018978396931153 0.1599646496926782
ns 0.00013459855979541018 0.19105523676270922
nstab 6.729927989770509e-05 0.0
null 6.729927989770509e-05 0.0
numb 0.0004710949592839357 0.0
number 0.0002018978396931153 0.0
numerical 0.0006056935190793458 0.1599646496926782
numerical_algorithms_group 0.0004037956793862306 0.0
numerical_programming_languages 6.729927989770509e-05 0.0
nv 0.0002018978396931153 0.0
o 0.0004037956793862306 0.035401927050916
octeract 0.0006729927989770509 0.1599646496926782
octeract_engine 0.00033649639948852547 0.0
october 0.00013459855979541018 0.02643325706815543
odd 0.0004710949592839357 0.11995931507897897
of 0.0039033582340668956 0.0
offerings 6.729927989770509e-05 1.1340142157190256
offices 6.729927989770509e-05 0.10054122922187746
og 0.00013459855979541018 0.0
oil 0.0002018978396931153 1.1340142157190256
ol 0.0012786863180563968 0.0
oldid 0.0002018978396931153 0.0
on 0.0010094891984655764 0.0
one 0.0004037956793862306 0.0
only 0.00026919711959082036 0.0
open 0.00026919711959082036 0.017544309650909525
opensearch_desc 6.729927989770509e-05 0.0
opensearchdescription 6.729927989770509e-05 0.0
operations 0.0005383942391816407 0.008733679968754631
operations_research 6.729927989770509e-05 0.0
operator 6.729927989770509e-05 0.008733679968754631
opl 6.729927989770509e-05 0.1599646496926782
optaplanner 0.0002018978396931153 0.1599646496926782
optimisation 0.00013459855979541018 0.1599646496926782
optimization 0.003364963994885255 0.0
optimization_software 0.0010767884783632815 0.0
optimizer 0.0004037956793862306 0.1599646496926782
optimj 0.0002018978396931153 0.1599646496926782
options 0.00033649639948852547 0.0
or 0.0012786863180563968 0.0
order 6.729927989770509e-05 0.008733679968754631
order_cone_programming 6.729927989770509e-05 0.0
org 0.005787738071202638 0.0
organiser 6.729927989770509e-05 0.0
organization 0.00033649639948852547 0.0
organize 6.729927989770509e-05 0.2340726218464
origin 0.00033649639948852547 0.11020314013361425
original 0.0004710949592839357 0.02643325706815543
orms 0.0004710949592839357 0.0
other 0.00013459855979541018 0.0
ott 0.0002018978396931153 1.2185716037470886
out 0.00013459855979541018 0.0
outer 6.729927989770509e-05 0.0
output 0.009354599905781007 0.008733679968754631
overflow 0.00013459855979541018 0.19105523676270922
p 0.004643650312941652 0.0
padding 0.002288175516521973 0.0
page 0.0031630661551921395 0.0
pagelanguagecode 6.729927989770509e-05 0.0
pagelanguagedir 6.729927989770509e-05 0.0
pageprop 6.729927989770509e-05 0.0
pages 0.0006056935190793458 0.0
pagevariantfallbacks 6.729927989770509e-05 0.0
panel 0.00026919711959082036 0.0
paragon 0.00026919711959082036 1.2185716037470886
parameters 6.729927989770509e-05 0.0
parse 6.729927989770509e-05 0.41419878807691896
parsed 6.729927989770509e-05 0.0
parser 0.009489198465576418 0.0
part 6.729927989770509e-05 0.0
partnership 6.729927989770509e-05 1.1340142157190256
past 6.729927989770509e-05 0.14981227822866008
patroltoken 6.729927989770509e-05 0.0
pcache 6.729927989770509e-05 0.0
pdf 0.0015478834376472172 0.0
people 0.00013459855979541018 0.02643325706815543
permalink 6.729927989770509e-05 0.0
permanent 0.0002018978396931153 0.035401927050916
permanently 0.0002018978396931153 0.3141153295199365
persian 6.729927989770509e-05 0.0
personal 0.00033649639948852547 0.0
pes 6.729927989770509e-05 1.2185716037470886
philbrick 0.00013459855979541018 1.2185716037470886
php 0.002153576956726563 0.0
pin 0.00013459855979541018 0.454472687214859
pinnable 0.0008075913587724611 0.0
pinned 0.0006729927989770509 0.0
pjm 0.00013459855979541018 0.0
place 6.729927989770509e-05 0.09097177820572679
placeholder 6.729927989770509e-05 0.0
places 0.0006056935190793458 0.035401927050916
plainlinks 6.729927989770509e-05 0.0
planning 0.00033649639948852547 0.21233263520999412
platform 0.0008748906386701663 0.0
png 0.0012113870381586917 0.0
policy 0.00013459855979541018 0.0
popups 6.729927989770509e-05 0.0
portal 0.0002018978396931153 0.06280090123903044
portlet 0.0018170805572380376 0.0
position 6.729927989770509e-05 0.008733679968754631
post 0.0002018978396931153 0.0
postexpandincludesize 6.729927989770509e-05 0.0
power 0.00013459855979541018 0.008733679968754631
powered 6.729927989770509e-05 1.1340142157190256
poweredby_mediawiki_132x47 6.729927989770509e-05 0.0
poweredby_mediawiki_176x62 6.729927989770509e-05 0.0
poweredby_mediawiki_88x31 6.729927989770509e-05 0.0
poweredbyico 6.729927989770509e-05 0.0
pp 6.729927989770509e-05 0.044451762570833796
ppvisitednodes 6.729927989770509e-05 0.0
pre 6.729927989770509e-05 0.02643325706815543
preconnect 6.729927989770509e-05 0.0
prefetch 0.00013459855979541018 0.0
preprocessor 6.729927989770509e-05 0.0
prescriptive 0.0006056935190793458 1.2185716037470886
prescriptive_analytics 6.729927989770509e-05 0.0
present 6.729927989770509e-05 0.11020314013361425
press 0.00026919711959082036 0.10054122922187746
pressrelease 0.00013459855979541018 0.0
preview 6.729927989770509e-05 0.14981227822866008
print 0.00013459855979541018 0.0
print_export 0.0002018978396931153 0.0
printable 0.0002018978396931153 0.14981227822866008
printfooter 6.729927989770509e-05 0.0
privacy 0.0002018978396931153 0.0
privacy_policy 0.00013459855979541018 0.0
private 6.729927989770509e-05 0.0
prize 0.0004710949592839357 0.08149303425118301
pro 6.729927989770509e-05 0.14981227822866008
problem 0.0002018978396931153 0.08149303425118301
problems 0.00033649639948852547 0.035401927050916
procedures 6.729927989770509e-05 0.035401927050916
processing 6.729927989770509e-05 0.035401927050916
product 0.00013459855979541018 0.02643325706815543
production 6.729927989770509e-05 0.11020314013361425
products 6.729927989770509e-05 0.02643325706815543
profit 6.729927989770509e-05 0.0
program 0.00013459855979541018 0.0
programming 0.002220876236624268 0.0
programming_language 6.729927989770509e-05 0.008733679968754631
progressive 0.0002018978396931153 0.0
projects 0.00013459855979541018 0.06280090123903044
property 0.0002018978396931153 0.008733679968754631
protection 6.729927989770509e-05 0.21233263520999412
provide 6.729927989770509e-05 0.008733679968754631
provides 0.00013459855979541018 0.0
pt 0.0004037956793862306 0.02643325706815543
pub 0.00033649639948852547 0.26759531388504365
public 6.729927989770509e-05 0.0
publish 6.729927989770509e-05 0.7936884097818228
publisher 0.00013459855979541018 0.41419878807691896
publishing 0.00013459855979541018 0.1599646496926782
pulp 0.00013459855979541018 0.1599646496926782
push 0.0002018978396931153 0.0
pyomo 0.0002018978396931153 0.1599646496926782
q 0.0002018978396931153 0.0
q4651947 0.0004710949592839357 1.2185716037470886
qcp 6.729927989770509e-05 0.1599646496926782
qp 6.729927989770509e-05 0.1599646496926782
quadratic 0.00026919711959082036 0.1599646496926782
quadratic_programming 0.00013459855979541018 0.0
quadratically 6.729927989770509e-05 0.1599646496926782
quadratically_constrained_quadratic_program 6.729927989770509e-05 0.0
quick 6.729927989770509e-05 0.0
quickly 6.729927989770509e-05 0.017544309650909525
quiet 0.0004037956793862306 0.0
quotes 6.729927989770509e-05 0.19105523676270922
r 0.0004037956793862306 0.0
r1011085734 6.729927989770509e-05 0.0
r1061467846 6.729927989770509e-05 0.0
r1063604349 6.729927989770509e-05 0.0
r1066479718 6.729927989770509e-05 0.0
r1129693374 0.00013459855979541018 0.0
r1133582631 0.0010094891984655764 0.0
random 0.00013459855979541018 0.21233263520999412
randomly 6.729927989770509e-05 0.2340726218464
randompage 6.729927989770509e-05 0.0
range 0.00013459855979541018 0.044451762570833796
rather 6.729927989770509e-05 0.0
raw 6.729927989770509e-05 0.11020314013361425
re 0.0002018978396931153 0.02643325706815543
read 0.00013459855979541018 0.11020314013361425
ready 0.0012113870381586917 0.0
real 6.729927989770509e-05 0.0
recent 0.0002018978396931153 0.0721032939013439
recentchanges 0.0002018978396931153 0.0
recentchangeslinked 0.00013459855979541018 0.0
recognized 6.729927989770509e-05 0.11020314013361425
recursion 6.729927989770509e-05 0.0
red 6.729927989770509e-05 0.12981161152199053
redirect 0.0026246719160104987 0.02643325706815543
reduced 6.729927989770509e-05 0.0
reducing 6.729927989770509e-05 1.2185716037470886
reference 0.0026246719160104987 0.035401927050916
references 0.000740292078874756 0.0
referencetooltips 6.729927989770509e-05 0.0
referrer 0.0002018978396931153 0.0
reflist 0.0010094891984655764 0.0
registered 6.729927989770509e-05 0.0
registration 0.00013459855979541018 0.5705448584676129
rel 0.004374453193350831 0.0
related 0.00013459855979541018 0.02643325706815543
release 0.00013459855979541018 0.02643325706815543
releases 0.00026919711959082036 0.0
reliability 0.00013459855979541018 0.0
rendering 6.729927989770509e-05 0.0
repeat 0.00026919711959082036 0.0721032939013439
replace 6.729927989770509e-05 0.008733679968754631
report 0.00013459855979541018 0.0
require 6.729927989770509e-05 0.0
research 0.0005383942391816407 0.02643325706815543
reset 6.729927989770509e-05 0.044451762570833796
resourceloaderdynamicstyles 6.729927989770509e-05 0.0
retail 6.729927989770509e-05 0.19105523676270922
retrieved 0.0005383942391816407 0.0
returnto 0.00026919711959082036 0.0
review 6.729927989770509e-05 0.044451762570833796
revision 0.0002018978396931153 0.0
revisions 6.729927989770509e-05 0.6844891178168307
rfr_id 0.0010094891984655764 0.0
rft 0.005182044552123293 0.0
rft_id 0.0011440877582609866 0.0
rft_val_fmt 0.0010094891984655764 0.0
rgba 6.729927989770509e-05 0.0
right 0.0008075913587724611 0.0
rl 6.729927989770509e-05 0.0
rlconf 6.729927989770509e-05 0.0
rlpagemodules 6.729927989770509e-05 0.0
rlq 0.0004037956793862306 0.0
rlstate 6.729927989770509e-05 0.0
robert 0.0002018978396931153 0.08149303425118301
robert_j 0.0002018978396931153 0.0
robots 6.729927989770509e-05 0.5108256237659907
robust 0.00026919711959082036 0.14981227822866008
robust_optimization 0.00013459855979541018 0.0
roelofs 0.00033649639948852547 1.2185716037470886
role 0.0010094891984655764 0.0
roman 0.00026919711959082036 0.37548427589622857
room 0.00026919711959082036 0.26759531388504365
rootpage 6.729927989770509e-05 0.0
rot 6.729927989770509e-05 0.0
row 0.0010094891984655764 0.11020314013361425
rsd 0.00013459855979541018 0.0
runtime 6.729927989770509e-05 0.0
s 0.00026919711959082036 0.0
sa 0.00013459855979541018 0.0
sales 6.729927989770509e-05 0.02643325706815543
sameas 0.00013459855979541018 0.0
saved 6.729927989770509e-05 0.0
sc 0.0004037956793862306 0.19105523676270922
scalar 6.729927989770509e-05 0.1599646496926782
scale 6.729927989770509e-05 0.10054122922187746
scene 0.00013459855979541018 1.2185716037470886
scheduling 0.00033649639948852547 0.14981227822866008
schema 0.00013459855979541018 0.02643325706815543
sciences 0.00013459855979541018 0.035401927050916
scip 0.0010094891984655764 0.1599646496926782
scip_ 0.0006056935190793458 0.0
scip_optimization_suite 0.0002018978396931153 0.0
scope 0.0010767884783632815 0.0721032939013439
screen 0.00013459855979541018 0.044451762570833796
scribunto 6.729927989770509e-05 0.044451762570833796
script 0.0009421899185678714 0.14981227822866008
scripts 6.729927989770509e-05 0.10054122922187746
sdp 6.729927989770509e-05 0.1599646496926782
search 0.0018170805572380376 0.0
searchbutton 0.00026919711959082036 0.0
searchform 6.729927989770509e-05 0.0
searchinput 6.729927989770509e-05 0.0
second 0.0004710949592839357 0.0
seconds 0.0002018978396931153 0.0
section 0.0009421899185678714 0.008733679968754631
see 0.0002018978396931153 0.0
see_also 0.00026919711959082036 0.0
selected 0.00026919711959082036 0.008733679968754631
selector 6.729927989770509e-05 0.0
selflink 0.0002018978396931153 0.0
semidefinite 6.729927989770509e-05 0.1599646496926782
semidefinite_programming 6.729927989770509e-05 0.0
sentences 6.729927989770509e-05 0.0
september 0.00013459855979541018 0.008733679968754631
set 0.0002018978396931153 0.0
sets 6.729927989770509e-05 0.035401927050916
sha1 6.729927989770509e-05 0.0
shadow 0.0002018978396931153 0.26759531388504365
sharealike 6.729927989770509e-05 0.0
sharealike_3 6.729927989770509e-05 0.0
shell 0.00026919711959082036 0.11995931507897897
shell_elsevier_article 0.00013459855979541018 0.0
show 0.00026919711959082036 0.0
sidebar 0.000740292078874756 0.0
simplesearch 6.729927989770509e-05 0.0
singapore 6.729927989770509e-05 1.2185716037470886
site 0.00033649639948852547 0.0
sitedir 6.729927989770509e-05 0.0
sitelinks 6.729927989770509e-05 0.0
sitenotice 0.00013459855979541018 0.0
sitesub 6.729927989770509e-05 0.0
sitesupport 6.729927989770509e-05 0.0
size 0.0010094891984655764 0.0
sizing 6.729927989770509e-05 0.11020314013361425
skin 0.0008748906386701663 0.8131064956389242
skins 0.0004037956793862306 0.0
small 0.00013459855979541018 0.0
snopt 0.0004037956793862306 0.1599646496926782
so 6.729927989770509e-05 0.0
society 0.00013459855979541018 0.08149303425118301
socp 6.729927989770509e-05 0.1599646496926782
software 0.0025573726361127935 0.017544309650909525
software_component 6.729927989770509e-05 0.0
software_design 6.729927989770509e-05 0.0
software_developer 6.729927989770509e-05 0.0
sol 0.00013459855979541018 0.1599646496926782
sol_ 6.729927989770509e-05 0.0
solid 0.0002018978396931153 0.19105523676270922
solution 0.00033649639948852547 0.008733679968754631
solutions 0.0002018978396931153 0.008733679968754631
solve 0.00013459855979541018 0.008733679968754631
solver 0.0006729927989770509 0.1599646496926782
solvers 0.0008075913587724611 0.1599646496926782
solving 6.729927989770509e-05 0.008733679968754631
soplex 6.729927989770509e-05 0.1599646496926782
sources 6.729927989770509e-05 0.0
space 0.0002018978396931153 0.0721032939013439
spacing 0.0002018978396931153 0.0
span 0.022276061646140388 0.044451762570833796
special 0.0020189783969311527 0.0
specialized 6.729927989770509e-05 0.22314355131420976
specialpages 0.00013459855979541018 0.0
specific 6.729927989770509e-05 0.0
specification 6.729927989770509e-05 0.0
spreadsheet 0.00013459855979541018 0.1599646496926782
spreadsheets 6.729927989770509e-05 0.1599646496926782
src 0.0006056935190793458 0.0
srcset 0.0002018978396931153 0.0
standalone 6.729927989770509e-05 0.044451762570833796
standard 6.729927989770509e-05 0.0
start 0.00013459855979541018 0.0721032939013439
startup 0.00013459855979541018 0.0
state 0.00013459855979541018 0.035401927050916
statement 6.729927989770509e-05 0.0
statements 6.729927989770509e-05 0.0
states 6.729927989770509e-05 0.035401927050916
static 0.0008748906386701663 0.0
statistics 6.729927989770509e-05 0.0
stats 6.729927989770509e-05 0.0
statslink 6.729927989770509e-05 0.0
status 6.729927989770509e-05 0.0
steel 6.729927989770509e-05 0.20163734609324613
steps 6.729927989770509e-05 0.10054122922187746
sticky 0.00013459855979541018 0.0
stochastic 0.00026919711959082036 1.2185716037470886
stochastic_programming 0.00013459855979541018 0.0
stopmobileredirecttoggle 6.729927989770509e-05 0.0
streiffert 0.00013459855979541018 1.2185716037470886
structured 6.729927989770509e-05 0.035401927050916
style 0.005855037351100343 0.0
styles 0.0010094891984655764 0.0
stylesheet 0.00013459855979541018 0.0
subbox 6.729927989770509e-05 0.0
subgroup 0.00033649639948852547 0.0
subheader 6.729927989770509e-05 0.0
subject 6.729927989770509e-05 0.10054122922187746
sublist 0.0004710949592839357 0.0
submit 0.00013459855979541018 0.0
subscription 0.00013459855979541018 0.0
subtitle 6.729927989770509e-05 0.0
successfully 6.729927989770509e-05 0.14981227822866008
such 0.0002018978396931153 0.0
suggestededitsession 6.729927989770509e-05 0.0
summary 6.729927989770509e-05 0.14981227822866008
sup 0.010902483343428226 0.0
super 0.00013459855979541018 0.044451762570833796
supply 0.0012786863180563968 0.1599646496926782
supply_chain_analytics 6.729927989770509e-05 0.0
supply_chain_management 0.00013459855979541018 0.0
supply_chain_software_companies 6.729927989770509e-05 0.0
support 0.00026919711959082036 0.0
supported 0.00013459855979541018 0.06280090123903044
supporting 0.00013459855979541018 0.0
supports 6.729927989770509e-05 0.008733679968754631
svg 0.0004037956793862306 0.0
switcher 6.729927989770509e-05 0.0
swr 6.729927989770509e-05 0.0
symphony 0.00013459855979541018 0.1599646496926782
system 0.0004037956793862306 0.0
systems 0.0002018978396931153 0.02643325706815543
t 0.0008075913587724611 0.02643325706815543
tab 0.00033649639948852547 0.19105523676270922
tabindex 0.00013459855979541018 0.0
table 0.0006056935190793458 0.0
tabs 0.00013459855979541018 4.051784947803305
tagged 6.729927989770509e-05 0.11995931507897897
tagline 0.0002018978396931153 0.0
tags 6.729927989770509e-05 0.0
taken 6.729927989770509e-05 0.10054122922187746
takes 6.729927989770509e-05 0.008733679968754631
talk 0.0004037956793862306 0.05358424613410626
target 0.0004037956793862306 0.0
targetloader 6.729927989770509e-05 0.0
tasks 6.729927989770509e-05 0.0
tb 0.0002018978396931153 0.0
tbody 0.00026919711959082036 0.0
td 0.002826569755703614 0.0
team 0.0004037956793862306 0.02643325706815543
teams 6.729927989770509e-05 0.9837320126696876
tech 0.00026919711959082036 0.017544309650909525
technical 0.00013459855979541018 0.044451762570833796
techniques 0.00013459855979541018 0.0721032939013439
technology 0.0004037956793862306 0.017544309650909525
telephone 6.729927989770509e-05 0.48225225132193467
template 0.0018843798371357427 0.0
template_talk 6.729927989770509e-05 0.0
templateargumentsize 6.729927989770509e-05 0.0
templatestyles 0.001413284877851807 0.0
terms 0.00013459855979541018 0.0
terms_of_use 6.729927989770509e-05 0.0
text 0.004778248872737062 0.0
text_of_the_creative_commons_attribution 6.729927989770509e-05 0.0
th 0.002153576956726563 1.8545603704670854
than 6.729927989770509e-05 0.0
that 0.00026919711959082036 0.0
the 0.005451241671714113 0.0
their 6.729927989770509e-05 0.008733679968754631
them 0.00013459855979541018 0.0
theory 6.729927989770509e-05 0.0
these 6.729927989770509e-05 0.0
they 6.729927989770509e-05 0.008733679968754631
thijssen 0.00013459855979541018 1.2185716037470886
this 0.0016824819974426274 0.0
those 6.729927989770509e-05 0.0
three 6.729927989770509e-05 0.02643325706815543
through 0.0002018978396931153 0.0
thumb 0.0002018978396931153 0.0
thumbnail 6.729927989770509e-05 0.0
time 0.00033649639948852547 0.0
timestamp 0.00013459855979541018 0.0
timeusage 6.729927989770509e-05 0.0
timingprofile 6.729927989770509e-05 0.0
tips 6.729927989770509e-05 0.3141153295199365
title 0.021737667406958747 0.0
titlebar 0.0005383942391816407 0.0
titleform 6.729927989770509e-05 0.0
ting 6.729927989770509e-05 0.0
tnt 0.00026919711959082036 1.2185716037470886
to 0.002759270475805909 0.0
toc 0.00672992798977051 0.0
today 0.00026919711959082036 0.02643325706815543
together 6.729927989770509e-05 0.02643325706815543
toggle 0.0006056935190793458 0.0
toggle_view_mobile 6.729927989770509e-05 0.0
tokens 6.729927989770509e-05 3.6463198396951406
tomlab 0.0002018978396931153 0.1599646496926782
toolbar 0.0002018978396931153 0.0
tools 0.0006729927989770509 0.0
top 0.0012786863180563968 0.0
topic 0.00013459855979541018 0.05358424613410626
total 0.00013459855979541018 0.0
touch 0.00013459855979541018 2.4423470353692043
tr 0.0030957668752944344 0.08149303425118301
trademark 6.729927989770509e-05 0.0
transclusion 6.729927989770509e-05 0.0
transientcontent 6.729927989770509e-05 0.0
transparent 0.0004037956793862306 0.11020314013361425
tricks 6.729927989770509e-05 1.2185716037470886
triggered 6.729927989770509e-05 0.0
true 0.001480584157749512 0.0
ttl 6.729927989770509e-05 0.0
two 6.729927989770509e-05 0.0
type 0.0023554747964196782 0.0
types 0.0002018978396931153 0.0
u 0.00013459855979541018 0.035401927050916
ui 0.00356686183457837 0.0
uk 0.00026919711959082036 0.09097177820572679
ukrainian 6.729927989770509e-05 1.749199854809259
ul 0.006393431590281984 0.0
uls 0.00033649639948852547 0.0
uncertainty 0.0002018978396931153 0.7936884097818228
under 0.00013459855979541018 0.0
unit 6.729927989770509e-05 0.035401927050916
united 6.729927989770509e-05 0.035401927050916
units 0.00013459855979541018 0.035401927050916
units_of_measurement 6.729927989770509e-05 0.0
unknown 0.0006056935190793458 0.008733679968754631
unpin 0.00013459855979541018 0.0
unpinned 0.00013459855979541018 0.0
unstrip 0.00026919711959082036 0.0
upload 0.0008748906386701663 0.14981227822866008
upper 0.00026919711959082036 0.11020314013361425
url 0.0005383942391816407 0.0721032939013439
us 0.0004037956793862306 0.02643325706815543
usage 0.00026919711959082036 0.0
use 0.0004710949592839357 0.0
use_in_industry 0.00026919711959082036 1.2185716037470886
used 0.00026919711959082036 0.0
uselang 6.729927989770509e-05 0.0
user 0.0023554747964196782 0.0
useradd 0.00013459855979541018 0.0
userlogin 0.00013459855979541018 0.0
users 0.00033649639948852547 0.0721032939013439
uses 6.729927989770509e-05 0.008733679968754631
using 0.0002018978396931153 0.0
utc 6.729927989770509e-05 0.0
utf 6.729927989770509e-05 0.21233263520999412
utm_campaign 6.729927989770509e-05 0.0
utm_medium 6.729927989770509e-05 0.0
utm_source 6.729927989770509e-05 0.0
ux 6.729927989770509e-05 0.0
v 0.00026919711959082036 0.044451762570833796
value 0.0008748906386701663 0.0
vanderbei 0.0002018978396931153 0.0
var 0.00013459855979541018 0.11020314013361425
variables 6.729927989770509e-05 0.008733679968754631
variant 0.00013459855979541018 0.0
variants 0.0004037956793862306 0.0
variety 6.729927989770509e-05 0.14981227822866008
vary 6.729927989770509e-05 0.0
ve 6.729927989770509e-05 0.25629575863111026
vector 0.017228615653812503 0.0
version 0.00013459855979541018 0.0
vertical 0.000740292078874756 0.19105523676270922
vevent 6.729927989770509e-05 0.0
vi 0.00026919711959082036 0.044451762570833796
vietnamese 6.729927989770509e-05 0.0
view 0.000740292078874756 0.0
viewport 6.729927989770509e-05 0.0
views 0.0002018978396931153 0.02643325706815543
visible 6.729927989770509e-05 0.044451762570833796
vision 6.729927989770509e-05 0.3141153295199365
visit 0.00013459855979541018 0.0
visited 6.729927989770509e-05 0.0
visualeditor 0.00026919711959082036 0.0
vit 6.729927989770509e-05 1.2185716037470886
vol 0.00013459855979541018 0.0721032939013439
volume 0.00033649639948852547 0.08149303425118301
vue 0.00013459855979541018 0.11995931507897897
w 0.002153576956726563 0.0
walltime 6.729927989770509e-05 0.0
was 0.0008748906386701663 0.0
watchlist 6.729927989770509e-05 0.0
watchtoken 6.729927989770509e-05 0.0
way 6.729927989770509e-05 0.008733679968754631
wb 0.00013459855979541018 0.0
wbc 6.729927989770509e-05 0.0
we 6.729927989770509e-05 0.0
web 0.0016824819974426274 0.0
website 0.00013459855979541018 0.0
weight 0.000740292078874756 0.7195804376281008
well 0.00013459855979541018 0.008733679968754631
wgaction 6.729927989770509e-05 0.0
wgarticleid 6.729927989770509e-05 0.0
wgbackendresponsetime 6.729927989770509e-05 0.0
wgbreakframes 6.729927989770509e-05 0.0
wgcanonicalnamespace 6.729927989770509e-05 0.0
wgcanonicalspecialpagename 6.729927989770509e-05 0.0
wgcategories 6.729927989770509e-05 0.0
wgcentralauthmobiledomain 6.729927989770509e-05 0.0
wgcspnonce 6.729927989770509e-05 0.0
wgcurrevisionid 6.729927989770509e-05 0.0
wgdefaultdateformat 6.729927989770509e-05 0.0
wgdigittransformtable 6.729927989770509e-05 0.0
wgeditsubmitbuttonlabelpublish 6.729927989770509e-05 0.0
wgflaggedrevsparams 6.729927989770509e-05 0.0
wggestructuredtaskrejectionreasontextinputenabled 6.729927989770509e-05 0.0
wggetopicsmatchmodeenabled 6.729927989770509e-05 0.0
wghostname 6.729927989770509e-05 0.0
wgisarticle 6.729927989770509e-05 0.0
wgisprobablyeditable 6.729927989770509e-05 0.0
wgisredirect 6.729927989770509e-05 0.0
wgmediaviewerenabledbydefault 6.729927989770509e-05 0.0
wgmediavieweronclick 6.729927989770509e-05 0.0
wgmfdisplaywikibasedescriptions 6.729927989770509e-05 0.0
wgmonthnames 6.729927989770509e-05 0.0
wgnamespacenumber 6.729927989770509e-05 0.0
wgnoticeproject 6.729927989770509e-05 0.0
wgpagecontentlanguage 6.729927989770509e-05 0.0
wgpagecontentmodel 6.729927989770509e-05 0.0
wgpagename 6.729927989770509e-05 0.0
wgpageparsereport 6.729927989770509e-05 0.0
wgpopupsflags 6.729927989770509e-05 0.0
wgrelevantarticleid 6.729927989770509e-05 0.0
wgrelevantpageisprobablyeditable 6.729927989770509e-05 0.0
wgrelevantpagename 6.729927989770509e-05 0.0
wgrequestid 6.729927989770509e-05 0.0
wgrestrictionedit 6.729927989770509e-05 0.0
wgrestrictionmove 6.729927989770509e-05 0.0
wgrevisionid 6.729927989770509e-05 0.0
wgseparatortransformtable 6.729927989770509e-05 0.0
wgtitle 6.729927989770509e-05 0.0
wgulscurrentautonym 6.729927989770509e-05 0.0
wgulsiscompactlinksenabled 6.729927989770509e-05 0.0
wgulsislanguageselectorempty 6.729927989770509e-05 0.0
wgulsposition 6.729927989770509e-05 0.0
wgusergroups 6.729927989770509e-05 0.0
wgusername 6.729927989770509e-05 0.0
wgvector2022previewpages 6.729927989770509e-05 0.0
wgvisualeditor 6.729927989770509e-05 0.0
wgwikibaseitemid 6.729927989770509e-05 0.0
wgwmepagelength 6.729927989770509e-05 0.0
wgwmeschemaeditattemptstepoversample 6.729927989770509e-05 0.0
what 6.729927989770509e-05 0.0
whatlinkshere 0.00013459855979541018 0.0
when 0.00013459855979541018 0.0
which 0.0002018978396931153 0.0
white 0.0002018978396931153 0.0721032939013439
who 0.00013459855979541018 0.09097177820572679
wide 0.00013459855979541018 0.1599646496926782
width 0.0030284675953967293 0.0
wiki 0.017094017094017096 0.0
wikibase 0.00026919711959082036 0.0
wikidata 0.0005383942391816407 0.0
wikimedia 0.0024227740763173833 0.0
wikimediabadges 0.00013459855979541018 0.0
wikimediaevents 6.729927989770509e-05 0.0
wikimediafoundation 0.00013459855979541018 0.0
wikipedia 0.005585840231509523 0.0
wikisource 6.729927989770509e-05 3.6463198396951406
wikitext 6.729927989770509e-05 0.0
window 0.0002018978396931153 0.11020314013361425
winner 0.00026919711959082036 0.5108256237659907
wins 0.00026919711959082036 1.2185716037470886
winston 0.00013459855979541018 0.26759531388504365
with 0.0020189783969311527 0.0
wjyart7vye8c 6.729927989770509e-05 0.0
wmf 0.0002018978396931153 0.0
won 0.0002018978396931153 0.4682660093471948
word 0.00026919711959082036 0.044451762570833796
wordmark 0.00013459855979541018 0.0
worhp 0.0002018978396931153 0.1599646496926782
work 6.729927989770509e-05 0.017544309650909525
works 6.729927989770509e-05 0.11020314013361425
wpformidentifier 6.729927989770509e-05 0.0
wrap 0.00013459855979541018 0.5108256237659907
ws 6.729927989770509e-05 0.0
www 0.0018170805572380376 0.0
x 0.0002018978396931153 0.0
xml 0.0004037956793862306 0.14981227822866008
xpress 0.0012113870381586917 0.1599646496926782
y 0.00013459855979541018 0.008733679968754631
year 0.00033649639948852547 0.10054122922187746
years 0.00013459855979541018 0.017544309650909525
yes 6.729927989770509e-05 0.7936884097818228
you 0.0004037956793862306 0.0
z 0.00013459855979541018 0.11020314013361425
z39 0.0010094891984655764 0.0
z3988 0.0010094891984655764 0.0
zimpl 6.729927989770509e-05 0.1599646496926782
 6.729927989770509e-05 0.0
 6.729927989770509e-05 0.0
 6.729927989770509e-05 0.0
 6.729927989770509e-05 0.0
 6.729927989770509e-05 0.0
 6.729927989770509e-05 0.0
 6.729927989770509e-05 0.0
 6.729927989770509e-05 0.0
