0 0.008622536418166238 0.0
00 0.00010711225364181663 0.0
000 0.00010711225364181663 0.0
01 0.00010711225364181663 0.3382128810989969
02 0.0004284490145672665 0.48225225132193467
03 0.00021422450728363326 0.44086703515908027
039 0.00021422450728363326 0.0
04 0.00021422450728363326 0.5254244231871433
05 0.00021422450728363326 0.6340582641899388
06 0.00021422450728363326 0.5254244231871433
07 0.0005355612682090831 0.6177977433181585
09 0.00010711225364181663 0.5860490450035782
0_unported_license 5.3556126820908315e-05 0.0
0bda51 0.0008033419023136247 4.74493212836325
0px 0.00010711225364181663 0.7375989431307791
1 0.006373179091688089 0.0
10 0.0011246786632390746 0.0
100 0.0019280205655526992 0.0
1000 5.3556126820908315e-05 0.0
10000 5.3556126820908315e-05 1.2484245668967697
1000000 0.00010711225364181663 0.0
102 5.3556126820908315e-05 1.8004931491968095
108 0.00010711225364181663 2.1799827709017134
10px 5.3556126820908315e-05 0.454472687214859
11 0.0007497857754927164 0.21233263520999412
112 5.3556126820908315e-05 2.1058747987479913
1129944485 0.0003748928877463582 4.74493212836325
113 0.00010711225364181663 2.26002547857525
114 0.00026778063410454157 0.37548427589622857
117 5.3556126820908315e-05 0.0
12 0.0004820051413881748 0.18058393689541388
1200 5.3556126820908315e-05 1.1073459686368643
121 5.3556126820908315e-05 1.449095262358921
121px 5.3556126820908315e-05 1.911718784307034
125em 0.00026778063410454157 0.0
127 5.3556126820908315e-05 0.09097177820572679
12px 5.3556126820908315e-05 0.09097177820572679
12s5i 5.3556126820908315e-05 0.0
13 0.00032133676092544985 0.0
1306 0.00010711225364181663 4.74493212836325
133 5.3556126820908315e-05 0.08149303425118301
138 0.00010711225364181663 2.26002547857525
14 0.0010711225364181663 0.22314355131420976
144px 5.3556126820908315e-05 4.74493212836325
145 0.00010711225364181663 2.4423470353692043
15 0.00016066838046272492 0.3382128810989969
1501 5.3556126820908315e-05 4.74493212836325
1503008 5.3556126820908315e-05 4.74493212836325
155491 5.3556126820908315e-05 4.74493212836325
15px 5.3556126820908315e-05 0.8531118302526235
16 0.0008033419023136247 0.2451224580329849
160 0.0007497857754927164 0.0
17 0.00016066838046272492 0.44086703515908027
182px 5.3556126820908315e-05 1.8545603704670854
19 0.00016066838046272492 0.38822330167365837
192px 5.3556126820908315e-05 4.74493212836325
1999 0.00016066838046272492 1.377636298376776
1em 0.0003748928877463582 0.02643325706815543
1px 0.00032133676092544985 0.2451224580329849
1x1 5.3556126820908315e-05 0.0
2 0.002570694087403599 0.0
20 0.00021422450728363326 0.0
2000 5.3556126820908315e-05 1.0813704822336037
2001 5.3556126820908315e-05 1.449095262358921
2002 5.3556126820908315e-05 1.0560526742493137
20021087 0.00010711225364181663 4.74493212836325
2003 0.0003748928877463582 0.9837320126696876
2004 0.0011246786632390746 0.06280090123903044
2005 0.0005355612682090831 0.8531118302526235
20050104172743 5.3556126820908315e-05 4.74493212836325
20050206105706 5.3556126820908315e-05 4.74493212836325
20050211013725 5.3556126820908315e-05 4.74493212836325
2006 5.3556126820908315e-05 1.0072625100798818
2007 5.3556126820908315e-05 0.9382696385929302
2008 5.3556126820908315e-05 1.0313600616589422
2009 5.3556126820908315e-05 0.9382696385929302
2010 0.00021422450728363326 0.8329091229351039
20100226105014 5.3556126820908315e-05 4.74493212836325
2011 5.3556126820908315e-05 0.6017974019717174
2012 5.3556126820908315e-05 0.9382696385929302
2013 5.3556126820908315e-05 0.6844891178168307
2014 0.00016066838046272492 0.8947845266531914
2015 5.3556126820908315e-05 1.0072625100798818
2016 0.00021422450728363326 0.9837320126696876
2017 5.3556126820908315e-05 0.9837320126696876
2018 0.0003748928877463582 1.0072625100798818
2019 5.3556126820908315e-05 0.9162907318741551
2020 5.3556126820908315e-05 0.8329091229351039
2021 0.00026778063410454157 0.7746402148111283
2022 0.000856898029134533 0.0
20230316120453 5.3556126820908315e-05 4.74493212836325
20230316120455 0.00010711225364181663 4.74493212836325
205 0.00010711225364181663 2.7990219793079367
208263 5.3556126820908315e-05 4.74493212836325
2097152 0.00021422450728363326 0.0
20px 5.3556126820908315e-05 0.8531118302526235
21 0.00010711225364181663 0.3504829736908114
210 5.3556126820908315e-05 2.953172659135195
219566 0.00021422450728363326 4.74493212836325
21t17 0.00010711225364181663 4.051784947803305
22 0.0003748928877463582 0.26759531388504365
222 5.3556126820908315e-05 3.3586377672433594
22349 5.3556126820908315e-05 4.74493212836325
228 0.00010711225364181663 2.26002547857525
2281448 0.00016066838046272492 4.74493212836325
228b22 0.0004820051413881748 4.74493212836325
2358 0.00010711225364181663 4.74493212836325
24 0.00021422450728363326 0.5254244231871433
25 0.00010711225364181663 0.3260915205666521
255 5.3556126820908315e-05 0.09097177820572679
256 0.00026778063410454157 1.449095262358921
2562 0.00010711225364181663 4.051784947803305
25em 0.0012317909168808913 0.035401927050916
26 0.00021422450728363326 0.0
2600 5.3556126820908315e-05 4.051784947803305
26comment 5.3556126820908315e-05 4.74493212836325
26p 5.3556126820908315e-05 4.051784947803305
26showtopic 5.3556126820908315e-05 4.74493212836325
26view 5.3556126820908315e-05 4.74493212836325
27 0.00026778063410454157 0.42744401482693967
27_basic 5.3556126820908315e-05 4.74493212836325
27t21 0.00010711225364181663 4.74493212836325
28autoit 5.3556126820908315e-05 4.74493212836325
28z 0.00010711225364181663 3.1354942159291497
29 0.00021422450728363326 0.22314355131420976
2916 5.3556126820908315e-05 4.74493212836325
292 0.00010711225364181663 2.953172659135195
2b 5.3556126820908315e-05 0.7195804376281008
2cicon 5.3556126820908315e-05 0.0
2cstyles 5.3556126820908315e-05 0.0
2cwikimediabadges 5.3556126820908315e-05 0.6177977433181585
2em 0.00026778063410454157 0.06280090123903044
2f 0.001178234790059983 0.11020314013361425
2f208263 5.3556126820908315e-05 4.74493212836325
2f2916 5.3556126820908315e-05 4.74493212836325
2f7204 5.3556126820908315e-05 4.74493212836325
2farchive 0.00010711225364181663 1.5668782980153044
2fautoit 0.0003748928877463582 4.74493212836325
2fautoit3 0.00032133676092544985 4.74493212836325
2fautoitobject 5.3556126820908315e-05 4.74493212836325
2fboard 5.3556126820908315e-05 4.051784947803305
2fdocs 0.00016066838046272492 1.5668782980153044
2fdownloads 5.3556126820908315e-05 3.3586377672433594
2fen 0.000856898029134533 0.10054122922187746
2ffiles 0.00010711225364181663 2.4423470353692043
2ffmt 0.000856898029134533 0.10054122922187746
2fforum 0.00016066838046272492 3.1354942159291497
2fhistory 5.3556126820908315e-05 2.3470368555648795
2findex 0.00010711225364181663 1.5668782980153044
2flicense 5.3556126820908315e-05 3.1354942159291497
2fsite 0.00016066838046272492 3.6463198396951406
2ftopic 0.00016066838046272492 3.1354942159291497
2fuser_defined_functions 5.3556126820908315e-05 4.74493212836325
2fwiki 5.3556126820908315e-05 2.03688192726104
2fwww 0.000696229648671808 0.3382128810989969
2px 0.00010711225364181663 0.26759531388504365
2x 0.0003748928877463582 0.0
3 0.0038024850042844903 0.0
300 5.3556126820908315e-05 1.6094379124341003
300px 5.3556126820908315e-05 2.4423470353692043
30em 5.3556126820908315e-05 0.09097177820572679
31 0.00021422450728363326 0.0
3125em 5.3556126820908315e-05 0.0
32 0.00032133676092544985 0.26759531388504365
325px 5.3556126820908315e-05 4.051784947803305
33161 0.00010711225364181663 4.74493212836325
34 0.00010711225364181663 1.1340142157190256
34158 0.00021422450728363326 4.74493212836325
360 0.00016066838046272492 2.5477075510270306
37 0.00010711225364181663 1.0072625100798818
39 0.0014995715509854327 0.3141153295199365
397 0.00010711225364181663 3.6463198396951406
3a 0.0008033419023136247 0.11020314013361425
3a3 5.3556126820908315e-05 0.09097177820572679
3a80 0.00010711225364181663 4.051784947803305
3aautoit 0.000856898029134533 4.74493212836325
3abook 0.0006426735218508997 0.22314355131420976
3ajournal 0.00021422450728363326 0.3260915205666521
3akev 0.000856898029134533 0.10054122922187746
3amtx 0.000856898029134533 0.10054122922187746
3aofi 0.000856898029134533 0.10054122922187746
3asid 0.000856898029134533 0.10054122922187746
3cols 5.3556126820908315e-05 0.21233263520999412
3d 0.00010711225364181663 1.7004096906398272
3d1503008 5.3556126820908315e-05 4.74493212836325
3d155491 5.3556126820908315e-05 4.74493212836325
3d22349 5.3556126820908315e-05 4.74493212836325
3dfindcomment 5.3556126820908315e-05 4.74493212836325
3dfindpost 5.3556126820908315e-05 4.74493212836325
3em 0.00016066838046272492 0.035401927050916
3fdo 5.3556126820908315e-05 4.74493212836325
3fs 5.3556126820908315e-05 4.051784947803305
3px 0.00010711225364181663 0.12981161152199053
4 0.000696229648671808 0.02643325706815543
40 5.3556126820908315e-05 0.0
400 0.00010711225364181663 0.0
41 5.3556126820908315e-05 1.0560526742493137
415 0.00010711225364181663 2.953172659135195
42 5.3556126820908315e-05 0.9607424944449889
440 5.3556126820908315e-05 3.3586377672433594
45 0.00016066838046272492 1.1895840668738364
450px 5.3556126820908315e-05 2.5477075510270306
459 0.00010711225364181663 3.6463198396951406
47 0.00016066838046272492 1.2484245668967697
473 5.3556126820908315e-05 3.1354942159291497
4a 0.00016066838046272492 1.9723434061234688
4c 5.3556126820908315e-05 0.09097177820572679
4e05 5.3556126820908315e-05 4.74493212836325
4em 0.0018209083119108825 0.40112670650956617
5 0.0014460154241645244 0.11020314013361425
50 0.00010711225364181663 0.0
500 0.00010711225364181663 0.0
5000000 0.00010711225364181663 0.0
503 0.00010711225364181663 3.6463198396951406
52428800 0.00010711225364181663 0.008733679968754631
527 0.00021422450728363326 3.6463198396951406
53 0.00010711225364181663 1.3437347467010947
57z 0.00010711225364181663 3.6463198396951406
59 0.00016066838046272492 0.40112670650956617
592 5.3556126820908315e-05 3.1354942159291497
595 5.3556126820908315e-05 3.3586377672433594
5em 0.0005355612682090831 0.0
5x 0.0003748928877463582 0.0
6 0.0007497857754927164 0.044451762570833796
600 0.00026778063410454157 2.26002547857525
609 0.00010711225364181663 3.3586377672433594
614 0.00010711225364181663 4.051784947803305
62919 0.00010711225364181663 4.74493212836325
64 0.00026778063410454157 1.1073459686368643
640 5.3556126820908315e-05 1.0813704822336037
65 5.3556126820908315e-05 0.05358424613410626
667 0.00010711225364181663 2.7990219793079367
68 0.00010711225364181663 1.1895840668738364
684 0.00010711225364181663 4.74493212836325
7 0.0006426735218508997 0.0
72 5.3556126820908315e-05 1.1895840668738364
7204 5.3556126820908315e-05 3.6463198396951406
720px 0.00010711225364181663 0.0
75em 5.3556126820908315e-05 1.6094379124341003
77 0.00010711225364181663 1.4127276181880462
7cext 0.00016066838046272492 0.0
7cjquery 5.3556126820908315e-05 0.41419878807691896
7cmediawiki 5.3556126820908315e-05 0.0
7cskins 5.3556126820908315e-05 0.0
7cwikibase 5.3556126820908315e-05 0.0
7em 5.3556126820908315e-05 0.41419878807691896
8 0.0010711225364181663 0.0
80 0.0003748928877463582 0.3022808718729337
800 5.3556126820908315e-05 1.1340142157190256
80_level_ii_basic 5.3556126820908315e-05 4.74493212836325
8125em 5.3556126820908315e-05 0.0
83 0.00010711225364181663 0.8131064956389242
85 5.3556126820908315e-05 0.5705448584676129
86 5.3556126820908315e-05 0.7936884097818228
86400 0.00010711225364181663 0.8329091229351039
87 5.3556126820908315e-05 1.0560526742493137
871 0.00010711225364181663 4.051784947803305
88 0.001178234790059983 0.0
887 5.3556126820908315e-05 4.74493212836325
8a 0.00016066838046272492 0.7375989431307791
8d6a 5.3556126820908315e-05 4.74493212836325
9 0.0004820051413881748 0.11020314013361425
90 0.00010711225364181663 0.08149303425118301
91 0.0009104541559554413 0.0721032939013439
93 0.0009104541559554413 0.06280090123903044
94086 0.00010711225364181663 4.74493212836325
95 0.00016066838046272492 0.035401927050916
958 0.00010711225364181663 3.6463198396951406
96 0.00010711225364181663 0.4682660093471948
96px 5.3556126820908315e-05 4.74493212836325
978 0.00032133676092544985 0.9837320126696876
98 5.3556126820908315e-05 0.8131064956389242
9820226a 5.3556126820908315e-05 4.74493212836325
98px 5.3556126820908315e-05 4.74493212836325
99 0.00010711225364181663 0.6505875661411494
9e 5.3556126820908315e-05 1.3109449238781037
9px 0.00016066838046272492 0.09097177820572679
_example 0.00016066838046272492 3.3586377672433594
_find_average 0.00021422450728363326 4.74493212836325
a 0.045469151670951155 0.0
a0 0.00016066838046272492 0.25629575863111026
a2a9b1 5.3556126820908315e-05 0.27902400970866637
a3 5.3556126820908315e-05 1.7004096906398272
a4 5.3556126820908315e-05 1.1895840668738364
a7 5.3556126820908315e-05 0.8131064956389242
aa 0.00016066838046272492 0.0721032939013439
aarray 0.00032133676092544985 4.74493212836325
abbr 0.0004284490145672665 0.41419878807691896
about 0.0004820051413881748 0.0
aboutsite 5.3556126820908315e-05 0.0
above 5.3556126820908315e-05 0.1599646496926782
abovebelow 0.00021422450728363326 0.44086703515908027
absolute 5.3556126820908315e-05 0.0
accepted 5.3556126820908315e-05 2.953172659135195
access 0.00016066838046272492 0.8131064956389242
accessdate 0.0004284490145672665 0.2451224580329849
accesskey 0.001017566409597258 0.0
account 0.00032133676092544985 0.0
across 5.3556126820908315e-05 0.0
action 0.0014460154241645244 0.0
actions 5.3556126820908315e-05 0.0
active 5.3556126820908315e-05 1.8004931491968095
add 0.00016066838046272492 0.0
added 5.3556126820908315e-05 1.0560526742493137
additional 5.3556126820908315e-05 0.0
address 0.00010711225364181663 0.0
after 0.001017566409597258 0.0
afterwards 5.3556126820908315e-05 3.6463198396951406
ago 0.00016066838046272492 0.5108256237659907
agree 5.3556126820908315e-05 0.0
aka 5.3556126820908315e-05 2.953172659135195
alarm 5.3556126820908315e-05 4.051784947803305
alert 0.00021422450728363326 0.0
align 0.0006426735218508997 0.05358424613410626
all 0.00016066838046272492 0.0
alone 5.3556126820908315e-05 2.3470368555648795
along 5.3556126820908315e-05 1.6094379124341003
alpha 0.00021422450728363326 0.08149303425118301
alphabasic 0.00016066838046272492 4.74493212836325
also 0.0004820051413881748 0.19105523676270922
alt 0.0005891173950299915 0.0
altair 0.00010711225364181663 4.051784947803305
altair_basic 5.3556126820908315e-05 4.74493212836325
alternate 0.00016066838046272492 0.0
always 5.3556126820908315e-05 1.6094379124341003
amigabasic 0.00016066838046272492 3.6463198396951406
amos 0.00010711225364181663 4.74493212836325
amos_ 5.3556126820908315e-05 4.74493212836325
amp 0.009158097686375322 0.0
an 0.000696229648671808 0.0
and 0.002784918594687232 0.0
anon 0.00010711225364181663 0.0
anoncontribs 5.3556126820908315e-05 0.0
anontalk 5.3556126820908315e-05 0.0
anonymous 5.3556126820908315e-05 0.0
another 5.3556126820908315e-05 0.09097177820572679
api 5.3556126820908315e-05 0.0
app 5.3556126820908315e-05 2.03688192726104
appear 5.3556126820908315e-05 2.26002547857525
appeared 5.3556126820908315e-05 0.40112670650956617
apple 0.00010711225364181663 0.0
applesoft 0.00010711225364181663 4.74493212836325
applesoft_basic 5.3556126820908315e-05 4.74493212836325
application 0.0004820051413881748 0.0
applications 0.00016066838046272492 0.7746402148111283
apply 5.3556126820908315e-05 0.0
apps 0.00016066838046272492 1.9723434061234688
april 0.00010711225364181663 0.0
ar 0.00021422450728363326 0.6844891178168307
arabic 5.3556126820908315e-05 1.16141318990714
archive 0.00032133676092544985 0.3504829736908114
archived 0.00021422450728363326 0.6017974019717174
are 0.0003748928877463582 0.0
argument 5.3556126820908315e-05 0.0
aria 0.0016602399314481577 0.0
array 0.00026778063410454157 1.16141318990714
arrays 5.3556126820908315e-05 1.5260563034950492
article 0.00032133676092544985 0.0
articles 5.3556126820908315e-05 0.0
as 0.0006426735218508997 0.0
asic 0.00010711225364181663 3.3586377672433594
asic_programming_language 5.3556126820908315e-05 4.74493212836325
ask 5.3556126820908315e-05 3.6463198396951406
asplit 0.00010711225364181663 4.74493212836325
assign 5.3556126820908315e-05 2.3470368555648795
associated 0.00010711225364181663 0.0
async 0.00026778063410454157 0.0
at 0.00021422450728363326 0.0
atari 0.0005355612682090831 3.1354942159291497
atari_basic 5.3556126820908315e-05 4.051784947803305
atari_microsoft_basic 5.3556126820908315e-05 4.74493212836325
atari_st_basic 5.3556126820908315e-05 4.74493212836325
atitle 0.00021422450728363326 0.25629575863111026
atom 0.00026778063410454157 0.0
atom_basic 5.3556126820908315e-05 4.74493212836325
attention 5.3556126820908315e-05 2.953172659135195
attribution 5.3556126820908315e-05 0.0
au 5.3556126820908315e-05 0.48225225132193467
au3 0.00026778063410454157 4.74493212836325
au3_script_file_format_icon 0.0004284490145672665 4.74493212836325
aufirst 0.00021422450728363326 0.3629054936893685
august 0.00021422450728363326 0.0
aulast 0.00021422450728363326 0.3629054936893685
author 0.00010711225364181663 0.0
auto 0.00026778063410454157 0.0
auto3lib 0.00010711225364181663 4.74493212836325
autocapitalize 5.3556126820908315e-05 0.0
autocollapse 5.3556126820908315e-05 0.9162907318741551
autohotkey 0.0005891173950299915 4.051784947803305
autoit 0.009158097686375322 4.051784947803305
autoit1 5.3556126820908315e-05 4.74493212836325
autoit2 0.00010711225364181663 4.74493212836325
autoit3 0.0006426735218508997 4.74493212836325
autoit_example_script 0.0005355612682090831 4.74493212836325
autoitlogo 0.0003748928877463582 4.74493212836325
autoitobject 0.00021422450728363326 4.74493212836325
autoitscript 0.0018209083119108825 4.051784947803305
autoitx 0.00010711225364181663 4.74493212836325
automate 0.00010711225364181663 2.953172659135195
automated 5.3556126820908315e-05 2.1799827709017134
automatically 0.00010711225364181663 1.486835590341768
automating 0.00016066838046272492 3.6463198396951406
automating_the_windows_calculator 0.00021422450728363326 4.74493212836325
automation 0.0006426735218508997 1.911718784307034
automation_software 5.3556126820908315e-05 4.051784947803305
automator 0.00010711225364181663 3.6463198396951406
automator_ 5.3556126820908315e-05 3.6463198396951406
autostart 5.3556126820908315e-05 0.11020314013361425
available 0.00026778063410454157 0.0
average 0.0003748928877463582 3.3586377672433594
avoid 0.00016066838046272492 0.09097177820572679
b 0.0018209083119108825 0.0
b32 0.00010711225364181663 4.74493212836325
b32_business_basic 5.3556126820908315e-05 4.74493212836325
b4x 0.00016066838046272492 4.051784947803305
b7d0 5.3556126820908315e-05 4.74493212836325
background 0.0010711225364181663 0.017544309650909525
backlink 0.000856898029134533 0.08149303425118301
bal 5.3556126820908315e-05 4.051784947803305
based 5.3556126820908315e-05 0.3504829736908114
basic 0.010014995715509855 0.7195804376281008
basic4android 0.00016066838046272492 4.74493212836325
basic4gl 0.00016066838046272492 4.051784947803305
basic4ppc 0.00016066838046272492 4.74493212836325
basic_8 5.3556126820908315e-05 4.74493212836325
basic_83 5.3556126820908315e-05 4.74493212836325
basic_a 5.3556126820908315e-05 4.74493212836325
basic_extension 5.3556126820908315e-05 4.74493212836325
basic_for_qt 5.3556126820908315e-05 4.051784947803305
basic_programming 5.3556126820908315e-05 4.74493212836325
basic_programming_language_family 5.3556126820908315e-05 4.74493212836325
basic_xe 5.3556126820908315e-05 4.74493212836325
basic_xl 0.00010711225364181663 4.051784947803305
basicode 0.00016066838046272492 4.74493212836325
basics 5.3556126820908315e-05 3.3586377672433594
basicx 0.00016066838046272492 4.74493212836325
bbc 0.00010711225364181663 3.6463198396951406
bbc_basic 5.3556126820908315e-05 4.051784947803305
bday 0.00016066838046272492 0.41419878807691896
bdi 0.00021422450728363326 0.7375989431307791
be 0.00026778063410454157 0.06280090123903044
because 5.3556126820908315e-05 0.0
become 5.3556126820908315e-05 1.9723434061234688
before 0.0008033419023136247 0.0
below 5.3556126820908315e-05 0.18058393689541388
bennett 0.00026778063410454157 4.74493212836325
beta 0.00021422450728363326 1.7004096906398272
beta_basic 5.3556126820908315e-05 4.74493212836325
bit 0.00010711225364181663 1.2791962255635234
blitz 5.3556126820908315e-05 4.74493212836325
blitz_basic 5.3556126820908315e-05 4.74493212836325
blitzmax 5.3556126820908315e-05 4.74493212836325
block 0.00010711225364181663 0.18058393689541388
board 5.3556126820908315e-05 2.1799827709017134
body 0.0007497857754927164 0.0
bodycontent 0.00010711225364181663 0.0
bold 5.3556126820908315e-05 0.2451224580329849
book 0.00026778063410454157 0.42744401482693967
booksources 0.00021422450728363326 0.6673946844575306
bootstrap 5.3556126820908315e-05 0.10054122922187746
border 0.002570694087403599 0.0
both 0.00016066838046272492 0.3022808718729337
bottom 0.00026778063410454157 0.05358424613410626
box 0.001178234790059983 0.0
boxes 5.3556126820908315e-05 2.953172659135195
boxtext 5.3556126820908315e-05 0.41419878807691896
br 0.0003748928877463582 0.42744401482693967
bracket 0.0010711225364181663 0.0
brackets 0.00010711225364181663 0.41419878807691896
break 0.00016066838046272492 0.05358424613410626
brevity 5.3556126820908315e-05 3.6463198396951406
browsing 5.3556126820908315e-05 0.0
btitle 0.0006426735218508997 0.22314355131420976
btn 0.00026778063410454157 0.0
business 0.00026778063410454157 1.0072625100798818
business_application_language 5.3556126820908315e-05 4.74493212836325
business_basic 5.3556126820908315e-05 4.74493212836325
but 0.00016066838046272492 0.3629054936893685
button 0.0019280205655526992 0.0
buttons 5.3556126820908315e-05 0.0
by 0.001017566409597258 0.0
bytes 0.00021422450728363326 0.0
c 0.00032133676092544985 0.0
c1 0.001713796058269066 1.449095262358921
c13_en 5.3556126820908315e-05 0.0
ca 0.0005891173950299915 0.0
cache 0.00010711225364181663 0.0
cached 5.3556126820908315e-05 0.0
cachereport 5.3556126820908315e-05 0.0
cactions 0.00032133676092544985 0.0
calc 5.3556126820908315e-05 4.051784947803305
calcframe 0.00016066838046272492 4.74493212836325
calculator 0.0004284490145672665 2.953172659135195
calculators 5.3556126820908315e-05 3.6463198396951406
call 0.00021422450728363326 1.1073459686368643
called 5.3556126820908315e-05 0.6844891178168307
calls 5.3556126820908315e-05 0.0
campaigns 5.3556126820908315e-05 0.0
can 0.00032133676092544985 0.17022114985986725
candidate 0.00026778063410454157 3.1354942159291497
canonical 0.00010711225364181663 0.0
cantonese 5.3556126820908315e-05 0.540239508972284
caps 5.3556126820908315e-05 0.41419878807691896
caption 0.0003748928877463582 0.21233263520999412
carvalho 0.00010711225364181663 4.74493212836325
casio 0.00010711225364181663 4.74493212836325
casio_basic 5.3556126820908315e-05 4.74493212836325
categories 5.3556126820908315e-05 0.02643325706815543
category 0.0005891173950299915 0.0
catlinks 0.00021422450728363326 0.0
cbasic 0.00016066838046272492 4.74493212836325
ccf 5.3556126820908315e-05 0.454472687214859
cd4d015f5907 5.3556126820908315e-05 4.74493212836325
center 0.0004820051413881748 0.017544309650909525
centralauth 0.00010711225364181663 0.0
centralautologin 0.00010711225364181663 0.0
centralnotice 0.00016066838046272492 0.0
ch 0.00016066838046272492 2.665490586683414
change 5.3556126820908315e-05 0.0
changes 0.00021422450728363326 0.0
charinsert 5.3556126820908315e-05 0.0
charset 5.3556126820908315e-05 0.0
cheaplab 0.00010711225364181663 4.74493212836325
cheaplab_15 0.00010711225364181663 4.74493212836325
check 0.00010711225364181663 1.6538896750049343
checkbox 0.0018209083119108825 0.0
checks 5.3556126820908315e-05 2.3470368555648795
child 0.0013389031705227077 0.06280090123903044
chinese 0.00016066838046272492 0.8131064956389242
chinese_basic 5.3556126820908315e-05 4.74493212836325
chipmunk 0.00010711225364181663 4.74493212836325
chipmunk_basic 5.3556126820908315e-05 4.74493212836325
chosen 5.3556126820908315e-05 2.26002547857525
citation 0.0012853470437017994 0.08149303425118301
cite 0.0029455869751499573 0.0
cite_note 0.001713796058269066 0.08149303425118301
cite_ref 0.001713796058269066 0.08149303425118301
cite_web 0.00010711225364181663 0.4682660093471948
citerefbennett2018 0.00010711225364181663 4.74493212836325
citerefcarvalho2016 5.3556126820908315e-05 4.74493212836325
citerefkaplan2003 5.3556126820908315e-05 4.74493212836325
citethispage 5.3556126820908315e-05 0.0
citrix 0.00010711225364181663 4.051784947803305
class 0.04648671808054841 0.0
classic 0.00021422450728363326 1.7004096906398272
classical 5.3556126820908315e-05 2.953172659135195
classname 0.00016066838046272492 0.0
clear 0.00032133676092544985 0.11995931507897897
clicks 5.3556126820908315e-05 4.051784947803305
client 0.00026778063410454157 0.0
clipboard 0.00010711225364181663 4.051784947803305
clipget 5.3556126820908315e-05 4.74493212836325
close 5.3556126820908315e-05 1.9723434061234688
closed 0.00016066838046272492 1.911718784307034
cnc 5.3556126820908315e-05 3.6463198396951406
code 0.00021422450728363326 0.035401927050916
col 5.3556126820908315e-05 0.540239508972284
coll 0.00021422450728363326 0.0
collapse 0.00010711225364181663 0.21233263520999412
collapsed 0.00016066838046272492 0.0
collapses 5.3556126820908315e-05 0.0
collapsible 0.0005891173950299915 0.0
color 0.0012317909168808913 0.017544309650909525
color_basic 5.3556126820908315e-05 4.74493212836325
colspan 0.0004284490145672665 0.14981227822866008
column 0.00016066838046272492 0.09097177820572679
columns 0.00032133676092544985 0.09097177820572679
com 0.0019815766923736077 0.11995931507897897
commas 0.00010711225364181663 2.7990219793079367
comment 5.3556126820908315e-05 1.377636298376776
commentedtext 5.3556126820908315e-05 1.9723434061234688
commodore 0.00010711225364181663 2.7990219793079367
commodore_basic 5.3556126820908315e-05 4.74493212836325
commons 0.0008033419023136247 0.0
community 0.00016066838046272492 0.0
community_portal 5.3556126820908315e-05 0.0
compactlinks 5.3556126820908315e-05 0.0
compatible 5.3556126820908315e-05 1.486835590341768
compiled 5.3556126820908315e-05 1.0813704822336037
compiler 0.00021422450728363326 0.5108256237659907
compiling 5.3556126820908315e-05 2.03688192726104
complications 5.3556126820908315e-05 0.0
component 0.00010711225364181663 1.6538896750049343
component_object_model 5.3556126820908315e-05 3.6463198396951406
compressed 5.3556126820908315e-05 3.6463198396951406
computer 0.00010711225364181663 0.12981161152199053
computer_science 5.3556126820908315e-05 0.5860490450035782
computers 0.00010711225364181663 1.0813704822336037
computing 0.00016066838046272492 0.3504829736908114
computing_platform 5.3556126820908315e-05 1.6094379124341003
config 0.00010711225364181663 0.0
console 5.3556126820908315e-05 1.911718784307034
constant 0.00010711225364181663 2.03688192726104
consulting 5.3556126820908315e-05 3.1354942159291497
contact 0.00021422450728363326 0.0
contact_us 0.00010711225364181663 0.0
contactpage 5.3556126820908315e-05 0.0
container 0.0007497857754927164 0.0
containing 5.3556126820908315e-05 0.0
contains 5.3556126820908315e-05 1.4127276181880462
content 0.004391602399314481 0.0
contentinfo 5.3556126820908315e-05 0.0
contents 0.0007497857754927164 0.0
contentsub 5.3556126820908315e-05 0.0
context 0.00010711225364181663 0.0
contribute 5.3556126820908315e-05 0.0
contributions 5.3556126820908315e-05 0.0
contributors 0.00010711225364181663 0.0
control 0.00016066838046272492 0.44086703515908027
controlled 5.3556126820908315e-05 2.665490586683414
controls 0.00026778063410454157 0.0
conversion 5.3556126820908315e-05 0.0
converted 5.3556126820908315e-05 1.8545603704670854
cookie 0.00026778063410454157 0.0
cookie_statement 5.3556126820908315e-05 0.0
cookiestatement 5.3556126820908315e-05 0.0
copy 5.3556126820908315e-05 2.3470368555648795
copyright 0.00016066838046272492 0.0
copyrighted 5.3556126820908315e-05 4.051784947803305
copyrightico 5.3556126820908315e-05 0.0
correct 0.00016066838046272492 2.03688192726104
cost 5.3556126820908315e-05 2.4423470353692043
cost_laboratory_automation 5.3556126820908315e-05 4.74493212836325
count 0.00010711225364181663 0.0
counter 0.00021422450728363326 0.27902400970866637
covered 5.3556126820908315e-05 3.1354942159291497
cpu 5.3556126820908315e-05 0.0
cputime 5.3556126820908315e-05 0.0
create 0.00032133676092544985 0.0
createaccount 0.00021422450728363326 0.0
creative 5.3556126820908315e-05 0.0
creativecommons 0.00010711225364181663 0.0
creator 0.00010711225364181663 2.26002547857525
creators 5.3556126820908315e-05 3.1354942159291497
cross 5.3556126820908315e-05 0.0
crossorigin 5.3556126820908315e-05 0.0
cs 0.00021422450728363326 0.9607424944449889
cs1 0.0014995715509854327 0.09097177820572679
csrftoken 5.3556126820908315e-05 0.0
ct 0.00010711225364181663 0.41419878807691896
ctrl 5.3556126820908315e-05 4.051784947803305
ctx_ver 0.000856898029134533 0.10054122922187746
current 0.00026778063410454157 0.0
current_events 5.3556126820908315e-05 0.0
currentevents 5.3556126820908315e-05 0.0
cursor 5.3556126820908315e-05 0.38822330167365837
cx 0.00010711225364181663 0.0
cycle 0.00010711225364181663 0.6844891178168307
czardas 5.3556126820908315e-05 4.74493212836325
czech 5.3556126820908315e-05 1.3109449238781037
d 5.3556126820908315e-05 0.06280090123903044
d33 0.00010711225364181663 0.09097177820572679
d6 5.3556126820908315e-05 0.09097177820572679
d8 0.00021422450728363326 0.7375989431307791
d9 0.00010711225364181663 0.7936884097818228
da 0.00021422450728363326 1.2185716037470886
danish 5.3556126820908315e-05 1.9723434061234688
dansk 5.3556126820908315e-05 1.9723434061234688
darkbasic 5.3556126820908315e-05 4.74493212836325
dartmouth 0.00010711225364181663 2.665490586683414
dartmouth_basic 5.3556126820908315e-05 4.74493212836325
data 0.0038560411311053984 0.0
data_general_business_basic 5.3556126820908315e-05 4.74493212836325
data_general_extended_basic 5.3556126820908315e-05 4.051784947803305
datagram 5.3556126820908315e-05 4.74493212836325
date 0.0004284490145672665 0.08149303425118301
datemodified 0.00010711225364181663 0.0
datepublished 0.00010711225364181663 0.0
dd 0.000856898029134533 0.22314355131420976
ddf 5.3556126820908315e-05 0.454472687214859
de 0.00026778063410454157 0.2905848321097423
december 0.0003748928877463582 0.0
decimal 0.00016066838046272492 0.09097177820572679
declare 0.00010711225364181663 2.1058747987479913
decoding 0.00021422450728363326 0.11020314013361425
decoration 0.00010711225364181663 0.41419878807691896
deduplicate 0.0003748928877463582 0.017544309650909525
deduplicated 0.0009104541559554413 0.06280090123903044
defined 0.00016066838046272492 0.9162907318741551
depth 0.00016066838046272492 0.0
derived 5.3556126820908315e-05 1.749199854809259
description 5.3556126820908315e-05 0.0
design 0.00026778063410454157 0.3141153295199365
designed 0.00010711225364181663 0.3504829736908114
designer 5.3556126820908315e-05 2.1058747987479913
designers 5.3556126820908315e-05 2.7990219793079367
desktoparticletarget 0.00016066838046272492 0.0
detailed 5.3556126820908315e-05 2.953172659135195
details 5.3556126820908315e-05 1.1340142157190256
detection 5.3556126820908315e-05 0.0
deutsch 5.3556126820908315e-05 0.5254244231871433
developer 0.00016066838046272492 0.0
developers 0.00016066838046272492 0.0
development 0.00010711225364181663 0.38822330167365837
devices 5.3556126820908315e-05 1.911718784307034
dialects 0.00010711225364181663 1.4127276181880462
dialects_of_the_basic_programming_language_ 0.00010711225364181663 4.74493212836325
did 5.3556126820908315e-05 1.7004096906398272
different 0.00010711225364181663 0.38822330167365837
dir 0.00032133676092544985 0.0
disabled 0.0005891173950299915 0.0
disclaimers 0.00010711225364181663 0.0
discuss 0.00010711225364181663 0.0
discussing 0.00010711225364181663 3.6463198396951406
discussion 0.00010711225364181663 0.0
disk 0.00010711225364181663 2.3470368555648795
disk_extended_color_basic 5.3556126820908315e-05 4.74493212836325
display 0.0010711225364181663 0.0
displays 5.3556126820908315e-05 2.665490586683414
distributed 0.00016066838046272492 1.1895840668738364
div 0.014031705227077978 0.0
divide 5.3556126820908315e-05 2.7990219793079367
dl 0.0005355612682090831 0.19105523676270922
dll 5.3556126820908315e-05 3.1354942159291497
dmy 5.3556126820908315e-05 0.0
dns 0.00010711225364181663 0.0
do 0.00016066838046272492 0.8329091229351039
docs 0.00026778063410454157 1.1073459686368643
doctype 5.3556126820908315e-05 0.0
document 0.00021422450728363326 0.0
documentelement 0.00016066838046272492 0.0
does 5.3556126820908315e-05 0.4682660093471948
donate 0.00016066838046272492 0.0
donating 5.3556126820908315e-05 0.0
dotted 0.00010711225364181663 1.9723434061234688
down 5.3556126820908315e-05 1.6094379124341003
download 0.00021422450728363326 0.0
downloadaspdf 5.3556126820908315e-05 0.0
downloads 0.00016066838046272492 2.5477075510270306
driven 0.00010711225364181663 2.1058747987479913
dropdown 0.0013389031705227077 0.0
dt 0.000856898029134533 0.26759531388504365
dtstart 0.00016066838046272492 0.41419878807691896
during 5.3556126820908315e-05 1.0560526742493137
dutch 5.3556126820908315e-05 1.3437347467010947
dynamic 0.00010711225364181663 0.8947845266531914
e 0.0005355612682090831 0.0
e6e6ff 5.3556126820908315e-05 0.454472687214859
each 5.3556126820908315e-05 0.8531118302526235
earliest 5.3556126820908315e-05 3.1354942159291497
easy 0.00010711225364181663 1.7004096906398272
ec 0.0004820051413881748 1.2185716037470886
echo 5.3556126820908315e-05 0.0
ed 5.3556126820908315e-05 0.8131064956389242
edit 0.002731362467866324 0.0
editable 5.3556126820908315e-05 0.0
edited 5.3556126820908315e-05 0.0
editing 5.3556126820908315e-05 0.0
editor 0.00021422450728363326 0.0
editors 0.00010711225364181663 0.0
editpage 5.3556126820908315e-05 0.0
edits 0.00010711225364181663 0.0
editsection 0.0016066838046272494 0.0
edituri 5.3556126820908315e-05 0.0
eee 5.3556126820908315e-05 0.48225225132193467
element 0.0004284490145672665 0.0
ellipsis 0.00010711225364181663 0.0
else 5.3556126820908315e-05 1.4127276181880462
elt 5.3556126820908315e-05 0.0
embedded 0.00010711225364181663 1.449095262358921
embedded_visual_basic 5.3556126820908315e-05 4.74493212836325
empty 0.00010711225364181663 0.0
emptyportlet 0.00010711225364181663 0.0
en 0.002088688946015424 0.0
enabled 0.0005891173950299915 0.0
encouraged 0.00021422450728363326 0.0
encyclopedia 0.00010711225364181663 0.0
end 5.3556126820908315e-05 0.0
endfunc 0.00010711225364181663 4.74493212836325
endif 5.3556126820908315e-05 3.3586377672433594
english 0.0003748928877463582 0.0
enhancements 0.00010711225364181663 0.0721032939013439
enlarge 5.3556126820908315e-05 1.749199854809259
enter 0.00016066838046272492 3.1354942159291497
entities 5.3556126820908315e-05 0.0
entity 0.00021422450728363326 0.0
entityaccesscount 5.3556126820908315e-05 0.0
entitypage 0.00010711225364181663 0.0
entry 5.3556126820908315e-05 1.377636298376776
environment 0.00010711225364181663 0.7375989431307791
enwiki 5.3556126820908315e-05 0.0
enwikimwclientprefs 5.3556126820908315e-05 0.0
error 0.00032133676092544985 0.09097177820572679
errors 5.3556126820908315e-05 1.486835590341768
es 0.00021422450728363326 0.6844891178168307
es6 5.3556126820908315e-05 0.0
esi 0.00010711225364181663 0.0
esitest 5.3556126820908315e-05 0.0
español 5.3556126820908315e-05 0.7195804376281008
etbasic 0.00026778063410454157 4.74493212836325
ethz 0.00016066838046272492 4.051784947803305
euphoria 0.00010711225364181663 4.74493212836325
euphoria_ 5.3556126820908315e-05 4.74493212836325
even 0.0005355612682090831 0.40112670650956617
event 0.0005355612682090831 0.0
eventlogging 0.00010711225364181663 0.0
events 0.00010711225364181663 0.0
exact 5.3556126820908315e-05 0.0
example 0.00010711225364181663 0.4682660093471948
examples 0.0004820051413881748 1.2185716037470886
excel 0.00010711225364181663 3.3586377672433594
exe 5.3556126820908315e-05 2.953172659135195
executable 5.3556126820908315e-05 1.6538896750049343
executables 5.3556126820908315e-05 2.7990219793079367
exist 5.3556126820908315e-05 0.540239508972284
exists 5.3556126820908315e-05 0.0
exit 0.00026778063410454157 1.9723434061234688
expand 0.00026778063410454157 0.0
expanded 0.00032133676092544985 0.008733679968754631
expander 0.00021422450728363326 4.74493212836325
expansion 0.00010711225364181663 0.0
expansiondepth 5.3556126820908315e-05 0.0
expect 0.00016066838046272492 3.3586377672433594
expensive 5.3556126820908315e-05 0.0
expensivefunctioncount 5.3556126820908315e-05 0.0
expiry 0.00010711225364181663 0.0
export 5.3556126820908315e-05 0.0
express 0.00010711225364181663 1.3109449238781037
expressions 0.00010711225364181663 1.4127276181880462
ext 0.0014995715509854327 0.0
extended 0.0004284490145672665 1.377636298376776
extended_color_basic 5.3556126820908315e-05 4.74493212836325
extenders 5.3556126820908315e-05 4.051784947803305
extension 0.00010711225364181663 0.7375989431307791
extensions 0.00010711225364181663 0.8131064956389242
external 0.0012853470437017994 0.0
external_links 0.00021422450728363326 0.19105523676270922
extiw 5.3556126820908315e-05 1.2185716037470886
extra 5.3556126820908315e-05 0.0
extracted 5.3556126820908315e-05 4.051784947803305
f 0.00021422450728363326 0.0
f7f7f7 5.3556126820908315e-05 0.454472687214859
fa8a495983347898 5.3556126820908315e-05 0.0
facto 5.3556126820908315e-05 3.3586377672433594
fallbacksearchbutton 5.3556126820908315e-05 0.0
false 0.0005355612682090831 0.0
family 0.00032133676092544985 0.7018808605286999
family_basic 5.3556126820908315e-05 4.74493212836325
faverage 0.00010711225364181663 4.74493212836325
favicon 5.3556126820908315e-05 0.0
fb 5.3556126820908315e-05 3.3586377672433594
fdfdfd 0.00016066838046272492 0.44086703515908027
feature 0.0011246786632390746 0.0
featurename 0.00016066838046272492 0.0
features 0.0003748928877463582 0.38822330167365837
february 0.0003748928877463582 0.0
feed 0.00010711225364181663 0.0
fi 0.00021422450728363326 1.377636298376776
file 0.0009104541559554413 0.0
file_upload_wizard 0.00010711225364181663 0.0
filename 0.00010711225364181663 1.2484245668967697
filename_extension 5.3556126820908315e-05 1.3109449238781037
files 0.00026778063410454157 0.0
find 0.00032133676092544985 0.6177977433181585
find_average 0.00021422450728363326 4.74493212836325
findcomment 5.3556126820908315e-05 4.74493212836325
findpost 5.3556126820908315e-05 4.74493212836325
finnish 5.3556126820908315e-05 1.5668782980153044
first 0.0012853470437017994 0.0
firstheading 0.00016066838046272492 0.0
flex 5.3556126820908315e-05 1.749199854809259
float 0.0003748928877463582 0.06280090123903044
flush 0.00026778063410454157 0.0
fonipa 5.3556126820908315e-05 2.7990219793079367
font 0.0013389031705227077 0.017544309650909525
footer 0.001392459297343616 0.0
for 0.0019815766923736077 0.0
form 0.00026778063410454157 0.0
format 0.00016066838046272492 0.0
forum 0.00026778063410454157 2.5477075510270306
found 5.3556126820908315e-05 1.449095262358921
foundation 0.0004820051413881748 0.0
fr 0.00021422450728363326 0.6177977433181585
français 5.3556126820908315e-05 0.6844891178168307
fraud 5.3556126820908315e-05 3.6463198396951406
free 0.0007497857754927164 0.0
free_and_open 5.3556126820908315e-05 1.6538896750049343
free_and_open_source 0.00016066838046272492 4.74493212836325
freebasic 0.00026778063410454157 4.74493212836325
freeware 0.00032133676092544985 2.7990219793079367
french 5.3556126820908315e-05 0.6673946844575306
fresult 0.00010711225364181663 4.74493212836325
from 0.0009104541559554413 0.0
full 0.00026778063410454157 0.044451762570833796
fulltext 5.3556126820908315e-05 0.0
fully 5.3556126820908315e-05 1.7004096906398272
func 0.00010711225364181663 1.2185716037470886
function 0.0004284490145672665 0.0
functional 0.00010711225364181663 1.2185716037470886
functional_programming 5.3556126820908315e-05 1.6094379124341003
functionality 0.00016066838046272492 1.7004096906398272
functions 0.00026778063410454157 0.7018808605286999
fundraiserredirector 5.3556126820908315e-05 0.0
futurebasic 0.00016066838046272492 4.051784947803305
g 0.00010711225364181663 0.0
gadget 0.00021422450728363326 0.0
gambas 0.00016066838046272492 4.051784947803305
game 5.3556126820908315e-05 1.6094379124341003
gathering 5.3556126820908315e-05 4.74493212836325
gehomepagesuggestededitsenabletopics 5.3556126820908315e-05 0.0
general 0.0004284490145672665 0.6844891178168307
general_disclaimer 5.3556126820908315e-05 0.0
generally 5.3556126820908315e-05 2.03688192726104
generation 0.00010711225364181663 1.486835590341768
generation_programming_language 5.3556126820908315e-05 3.3586377672433594
generator 5.3556126820908315e-05 0.0
genre 0.000856898029134533 0.10054122922187746
geoip 5.3556126820908315e-05 0.0
german 5.3556126820908315e-05 0.5108256237659907
get 0.00010711225364181663 1.2791962255635234
gfa 0.00010711225364181663 4.74493212836325
gfa_basic 5.3556126820908315e-05 4.74493212836325
glbasic 0.00016066838046272492 4.051784947803305
globalcssjs 0.00010711225364181663 0.0
gnu 0.00016066838046272492 1.1340142157190256
gnu_general_public_license 5.3556126820908315e-05 2.4423470353692043
go 0.00021422450728363326 0.0
going 5.3556126820908315e-05 2.7990219793079367
googpub 0.00010711225364181663 0.0
gpl 0.00010711225364181663 2.5477075510270306
graphical 0.00010711225364181663 1.449095262358921
graphical_user_interface 5.3556126820908315e-05 2.1058747987479913
graphics 0.00010711225364181663 1.6094379124341003
graphics_basic 5.3556126820908315e-05 4.74493212836325
grass 0.00010711225364181663 4.74493212836325
grass_ 5.3556126820908315e-05 4.74493212836325
gray 5.3556126820908315e-05 0.09097177820572679
greek 0.00010711225364181663 0.09097177820572679
green 5.3556126820908315e-05 0.09097177820572679
group 0.0028384747215081407 0.0
grown 5.3556126820908315e-05 4.051784947803305
growthexperiments 5.3556126820908315e-05 0.0
gt 0.00026778063410454157 0.8531118302526235
gui 0.00016066838046272492 1.7004096906398272
gui_designer 5.3556126820908315e-05 4.74493212836325
guidance 5.3556126820908315e-05 0.0
guides 5.3556126820908315e-05 0.0
gw 0.00016066838046272492 3.3586377672433594
h 0.00010711225364181663 0.0
h1 0.00010711225364181663 0.0
h2 0.0007497857754927164 0.0
h3 0.0004284490145672665 0.7195804376281008
hack 0.00032133676092544985 0.0
had 0.00010711225364181663 1.0313600616589422
has 0.00010711225364181663 0.0
haspopup 0.00026778063410454157 0.0
have 5.3556126820908315e-05 0.6340582641899388
hbasic 0.00016066838046272492 4.051784947803305
head 0.00016066838046272492 0.0
header 0.0014460154241645244 0.0
heading 0.0013389031705227077 0.0
headline 0.0006426735218508997 0.0
height 0.001178234790059983 0.0
hello 0.00026778063410454157 1.1340142157190256
hello_world 0.00021422450728363326 2.1058747987479913
help 0.0005355612682090831 0.0
here 0.00010711225364181663 0.0
hereinafter 5.3556126820908315e-05 4.74493212836325
hewlett 0.00010711225364181663 3.1354942159291497
hewlett_packard 5.3556126820908315e-05 4.74493212836325
hidden 0.0004284490145672665 0.0
hide 0.00010711225364181663 0.0
highest 5.3556126820908315e-05 0.0
highlight 0.00032133676092544985 0.6177977433181585
hill 0.00010711225364181663 2.5477075510270306
hindawi 5.3556126820908315e-05 4.74493212836325
hindawi_programming_system 5.3556126820908315e-05 4.74493212836325
history 0.0009640102827763496 0.0
hit 5.3556126820908315e-05 3.6463198396951406
hlist 0.003213367609254499 0.2905848321097423
hor 0.00010711225364181663 0.0
hosted 5.3556126820908315e-05 0.0
how 0.00026778063410454157 0.0
however 0.00021422450728363326 0.0
hp 0.00010711225364181663 2.3470368555648795
hp_time 5.3556126820908315e-05 4.74493212836325
href 0.022975578406169667 0.0
hreflang 0.0013389031705227077 0.11020314013361425
htm 0.00026778063410454157 1.2484245668967697
html 0.00016066838046272492 0.0
http 0.0008033419023136247 0.0
https 0.004177377892030848 0.0
hub 5.3556126820908315e-05 0.0
i 0.0011246786632390746 0.008733679968754631
ia 0.00016066838046272492 2.3470368555648795
iarraysum 0.00016066838046272492 4.74493212836325
ibm 0.00010711225364181663 1.2185716037470886
ibm_basic 5.3556126820908315e-05 4.74493212836325
ico 5.3556126820908315e-05 0.0
icon 0.002249357326478149 0.0
icons 0.00021422450728363326 0.0
id 0.009961439588688946 0.0
ide 5.3556126820908315e-05 1.449095262358921
identifier 0.00021422450728363326 0.42744401482693967
idhash 5.3556126820908315e-05 0.0
if 0.000696229648671808 0.0
ii 0.00010711225364181663 2.03688192726104
iii 5.3556126820908315e-05 2.7990219793079367
imacros 0.00016066838046272492 4.051784947803305
image 0.0009640102827763496 0.0
imageobject 0.00010711225364181663 0.0
images 0.0006426735218508997 0.0
img 0.0005355612682090831 0.0
imperative 0.00010711225364181663 1.16141318990714
imperative_programming 5.3556126820908315e-05 1.2791962255635234
implement 5.3556126820908315e-05 0.0
important 0.00032133676092544985 0.7018808605286999
improvements 5.3556126820908315e-05 0.0
in 0.0021958011996572407 0.0
inc 0.00016066838046272492 0.0
include 0.0004284490145672665 0.0
included 5.3556126820908315e-05 1.1340142157190256
including 0.00010711225364181663 0.7375989431307791
incorporated 5.3556126820908315e-05 2.03688192726104
incorporating 5.3556126820908315e-05 3.3586377672433594
increment 0.00010711225364181663 0.26759531388504365
index 0.0019280205655526992 0.0
indic 5.3556126820908315e-05 4.74493212836325
indicators 5.3556126820908315e-05 0.0
individual 5.3556126820908315e-05 2.1058747987479913
influenced 5.3556126820908315e-05 0.454472687214859
info 0.0019815766923736077 0.0
infobox 0.002249357326478149 0.21233263520999412
infobox_programming_language 0.00010711225364181663 0.37548427589622857
infobox_software 0.00010711225364181663 1.0313600616589422
information 0.00016066838046272492 0.0
inherit 0.0006426735218508997 0.035401927050916
init 0.00016066838046272492 0.0
initial 5.3556126820908315e-05 1.377636298376776
initially 0.00010711225364181663 1.7004096906398272
inline 0.0013389031705227077 0.035401927050916
inner 0.00021422450728363326 0.0
input 0.0009104541559554413 0.0
inputbox 5.3556126820908315e-05 4.74493212836325
inside 0.00010711225364181663 0.0721032939013439
installation 5.3556126820908315e-05 2.665490586683414
installed 5.3556126820908315e-05 2.7990219793079367
instrument 5.3556126820908315e-05 3.3586377672433594
instruments 0.00010711225364181663 2.7990219793079367
integer 0.00010711225364181663 1.4127276181880462
integer_basic 5.3556126820908315e-05 4.74493212836325
integrated 0.00010711225364181663 1.0560526742493137
integrated_development_environment 5.3556126820908315e-05 1.7004096906398272
intended 5.3556126820908315e-05 1.449095262358921
interaction 0.00026778063410454157 0.0
interface 0.00016066838046272492 0.0
interfaces 5.3556126820908315e-05 1.449095262358921
interlanguage 0.0028384747215081407 0.0
internal 5.3556126820908315e-05 1.16141318990714
interpreter 5.3556126820908315e-05 1.486835590341768
interwiki 0.0012853470437017994 0.11020314013361425
into 0.00021422450728363326 0.48225225132193467
introduction 0.00016066838046272492 0.0
ip 0.00010711225364181663 0.0
ipa 0.00016066838046272492 2.7990219793079367
is 0.0010711225364181663 0.0
isarray 5.3556126820908315e-05 4.74493212836325
isbn 0.00032133676092544985 0.6673946844575306
isbn_ 0.00010711225364181663 0.6673946844575306
it 0.000696229648671808 0.0
italian 5.3556126820908315e-05 0.7559480817989758
italiano 5.3556126820908315e-05 0.7746402148111283
item 0.004712939160239932 0.0
items 5.3556126820908315e-05 0.0
its 0.00016066838046272492 0.25629575863111026
j 0.00010711225364181663 0.0
ja 0.00021422450728363326 0.9162907318741551
january 0.00032133676092544985 0.0
japanese 5.3556126820908315e-05 0.9162907318741551
johnone 5.3556126820908315e-05 4.74493212836325
jon 0.00010711225364181663 2.953172659135195
jonathan 0.00026778063410454157 3.1354942159291497
jquery 0.00016066838046272492 0.0
jr 0.00016066838046272492 2.1799827709017134
js 0.00010711225364181663 0.0
json 0.00010711225364181663 0.0
jtitle 0.00021422450728363326 0.3260915205666521
july 0.00010711225364181663 0.0
jump 0.00010711225364181663 0.0
june 0.00016066838046272492 0.0
just 5.3556126820908315e-05 1.2484245668967697
k 0.00010711225364181663 0.0
kaplan 0.00010711225364181663 4.74493212836325
kaplan000 0.00010711225364181663 4.74493212836325
kaplan000_4 0.00010711225364181663 4.74493212836325
kern 0.00010711225364181663 0.09097177820572679
key 0.00010711225364181663 0.0
keyboard 0.00016066838046272492 2.1799827709017134
keyboard_maestro 5.3556126820908315e-05 3.6463198396951406
keypresses 5.3556126820908315e-05 4.74493212836325
keystrokes 5.3556126820908315e-05 3.6463198396951406
kit 5.3556126820908315e-05 2.1058747987479913
kixtart 0.00016066838046272492 4.051784947803305
known 5.3556126820908315e-05 1.0813704822336037
ko 0.00021422450728363326 1.0813704822336037
korean 5.3556126820908315e-05 1.0813704822336037
label 0.003213367609254499 0.0
labelledby 0.00010711225364181663 0.0
laboratory 0.00021422450728363326 1.8545603704670854
laboratory_automation 5.3556126820908315e-05 4.74493212836325
landmark 0.00021422450728363326 0.0
lang 0.002249357326478149 0.0
langlinks 0.00010711225364181663 0.0
language 0.0018209083119108825 0.0
languages 0.0003748928877463582 0.0
last 0.0010711225364181663 0.0
lastmod 5.3556126820908315e-05 0.0
later 0.00010711225364181663 0.8531118302526235
lazy 0.00010711225364181663 0.0
ld 0.00010711225364181663 0.0
leap 0.00026778063410454157 4.051784947803305
learn 0.00026778063410454157 0.0
left 0.001017566409597258 0.0
length 5.3556126820908315e-05 1.749199854809259
let 5.3556126820908315e-05 2.03688192726104
level 0.0008033419023136247 0.0
level_i_basic 5.3556126820908315e-05 4.74493212836325
levels 5.3556126820908315e-05 0.0
li 0.030741216795201372 0.0
liberty 0.00010711225364181663 4.051784947803305
liberty_basic 5.3556126820908315e-05 4.051784947803305
libraries 0.00010711225364181663 0.9162907318741551
library 0.00032133676092544985 0.6340582641899388
license 0.0007497857754927164 0.0
licensed 5.3556126820908315e-05 2.665490586683414
licenses 0.00010711225364181663 0.0
licensing 0.00021422450728363326 2.953172659135195
life 0.00010711225364181663 0.6340582641899388
like 0.00010711225364181663 0.41419878807691896
limit 0.0005891173950299915 0.0
limited 0.00032133676092544985 0.0
limitreport 0.00016066838046272492 0.0
line 0.00021422450728363326 0.10054122922187746
link 0.005141388174807198 0.0
link_library 5.3556126820908315e-05 3.6463198396951406
linked 5.3556126820908315e-05 0.0
links 0.001017566409597258 0.0
list 0.008783204798628963 0.0
list_of_basic_dialects 5.3556126820908315e-05 4.74493212836325
listbullet 0.00016066838046272492 0.0
listitem 0.00021422450728363326 0.2905848321097423
load 0.00016066838046272492 0.0
loaded 5.3556126820908315e-05 0.0
loader 5.3556126820908315e-05 0.0
loading 0.00016066838046272492 0.0
loc 5.3556126820908315e-05 0.0
local 0.00026778063410454157 1.3437347467010947
lock 0.0005891173950299915 0.09097177820572679
locomotive 0.00021422450728363326 4.74493212836325
locomotive_basic 5.3556126820908315e-05 4.74493212836325
locomotive_software 5.3556126820908315e-05 4.74493212836325
log 0.0003748928877463582 0.0
logged 0.00010711225364181663 0.0
login 0.00026778063410454157 0.0
logo 0.0004284490145672665 0.0
loop 5.3556126820908315e-05 1.2791962255635234
lotusscript 0.00016066838046272492 4.74493212836325
low 0.00010711225364181663 1.8545603704670854
lower 0.00032133676092544985 0.09097177820572679
lse 0.00010711225364181663 4.74493212836325
lse_ 5.3556126820908315e-05 4.74493212836325
lt 0.00016066838046272492 0.9382696385929302
ltd 5.3556126820908315e-05 2.7990219793079367
ltr 0.001017566409597258 0.0
lua 0.00010711225364181663 0.008733679968754631
m 0.00010711225364181663 0.0
macbasic 0.00016066838046272492 4.74493212836325
macintosh 0.00021422450728363326 2.7990219793079367
macro 0.00016066838046272492 1.8004931491968095
macro_ 5.3556126820908315e-05 2.1058747987479913
macro_express 5.3556126820908315e-05 4.051784947803305
macros 5.3556126820908315e-05 2.26002547857525
made 0.00016066838046272492 0.0
maestro 0.00010711225364181663 3.3586377672433594
magnify 5.3556126820908315e-05 1.749199854809259
main 0.001392459297343616 0.0
main_page 0.00010711225364181663 0.0
mainentity 0.00010711225364181663 0.0
mainpage 5.3556126820908315e-05 0.0
maint 5.3556126820908315e-05 0.09097177820572679
maintenance 5.3556126820908315e-05 0.9382696385929302
make 0.00010711225364181663 1.2484245668967697
makecollapsible 0.00016066838046272492 0.42744401482693967
mallard 0.00010711225364181663 4.74493212836325
mallard_basic 5.3556126820908315e-05 4.74493212836325
management 5.3556126820908315e-05 1.0813704822336037
mandatory 0.00021422450728363326 0.0
manipulate 5.3556126820908315e-05 2.03688192726104
mapbasic 0.00016066838046272492 4.74493212836325
march 0.0003748928877463582 0.0
margin 0.0012317909168808913 0.017544309650909525
match 5.3556126820908315e-05 0.0
matheus 0.00010711225364181663 4.74493212836325
max 0.00021422450728363326 0.0
may 0.00016066838046272492 0.0
mb_ok 0.00021422450728363326 4.74493212836325
mb_systemmodal 5.3556126820908315e-05 4.74493212836325
mbasic 0.00016066838046272492 4.74493212836325
mcgraw 0.00010711225364181663 3.1354942159291497
media 0.00016066838046272492 0.0
mediawiki 0.0004284490145672665 0.0
megabasic 0.00010711225364181663 4.74493212836325
memory 5.3556126820908315e-05 0.008733679968754631
memusage 5.3556126820908315e-05 0.008733679968754631
menu 0.005623393316195373 0.0
message 0.0004284490145672665 0.0
meta 0.0011246786632390746 0.0
metaframe 0.00010711225364181663 4.74493212836325
mi 0.0008033419023136247 1.0813704822336037
microcomputer 0.00010711225364181663 2.5477075510270306
microcomputers 5.3556126820908315e-05 3.1354942159291497
microsoft 0.0009104541559554413 0.8531118302526235
microsoft_basic 5.3556126820908315e-05 4.051784947803305
microsoft_basic_1 5.3556126820908315e-05 4.74493212836325
microsoft_excel 5.3556126820908315e-05 3.6463198396951406
microsoft_small_basic 5.3556126820908315e-05 2.665490586683414
microsoft_windows 0.00010711225364181663 1.6538896750049343
min 5.3556126820908315e-05 0.12981161152199053
minerva 0.0003748928877463582 0.13976194237515863
mini 0.00016066838046272492 0.41419878807691896
minicomputer 0.00010711225364181663 3.6463198396951406
minicomputers 5.3556126820908315e-05 3.3586377672433594
mmv 0.00010711225364181663 0.11020314013361425
mobile 0.00026778063410454157 0.0
mobile_basic 5.3556126820908315e-05 4.74493212836325
mobileaction 5.3556126820908315e-05 0.0
mobileview 5.3556126820908315e-05 0.0
model 0.00016066838046272492 0.8737311174553593
modified 5.3556126820908315e-05 2.4423470353692043
module 5.3556126820908315e-05 0.0
modules 0.00021422450728363326 0.0
monitoring 0.00010711225364181663 3.1354942159291497
mono 0.00010711225364181663 2.665490586683414
mono_ 5.3556126820908315e-05 2.953172659135195
months 0.00010711225364181663 1.7004096906398272
more 0.000856898029134533 0.0
morfik 0.00016066838046272492 3.6463198396951406
most 5.3556126820908315e-05 0.6340582641899388
mountain 0.00010711225364181663 3.3586377672433594
mouse 0.00021422450728363326 2.953172659135195
mouse_ 5.3556126820908315e-05 4.051784947803305
move 5.3556126820908315e-05 0.0
moved 5.3556126820908315e-05 0.0
movements 5.3556126820908315e-05 3.6463198396951406
ms 0.00026778063410454157 0.0
ms_basic_for_macintosh 5.3556126820908315e-05 4.74493212836325
msgbox 0.00026778063410454157 4.74493212836325
msgboxconstants 0.00016066838046272492 4.74493212836325
msx 0.00010711225364181663 4.051784947803305
msx_basic 5.3556126820908315e-05 4.74493212836325
mw 0.025653384747215083 0.0
mw1472 0.00016066838046272492 3.6463198396951406
mycontributions 5.3556126820908315e-05 0.0
mytalk 5.3556126820908315e-05 0.0
n 0.0012853470437017994 0.0
name 0.0016602399314481577 0.0
namespaces 5.3556126820908315e-05 0.0
nav 0.0007497857754927164 0.0
navbar 0.0009104541559554413 0.06280090123903044
navbox 0.007230077120822622 0.454472687214859
navigation 0.0006426735218508997 0.0
navigationtiming 5.3556126820908315e-05 0.0
nb 0.0017673521850899742 0.8531118302526235
nearby 5.3556126820908315e-05 0.0
nederlands 5.3556126820908315e-05 1.4127276181880462
net 0.00016066838046272492 0.7195804376281008
new 0.00016066838046272492 0.14981227822866008
newpp 5.3556126820908315e-05 0.0
news 0.00021422450728363326 0.5552773863368246
next 0.00021422450728363326 1.2484245668967697
nf 0.0013389031705227077 1.3437347467010947
nl 0.00021422450728363326 1.16141318990714
no 0.00032133676092544985 0.0
node 5.3556126820908315e-05 0.0
noexcerpt 5.3556126820908315e-05 0.42744401482693967
nofollow 0.0011246786632390746 0.0
noicon 0.00026778063410454157 0.0
nojs 5.3556126820908315e-05 0.0
non 5.3556126820908315e-05 0.0
none 0.0014995715509854327 0.0
nopopups 5.3556126820908315e-05 2.7990219793079367
noprint 0.0003748928877463582 0.0
normal 0.0004284490145672665 0.0
north 0.00010711225364181663 2.953172659135195
north_star_basic 5.3556126820908315e-05 4.74493212836325
noscript 0.00021422450728363326 0.0
nosnippet 5.3556126820908315e-05 0.0
not 0.0005891173950299915 0.0
notice 5.3556126820908315e-05 0.0
november 0.00010711225364181663 0.0
nowrap 0.0007497857754927164 0.05358424613410626
nowraplinks 0.00026778063410454157 0.454472687214859
ns 0.00021422450728363326 0.0
ns_basic 5.3556126820908315e-05 4.051784947803305
nstab 5.3556126820908315e-05 0.0
null 5.3556126820908315e-05 0.0
numb 0.0005355612682090831 0.0
number 0.00016066838046272492 0.0
numbers 0.00016066838046272492 1.16141318990714
nv 0.001713796058269066 0.3141153295199365
o 0.001392459297343616 0.0
object 0.0006426735218508997 0.5254244231871433
oc 0.00021422450728363326 3.1354942159291497
occitan 0.00010711225364181663 3.1354942159291497
occurred 5.3556126820908315e-05 4.051784947803305
october 5.3556126820908315e-05 0.0
odd 0.0007497857754927164 0.454472687214859
of 0.0019815766923736077 0.0
office 5.3556126820908315e-05 2.03688192726104
official 0.00010711225364181663 0.8737311174553593
offtopic 0.00010711225364181663 4.74493212836325
og 0.0005355612682090831 0.0
ol 0.001017566409597258 0.035401927050916
oldid 0.00016066838046272492 0.0
on 0.0007497857754927164 0.0
one 5.3556126820908315e-05 0.42744401482693967
only 0.00026778063410454157 0.0
onward 5.3556126820908315e-05 4.051784947803305
oojs_ui_icon_edit 0.00032133676092544985 0.8737311174553593
open 0.000696229648671808 0.7018808605286999
open_programming_language 5.3556126820908315e-05 4.74493212836325
openoffice 0.00010711225364181663 4.051784947803305
openoffice_basic 5.3556126820908315e-05 4.74493212836325
opensearch_desc 5.3556126820908315e-05 0.0
opensearchdescription 5.3556126820908315e-05 0.0
openvms 0.00010711225364181663 3.1354942159291497
operating 5.3556126820908315e-05 0.41419878807691896
operating_system 5.3556126820908315e-05 0.5108256237659907
opinions 0.00021422450728363326 3.6463198396951406
optimized 0.00021422450728363326 2.7990219793079367
optimized_systems_software 0.00016066838046272492 4.051784947803305
options 0.00026778063410454157 0.0
or 0.00032133676092544985 0.0
org 0.005730505569837189 0.0
organiser 5.3556126820908315e-05 0.9382696385929302
organization 0.00026778063410454157 0.0
oriented 0.0003748928877463582 0.6505875661411494
oriented_programming 5.3556126820908315e-05 1.0313600616589422
origin 0.00026778063410454157 0.0
original 0.00021422450728363326 0.3022808718729337
origo 0.00016066838046272492 4.74493212836325
os 5.3556126820908315e-05 0.6177977433181585
other 0.00016066838046272492 0.0
otherproject 0.00010711225364181663 1.8004931491968095
otherprojects 0.00016066838046272492 1.8004931491968095
out 0.00010711225364181663 0.0
output 0.008140531276778063 0.0
overall 5.3556126820908315e-05 2.953172659135195
overflow 0.00010711225364181663 0.0
owbasic 0.00016066838046272492 4.74493212836325
oʊ 0.00010711225364181663 3.6463198396951406
p 0.006908740359897172 0.0
p856 5.3556126820908315e-05 2.5477075510270306
packard 0.00010711225364181663 2.953172659135195
padding 0.003213367609254499 0.017544309650909525
page 0.0025171379605826907 0.0
pagelanguagecode 5.3556126820908315e-05 0.0
pagelanguagedir 5.3556126820908315e-05 0.0
pageprop 5.3556126820908315e-05 0.27902400970866637
pages 0.0004284490145672665 0.0
pagevariantfallbacks 5.3556126820908315e-05 0.0
panel 0.00021422450728363326 0.0
paradigm 0.00010711225364181663 0.5705448584676129
parsed 5.3556126820908315e-05 0.0
parser 0.00824764353041988 0.0
pass 5.3556126820908315e-05 1.6538896750049343
past 5.3556126820908315e-05 0.0
patroltoken 5.3556126820908315e-05 0.0
pause 5.3556126820908315e-05 4.051784947803305
pbasic 0.00016066838046272492 4.74493212836325
pcache 5.3556126820908315e-05 0.0
pdf 0.00010711225364181663 0.0
performed 5.3556126820908315e-05 1.8545603704670854
permalink 5.3556126820908315e-05 0.0
permanent 0.00010711225364181663 0.0
personal 0.00026778063410454157 0.0
petit 5.3556126820908315e-05 4.74493212836325
petit_computer 5.3556126820908315e-05 4.74493212836325
phoenix 0.00010711225364181663 3.3586377672433594
phoenix_object_basic 5.3556126820908315e-05 4.051784947803305
php 0.0021958011996572407 0.0
pin 0.00010711225364181663 0.0
pinnable 0.0006426735218508997 0.0
pinned 0.0005355612682090831 0.0
pl 0.00021422450728363326 0.9162907318741551
place 5.3556126820908315e-05 0.8737311174553593
placeholder 5.3556126820908315e-05 0.0
places 0.0005355612682090831 0.0
plainlinks 5.3556126820908315e-05 0.20163734609324613
platform 0.00010711225364181663 0.5552773863368246
play 5.3556126820908315e-05 2.1799827709017134
plus 0.00016066838046272492 1.9723434061234688
png 0.002088688946015424 0.0
point 5.3556126820908315e-05 0.9162907318741551
policy 0.00010711225364181663 0.0
polish 5.3556126820908315e-05 0.9837320126696876
polski 5.3556126820908315e-05 1.0560526742493137
populate 5.3556126820908315e-05 4.74493212836325
popups 5.3556126820908315e-05 0.0
portal 0.00016066838046272492 0.0
portlet 0.001553127677806341 0.0
portuguese 5.3556126820908315e-05 0.8531118302526235
português 5.3556126820908315e-05 0.8531118302526235
position 0.00010711225364181663 0.0
possible 5.3556126820908315e-05 1.2791962255635234
post 0.00010711225364181663 0.0
postexpandincludesize 5.3556126820908315e-05 0.0
powerbasic 0.00032133676092544985 4.74493212836325
powered 5.3556126820908315e-05 0.0
poweredby_mediawiki_132x47 5.3556126820908315e-05 0.0
poweredby_mediawiki_176x62 5.3556126820908315e-05 0.0
poweredby_mediawiki_88x31 5.3556126820908315e-05 0.0
poweredbyico 5.3556126820908315e-05 0.0
pp 5.3556126820908315e-05 0.9382696385929302
ppvisitednodes 5.3556126820908315e-05 0.0
practical 0.00010711225364181663 2.26002547857525
pre 0.00032133676092544985 0.40112670650956617
preconnect 5.3556126820908315e-05 0.11020314013361425
prefetch 0.00010711225364181663 0.0
preprocessor 5.3556126820908315e-05 0.0
preview 0.00010711225364181663 0.0
primarily 0.00010711225364181663 1.911718784307034
print 0.00010711225364181663 0.0
print_export 0.00016066838046272492 0.0
printable 0.00016066838046272492 0.0
printers 5.3556126820908315e-05 3.6463198396951406
printfooter 5.3556126820908315e-05 0.0
privacy 0.00016066838046272492 0.0
privacy_policy 0.00010711225364181663 0.0
procedural 0.00016066838046272492 1.0813704822336037
procedural_programming 0.00010711225364181663 1.5668782980153044
procedure 5.3556126820908315e-05 1.6094379124341003
processes 5.3556126820908315e-05 1.8004931491968095
produce 5.3556126820908315e-05 1.7004096906398272
profit 5.3556126820908315e-05 0.0
programming 0.001392459297343616 0.0
programming_language 0.00026778063410454157 0.08149303425118301
programming_paradigm 5.3556126820908315e-05 0.5860490450035782
programs 5.3556126820908315e-05 0.6340582641899388
progressive 0.0004820051413881748 0.0
project 5.3556126820908315e-05 0.7936884097818228
projects 0.0003748928877463582 0.0
pronunciation 0.00010711225364181663 3.3586377672433594
property 0.0005891173950299915 0.0
proprietary 0.0004820051413881748 1.5260563034950492
proprietary_software 0.00021422450728363326 2.3470368555648795
protocol 0.00010711225364181663 1.8004931491968095
protocols 5.3556126820908315e-05 3.3586377672433594
provide 5.3556126820908315e-05 0.9382696385929302
providex 0.00016066838046272492 4.74493212836325
pt 0.0005355612682090831 0.0
pub 0.00026778063410454157 0.41419878807691896
public 0.00026778063410454157 0.9162907318741551
published 0.00016066838046272492 0.3504829736908114
publisher 0.00010711225364181663 0.0
purebasic 0.00016066838046272492 4.051784947803305
purpose 5.3556126820908315e-05 1.16141318990714
push 0.00016066838046272492 0.0
pygments 0.00010711225364181663 0.6177977433181585
q 0.0003748928877463582 0.0
q784845 0.0004284490145672665 4.74493212836325
qb64 0.00016066838046272492 4.051784947803305
qbasic 0.00016066838046272492 3.6463198396951406
qt 0.00010711225364181663 2.953172659135195
quick 5.3556126820908315e-05 0.0
quickbasic 0.00016066838046272492 3.6463198396951406
quiet 0.00032133676092544985 0.0
quite 5.3556126820908315e-05 2.4423470353692043
quot 0.0024635818337617825 0.9837320126696876
quotes 5.3556126820908315e-05 0.09097177820572679
r 0.00010711225364181663 0.0
r1011085734 5.3556126820908315e-05 0.09097177820572679
r1060263305 5.3556126820908315e-05 4.74493212836325
r1061467846 5.3556126820908315e-05 0.454472687214859
r1063604349 5.3556126820908315e-05 0.41419878807691896
r1066479718 0.00010711225364181663 0.21233263520999412
r1129693374 0.00010711225364181663 0.2905848321097423
r1133582631 0.000856898029134533 0.09097177820572679
rad 5.3556126820908315e-05 4.74493212836325
random 0.00010711225364181663 0.0
randomly 5.3556126820908315e-05 0.0
randompage 5.3556126820908315e-05 0.0
range 5.3556126820908315e-05 1.7004096906398272
rapid 5.3556126820908315e-05 2.665490586683414
rapid_application_development 5.3556126820908315e-05 3.6463198396951406
rapidq 0.00016066838046272492 4.051784947803305
rather 5.3556126820908315e-05 1.3109449238781037
raw 5.3556126820908315e-05 0.0
rc 5.3556126820908315e-05 3.3586377672433594
re 0.00010711225364181663 0.0
read 0.00010711225364181663 0.0
ready 0.001017566409597258 0.0
real 5.3556126820908315e-05 0.0
realizer 0.00016066838046272492 4.051784947803305
recent 0.00016066838046272492 0.0
recentchanges 0.00016066838046272492 0.0
recentchangeslinked 0.00010711225364181663 0.0
recursion 5.3556126820908315e-05 0.0
red 5.3556126820908315e-05 0.09097177820572679
redirect 0.0013389031705227077 0.008733679968754631
redlink 5.3556126820908315e-05 0.7746402148111283
reduced 5.3556126820908315e-05 0.0
reference 0.0021422450728363325 0.035401927050916
references 0.0005891173950299915 0.008733679968754631
referencetooltips 5.3556126820908315e-05 0.0
referrer 0.00016066838046272492 0.0
reflective 0.00010711225364181663 2.665490586683414
reflective_programming 5.3556126820908315e-05 3.3586377672433594
reflist 0.0008033419023136247 0.09097177820572679
registered 5.3556126820908315e-05 0.0
registration 0.00010711225364181663 0.08149303425118301
regular 0.00010711225364181663 2.26002547857525
regular_expressions 5.3556126820908315e-05 4.051784947803305
rel 0.0029455869751499573 0.0
related 0.00026778063410454157 0.0
related_projects 0.00021422450728363326 4.74493212836325
release 0.0014460154241645244 0.49643688631389105
release_candidate 5.3556126820908315e-05 4.74493212836325
release_date_and_age 0.00010711225364181663 4.74493212836325
released 0.001392459297343616 1.0072625100798818
releases 0.00010711225364181663 1.449095262358921
rendering 5.3556126820908315e-05 0.0
repeat 0.00021422450728363326 0.0721032939013439
replace 5.3556126820908315e-05 0.0
reply 0.00010711225364181663 3.6463198396951406
report 0.00010711225364181663 0.0
require 5.3556126820908315e-05 0.0
resembles 5.3556126820908315e-05 2.3470368555648795
reset 5.3556126820908315e-05 0.26759531388504365
resourceloaderdynamicstyles 5.3556126820908315e-05 0.0
restrictive 5.3556126820908315e-05 3.6463198396951406
result 0.00021422450728363326 0.9837320126696876
results 5.3556126820908315e-05 1.486835590341768
resume 5.3556126820908315e-05 3.1354942159291497
retrieved 0.0004820051413881748 0.0
return 0.00026778063410454157 1.1073459686368643
returnto 0.00021422450728363326 0.0
revision 0.00016066838046272492 0.0
revisions 5.3556126820908315e-05 0.0
rfr_id 0.000856898029134533 0.10054122922187746
rft 0.003266923736075407 0.10054122922187746
rft_id 0.0007497857754927164 0.11020314013361425
rft_val_fmt 0.000856898029134533 0.10054122922187746
rgba 5.3556126820908315e-05 0.09097177820572679
right 0.0021958011996572407 0.0
rl 5.3556126820908315e-05 0.0
rlconf 5.3556126820908315e-05 0.0
rlpagemodules 5.3556126820908315e-05 0.0
rlq 0.00032133676092544985 0.0
rlstate 5.3556126820908315e-05 0.0
ro 0.00021422450728363326 1.5260563034950492
robots 5.3556126820908315e-05 0.0
rocky 0.00010711225364181663 4.051784947803305
rocky_mountain_basic 5.3556126820908315e-05 4.74493212836325
role 0.0008033419023136247 0.0
roman 0.00021422450728363326 0.09097177820572679
romanian 5.3556126820908315e-05 1.5260563034950492
română 5.3556126820908315e-05 1.5260563034950492
rootpage 5.3556126820908315e-05 0.0
roslyn 0.00010711225364181663 3.6463198396951406
roslyn_ 5.3556126820908315e-05 3.6463198396951406
round 5.3556126820908315e-05 2.7990219793079367
rounded 5.3556126820908315e-05 3.3586377672433594
routers 5.3556126820908315e-05 4.74493212836325
routine 5.3556126820908315e-05 2.7990219793079367
row 0.0029991431019708655 0.12981161152199053
rowspan 0.00032133676092544985 1.911718784307034
rsd 0.00010711225364181663 0.0
rt 0.0010711225364181663 1.8545603704670854
ru 0.00021422450728363326 0.6505875661411494
run 0.0003748928877463582 0.7018808605286999
run_basic 5.3556126820908315e-05 4.74493212836325
running 5.3556126820908315e-05 1.4127276181880462
russian 5.3556126820908315e-05 0.6505875661411494
s 0.0016602399314481577 0.0
sa 0.00010711225364181663 0.0
sameas 0.00010711225364181663 0.0
saved 5.3556126820908315e-05 0.0
scelbal 0.00016066838046272492 4.74493212836325
schema 0.00010711225364181663 0.0
science 5.3556126820908315e-05 0.3504829736908114
scite 0.00016066838046272492 4.051784947803305
scope 0.0030526992287917736 0.11995931507897897
screen 0.00010711225364181663 0.0
scribunto 5.3556126820908315e-05 0.008733679968754631
script 0.0010711225364181663 0.0
scriptbasic 0.00016066838046272492 4.74493212836325
scripting 0.0004284490145672665 1.3109449238781037
scripting_language 5.3556126820908315e-05 2.1799827709017134
scripting_languages 5.3556126820908315e-05 2.1799827709017134
scripts 0.00016066838046272492 0.0
sdlbasic 0.00016066838046272492 4.051784947803305
sds 0.00010711225364181663 4.051784947803305
sds_basic 5.3556126820908315e-05 4.74493212836325
search 0.0014460154241645244 0.0
searchbutton 0.00021422450728363326 0.0
searchform 5.3556126820908315e-05 0.0
searchinput 5.3556126820908315e-05 0.0
seconds 0.0003748928877463582 0.0
section 0.0010711225364181663 0.0
see 0.00026778063410454157 0.44086703515908027
see_also 0.00021422450728363326 0.6340582641899388
seek 5.3556126820908315e-05 4.051784947803305
selected 0.00021422450728363326 0.0
selector 5.3556126820908315e-05 0.0
selflink 0.00016066838046272492 0.08149303425118301
send 0.00021422450728363326 2.26002547857525
sending 5.3556126820908315e-05 3.3586377672433594
sentences 5.3556126820908315e-05 0.0
separate 5.3556126820908315e-05 1.3109449238781037
separated 0.00010711225364181663 2.26002547857525
september 0.00032133676092544985 0.0
server 0.00021422450728363326 1.3437347467010947
set 0.00016066838046272492 0.0
seterror 5.3556126820908315e-05 4.74493212836325
several 5.3556126820908315e-05 0.7195804376281008
sha1 5.3556126820908315e-05 0.10054122922187746
shadow 0.00016066838046272492 0.5860490450035782
sharealike 5.3556126820908315e-05 0.0
sharealike_3 5.3556126820908315e-05 0.0
shared 0.00010711225364181663 1.6538896750049343
shared_basic 5.3556126820908315e-05 4.74493212836325
sharing 0.00016066838046272492 2.26002547857525
shortcut 5.3556126820908315e-05 3.6463198396951406
show 0.00021422450728363326 0.0
showtopic 5.3556126820908315e-05 4.051784947803305
sidebar 0.0005891173950299915 0.0
similar 5.3556126820908315e-05 0.9162907318741551
simons 0.00016066838046272492 4.74493212836325
simple 0.0004284490145672665 0.6017974019717174
simplesearch 5.3556126820908315e-05 0.0
simulate 0.00010711225364181663 4.74493212836325
simulating 5.3556126820908315e-05 4.74493212836325
since 5.3556126820908315e-05 0.9162907318741551
sinclair 0.00010711225364181663 4.74493212836325
sinclair_basic 5.3556126820908315e-05 4.74493212836325
sinput 0.00010711225364181663 4.74493212836325
site 0.0004284490145672665 0.0
sitedir 5.3556126820908315e-05 0.0
sitelinks 5.3556126820908315e-05 0.0
sitenotice 0.00010711225364181663 0.0
sitesub 5.3556126820908315e-05 0.0
sitesupport 5.3556126820908315e-05 0.0
size 0.001017566409597258 0.0
sizing 0.00010711225364181663 0.25629575863111026
sk 0.00021422450728363326 1.8004931491968095
skin 0.000696229648671808 0.0
skins 0.00032133676092544985 0.0
sleep 0.00026778063410454157 4.051784947803305
slovak 5.3556126820908315e-05 1.8004931491968095
slovenčina 5.3556126820908315e-05 1.8004931491968095
slow 5.3556126820908315e-05 2.953172659135195
small 0.00026778063410454157 0.0721032939013439
smallbasic 0.00016066838046272492 4.74493212836325
smilebasic 5.3556126820908315e-05 4.74493212836325
so 0.00010711225364181663 0.8329091229351039
software 0.0016066838046272494 0.08149303425118301
software_design 5.3556126820908315e-05 0.5705448584676129
software_developer 5.3556126820908315e-05 0.9382696385929302
software_license 5.3556126820908315e-05 1.0072625100798818
software_release_life_cycle 0.00010711225364181663 0.7018808605286999
solid 0.0014460154241645244 0.2340726218464
some 0.00010711225364181663 0.5108256237659907
sometimes 5.3556126820908315e-05 2.03688192726104
sound 0.00010711225364181663 2.26002547857525
sounds 5.3556126820908315e-05 3.6463198396951406
source 0.000856898029134533 0.49643688631389105
southampton 0.00010711225364181663 4.74493212836325
southampton_basic_system 5.3556126820908315e-05 4.74493212836325
sp3 0.00010711225364181663 4.74493212836325
space 0.00032133676092544985 0.11995931507897897
spacing 0.0004284490145672665 0.2905848321097423
span 0.05243144815766924 0.0
spanish 5.3556126820908315e-05 0.7195804376281008
special 0.001392459297343616 0.0
specialized 5.3556126820908315e-05 2.7990219793079367
specialpages 0.00010711225364181663 0.0
specific 5.3556126820908315e-05 0.9837320126696876
src 0.0006426735218508997 0.0
srcset 0.00032133676092544985 0.0
st 0.00010711225364181663 2.1058747987479913
stable 0.00010711225364181663 0.7195804376281008
stand 5.3556126820908315e-05 2.1799827709017134
standalone 5.3556126820908315e-05 2.953172659135195
standard 0.00026778063410454157 0.0
standard_streams 5.3556126820908315e-05 4.74493212836325
star 0.00010711225364181663 3.1354942159291497
start 0.00010711225364181663 0.0
started 5.3556126820908315e-05 1.377636298376776
starting 5.3556126820908315e-05 2.03688192726104
startup 0.00010711225364181663 0.0
statement 0.00010711225364181663 0.0
static 0.000696229648671808 0.0
statistics 5.3556126820908315e-05 0.0
stats 5.3556126820908315e-05 0.0
statslink 5.3556126820908315e-05 0.0
status 5.3556126820908315e-05 0.0
steve 0.00010711225364181663 2.3470368555648795
sticky 0.00010711225364181663 0.0
stop 5.3556126820908315e-05 2.665490586683414
stopmobileredirecttoggle 5.3556126820908315e-05 0.0
store 0.00010711225364181663 1.377636298376776
stos 0.00010711225364181663 4.74493212836325
stos_basic 5.3556126820908315e-05 4.74493212836325
streams 0.00010711225364181663 2.953172659135195
stringinstr 5.3556126820908315e-05 4.74493212836325
stringsplit 5.3556126820908315e-05 4.74493212836325
structure 5.3556126820908315e-05 1.1073459686368643
structured 5.3556126820908315e-05 0.0
studio 0.00010711225364181663 1.5260563034950492
style 0.008461868037703513 0.0
styles 0.0007497857754927164 0.0
stylesheet 0.00010711225364181663 0.0
subbox 5.3556126820908315e-05 0.21233263520999412
subgroup 0.0004820051413881748 0.454472687214859
subheader 5.3556126820908315e-05 0.21233263520999412
subject 5.3556126820908315e-05 0.0
sublist 0.0006426735218508997 0.0
submit 0.00010711225364181663 0.0
subscription 0.00010711225364181663 0.09097177820572679
subsection 0.00010711225364181663 0.7195804376281008
subsequent 5.3556126820908315e-05 2.1799827709017134
subtitle 0.00010711225364181663 0.0
such 0.00010711225364181663 0.454472687214859
suggestededitsession 5.3556126820908315e-05 0.0
suite 0.00010711225364181663 1.911718784307034
sum 0.00010711225364181663 2.5477075510270306
summary 5.3556126820908315e-05 0.19105523676270922
suomi 5.3556126820908315e-05 1.5668782980153044
sup 0.001713796058269066 0.0721032939013439
super 0.00032133676092544985 2.953172659135195
super_basic 5.3556126820908315e-05 4.74493212836325
super_expander 5.3556126820908315e-05 4.74493212836325
super_expander_64 5.3556126820908315e-05 4.74493212836325
superbasic 0.00016066838046272492 4.74493212836325
support 0.00021422450728363326 0.0
supports 0.00016066838046272492 0.8531118302526235
sv 0.00021422450728363326 1.486835590341768
svenska 5.3556126820908315e-05 1.486835590341768
svg 0.0006426735218508997 0.0
swedish 5.3556126820908315e-05 1.3437347467010947
switcher 5.3556126820908315e-05 0.0
synchronization 5.3556126820908315e-05 2.953172659135195
syntax 0.00032133676092544985 0.540239508972284
system 0.00021422450728363326 0.11020314013361425
systems 0.00026778063410454157 0.454472687214859
t 0.000856898029134533 0.0
tab 0.00026778063410454157 0.0
tabindex 0.00010711225364181663 0.0
table 0.0010711225364181663 0.0
tabs 0.00010711225364181663 0.0
tagline 0.00016066838046272492 0.0
tags 5.3556126820908315e-05 0.0
talk 0.00032133676092544985 0.0
target 0.001392459297343616 0.0
targetloader 5.3556126820908315e-05 0.0
tasks 5.3556126820908315e-05 1.749199854809259
tb 0.00016066838046272492 0.0
tbody 0.0007497857754927164 0.044451762570833796
tcp 5.3556126820908315e-05 3.6463198396951406
td 0.0069622964867180805 0.044451762570833796
telephone 5.3556126820908315e-05 0.0
template 0.0014460154241645244 0.0
template_talk 5.3556126820908315e-05 0.41419878807691896
templateargumentsize 5.3556126820908315e-05 0.0
templatestyles 0.0012853470437017994 0.017544309650909525
terms 0.00021422450728363326 0.0
terms_of_use 5.3556126820908315e-05 0.0
texas 0.00010711225364181663 3.3586377672433594
texas_instruments 5.3556126820908315e-05 4.74493212836325
text 0.003588260497000857 0.0
text_of_the_creative_commons_attribution 5.3556126820908315e-05 0.0
th 0.0063196229648671805 0.11995931507897897
than 5.3556126820908315e-05 0.6340582641899388
that 0.00010711225364181663 0.18058393689541388
the 0.004498714652956298 0.0
the_game_creators 5.3556126820908315e-05 4.74493212836325
then 0.0005355612682090831 0.6017974019717174
they 5.3556126820908315e-05 0.7195804376281008
thinbasic 0.00032133676092544985 4.051784947803305
things 5.3556126820908315e-05 1.8545603704670854
third 0.00016066838046272492 1.377636298376776
this 0.0014460154241645244 0.0
thomson 5.3556126820908315e-05 3.3586377672433594
three 0.00021422450728363326 1.16141318990714
through 0.00010711225364181663 0.8531118302526235
thumb 0.0005891173950299915 0.12981161152199053
thumbcaption 5.3556126820908315e-05 1.749199854809259
thumbimage 5.3556126820908315e-05 1.749199854809259
thumbinner 5.3556126820908315e-05 1.749199854809259
thumbnail 5.3556126820908315e-05 0.0
thumbs 0.00021422450728363326 4.74493212836325
ti 0.0006426735218508997 2.7990219793079367
ti_99 5.3556126820908315e-05 4.74493212836325
ti_basic_ 5.3556126820908315e-05 4.74493212836325
ti_extended_basic 5.3556126820908315e-05 4.74493212836325
tidy 5.3556126820908315e-05 4.74493212836325
tie 0.00010711225364181663 4.74493212836325
tiger 0.00016066838046272492 4.051784947803305
time 0.0005355612682090831 0.0
timeline 0.0007497857754927164 1.4127276181880462
timeline_of_release_years 0.00010711225364181663 4.74493212836325
timeout 0.00016066838046272492 4.051784947803305
timestamp 0.00010711225364181663 0.0
timeusage 5.3556126820908315e-05 0.008733679968754631
timingprofile 5.3556126820908315e-05 0.0
tiny 0.00010711225364181663 2.953172659135195
tiny_basic 5.3556126820908315e-05 4.74493212836325
title 0.020726221079691517 0.0
titlebar 0.0004284490145672665 0.0
titleform 5.3556126820908315e-05 0.0
tiếng 5.3556126820908315e-05 1.8004931491968095
to 0.002570694087403599 0.0
toc 0.006801628106255356 0.0
toggle 0.000696229648671808 0.0
toggle_view_mobile 5.3556126820908315e-05 0.0
tokens 5.3556126820908315e-05 0.0
toolbar 0.00016066838046272492 0.0
tools 0.0005891173950299915 0.0
top 0.0004820051413881748 0.0
topic 0.00026778063410454157 1.0813704822336037
topics 5.3556126820908315e-05 1.8545603704670854
total 0.00010711225364181663 0.0
touch 0.00010711225364181663 0.0
touching 5.3556126820908315e-05 4.051784947803305
tr 0.008354755784061696 0.044451762570833796
trademark 5.3556126820908315e-05 0.0
transclusion 5.3556126820908315e-05 0.0
transientcontent 5.3556126820908315e-05 0.0
transmission 5.3556126820908315e-05 3.6463198396951406
transmission_control_protocol 5.3556126820908315e-05 4.74493212836325
transparent 0.0003748928877463582 0.06280090123903044
triggered 5.3556126820908315e-05 0.0
tright 5.3556126820908315e-05 1.749199854809259
trs 0.00016066838046272492 4.051784947803305
true 0.001392459297343616 0.0
true_basic 5.3556126820908315e-05 4.74493212836325
ttl 5.3556126820908315e-05 0.0
turbo 0.00026778063410454157 2.26002547857525
turbo_basic 5.3556126820908315e-05 4.74493212836325
turkish 5.3556126820908315e-05 1.3437347467010947
type 0.002088688946015424 0.0
types 5.3556126820908315e-05 0.7375989431307791
typically 5.3556126820908315e-05 1.486835590341768
türkçe 5.3556126820908315e-05 1.3437347467010947
u 0.00010711225364181663 0.0
ubasic 0.00016066838046272492 4.74493212836325
udfs 5.3556126820908315e-05 4.051784947803305
udp 5.3556126820908315e-05 4.74493212836325
ui 0.0031598114824335903 0.0
uk 0.00021422450728363326 0.6340582641899388
ukrainian 5.3556126820908315e-05 0.8131064956389242
ul 0.005944730077120822 0.0
uls 0.00026778063410454157 0.0
under 0.00016066838046272492 0.0
unicode 5.3556126820908315e-05 2.1058747987479913
unknown 0.0007497857754927164 0.26759531388504365
unpin 0.00010711225364181663 0.0
unpinned 0.00010711225364181663 0.0
unstrip 0.00021422450728363326 0.0
up 0.00026778063410454157 0.8947845266531914
updated 0.00016066838046272492 0.41419878807691896
upload 0.001392459297343616 0.0
upper 0.00021422450728363326 0.09097177820572679
url 0.0005355612682090831 0.0
us 0.00010711225364181663 0.0
usage 0.00021422450728363326 0.0
use 0.00026778063410454157 0.0
used 0.00016066838046272492 0.19105523676270922
uselang 5.3556126820908315e-05 0.0
user 0.0021422450728363325 0.0
user_account_control 5.3556126820908315e-05 4.74493212836325
user_datagram_protocol 5.3556126820908315e-05 4.74493212836325
user_defined_functions 5.3556126820908315e-05 4.74493212836325
useradd 0.00010711225364181663 0.0
userlogin 0.00010711225364181663 0.0
using 0.00016066838046272492 0.0
utc 5.3556126820908315e-05 0.0
utf 5.3556126820908315e-05 0.0
utility 0.00010711225364181663 2.1799827709017134
utility_software 5.3556126820908315e-05 3.6463198396951406
utm_campaign 5.3556126820908315e-05 0.0
utm_medium 5.3556126820908315e-05 0.0
utm_source 5.3556126820908315e-05 0.0
ux 5.3556126820908315e-05 0.08149303425118301
v 0.00016066838046272492 0.3382128810989969
v2 5.3556126820908315e-05 2.4423470353692043
v3 0.001553127677806341 2.665490586683414
value 0.000696229648671808 0.0
values 0.00010711225364181663 0.9837320126696876
var 0.00010711225364181663 0.0
vargettype 5.3556126820908315e-05 4.74493212836325
variable 0.00016066838046272492 0.9382696385929302
variant 0.00021422450728363326 0.0
variant_type 5.3556126820908315e-05 4.051784947803305
variants 0.00032133676092544985 0.0
vary 5.3556126820908315e-05 0.10054122922187746
vb 5.3556126820908315e-05 3.1354942159291497
vba 5.3556126820908315e-05 3.6463198396951406
vbscript 0.00032133676092544985 3.6463198396951406
ve 5.3556126820908315e-05 0.0
vector 0.015049271636675236 0.0
version 0.0005355612682090831 0.0
vertical 5.3556126820908315e-05 0.6017974019717174
very 5.3556126820908315e-05 0.9607424944449889
vevent 5.3556126820908315e-05 0.22314355131420976
vi 0.00021422450728363326 1.6094379124341003
via 5.3556126820908315e-05 1.0313600616589422
vietnamese 5.3556126820908315e-05 1.8004931491968095
view 0.0006426735218508997 0.0
viewport 5.3556126820908315e-05 0.0
views 0.00016066838046272492 0.0
vilnius 0.00010711225364181663 4.051784947803305
vilnius_basic 5.3556126820908315e-05 4.74493212836325
visible 5.3556126820908315e-05 0.09097177820572679
visit 0.00010711225364181663 0.0
visited 5.3556126820908315e-05 0.0
visual 0.0005355612682090831 0.9607424944449889
visual_basic_ 0.00010711225364181663 1.7004096906398272
visual_basic_for_applications 5.3556126820908315e-05 3.6463198396951406
visual_studio_tools_for_applications 5.3556126820908315e-05 4.051784947803305
visual_studio_tools_for_office 5.3556126820908315e-05 4.051784947803305
visualeditor 0.00021422450728363326 0.0
việt 5.3556126820908315e-05 1.8004931491968095
vsi 0.00010711225364181663 3.3586377672433594
vsi_basic_for_openvms 5.3556126820908315e-05 4.74493212836325
vsta 5.3556126820908315e-05 4.74493212836325
vsto 5.3556126820908315e-05 4.74493212836325
vue 0.00010711225364181663 0.0
w 0.0019280205655526992 0.0
wait 5.3556126820908315e-05 2.953172659135195
walltime 5.3556126820908315e-05 0.0
wang 0.00010711225364181663 2.7990219793079367
wang_basic 5.3556126820908315e-05 4.74493212836325
was 0.0004820051413881748 0.0
watchlist 5.3556126820908315e-05 0.0
watchtoken 5.3556126820908315e-05 0.0
wb 0.00021422450728363326 0.0
wbc 5.3556126820908315e-05 0.0
wbr 0.00010711225364181663 0.7195804376281008
we 5.3556126820908315e-05 1.4127276181880462
web 0.001178234790059983 0.09097177820572679
website 0.00026778063410454157 0.0
weight 0.00032133676092544985 0.05358424613410626
well 5.3556126820908315e-05 1.0560526742493137
were 0.00010711225364181663 0.6844891178168307
wgaction 5.3556126820908315e-05 0.0
wgarticleid 5.3556126820908315e-05 0.0
wgbackendresponsetime 5.3556126820908315e-05 0.0
wgbreakframes 5.3556126820908315e-05 0.0
wgcanonicalnamespace 5.3556126820908315e-05 0.0
wgcanonicalspecialpagename 5.3556126820908315e-05 0.0
wgcategories 5.3556126820908315e-05 0.0
wgcentralauthmobiledomain 5.3556126820908315e-05 0.0
wgcspnonce 5.3556126820908315e-05 0.0
wgcurrevisionid 5.3556126820908315e-05 0.0
wgdefaultdateformat 5.3556126820908315e-05 0.0
wgdigittransformtable 5.3556126820908315e-05 0.0
wgeditsubmitbuttonlabelpublish 5.3556126820908315e-05 0.0
wgflaggedrevsparams 5.3556126820908315e-05 0.0
wggestructuredtaskrejectionreasontextinputenabled 5.3556126820908315e-05 0.0
wggetopicsmatchmodeenabled 5.3556126820908315e-05 0.0
wghostname 5.3556126820908315e-05 0.0
wgisarticle 5.3556126820908315e-05 0.0
wgisprobablyeditable 5.3556126820908315e-05 0.0
wgisredirect 5.3556126820908315e-05 0.0
wgmediaviewerenabledbydefault 5.3556126820908315e-05 0.0
wgmediavieweronclick 5.3556126820908315e-05 0.0
wgmfdisplaywikibasedescriptions 5.3556126820908315e-05 0.0
wgmonthnames 5.3556126820908315e-05 0.0
wgnamespacenumber 5.3556126820908315e-05 0.0
wgnoticeproject 5.3556126820908315e-05 0.0
wgpagecontentlanguage 5.3556126820908315e-05 0.0
wgpagecontentmodel 5.3556126820908315e-05 0.0
wgpagename 5.3556126820908315e-05 0.0
wgpageparsereport 5.3556126820908315e-05 0.0
wgpopupsflags 5.3556126820908315e-05 0.0
wgrelevantarticleid 5.3556126820908315e-05 0.0
wgrelevantpageisprobablyeditable 5.3556126820908315e-05 0.0
wgrelevantpagename 5.3556126820908315e-05 0.0
wgrequestid 5.3556126820908315e-05 0.0
wgrestrictionedit 5.3556126820908315e-05 0.0
wgrestrictionmove 5.3556126820908315e-05 0.0
wgrevisionid 5.3556126820908315e-05 0.0
wgseparatortransformtable 5.3556126820908315e-05 0.0
wgtitle 5.3556126820908315e-05 0.0
wgulscurrentautonym 5.3556126820908315e-05 0.0
wgulsiscompactlinksenabled 5.3556126820908315e-05 0.0
wgulsislanguageselectorempty 5.3556126820908315e-05 0.0
wgulsposition 5.3556126820908315e-05 0.0
wgusergroups 5.3556126820908315e-05 0.0
wgusername 5.3556126820908315e-05 0.0
wgvector2022previewpages 5.3556126820908315e-05 0.0
wgvisualeditor 5.3556126820908315e-05 0.0
wgwikibaseitemid 5.3556126820908315e-05 0.0
wgwmepagelength 5.3556126820908315e-05 0.0
wgwmeschemaeditattemptstepoversample 5.3556126820908315e-05 0.0
what 0.00010711225364181663 0.0
whatlinkshere 0.00010711225364181663 0.0
when 0.00016066838046272492 0.0
whereby 5.3556126820908315e-05 3.3586377672433594
which 5.3556126820908315e-05 0.3022808718729337
white 0.00032133676092544985 0.12981161152199053
whose 5.3556126820908315e-05 2.1058747987479913
wide 5.3556126820908315e-05 2.03688192726104
width 0.0042309340188517565 0.0
wiki 0.01649528706083976 0.0
wikibase 0.0003748928877463582 0.0
wikidata 0.0005891173950299915 0.0
wikimedia 0.0028384747215081407 0.0
wikimediabadges 5.3556126820908315e-05 0.0
wikimediaevents 5.3556126820908315e-05 0.0
wikimediafoundation 0.00010711225364181663 0.0
wikipedia 0.006212510711225364 0.0
wikisource 5.3556126820908315e-05 0.09097177820572679
wikitable 5.3556126820908315e-05 1.6094379124341003
wikitext 5.3556126820908315e-05 0.0
wiley 0.00010711225364181663 2.4423470353692043
will 5.3556126820908315e-05 0.9607424944449889
winbatch 0.00016066838046272492 4.051784947803305
winclose 5.3556126820908315e-05 4.74493212836325
window 0.00016066838046272492 0.0
windows 0.001017566409597258 0.8329091229351039
windows_server_2003 5.3556126820908315e-05 3.6463198396951406
windows_xp_sp3 5.3556126820908315e-05 4.74493212836325
winexists 5.3556126820908315e-05 4.74493212836325
winfbe 5.3556126820908315e-05 4.74493212836325
winwaitactive 5.3556126820908315e-05 4.74493212836325
winwrap 0.00010711225364181663 4.74493212836325
winwrap_basic 5.3556126820908315e-05 4.74493212836325
with 0.002088688946015424 0.0
within 5.3556126820908315e-05 1.0072625100798818
wmf 0.00016066838046272492 0.0
word 0.00021422450728363326 0.05358424613410626
wordbasic 0.00016066838046272492 4.74493212836325
wordmark 0.00010711225364181663 0.0
works 5.3556126820908315e-05 0.0
world 0.00026778063410454157 0.8737311174553593
wpformidentifier 5.3556126820908315e-05 0.0
wrap 0.00016066838046272492 0.06280090123903044
ws 5.3556126820908315e-05 0.09097177820572679
www 0.0018209083119108825 0.0
wxbasic 0.00016066838046272492 4.74493212836325
x 0.00016066838046272492 0.0
x64 0.00016066838046272492 4.74493212836325
xbasic 0.00021422450728363326 4.74493212836325
xblite 0.00016066838046272492 4.74493212836325
xe 5.3556126820908315e-05 3.6463198396951406
xl 0.00016066838046272492 3.1354942159291497
xml 0.00016066838046272492 0.0
xojo 0.00016066838046272492 4.051784947803305
xp 0.00010711225364181663 3.1354942159291497
y 0.00010711225364181663 0.0
yabasic 0.00016066838046272492 4.74493212836325
year 0.0005355612682090831 1.6094379124341003
years 5.3556126820908315e-05 0.454472687214859
yes 5.3556126820908315e-05 0.0
york 0.00010711225364181663 2.3470368555648795
you 0.00026778063410454157 0.0
ys 0.00010711225364181663 3.6463198396951406
ys_megabasic 5.3556126820908315e-05 4.74493212836325
yue 0.00021422450728363326 0.540239508972284
z 0.00010711225364181663 0.0
z39 0.000856898029134533 0.10054122922187746
z3988 0.000856898029134533 0.10054122922187746
zbasic 0.00016066838046272492 4.74493212836325
zh 0.0004820051413881748 0.48225225132193467
čeština 5.3556126820908315e-05 1.377636298376776
ɔː 0.00010711225364181663 4.051784947803305
ɪ 0.00010711225364181663 4.74493212836325
русский 5.3556126820908315e-05 0.6505875661411494
українська 5.3556126820908315e-05 0.8329091229351039
أوتوات 5.3556126820908315e-05 4.74493212836325
العربية 5.3556126820908315e-05 1.16141318990714
中文 5.3556126820908315e-05 0.8329091229351039
日本語 5.3556126820908315e-05 0.9382696385929302
粵語 5.3556126820908315e-05 0.540239508972284
오토잇 5.3556126820908315e-05 4.74493212836325
한국어 5.3556126820908315e-05 1.0813704822336037
