0 0.010609704342905644 0.0
00 0.00014146272457207527 0.0
000 0.00014146272457207527 0.0
03 0.00028292544914415053 0.017544309650909525
039 0.00028292544914415053 0.22314355131420976
03_067 0.00028292544914415053 0.40112670650956617
05 0.00035365681143018817 0.0
05z 0.00014146272457207527 0.0
07 0.00014146272457207527 0.0
074 0.00014146272457207527 0.37548427589622857
08 7.073136228603763e-05 0.0
08t15 0.00014146272457207527 0.0
0_1987_hawes_william_s 0.00014146272457207527 0.0
0_unported_license 7.073136228603763e-05 0.0
1 0.005517046258310935 0.0
10 0.00035365681143018817 0.0
100 0.0019097467817230159 0.0
1000 0.00014146272457207527 0.0
1000000 0.00014146272457207527 0.0
104 0.00014146272457207527 0.11020314013361425
10px 7.073136228603763e-05 0.0
110 7.073136228603763e-05 0.11020314013361425
112 0.00014146272457207527 0.0
114 0.0006365822605743387 0.2340726218464
1144189390 0.0004951195360022634 0.40112670650956617
117 7.073136228603763e-05 0.0
12 0.0002121940868581129 0.008733679968754631
1200 0.00014146272457207527 1.5668782980153044
121 7.073136228603763e-05 0.2340726218464
12132e58 7.073136228603763e-05 0.40112670650956617
122 0.00014146272457207527 0.09097177820572679
125em 0.00035365681143018817 0.0
127 7.073136228603763e-05 0.11020314013361425
12px 7.073136228603763e-05 0.0
12s5i 7.073136228603763e-05 0.0
12t08 0.00014146272457207527 0.0
13 0.00035365681143018817 0.0
133 7.073136228603763e-05 0.008733679968754631
155 0.00014146272457207527 0.2340726218464
15px 7.073136228603763e-05 0.0
16 0.00014146272457207527 0.0
160 0.00035365681143018817 0.2340726218464
17 0.00014146272457207527 0.0
175px 7.073136228603763e-05 0.0
18 0.00014146272457207527 0.0
1814400 0.00014146272457207527 0.0
1858505 0.0002121940868581129 0.40112670650956617
19 0.00014146272457207527 0.0
1985 0.00014146272457207527 0.02643325706815543
1987 0.00014146272457207527 0.08149303425118301
1990 7.073136228603763e-05 0.02643325706815543
1991 0.00014146272457207527 0.02643325706815543
1992 0.00014146272457207527 0.02643325706815543
1e71 7.073136228603763e-05 0.40112670650956617
1em 0.0006365822605743387 0.0
1px 0.00035365681143018817 0.0
1st 0.00014146272457207527 0.19105523676270922
1x1 7.073136228603763e-05 0.0
2 0.0019804781440090537 0.0
20 0.0004243881737162258 0.0
2004 0.0004951195360022634 0.06280090123903044
2005 0.00014146272457207527 0.0
20060114052122 7.073136228603763e-05 0.0
2022 0.00035365681143018817 0.0
2023 0.0002121940868581129 0.0
20230314215515 0.0002121940868581129 0.40112670650956617
2097152 0.00028292544914415053 0.0
20px 7.073136228603763e-05 0.0
21 0.00014146272457207527 0.0
21z 0.00014146272457207527 0.0
239 0.00014146272457207527 0.26759531388504365
25 0.00014146272457207527 0.0
252famazing_computing 7.073136228603763e-05 0.0
252famazing_computing_01_02_1986 7.073136228603763e-05 0.0
255 7.073136228603763e-05 0.044451762570833796
25em 0.0014146272457207527 0.0
26 7.073136228603763e-05 0.0
26twg_show 7.073136228603763e-05 0.0
28 0.00014146272457207527 0.017544309650909525
28px 7.073136228603763e-05 0.0
2c 0.00014146272457207527 0.8531118302526235
2cicon 7.073136228603763e-05 0.0
2cstyles 7.073136228603763e-05 0.0
2cwikimediabadges 7.073136228603763e-05 0.0
2em 0.0004243881737162258 0.0
2f 0.00028292544914415053 0.0
2falexcompare 7.073136228603763e-05 0.0
2famazing_computing 7.073136228603763e-05 0.0
2famazing_computing_01_02_1986 7.073136228603763e-05 0.0
2fc 7.073136228603763e-05 0.0
2fcli 7.073136228603763e-05 0.0
2fcomp 7.073136228603763e-05 0.0
2fen 0.0004951195360022634 0.0
2feqfiles 7.073136228603763e-05 0.0
2ffmt 0.0004951195360022634 0.0
2fg 7.073136228603763e-05 0.0
2fgroups 7.073136228603763e-05 0.0
2fi_frames 7.073136228603763e-05 0.0
2fi_popup 7.073136228603763e-05 0.0
2fmagazines 7.073136228603763e-05 0.0
2fmain 0.00014146272457207527 0.0
2frexx 7.073136228603763e-05 0.0
2futil 0.00014146272457207527 0.0
2fwww 7.073136228603763e-05 0.0
2fxdpyattu0rs 7.073136228603763e-05 0.0
2px 0.00014146272457207527 0.0
2x 0.00035365681143018817 0.0
3 0.0016268213325788656 0.0
30 0.00014146272457207527 0.035401927050916
3000 0.00014146272457207527 0.3504829736908114
3000t 0.00014146272457207527 0.0
3000ux 0.00014146272457207527 0.0
30em 7.073136228603763e-05 0.0
31 0.00014146272457207527 0.008733679968754631
312 0.00014146272457207527 0.40112670650956617
3125em 7.073136228603763e-05 0.0
35 0.00014146272457207527 0.02643325706815543
370 0.00014146272457207527 0.19105523676270922
3a 0.00035365681143018817 0.09097177820572679
3a3 7.073136228603763e-05 0.0
3aarexx 0.0004951195360022634 0.0
3abook 0.0004951195360022634 0.0
3akev 0.0004951195360022634 0.0
3amtx 0.0004951195360022634 0.0
3aofi 0.0004951195360022634 0.0
3asid 0.0004951195360022634 0.0
3d1 7.073136228603763e-05 0.0
3damazing_computing_1986 7.073136228603763e-05 0.0
3dcomputer_magazines 7.073136228603763e-05 0.0
3em 0.0002121940868581129 0.0
3fpli 7.073136228603763e-05 0.0
3ftwg_album 7.073136228603763e-05 0.0
3px 0.00028292544914415053 0.0
4 0.0016975526948649032 0.0
40 7.073136228603763e-05 0.017544309650909525
400 0.00014146272457207527 0.0
4000 0.00014146272457207527 0.3022808718729337
4000t 0.00014146272457207527 0.0
42 0.00014146272457207527 0.017544309650909525
42px 7.073136228603763e-05 0.0
437 0.00014146272457207527 0.0
44 0.00014146272457207527 0.0
45 0.00014146272457207527 0.044451762570833796
45afbcddb427 7.073136228603763e-05 0.40112670650956617
4698573 0.00014146272457207527 0.40112670650956617
47183 0.00014146272457207527 0.40112670650956617
48251 0.00014146272457207527 0.40112670650956617
4c 7.073136228603763e-05 4.74493212836325
4em 0.00028292544914415053 0.0
4f22 7.073136228603763e-05 0.40112670650956617
5 0.0009195077097184891 0.0
50 0.00014146272457207527 0.0
500 0.00014146272457207527 0.0
5000000 0.00014146272457207527 0.0
512k 7.073136228603763e-05 0.40112670650956617
52428800 0.00014146272457207527 0.0
528 0.00014146272457207527 0.27902400970866637
55 0.00014146272457207527 0.008733679968754631
55755 0.00028292544914415053 0.40112670650956617
566 0.00028292544914415053 0.40112670650956617
56px 7.073136228603763e-05 0.0
57 0.0002121940868581129 0.02643325706815543
5em 0.0007073136228603763 0.0
5x 0.00035365681143018817 0.11020314013361425
6 0.0008487763474324516 0.0
61 0.00014146272457207527 0.008733679968754631
634 0.00014146272457207527 0.27902400970866637
644 0.00014146272457207527 0.017544309650909525
65 0.0002121940868581129 0.02643325706815543
68000 0.0002121940868581129 0.0721032939013439
7 0.00035365681143018817 0.0
708 0.00014146272457207527 0.40112670650956617
720px 0.00014146272457207527 0.0
733 0.00014146272457207527 0.19105523676270922
780651 0.00028292544914415053 0.40112670650956617
7cext 0.0002121940868581129 0.0
7cjquery 7.073136228603763e-05 0.0
7cmediawiki 7.073136228603763e-05 0.0
7cskins 7.073136228603763e-05 0.0
7cwikibase 7.073136228603763e-05 0.0
7em 7.073136228603763e-05 0.0
8 0.0008487763474324516 0.008733679968754631
80 0.00014146272457207527 0.0
8125em 7.073136228603763e-05 0.0
8212 0.00014146272457207527 0.0
832 0.00014146272457207527 0.40112670650956617
84 0.00014146272457207527 0.02643325706815543
85 7.073136228603763e-05 0.0
87 0.00014146272457207527 0.008733679968754631
870 0.00014146272457207527 0.40112670650956617
88 0.000778044985146414 0.035401927050916
8a 0.0002121940868581129 0.0
9 0.0002121940868581129 0.0
90 7.073136228603763e-05 0.0
9000 7.073136228603763e-05 0.017544309650909525
91 0.0004243881737162258 0.035401927050916
918 0.00014146272457207527 0.40112670650956617
93 0.0004243881737162258 0.13976194237515863
95 7.073136228603763e-05 0.09097177820572679
951b 7.073136228603763e-05 0.40112670650956617
96 0.00028292544914415053 0.0
9632773 0.00028292544914415053 0.40112670650956617
987007532223505171 7.073136228603763e-05 0.0
9em 7.073136228603763e-05 0.0
9px 0.0002121940868581129 0.0
_djvu 7.073136228603763e-05 0.0
_hawes 7.073136228603763e-05 0.0
_inc 7.073136228603763e-05 0.0
_the_legend_of_sherwood 7.073136228603763e-05 0.0
_the_shattered_kingdom 7.073136228603763e-05 0.0
a 0.04739001273164521 0.0
a0 0.00014146272457207527 0.3504829736908114
a1200 0.00014146272457207527 0.40112670650956617
a2a9b1 7.073136228603763e-05 0.0
a3000 0.00014146272457207527 0.40112670650956617
a3000t 0.00014146272457207527 0.40112670650956617
a3000ux 0.00014146272457207527 0.40112670650956617
a4000 0.00014146272457207527 0.40112670650956617
a4000t 0.00014146272457207527 0.40112670650956617
aa 7.073136228603763e-05 0.2340726218464
aaa 7.073136228603763e-05 0.0
abacus 0.00014146272457207527 0.40112670650956617
abbr 0.0014146272457207527 0.0
ability 7.073136228603763e-05 0.0
able 7.073136228603763e-05 0.008733679968754631
about 0.0006365822605743387 0.0
aboutsite 7.073136228603763e-05 0.0
abovebelow 0.0004243881737162258 0.0
absolute 7.073136228603763e-05 0.035401927050916
accelerator 0.0002121940868581129 0.40112670650956617
accesskey 0.001343895883434715 0.0
accordingly 7.073136228603763e-05 0.40112670650956617
account 0.00028292544914415053 0.0
across 7.073136228603763e-05 0.0
action 0.0019804781440090537 0.0
actions 0.00014146272457207527 0.0
acube 0.00014146272457207527 0.40112670650956617
acube_systems_srl 7.073136228603763e-05 0.0
add 0.00014146272457207527 0.0
adding 7.073136228603763e-05 0.0
addition 7.073136228603763e-05 0.044451762570833796
additional 7.073136228603763e-05 0.0
address 0.0002121940868581129 0.0
adf 7.073136228603763e-05 0.09097177820572679
after 0.0012731645211486774 0.02643325706815543
agree 7.073136228603763e-05 0.0
ahi 0.00014146272457207527 0.40112670650956617
ahi_ 7.073136228603763e-05 0.0
aladdin4d 0.0002121940868581129 0.40112670650956617
alarm 7.073136228603763e-05 0.40112670650956617
albuquerque 0.00014146272457207527 0.40112670650956617
alert 0.00035365681143018817 0.11995931507897897
alex 0.00014146272457207527 0.11995931507897897
alexcompare 0.00028292544914415053 0.40112670650956617
algorithms 7.073136228603763e-05 0.08149303425118301
align 0.0007073136228603763 0.0721032939013439
all 0.0004243881737162258 0.0
allocation 0.00014146272457207527 0.0721032939013439
alone 7.073136228603763e-05 0.035401927050916
alpha 0.00028292544914415053 0.14981227822866008
also 0.0004243881737162258 0.0
alt 0.0007073136228603763 0.0
alternate 0.0002121940868581129 0.14981227822866008
although 7.073136228603763e-05 0.017544309650909525
amazing_computing_1986 0.0002121940868581129 0.40112670650956617
ambient 0.00028292544914415053 0.09097177820572679
ambient_ 0.00014146272457207527 0.0
amiga 0.005870703069741123 0.09097177820572679
amiga_1200 0.00014146272457207527 0.0
amiga_3000 0.00014146272457207527 0.0
amiga_3000t 0.00014146272457207527 0.0
amiga_3000ux 0.00014146272457207527 0.0
amiga_4000 0.00014146272457207527 0.0
amiga_4000t 0.00014146272457207527 0.0
amiga_apis 7.073136228603763e-05 0.0
amiga_demos 7.073136228603763e-05 0.0
amiga_development_software 7.073136228603763e-05 0.0
amiga_disk_file 7.073136228603763e-05 0.0
amiga_fast_file_system 0.00014146272457207527 0.0
amiga_forever 0.00014146272457207527 0.0
amiga_hunk 7.073136228603763e-05 0.0
amiga_models_and_variants 7.073136228603763e-05 0.0
amiga_old_file_system 0.00014146272457207527 0.0
amiga_reflections 7.073136228603763e-05 0.0
amiga_software 7.073136228603763e-05 0.0
amigabasic 0.0002121940868581129 0.09097177820572679
amigados 0.0008487763474324516 0.09097177820572679
amigaguide 0.0004243881737162258 0.09097177820572679
amigaone 0.00035365681143018817 0.40112670650956617
amigaone_x1000 7.073136228603763e-05 0.0
amigaos 0.0031829113028716935 0.09097177820572679
amigaos_4 0.0007073136228603763 0.40112670650956617
amigaos_4_software 7.073136228603763e-05 0.0
amigaos_version_history 7.073136228603763e-05 0.0
amigatex 0.0002121940868581129 0.40112670650956617
amigavision 7.073136228603763e-05 0.40112670650956617
amikit 0.0002121940868581129 0.09097177820572679
aminet 0.0006365822605743387 0.09097177820572679
amizilla 0.0002121940868581129 0.09097177820572679
amp 0.008275569387466403 0.18058393689541388
amuse 0.00014146272457207527 0.40112670650956617
amuse_ 7.073136228603763e-05 0.0
an 0.0010609704342905645 0.0
and 0.0028292544914415053 0.0
animation 0.00028292544914415053 0.21233263520999412
animations 7.073136228603763e-05 0.21233263520999412
anon 0.00014146272457207527 0.0
anoncontribs 7.073136228603763e-05 0.0
anontalk 7.073136228603763e-05 0.0
anonymous 7.073136228603763e-05 0.12981161152199053
another 0.00035365681143018817 0.0
ansi 0.0002121940868581129 0.19105523676270922
any 0.00028292544914415053 0.0
api 7.073136228603763e-05 0.14981227822866008
apis 0.0002121940868581129 0.18058393689541388
apple 0.00028292544914415053 0.13976194237515863
application 0.0007073136228603763 0.0
applications 0.00014146272457207527 0.0
apply 7.073136228603763e-05 0.0
approach 0.0002121940868581129 0.0
april 7.073136228603763e-05 0.0
aquaria 0.00014146272457207527 0.40112670650956617
aquaria_ 7.073136228603763e-05 0.0
archive 0.00014146272457207527 0.044451762570833796
are 0.0004243881737162258 0.0
arexx 0.008699957561182628 0.09097177820572679
arexx1 7.073136228603763e-05 0.0
arexx_users_reference_manual_1 0.00014146272457207527 0.0
arexxbox112 7.073136228603763e-05 0.0
arexxreference 7.073136228603763e-05 0.0
arg 7.073136228603763e-05 0.26759531388504365
argument 7.073136228603763e-05 0.0
aria 0.0024048663177252795 0.0
aros 0.00014146272457207527 0.09097177820572679
aros_research_operating_system 7.073136228603763e-05 0.0
article 0.0004243881737162258 0.0
articles 0.0007073136228603763 0.0
articles_with_j9u_identifiers 7.073136228603763e-05 0.0
articles_with_lccn_identifiers 7.073136228603763e-05 0.0
articles_with_short_description 7.073136228603763e-05 0.0
as 0.0005658508982883011 0.0
assembler 7.073136228603763e-05 0.0
assembly 0.00035365681143018817 0.0
assembly_language_software 7.073136228603763e-05 0.0
associated 0.00014146272457207527 0.035401927050916
async 0.0002121940868581129 0.37548427589622857
at 0.00035365681143018817 0.0
atheos 0.0002121940868581129 0.09097177820572679
atom 0.0002121940868581129 0.11995931507897897
attribution 7.073136228603763e-05 0.0
au 7.073136228603763e-05 0.37548427589622857
audio 7.073136228603763e-05 0.21233263520999412
aufirst 0.0004243881737162258 0.0
august 7.073136228603763e-05 0.035401927050916
aulast 0.0004243881737162258 0.0
author 0.00014146272457207527 0.02643325706815543
authorities 7.073136228603763e-05 0.0
authority 0.0002121940868581129 0.008733679968754631
authority_control 0.0002121940868581129 0.008733679968754631
auto 0.00014146272457207527 0.035401927050916
autocapitalize 7.073136228603763e-05 0.0
autocollapse 0.0002121940868581129 0.0
automate 7.073136228603763e-05 0.10054122922187746
autostart 7.073136228603763e-05 0.0
available 0.0002121940868581129 0.0
avoid 0.00014146272457207527 0.19105523676270922
avoiding 0.0002121940868581129 0.12981161152199053
avoiding_repetitive_procedures 0.00028292544914415053 0.40112670650956617
b 0.0010609704342905645 0.017544309650909525
background 0.0018390154194369783 0.2340726218464
backlink 0.0004243881737162258 0.0
bahasa 7.073136228603763e-05 0.11020314013361425
based 0.00014146272457207527 0.0
battle 0.00014146272457207527 0.40112670650956617
bdi 0.0004243881737162258 0.0
be 0.00035365681143018817 0.0
because 0.00014146272457207527 0.0
been 0.00014146272457207527 0.008733679968754631
before 0.0011317017965766021 0.017544309650909525
beginning 7.073136228603763e-05 0.035401927050916
being 0.00014146272457207527 0.008733679968754631
benefit 7.073136228603763e-05 0.22314355131420976
beos 0.0002121940868581129 0.09097177820572679
between 7.073136228603763e-05 0.017544309650909525
beyond 7.073136228603763e-05 0.008733679968754631
bitmap 7.073136228603763e-05 0.21233263520999412
blender 0.00028292544914415053 0.40112670650956617
blender_ 0.00014146272457207527 0.0
blitter 0.00014146272457207527 0.09097177820572679
blitter_object 7.073136228603763e-05 0.0
block 0.00014146272457207527 0.044451762570833796
blockquote 0.00014146272457207527 0.6505875661411494
board 7.073136228603763e-05 0.3141153295199365
body 0.0004951195360022634 0.11995931507897897
bodycontent 0.00014146272457207527 0.0
boingball 0.0004243881737162258 0.0
bold 0.00014146272457207527 0.21233263520999412
book 0.0004951195360022634 0.0721032939013439
booksources 0.0004243881737162258 0.0
bootstrap 7.073136228603763e-05 0.0
border 0.0017682840571509406 0.7936884097818228
boring 7.073136228603763e-05 0.2340726218464
both 7.073136228603763e-05 0.008733679968754631
bottom 0.00035365681143018817 0.12981161152199053
box 0.0016268213325788656 0.0
boxtext 7.073136228603763e-05 0.0
br 0.00035365681143018817 0.0
bracket 0.0012731645211486774 0.3141153295199365
brackets 0.00014146272457207527 0.11995931507897897
break 0.0002121940868581129 0.19105523676270922
browser 0.00035365681143018817 0.11020314013361425
browsing 7.073136228603763e-05 0.27902400970866637
bsd 0.00014146272457207527 0.09097177820572679
btitle 0.0004951195360022634 0.0
btn 0.00035365681143018817 0.0
builds 7.073136228603763e-05 0.12981161152199053
built 0.0002121940868581129 0.008733679968754631
but 0.00014146272457207527 0.0
button 0.0024048663177252795 0.0
buttons 7.073136228603763e-05 0.0
by 0.0011317017965766021 0.0
bytes 0.00035365681143018817 0.0
c 0.0004243881737162258 0.0
c13_en 7.073136228603763e-05 0.0
ca 0.0005658508982883011 0.035401927050916
cache 0.00014146272457207527 0.0
cached 7.073136228603763e-05 0.0
cachereport 7.073136228603763e-05 0.0
cactions 0.0004243881737162258 0.0
calculations 7.073136228603763e-05 0.035401927050916
callaway 0.00014146272457207527 0.40112670650956617
called 7.073136228603763e-05 0.0
calls 7.073136228603763e-05 0.0
camd 0.00014146272457207527 0.09097177820572679
campaigns 7.073136228603763e-05 0.0
can 0.0008487763474324516 0.0
canonical 0.00014146272457207527 0.0
cantonese 7.073136228603763e-05 0.0
capabilities 0.0007073136228603763 0.02643325706815543
caps 7.073136228603763e-05 0.0
case 7.073136228603763e-05 0.008733679968754631
categories 0.00014146272457207527 0.0
category 0.003253642665157731 0.0
catlinks 0.0004243881737162258 0.0
cats 7.073136228603763e-05 0.0
cbm 0.0002121940868581129 0.40112670650956617
cbm_software 7.073136228603763e-05 0.0
ccf 7.073136228603763e-05 1.0560526742493137
cell 0.00014146272457207527 0.21233263520999412
center 0.0004951195360022634 0.02643325706815543
centralauth 0.00014146272457207527 0.0
centralautologin 0.00014146272457207527 0.0
centralnotice 0.0002121940868581129 0.0
certain 7.073136228603763e-05 0.11020314013361425
change 7.073136228603763e-05 0.0
changes 0.00028292544914415053 0.02643325706815543
characteristics 0.0004951195360022634 0.10054122922187746
characters 0.00014146272457207527 0.0721032939013439
charinsert 7.073136228603763e-05 0.0
charset 7.073136228603763e-05 0.0
charts 7.073136228603763e-05 0.22314355131420976
checkbox 0.0024048663177252795 0.0
child 0.0016975526948649032 0.21233263520999412
choose 7.073136228603763e-05 0.19105523676270922
chris 0.00014146272457207527 0.11995931507897897
citation 0.0010609704342905645 0.017544309650909525
cite 0.0019097467817230159 0.0
cite_book 0.00014146272457207527 0.13976194237515863
cite_note 0.0008487763474324516 0.0
cite_ref 0.0008487763474324516 0.0
cite_web 0.00014146272457207527 0.0
citerefcallaway1992 7.073136228603763e-05 0.0
citerefcowlishaw1985 7.073136228603763e-05 0.0
citerefgiguere 7.073136228603763e-05 0.0
citerefkazik 7.073136228603763e-05 0.0
citerefperuggi 7.073136228603763e-05 0.0
citerefzamarasullivan1991 7.073136228603763e-05 0.0
citethispage 7.073136228603763e-05 0.0
class 0.03465836752015844 0.0
classname 0.0002121940868581129 0.0
clear 0.0002121940868581129 0.11020314013361425
cli 7.073136228603763e-05 0.0
client 0.00035365681143018817 0.0
closed 0.00014146272457207527 0.09097177820572679
closely 7.073136228603763e-05 0.044451762570833796
cm 7.073136228603763e-05 0.02643325706815543
code 7.073136228603763e-05 0.0
col 0.0002121940868581129 0.2340726218464
coll 0.00028292544914415053 0.0
collapse 7.073136228603763e-05 0.0
collapsed 0.0002121940868581129 0.0
collapses 7.073136228603763e-05 0.0
collapsible 0.0009195077097184891 0.0
color 0.0012024331588626398 0.3629054936893685
colspan 0.00035365681143018817 0.0
column 0.0002121940868581129 0.11020314013361425
columns 0.00035365681143018817 0.11020314013361425
com 0.00028292544914415053 0.0
combining 7.073136228603763e-05 0.2340726218464
come 7.073136228603763e-05 0.0
command 0.0004951195360022634 0.0721032939013439
command_ 7.073136228603763e-05 0.0
commands 0.0004243881737162258 0.20163734609324613
commentedtext 7.073136228603763e-05 0.0
commodore 0.0004951195360022634 0.09097177820572679
commodore_amiga_midi_driver 0.00014146272457207527 0.0
commodore_international 7.073136228603763e-05 0.0
common 0.00028292544914415053 0.0
commons 0.0005658508982883011 0.0
communicate 0.00014146272457207527 0.017544309650909525
communication 0.0002121940868581129 0.0
community 7.073136228603763e-05 0.10054122922187746
community_portal 7.073136228603763e-05 0.0
comp 7.073136228603763e-05 0.035401927050916
compactlinks 7.073136228603763e-05 0.0
companies 7.073136228603763e-05 0.02643325706815543
compare 7.073136228603763e-05 0.20163734609324613
compatible 0.00014146272457207527 0.0
complications 7.073136228603763e-05 0.0
components 7.073136228603763e-05 0.0
computer 0.0004951195360022634 0.0
computer_magazines 7.073136228603763e-05 0.0
computer_programming 7.073136228603763e-05 1.4127276181880462
computer_science 0.0002121940868581129 0.0
computers 0.0002121940868581129 0.02643325706815543
config 0.00014146272457207527 0.0
contact 0.00028292544914415053 0.0
contact_us 0.00014146272457207527 0.0
contactpage 7.073136228603763e-05 0.0
container 0.0009902390720045269 0.14981227822866008
containing 7.073136228603763e-05 0.008733679968754631
content 0.004951195360022634 0.0
contentinfo 7.073136228603763e-05 0.0
contents 0.0009195077097184891 0.0
contentsub 7.073136228603763e-05 0.0
context 0.00014146272457207527 0.017544309650909525
continues 7.073136228603763e-05 0.2340726218464
contrast 7.073136228603763e-05 0.008733679968754631
contribute 7.073136228603763e-05 0.0
contributions 7.073136228603763e-05 0.2340726218464
contributors 0.00014146272457207527 0.017544309650909525
control 0.00028292544914415053 0.0
controls 0.0002121940868581129 0.0
conversion 7.073136228603763e-05 0.0
cookbook 0.00014146272457207527 0.26759531388504365
cookie 0.00035365681143018817 0.0
cookie_statement 7.073136228603763e-05 0.0
cookiestatement 7.073136228603763e-05 0.0
copyright 0.0002121940868581129 0.0
copyrightico 7.073136228603763e-05 0.0
corresponding 7.073136228603763e-05 0.0
could 0.00035365681143018817 0.044451762570833796
count 0.00014146272457207527 0.0
counter 0.00028292544914415053 0.11020314013361425
cowlishaw 0.00028292544914415053 0.40112670650956617
cox 7.073136228603763e-05 0.0
cpu 7.073136228603763e-05 0.0
cpus 7.073136228603763e-05 0.0721032939013439
cputime 7.073136228603763e-05 0.0
create 0.00028292544914415053 0.0
createaccount 0.00028292544914415053 0.0
created 0.00014146272457207527 0.0
creative 7.073136228603763e-05 0.0
creativecommons 0.00014146272457207527 0.0
cross 7.073136228603763e-05 0.0
crossdos 0.0002121940868581129 0.09097177820572679
crossorigin 7.073136228603763e-05 0.0
cs1 0.001343895883434715 0.017544309650909525
csrftoken 7.073136228603763e-05 0.0
ct 0.00014146272457207527 0.6844891178168307
ctx_ver 0.0004951195360022634 0.0
cubic 0.00014146272457207527 0.21233263520999412
cubic_ide 7.073136228603763e-05 0.0
current 0.00014146272457207527 0.08149303425118301
current_events 7.073136228603763e-05 0.0
currentevents 7.073136228603763e-05 0.0
cursor 0.00014146272457207527 0.5860490450035782
cx 0.00014146272457207527 0.0
cybergraphx 0.0002121940868581129 0.40112670650956617
d 7.073136228603763e-05 0.017544309650909525
d33 0.00014146272457207527 0.0
d6 7.073136228603763e-05 0.0
data 0.003748762201159994 0.0
database 0.0004243881737162258 0.02643325706815543
date 0.0002121940868581129 0.02643325706815543
datemodified 0.00014146272457207527 0.0
datepublished 0.00014146272457207527 0.0
dd 0.0011317017965766021 0.035401927050916
ddf 7.073136228603763e-05 0.0
de 0.00028292544914415053 0.017544309650909525
december 7.073136228603763e-05 0.02643325706815543
decimal 7.073136228603763e-05 0.11020314013361425
declared 7.073136228603763e-05 0.0
decoding 0.00014146272457207527 0.21233263520999412
decoration 0.00014146272457207527 0.0
deduplicate 0.0005658508982883011 0.0
deduplicated 0.0012024331588626398 0.0
define 7.073136228603763e-05 0.008733679968754631
demos 0.00014146272457207527 0.09097177820572679
depending 7.073136228603763e-05 0.0
depth 0.0002121940868581129 0.0
described 7.073136228603763e-05 0.0721032939013439
description 0.0004951195360022634 0.0
design 7.073136228603763e-05 0.035401927050916
desktop 0.0002121940868581129 0.14981227822866008
desktop_environment 0.00014146272457207527 0.0
desktoparticletarget 0.0002121940868581129 0.0
detection 7.073136228603763e-05 0.10054122922187746
deutsch 7.073136228603763e-05 0.0
dev 7.073136228603763e-05 0.09097177820572679
developed 0.0002121940868581129 0.017544309650909525
developer 7.073136228603763e-05 0.02643325706815543
developers 0.00014146272457207527 0.0
development 0.00028292544914415053 0.017544309650909525
different 0.00035365681143018817 0.0
dir 0.00028292544914415053 0.4682660093471948
direct 7.073136228603763e-05 0.035401927050916
directories 7.073136228603763e-05 0.26759531388504365
directory 0.00035365681143018817 0.11020314013361425
directory_opus 7.073136228603763e-05 0.0
disabled 0.000778044985146414 0.11020314013361425
disclaimers 0.00014146272457207527 0.0
discuss 0.00028292544914415053 0.05358424613410626
discussion 0.00014146272457207527 0.26759531388504365
disk 0.0004243881737162258 0.09097177820572679
display 0.0009902390720045269 0.0
displays 7.073136228603763e-05 0.11020314013361425
dispute 0.00014146272457207527 0.40112670650956617
distinctions 7.073136228603763e-05 0.06280090123903044
distributed 7.073136228603763e-05 0.02643325706815543
div 0.017541377846937333 0.0
dl 0.0008487763474324516 0.22314355131420976
dmy 7.073136228603763e-05 0.08149303425118301
dns 0.00014146272457207527 0.540239508972284
docs 7.073136228603763e-05 0.10054122922187746
doctype 7.073136228603763e-05 0.0
document 0.00035365681143018817 0.09097177820572679
documentation 7.073136228603763e-05 0.017544309650909525
documentelement 0.0002121940868581129 0.0
does 7.073136228603763e-05 0.0
donate 0.0002121940868581129 0.0
donating 7.073136228603763e-05 0.0
dotted 0.0002121940868581129 0.0
download 0.00028292544914415053 0.0
downloadaspdf 7.073136228603763e-05 0.0
drafting 7.073136228603763e-05 0.2340726218464
dragonfly 0.00014146272457207527 0.09097177820572679
dragonfly_bsd 7.073136228603763e-05 0.0
drive 7.073136228603763e-05 0.19105523676270922
driver 0.00014146272457207527 0.21233263520999412
drives 7.073136228603763e-05 0.40112670650956617
dropdown 0.0017682840571509406 0.0
dt 0.0012731645211486774 0.0
duplicates 7.073136228603763e-05 0.2905848321097423
dynamically 7.073136228603763e-05 0.11020314013361425
e 0.00035365681143018817 0.0
e6e6ff 7.073136228603763e-05 0.0
easily 7.073136228603763e-05 0.0
easy 7.073136228603763e-05 0.0
echo 7.073136228603763e-05 0.0
ed 7.073136228603763e-05 0.008733679968754631
edit 0.0038194935634460318 0.0
editable 7.073136228603763e-05 0.49643688631389105
edited 7.073136228603763e-05 0.0
editing 0.00014146272457207527 0.11020314013361425
edition 7.073136228603763e-05 0.044451762570833796
editor 0.00035365681143018817 0.044451762570833796
editors 0.00014146272457207527 0.0
editpage 7.073136228603763e-05 0.0
edits 0.00014146272457207527 0.0
editsection 0.0019097467817230159 0.0
edituri 7.073136228603763e-05 0.0
efika 0.0002121940868581129 0.40112670650956617
element 0.0004951195360022634 0.0
ellipsis 0.00014146272457207527 0.2340726218464
elt 7.073136228603763e-05 0.0
emac 0.0002121940868581129 0.40112670650956617
empty 0.00014146272457207527 0.008733679968754631
emptyportlet 0.00014146272457207527 0.0
emulator 0.00014146272457207527 0.0721032939013439
en 0.0021926722308671666 0.0
enabled 0.000778044985146414 0.008733679968754631
encouraged 0.00028292544914415053 1.5668782980153044
encyclopedia 0.00014146272457207527 0.0
end 0.00014146272457207527 0.0
ended 7.073136228603763e-05 0.044451762570833796
english 0.0002121940868581129 0.0
enhancements 7.073136228603763e-05 0.0
entertainment 0.00014146272457207527 0.3260915205666521
entities 7.073136228603763e-05 0.0
entity 0.00028292544914415053 0.0
entityaccesscount 7.073136228603763e-05 0.0
entitypage 0.00014146272457207527 0.0
entry 0.00014146272457207527 0.035401927050916
environment 0.0002121940868581129 0.0
enwiki 7.073136228603763e-05 0.0
enwikimwclientprefs 7.073136228603763e-05 0.0
eqfiles 0.00028292544914415053 0.40112670650956617
eric 0.00014146272457207527 0.08149303425118301
error 0.0002121940868581129 0.11020314013361425
es 0.00028292544914415053 1.8545603704670854
es6 7.073136228603763e-05 0.0
esi 0.00014146272457207527 0.7195804376281008
esitest 7.073136228603763e-05 0.0
español 7.073136228603763e-05 0.0
etc 7.073136228603763e-05 0.008733679968754631
even 0.0005658508982883011 0.11020314013361425
event 0.0010609704342905645 0.0
eventlogging 0.00014146272457207527 0.0
events 0.0002121940868581129 0.11020314013361425
exact 7.073136228603763e-05 0.0
example 0.00028292544914415053 0.0
examples 0.00028292544914415053 0.008733679968754631
examples_of_arexx_solutions_to_common_problems 0.00035365681143018817 0.40112670650956617
exec 0.00028292544914415053 0.035401927050916
exec_ 0.00014146272457207527 0.0
execute 7.073136228603763e-05 0.0
execution 0.00014146272457207527 0.0
exist 7.073136228603763e-05 0.0721032939013439
existing 7.073136228603763e-05 0.11020314013361425
exists 7.073136228603763e-05 0.0
exit 7.073136228603763e-05 0.044451762570833796
expand 0.0005658508982883011 0.0
expand_amigaos_capabilities 0.00028292544914415053 0.40112670650956617
expanded 0.0004243881737162258 0.0
expansion 0.00014146272457207527 0.0
expansiondepth 7.073136228603763e-05 0.0
expensive 7.073136228603763e-05 0.0
expensivefunctioncount 7.073136228603763e-05 0.0
expiry 0.00014146272457207527 0.0
export 7.073136228603763e-05 0.0
expressions 7.073136228603763e-05 0.008733679968754631
ext 0.0019804781440090537 0.0
ext2 0.0002121940868581129 0.40112670650956617
extensive 7.073136228603763e-05 0.11020314013361425
external 0.0011317017965766021 0.0
external_links 0.00028292544914415053 0.0
extra 7.073136228603763e-05 0.0
extract 7.073136228603763e-05 0.40112670650956617
f 0.00035365681143018817 0.0
f7f7f7 7.073136228603763e-05 0.0
f9f9f9 7.073136228603763e-05 0.0
fa8a495983347898 7.073136228603763e-05 0.0
facilities 7.073136228603763e-05 0.035401927050916
facility 7.073136228603763e-05 0.08149303425118301
fact 0.00014146272457207527 0.008733679968754631
fallbacksearchbutton 7.073136228603763e-05 0.0
false 0.0008487763474324516 0.0
fast 0.00014146272457207527 0.044451762570833796
fat 0.00014146272457207527 0.09097177820572679
faults 7.073136228603763e-05 0.40112670650956617
favicon 7.073136228603763e-05 0.0
fdfdfd 0.0002121940868581129 0.0
feature 0.0014853586080067903 0.0
featurename 0.0002121940868581129 0.0
features 0.00035365681143018817 0.0
february 7.073136228603763e-05 0.017544309650909525
feed 0.00014146272457207527 0.19105523676270922
ffs 0.00014146272457207527 0.09097177820572679
file 0.0017682840571509406 0.0
file_allocation_table 0.00014146272457207527 0.0
file_format 7.073136228603763e-05 0.0
file_system 7.073136228603763e-05 0.0
file_upload_wizard 0.00014146272457207527 0.0
filer 7.073136228603763e-05 0.40112670650956617
files 0.00035365681143018817 0.0
financing 7.073136228603763e-05 0.40112670650956617
find 0.00014146272457207527 0.0
find_code 7.073136228603763e-05 0.0
finds 7.073136228603763e-05 0.1599646496926782
finished 0.00014146272457207527 0.10054122922187746
firm 7.073136228603763e-05 0.27902400970866637
first 0.0011317017965766021 0.0
firstheading 0.0002121940868581129 0.0
float 0.00028292544914415053 0.06280090123903044
floating 7.073136228603763e-05 0.035401927050916
floppy 7.073136228603763e-05 0.40112670650956617
flush 0.00035365681143018817 0.0
following 7.073136228603763e-05 0.0
follows 7.073136228603763e-05 0.0
font 0.0014853586080067903 0.14981227822866008
footer 0.0018390154194369783 0.0
for 0.0018390154194369783 0.0
forever 0.00028292544914415053 0.09097177820572679
form 0.0002121940868581129 0.0
format 0.00035365681143018817 0.035401927050916
foundation 0.0006365822605743387 0.0
free 0.00028292544914415053 0.0
from 0.0012731645211486774 0.0
full 0.00014146272457207527 0.044451762570833796
fulltext 7.073136228603763e-05 0.0
fulvio 0.00014146272457207527 0.40112670650956617
func 7.073136228603763e-05 0.044451762570833796
function 0.0006365822605743387 0.0
function_ 7.073136228603763e-05 0.0
functions 0.0004951195360022634 0.0
fundraiserredirector 7.073136228603763e-05 0.0
g 0.0002121940868581129 0.0
g4 0.0004243881737162258 0.40112670650956617
g5 0.00014146272457207527 0.40112670650956617
gadget 0.00028292544914415053 0.0
game 7.073136228603763e-05 0.11995931507897897
games 0.00035365681143018817 0.044451762570833796
gehomepagesuggestededitsenabletopics 7.073136228603763e-05 0.0
general_disclaimer 7.073136228603763e-05 0.0
generator 7.073136228603763e-05 0.0
genre 0.0004951195360022634 0.0
geoip 7.073136228603763e-05 0.0
german 7.073136228603763e-05 0.017544309650909525
giguere 0.00014146272457207527 0.40112670650956617
globalcssjs 0.00014146272457207527 0.0
go 0.00028292544914415053 0.0
google 0.00014146272457207527 0.10054122922187746
googpub 0.00014146272457207527 0.0
gov 7.073136228603763e-05 0.2340726218464
graphical 7.073136228603763e-05 0.0721032939013439
graphical_user_interface 7.073136228603763e-05 0.0
gray 7.073136228603763e-05 1.449095262358921
greek 0.00014146272457207527 0.3141153295199365
green 7.073136228603763e-05 0.08149303425118301
group 0.003253642665157731 0.05358424613410626
groups 7.073136228603763e-05 0.0
growthexperiments 7.073136228603763e-05 0.0
gui 0.0002121940868581129 0.0721032939013439
guidance 7.073136228603763e-05 0.2340726218464
guides 7.073136228603763e-05 4.74493212836325
guis 7.073136228603763e-05 0.09097177820572679
guru 0.00028292544914415053 0.09097177820572679
guru_meditation 0.00014146272457207527 0.0
h 0.00014146272457207527 0.035401927050916
h1 0.00014146272457207527 1.2484245668967697
h2 0.0009902390720045269 1.2484245668967697
h3 0.0004243881737162258 0.0
hack 0.0004243881737162258 0.0
hall 0.00014146272457207527 0.19105523676270922
handling 7.073136228603763e-05 0.06280090123903044
hardware 0.00014146272457207527 0.035401927050916
has 0.0006365822605743387 0.0
haspopup 0.00035365681143018817 0.0
have 0.00014146272457207527 0.008733679968754631
hawes 0.00035365681143018817 0.2340726218464
he 7.073136228603763e-05 0.044451762570833796
head 0.0002121940868581129 0.0
header 0.0017682840571509406 0.0
heading 0.0016268213325788656 0.0
headline 0.000778044985146414 0.0
height 0.0012024331588626398 0.0
help 0.000778044985146414 0.0
here 7.073136228603763e-05 0.008733679968754631
hfs 7.073136228603763e-05 0.40112670650956617
hidden 0.0009195077097184891 0.0
hide 0.00014146272457207527 0.0
hierarchical 7.073136228603763e-05 0.008733679968754631
hierarchical_file_system_ 7.073136228603763e-05 0.0
highest 7.073136228603763e-05 0.0
highlight 0.00014146272457207527 3.1354942159291497
highlighting 7.073136228603763e-05 0.2340726218464
historical 7.073136228603763e-05 0.40112670650956617
history 0.0012731645211486774 0.0
history_of_the_amiga 7.073136228603763e-05 0.0
history_of_the_amigaos_4_dispute 7.073136228603763e-05 0.0
hlist 0.005446314896024897 0.0
hollywood 0.0004243881737162258 0.09097177820572679
hollywood_ 0.0002121940868581129 0.0
hood 0.00014146272457207527 0.0
hor 0.00014146272457207527 0.0
hosted 7.073136228603763e-05 0.0721032939013439
hosts 0.00014146272457207527 0.10054122922187746
how 0.00035365681143018817 0.0
however 0.00028292544914415053 0.0
href 0.024119394539538833 0.0
hreflang 0.0005658508982883011 0.0
htm 7.073136228603763e-05 0.3141153295199365
html 0.0002121940868581129 0.06280090123903044
http 0.0008487763474324516 0.017544309650909525
https 0.00268779176686943 0.0
hub 7.073136228603763e-05 0.2451224580329849
hunk 0.00014146272457207527 0.09097177820572679
hyperion 0.00014146272457207527 0.40112670650956617
hyperion_entertainment 7.073136228603763e-05 0.0
i 0.0012731645211486774 0.0
i_frames 7.073136228603763e-05 0.0
i_popup 7.073136228603763e-05 0.0
ibook 0.00014146272457207527 0.40112670650956617
ibook_g4 7.073136228603763e-05 0.0
ico 7.073136228603763e-05 0.0
icon 0.00268779176686943 0.0
icons 0.00028292544914415053 0.0
id 0.011812137501768284 0.0
ide 0.00014146272457207527 0.02643325706815543
identifier 0.0004243881737162258 0.044451762570833796
identifiers 0.0004951195360022634 0.008733679968754631
idhash 7.073136228603763e-05 0.0
if 0.0005658508982883011 0.0
iff 7.073136228603763e-05 0.09097177820572679
iii 0.00014146272457207527 0.3141153295199365
il 7.073136228603763e-05 0.0
image 0.000778044985146414 0.0
imageobject 0.00014146272457207527 0.0
images 0.0008487763474324516 0.0
img 0.0005658508982883011 0.0
implement 7.073136228603763e-05 0.05358424613410626
implementation 0.00028292544914415053 0.0
implementations 0.00014146272457207527 0.0
implementing 0.0002121940868581129 0.05358424613410626
implementing_new_features_and_capabilities_via_scripts 0.00028292544914415053 0.40112670650956617
implements 7.073136228603763e-05 0.017544309650909525
improvements 7.073136228603763e-05 0.08149303425118301
in 0.0028292544914415053 0.0
inc 0.0004951195360022634 0.0
include 0.00014146272457207527 0.0
included 0.0002121940868581129 0.02643325706815543
increase 7.073136228603763e-05 0.044451762570833796
increment 7.073136228603763e-05 0.06280090123903044
index 0.0022634035931532043 0.0
indicators 7.073136228603763e-05 0.454472687214859
individual 7.073136228603763e-05 0.017544309650909525
influenced 7.073136228603763e-05 0.008733679968754631
info 0.001343895883434715 0.044451762570833796
information 0.0002121940868581129 0.0
inherit 0.0009902390720045269 0.11020314013361425
init 0.0002121940868581129 0.0
inline 0.0017682840571509406 0.05358424613410626
inner 0.0004951195360022634 0.0
input 0.0008487763474324516 0.0
insert 0.00014146272457207527 0.008733679968754631
inside 0.00014146272457207527 0.0
installer 0.00014146272457207527 0.09097177820572679
installer_ 7.073136228603763e-05 0.0
integers 7.073136228603763e-05 0.035401927050916
integrated 7.073136228603763e-05 0.0
inter 0.00028292544914415053 0.22314355131420976
interaction 0.0002121940868581129 0.0
interchange 7.073136228603763e-05 0.0
interchange_file_format 7.073136228603763e-05 0.0
interface 0.0004243881737162258 0.0
interlanguage 0.0014853586080067903 0.0
international 7.073136228603763e-05 0.08149303425118301
interpreted 0.00014146272457207527 0.11020314013361425
interpreted_language 7.073136228603763e-05 0.0
interwiki 0.0005658508982883011 0.0
into 0.00035365681143018817 0.0
introduction 0.0002121940868581129 0.11020314013361425
intuition 0.00028292544914415053 0.09097177820572679
intuition_ 0.00014146272457207527 0.0
invoked 7.073136228603763e-05 0.0
involved 0.00014146272457207527 0.11020314013361425
ip 0.00014146272457207527 0.3141153295199365
is 0.0021926722308671666 0.0
isbn 0.0006365822605743387 0.0
isbn_ 0.0002121940868581129 0.0
israel 7.073136228603763e-05 0.11020314013361425
it 0.0009902390720045269 0.0
italic 7.073136228603763e-05 0.3141153295199365
item 0.004951195360022634 0.0
items 7.073136228603763e-05 0.0
its 0.0004243881737162258 0.0
j 0.00014146272457207527 0.0
j9u 0.0002121940868581129 0.11020314013361425
january 7.073136228603763e-05 0.0
jforth 7.073136228603763e-05 0.40112670650956617
job 0.00014146272457207527 0.035401927050916
joining 7.073136228603763e-05 0.40112670650956617
jpg 0.00028292544914415053 0.40112670650956617
jquery 0.0002121940868581129 0.0
js 0.00014146272457207527 0.0
json 0.00014146272457207527 0.11995931507897897
july 7.073136228603763e-05 0.008733679968754631
jump 0.00014146272457207527 0.0
june 7.073136228603763e-05 0.017544309650909525
k 0.00014146272457207527 0.0
kazik 0.00014146272457207527 0.40112670650956617
kern 0.00014146272457207527 0.0
key 7.073136228603763e-05 0.0
kickstart 0.00028292544914415053 0.09097177820572679
kickstart_ 0.00014146272457207527 0.0
kingdom 7.073136228603763e-05 0.48225225132193467
knights 0.00014146272457207527 0.40112670650956617
knights_and_merchants 7.073136228603763e-05 0.0
known 7.073136228603763e-05 0.0
kr 0.0009195077097184891 0.2451224580329849
label 0.0034658367520158436 0.0
labelledby 0.00028292544914415053 0.0
lacked 7.073136228603763e-05 0.02643325706815543
lacks 7.073136228603763e-05 0.05358424613410626
landmark 0.00028292544914415053 0.0
lang 0.0017682840571509406 0.0
langlinks 0.00014146272457207527 0.0
language 0.0024048663177252795 0.0
languages 0.0005658508982883011 0.0
last 0.0009195077097184891 0.0
lastmod 7.073136228603763e-05 0.0
later 0.00014146272457207527 0.017544309650909525
lattice 0.00014146272457207527 0.40112670650956617
lattice_c 7.073136228603763e-05 0.0
lazy 0.00014146272457207527 0.008733679968754631
lccn 0.0002121940868581129 0.11020314013361425
ld 0.00014146272457207527 0.7195804376281008
learn 0.00035365681143018817 0.0
left 0.0012024331588626398 0.0
legend 7.073136228603763e-05 0.37548427589622857
level 0.0007073136228603763 0.0
levels 7.073136228603763e-05 0.0
lha 0.0004243881737162258 0.09097177820572679
lha_ 7.073136228603763e-05 0.0
li 0.03748762201159994 0.0
libraries 7.073136228603763e-05 0.0
library 0.00014146272457207527 0.0
license 0.00028292544914415053 0.0
licenses 0.00014146272457207527 0.12981161152199053
like 0.00014146272457207527 0.0
limit 0.000778044985146414 0.0
limited 0.0004243881737162258 0.008733679968754631
limitreport 0.0002121940868581129 0.0
line 0.00035365681143018817 0.008733679968754631
link 0.0044560758240203705 0.08149303425118301
linked 7.073136228603763e-05 0.0721032939013439
links 0.001343895883434715 0.0
list 0.009690196633187155 0.0
list_of_amiga_games 7.073136228603763e-05 0.0
listbullet 0.0002121940868581129 0.0
listitem 0.00028292544914415053 0.0
load 0.0002121940868581129 0.0
loaded 0.0002121940868581129 0.0
loader 7.073136228603763e-05 0.035401927050916
loading 0.0002121940868581129 0.0
loads 0.00014146272457207527 0.20163734609324613
loc 0.00014146272457207527 0.0
local_base 7.073136228603763e-05 0.0
locates 7.073136228603763e-05 0.2340726218464
lock 0.000778044985146414 0.11020314013361425
log 0.0004951195360022634 0.0
logged 0.00014146272457207527 0.0
login 0.00035365681143018817 0.3141153295199365
logo 0.0005658508982883011 0.0
longer 7.073136228603763e-05 0.02643325706815543
lower 0.0004243881737162258 0.044451762570833796
ltr 0.0010609704342905645 0.0
lua 0.00014146272457207527 0.0
m 0.0004243881737162258 0.08149303425118301
mac 0.0004243881737162258 0.14981227822866008
mac_mini 7.073136228603763e-05 0.0
macro 7.073136228603763e-05 0.017544309650909525
macro_ 7.073136228603763e-05 0.0
macros 0.00014146272457207527 0.19105523676270922
made 0.00014146272457207527 0.035401927050916
magazines 7.073136228603763e-05 0.044451762570833796
magellan 7.073136228603763e-05 0.09097177820572679
magic 0.00014146272457207527 0.14981227822866008
magic_user_interface 0.00014146272457207527 0.0
mailer 0.0002121940868581129 0.0
main 0.002121940868581129 0.0
main_page 0.00014146272457207527 0.0
mainentity 0.00014146272457207527 0.0
mainpage 7.073136228603763e-05 0.0
maint 7.073136228603763e-05 0.09097177820572679
makecollapsible 0.0002121940868581129 0.0
making 0.00014146272457207527 0.11020314013361425
malay 7.073136228603763e-05 0.0
mandatory 0.00028292544914415053 0.2340726218464
manual 0.00014146272457207527 0.035401927050916
march 0.00014146272457207527 0.017544309650909525
margin 0.0016268213325788656 0.0
match 0.00014146272457207527 0.008733679968754631
max 0.0002121940868581129 0.11020314013361425
may 0.00014146272457207527 0.0
media 0.0002121940868581129 0.11995931507897897
mediawiki 0.0005658508982883011 0.0
meditation 0.00028292544914415053 0.09097177820572679
megalextoria 0.00014146272457207527 0.0
melayu 7.073136228603763e-05 0.6340582641899388
members 7.073136228603763e-05 0.0
memory 0.00014146272457207527 0.0
memusage 7.073136228603763e-05 0.0
menu 0.007002404866317725 0.0
merchants 0.00014146272457207527 0.40112670650956617
merrill 0.00014146272457207527 0.40112670650956617
message 0.0002121940868581129 0.0
meta 0.0009195077097184891 0.09097177820572679
metacomco 0.0002121940868581129 0.40112670650956617
michael 0.00014146272457207527 0.008733679968754631
microfiche 7.073136228603763e-05 0.40112670650956617
middle 0.00014146272457207527 0.21233263520999412
midi 0.00014146272457207527 0.2451224580329849
midian 7.073136228603763e-05 0.0
might 0.00014146272457207527 0.008733679968754631
mike 0.00014146272457207527 0.08149303425118301
mike_cowlishaw 7.073136228603763e-05 0.0
min 7.073136228603763e-05 0.11020314013361425
mini 0.0004951195360022634 0.20163734609324613
minimal 7.073136228603763e-05 0.008733679968754631
misc 7.073136228603763e-05 0.0
missing 7.073136228603763e-05 0.02643325706815543
mix 7.073136228603763e-05 0.1599646496926782
mmv 0.00014146272457207527 0.0
mobile 0.0002121940868581129 0.0
mobileaction 7.073136228603763e-05 0.0
mobileview 7.073136228603763e-05 0.0
models 0.00014146272457207527 0.11020314013361425
modifications 7.073136228603763e-05 0.2340726218464
modified 7.073136228603763e-05 0.044451762570833796
module 7.073136228603763e-05 0.044451762570833796
modules 0.0002121940868581129 0.0721032939013439
monitor 7.073136228603763e-05 0.0
monitors 7.073136228603763e-05 0.40112670650956617
more 0.0012024331588626398 0.0
morphos 0.0020512095062950914 0.09097177820572679
morphos_games 0.00014146272457207527 0.0
morphos_software 0.00014146272457207527 0.0
most 7.073136228603763e-05 0.0
move 7.073136228603763e-05 0.0
moved 7.073136228603763e-05 0.0
ms 0.00035365681143018817 0.0
mui 0.00014146272457207527 0.09097177820572679
multimedia 7.073136228603763e-05 0.21233263520999412
must 7.073136228603763e-05 0.008733679968754631
mw 0.030202291696138066 0.0
mw1350 0.00014146272457207527 0.40112670650956617
mw1384 7.073136228603763e-05 0.21233263520999412
mycontributions 7.073136228603763e-05 0.0
mytalk 7.073136228603763e-05 0.0
n 0.0009902390720045269 0.08149303425118301
name 0.0021926722308671666 0.0
namespaces 7.073136228603763e-05 0.21233263520999412
national 7.073136228603763e-05 0.008733679968754631
nav 0.0009902390720045269 0.7018808605286999
navbar 0.0014146272457207527 0.20163734609324613
navbox 0.009407271184043005 0.0
navigation 0.0011317017965766021 0.0
navigationtiming 7.073136228603763e-05 0.0
nearby 7.073136228603763e-05 0.0
needed 7.073136228603763e-05 0.0
net 0.0004951195360022634 0.0
netsurf 0.0004243881737162258 0.40112670650956617
new 0.0004243881737162258 0.0
newpp 7.073136228603763e-05 0.0
nick 0.00014146272457207527 0.40112670650956617
nli 7.073136228603763e-05 0.0
nlx10 7.073136228603763e-05 0.0
nm 0.00014146272457207527 0.40112670650956617
no 0.0005658508982883011 0.0
node 7.073136228603763e-05 0.0
noexcerpt 7.073136228603763e-05 0.0
nofollow 0.000778044985146414 0.0
noicon 0.00035365681143018817 0.0
nojs 7.073136228603763e-05 0.0
nomobile 7.073136228603763e-05 0.0
non 7.073136228603763e-05 0.0
none 0.0027585231291554677 0.21233263520999412
noprint 0.0004243881737162258 0.37548427589622857
normal 0.00035365681143018817 0.008733679968754631
noscript 0.00028292544914415053 0.0
nosnippet 7.073136228603763e-05 0.0
not 0.0007073136228603763 0.0
notes 7.073136228603763e-05 0.008733679968754631
notice 7.073136228603763e-05 0.11020314013361425
notwithstanding 7.073136228603763e-05 0.40112670650956617
november 7.073136228603763e-05 0.0
noviewer 7.073136228603763e-05 0.0
nowrap 0.00014146272457207527 0.035401927050916
nowraplinks 0.00028292544914415053 0.0
ns 0.00014146272457207527 0.19105523676270922
nstab 7.073136228603763e-05 0.0
ntfs 0.0004243881737162258 0.09097177820572679
null 7.073136228603763e-05 0.0
numb 0.0006365822605743387 0.0
number 0.00014146272457207527 0.0
numbers 7.073136228603763e-05 0.0
nv 0.0006365822605743387 0.0
o 0.0005658508982883011 0.035401927050916
object 0.00014146272457207527 0.0
october 7.073136228603763e-05 0.02643325706815543
odd 0.0008487763474324516 0.11995931507897897
of 0.003607299476587919 0.0
offer 7.073136228603763e-05 0.14981227822866008
offering 7.073136228603763e-05 0.02643325706815543
official 7.073136228603763e-05 0.017544309650909525
ofs 0.00014146272457207527 0.09097177820572679
often 7.073136228603763e-05 0.008733679968754631
og 0.00014146272457207527 0.0
ol 0.0016268213325788656 0.0
old 0.00014146272457207527 0.06280090123903044
oldid 0.0002121940868581129 0.0
on 0.0010609704342905645 0.0
one 0.00014146272457207527 0.0
only 0.00028292544914415053 0.0
oojs_ui_icon_edit 0.0004243881737162258 0.0
opensearch_desc 7.073136228603763e-05 0.0
opensearchdescription 7.073136228603763e-05 0.0
openttd 0.0002121940868581129 0.40112670650956617
operating 7.073136228603763e-05 0.035401927050916
opportunity 7.073136228603763e-05 0.19105523676270922
options 0.00035365681143018817 0.0
opus 0.00014146272457207527 0.09097177820572679
or 0.0004243881737162258 0.0
org 0.0050219267223086715 0.0
organization 0.00035365681143018817 0.0
origin 0.00035365681143018817 0.11020314013361425
origyn 0.00028292544914415053 0.40112670650956617
origyn_web_browser 0.00014146272457207527 0.0
os 0.00014146272457207527 0.02643325706815543
os4 7.073136228603763e-05 0.40112670650956617
other 0.0005658508982883011 0.0
out 0.00014146272457207527 0.0
output 0.010043853444617343 0.008733679968754631
overflow 0.00014146272457207527 0.19105523676270922
p 0.0044560758240203705 0.0
package 0.0002121940868581129 0.035401927050916
packs 7.073136228603763e-05 0.09097177820572679
padding 0.004314613099448295 0.0
page 0.0033243740274437688 0.0
pagelanguagecode 7.073136228603763e-05 0.0
pagelanguagedir 7.073136228603763e-05 0.0
pageprop 7.073136228603763e-05 0.0
pages 0.0004951195360022634 0.0
pagetype 0.00014146272457207527 0.0
pagevariantfallbacks 7.073136228603763e-05 0.0
paint 0.0002121940868581129 0.40112670650956617
panel 0.00028292544914415053 0.0
parsed 7.073136228603763e-05 0.0
parser 0.01011458480690338 0.0
party 7.073136228603763e-05 0.05358424613410626
past 7.073136228603763e-05 0.14981227822866008
patroltoken 7.073136228603763e-05 0.0
pcache 7.073136228603763e-05 0.0
pdf 0.00014146272457207527 0.0
pegasos 0.0004243881737162258 0.40112670650956617
perform 7.073136228603763e-05 0.035401927050916
performs 0.00014146272457207527 0.0
permalink 7.073136228603763e-05 0.0
permanent 0.00014146272457207527 0.035401927050916
personal 0.00035365681143018817 0.0
peruggi 0.00014146272457207527 0.40112670650956617
pfs 0.00014146272457207527 0.09097177820572679
php 0.0027585231291554677 0.0
pin 0.00014146272457207527 0.454472687214859
pinnable 0.0008487763474324516 0.0
pinned 0.0007073136228603763 0.0
pl 0.00028292544914415053 0.035401927050916
place 0.00014146272457207527 0.09097177820572679
placeholder 7.073136228603763e-05 0.0
places 0.0006365822605743387 0.035401927050916
plainlinks 0.0002121940868581129 0.0
plainlist 0.00035365681143018817 0.0
play 7.073136228603763e-05 0.044451762570833796
pli 7.073136228603763e-05 0.0
png 0.001343895883434715 0.0
point 7.073136228603763e-05 0.02643325706815543
policy 0.00014146272457207527 0.0
polish 7.073136228603763e-05 1.8545603704670854
polski 7.073136228603763e-05 0.0
popularity 7.073136228603763e-05 0.09097177820572679
popups 7.073136228603763e-05 0.0
port 0.0002121940868581129 0.044451762570833796
portal 0.0005658508982883011 0.06280090123903044
portalborder 0.00014146272457207527 0.0
portalbox 0.0005658508982883011 0.0
portalleft 7.073136228603763e-05 0.0
portalright 0.00014146272457207527 0.0
portals 7.073136228603763e-05 0.22314355131420976
portlet 0.0019097467817230159 0.0
position 7.073136228603763e-05 0.008733679968754631
post 0.00014146272457207527 0.0
postexpandincludesize 7.073136228603763e-05 0.0
power 0.00035365681143018817 0.008733679968754631
power_mac_g4 7.073136228603763e-05 0.0
power_mac_g5 7.073136228603763e-05 0.0
powerbook 0.00014146272457207527 0.40112670650956617
powerbook_g4 7.073136228603763e-05 0.0
powered 7.073136228603763e-05 1.1340142157190256
poweredby_mediawiki_132x47 7.073136228603763e-05 0.0
poweredby_mediawiki_176x62 7.073136228603763e-05 0.0
poweredby_mediawiki_88x31 7.073136228603763e-05 0.0
poweredbyico 7.073136228603763e-05 0.0
powerpc 7.073136228603763e-05 0.09097177820572679
powerup 0.00014146272457207527 0.40112670650956617
powerup_ 7.073136228603763e-05 0.0
powerup_software 7.073136228603763e-05 0.0
ppc 7.073136228603763e-05 0.09097177820572679
ppvisitednodes 7.073136228603763e-05 0.0
practical 0.0002121940868581129 0.20163734609324613
pre 0.00014146272457207527 0.02643325706815543
preconnect 7.073136228603763e-05 0.0
prefetch 0.00014146272457207527 0.0
prentice 0.00014146272457207527 0.19105523676270922
preprocessor 7.073136228603763e-05 0.0
presentation 7.073136228603763e-05 0.0
preview 7.073136228603763e-05 0.14981227822866008
print 0.0002121940868581129 0.0
print_export 0.0002121940868581129 0.0
printable 0.0002121940868581129 0.14981227822866008
printfooter 7.073136228603763e-05 0.0
privacy 0.0002121940868581129 0.0
privacy_policy 0.00014146272457207527 0.0
problems 0.00028292544914415053 0.035401927050916
procedure 7.073136228603763e-05 0.035401927050916
procedures 0.00035365681143018817 0.035401927050916
process 0.0002121940868581129 0.0
process_communication 7.073136228603763e-05 0.0
processing 7.073136228603763e-05 0.035401927050916
processor 0.00014146272457207527 0.0
product 7.073136228603763e-05 0.02643325706815543
production 7.073136228603763e-05 0.11020314013361425
professional 0.00014146272457207527 0.02643325706815543
professional_file_system 0.00014146272457207527 0.0
profit 7.073136228603763e-05 0.0
program 0.0011317017965766021 0.0
programmer 7.073136228603763e-05 0.008733679968754631
programming 0.000778044985146414 0.0
programming_language 0.00028292544914415053 0.008733679968754631
programs 0.0004243881737162258 0.008733679968754631
progressive 0.0006365822605743387 0.0
projects 0.00014146272457207527 0.06280090123903044
property 0.0002121940868581129 0.008733679968754631
prototype 7.073136228603763e-05 0.11995931507897897
provide 7.073136228603763e-05 0.008733679968754631
pt 0.0004243881737162258 0.02643325706815543
pub 0.0002121940868581129 0.26759531388504365
publisher 0.00014146272457207527 0.41419878807691896
push 0.0002121940868581129 0.0
pygments 0.00014146272457207527 0.0
q 0.0002121940868581129 0.0
q296959 0.0005658508982883011 0.40112670650956617
quake 0.00014146272457207527 0.40112670650956617
quake_iii 7.073136228603763e-05 0.0
quick 7.073136228603763e-05 0.0
quiet 0.0004243881737162258 0.0
quot 0.0004243881737162258 0.0
quotes 7.073136228603763e-05 0.19105523676270922
r 0.00014146272457207527 0.0
r1011085734 7.073136228603763e-05 0.0
r1038841319 7.073136228603763e-05 0.0
r1061467846 0.00028292544914415053 0.0
r1063604349 0.0002121940868581129 0.0
r1126788409 7.073136228603763e-05 0.0
r1129693374 0.0004951195360022634 0.0
r1132942124 7.073136228603763e-05 0.0
r1133582631 0.0004951195360022634 0.0
ram 0.00028292544914415053 0.044451762570833796
ram_disk 7.073136228603763e-05 0.0
ram_drive 7.073136228603763e-05 0.0
random 0.00014146272457207527 0.21233263520999412
randomly 7.073136228603763e-05 0.2340726218464
randompage 7.073136228603763e-05 0.0
raw 7.073136228603763e-05 0.11020314013361425
re 0.00014146272457207527 0.02643325706815543
reaction 0.00028292544914415053 0.09097177820572679
reaction_gui 0.00014146272457207527 0.0
read 0.00014146272457207527 0.11020314013361425
ready 0.001343895883434715 0.0
real 7.073136228603763e-05 0.0
receive 7.073136228603763e-05 0.017544309650909525
recent 0.0002121940868581129 0.0721032939013439
recentchanges 0.0002121940868581129 0.0
recentchangeslinked 0.00014146272457207527 0.0
recursion 7.073136228603763e-05 0.0
red 7.073136228603763e-05 0.12981161152199053
redirect 0.0014146272457207527 0.02643325706815543
redlink 7.073136228603763e-05 0.0
reduced 7.073136228603763e-05 0.0
reference 0.0010609704342905645 0.035401927050916
references 0.0007073136228603763 0.0
referencetooltips 7.073136228603763e-05 0.0
referrer 0.0002121940868581129 0.0
reflections 0.00014146272457207527 0.09097177820572679
reflist 0.0010609704342905645 0.0
registered 7.073136228603763e-05 0.0
registration 0.00014146272457207527 0.5705448584676129
rel 0.0031829113028716935 0.0
related 0.00028292544914415053 0.02643325706815543
release 7.073136228603763e-05 0.02643325706815543
releases 7.073136228603763e-05 0.0
rendering 7.073136228603763e-05 0.0
repeat 0.00028292544914415053 0.0721032939013439
repeats 7.073136228603763e-05 0.40112670650956617
repetitive 0.00028292544914415053 0.38822330167365837
replace 7.073136228603763e-05 0.008733679968754631
report 0.00014146272457207527 0.0
representation 7.073136228603763e-05 0.0
request 0.00014146272457207527 0.14981227822866008
require 7.073136228603763e-05 0.0
required 7.073136228603763e-05 0.0
research 7.073136228603763e-05 0.02643325706815543
reset 7.073136228603763e-05 0.044451762570833796
resourceloaderdynamicstyles 7.073136228603763e-05 0.0
responds 7.073136228603763e-05 0.40112670650956617
results 0.00014146272457207527 0.0
resume 7.073136228603763e-05 0.2340726218464
retrieve 7.073136228603763e-05 0.40112670650956617
retrieved 7.073136228603763e-05 0.0
returns 7.073136228603763e-05 0.008733679968754631
returnto 0.00028292544914415053 0.0
revision 0.0002121940868581129 0.0
revisions 7.073136228603763e-05 0.6844891178168307
rewritten 7.073136228603763e-05 0.017544309650909525
rexx 0.0019804781440090537 0.40112670650956617
rexxsyslib 7.073136228603763e-05 0.40112670650956617
rfr_id 0.0004951195360022634 0.0
rft 0.00268779176686943 0.0
rft_id 0.00028292544914415053 0.0
rft_val_fmt 0.0004951195360022634 0.0
rgba 7.073136228603763e-05 0.0
right 0.0009902390720045269 0.0
rl 7.073136228603763e-05 0.0
rlconf 7.073136228603763e-05 0.0
rlpagemodules 7.073136228603763e-05 0.0
rlq 0.0004243881737162258 0.0
rlstate 7.073136228603763e-05 0.0
robin 0.00014146272457207527 0.2451224580329849
robin_hood 7.073136228603763e-05 0.0
robots 7.073136228603763e-05 0.5108256237659907
role 0.001343895883434715 0.0
roman 0.00028292544914415053 0.37548427589622857
rootpage 7.073136228603763e-05 0.0
row 0.001343895883434715 0.11020314013361425
rsd 0.00014146272457207527 0.0
rt 7.073136228603763e-05 0.5860490450035782
ru 0.00028292544914415053 0.8947845266531914
run 7.073136228603763e-05 0.0
russian 7.073136228603763e-05 0.540239508972284
s 0.0005658508982883011 0.0
sa 0.00014146272457207527 0.0
sam440ep 0.0002121940868581129 0.40112670650956617
sam460ex 0.0002121940868581129 0.40112670650956617
same 7.073136228603763e-05 0.0
sameas 0.00014146272457207527 0.0
save 7.073136228603763e-05 0.2340726218464
saved 0.00014146272457207527 0.0
say 0.0002121940868581129 0.19105523676270922
scalos 0.0002121940868581129 0.09097177820572679
scheduled 7.073136228603763e-05 0.2451224580329849
schema 0.00014146272457207527 0.02643325706815543
science 0.0002121940868581129 0.008733679968754631
scope 0.0014853586080067903 0.0721032939013439
scoped 7.073136228603763e-05 0.20163734609324613
screen 0.0002121940868581129 0.044451762570833796
scribunto 7.073136228603763e-05 0.044451762570833796
script 0.0016268213325788656 0.14981227822866008
script_ 7.073136228603763e-05 0.0
scripting 0.0002121940868581129 0.017544309650909525
scripting_languages 7.073136228603763e-05 0.0
scripts 0.000778044985146414 0.10054122922187746
search 0.0019804781440090537 0.0
searchaux 7.073136228603763e-05 0.0
searchbutton 0.00028292544914415053 0.0
searchform 7.073136228603763e-05 0.0
searchinput 7.073136228603763e-05 0.0
seconds 0.0002121940868581129 0.0
section 0.0012731645211486774 0.008733679968754631
see 0.0002121940868581129 0.0
see_also 0.00028292544914415053 0.0
selected 0.00035365681143018817 0.008733679968754631
selector 7.073136228603763e-05 0.0
selflink 0.00035365681143018817 0.0
send 7.073136228603763e-05 0.017544309650909525
sentences 7.073136228603763e-05 0.0
september 7.073136228603763e-05 0.008733679968754631
set 0.0006365822605743387 0.0
several 0.00014146272457207527 0.0
sfs 0.00014146272457207527 0.09097177820572679
sh91003884 7.073136228603763e-05 0.0
sha1 7.073136228603763e-05 0.0
shadow 0.0006365822605743387 0.26759531388504365
share 7.073136228603763e-05 0.02643325706815543
sharealike 7.073136228603763e-05 0.0
sharealike_3 7.073136228603763e-05 0.0
shattered 7.073136228603763e-05 0.0
sherwood 7.073136228603763e-05 0.0
short 0.0004243881737162258 0.0
short_description 0.00014146272457207527 0.0
short_description_is_different_from_wikidata 7.073136228603763e-05 0.0
shortdescription 7.073136228603763e-05 0.0
show 0.00028292544914415053 0.0
sidebar 0.000778044985146414 0.0
signal 7.073136228603763e-05 0.035401927050916
simple 0.0002121940868581129 0.017544309650909525
simpler 7.073136228603763e-05 0.06280090123903044
simplesearch 7.073136228603763e-05 0.0
site 0.00035365681143018817 0.0
sitedir 7.073136228603763e-05 0.0
sitelinks 7.073136228603763e-05 0.0
sitenotice 0.00014146272457207527 0.0
sitesub 7.073136228603763e-05 0.0
sitesupport 7.073136228603763e-05 0.0
size 0.0011317017965766021 0.0
sizing 0.00014146272457207527 0.11020314013361425
skin 0.0004243881737162258 0.8131064956389242
skins 0.0004243881737162258 0.0
small 0.0011317017965766021 0.0
smart 0.00014146272457207527 0.5108256237659907
smart_file_system 0.00014146272457207527 0.0
software 0.0021926722308671666 0.017544309650909525
solid 0.00028292544914415053 0.19105523676270922
solutions 0.00028292544914415053 0.008733679968754631
some 7.073136228603763e-05 0.0
space 0.00014146272457207527 0.0721032939013439
spacing 0.0004243881737162258 0.0
span 0.02808035082755694 0.044451762570833796
spanish 7.073136228603763e-05 0.3629054936893685
special 0.0019804781440090537 0.0
specialpages 0.00014146272457207527 0.0
specific 7.073136228603763e-05 0.0
speed 7.073136228603763e-05 0.0
spreadsheet 0.00028292544914415053 0.1599646496926782
src 0.0007073136228603763 0.0
srcset 0.00028292544914415053 0.0
srl 7.073136228603763e-05 0.0
stand 7.073136228603763e-05 0.035401927050916
standard 0.0002121940868581129 0.0
start 0.00014146272457207527 0.0721032939013439
startup 0.00014146272457207527 0.0
statement 7.073136228603763e-05 0.0
states 7.073136228603763e-05 0.035401927050916
static 0.0009195077097184891 0.0
statistics 7.073136228603763e-05 0.0
stats 7.073136228603763e-05 0.0
statslink 7.073136228603763e-05 0.0
status 7.073136228603763e-05 0.0
sticky 0.00014146272457207527 0.0
still 7.073136228603763e-05 0.0
stopmobileredirecttoggle 7.073136228603763e-05 0.0
stops 7.073136228603763e-05 0.2340726218464
stored 7.073136228603763e-05 0.0
stratagus 0.0002121940868581129 0.40112670650956617
stream 7.073136228603763e-05 0.12981161152199053
strings 0.00014146272457207527 0.035401927050916
structured 7.073136228603763e-05 0.035401927050916
style 0.008841420285754704 0.0
styles 0.0012024331588626398 0.0
stylesheet 0.00014146272457207527 0.0
subgroup 0.00035365681143018817 0.0
subject 7.073136228603763e-05 0.10054122922187746
subjects 7.073136228603763e-05 0.3141153295199365
sublist 0.0007073136228603763 0.0
submit 0.00014146272457207527 0.0
subscription 0.00014146272457207527 0.0
subsection 7.073136228603763e-05 0.0
subsequent 7.073136228603763e-05 0.11020314013361425
subtitle 7.073136228603763e-05 0.0
suggestededitsession 7.073136228603763e-05 0.0
sullivan 0.00014146272457207527 0.2340726218464
sup 0.0018390154194369783 0.0
supplied 7.073136228603763e-05 0.19105523676270922
support 0.00014146272457207527 0.0
supported_hardware 7.073136228603763e-05 0.0
suspend 7.073136228603763e-05 0.40112670650956617
sv 0.00028292544914415053 0.3141153295199365
svenska 7.073136228603763e-05 0.0
svg 0.0008487763474324516 0.0
swedish 7.073136228603763e-05 0.02643325706815543
switcher 7.073136228603763e-05 0.0
syllable 0.00014146272457207527 0.09097177820572679
syllable_desktop 7.073136228603763e-05 0.0
system 0.0008487763474324516 0.0
systems 0.00035365681143018817 0.02643325706815543
t 0.0009902390720045269 0.02643325706815543
tab 0.00035365681143018817 0.19105523676270922
tabindex 0.00014146272457207527 0.0
table 0.001343895883434715 0.0
tables 7.073136228603763e-05 0.0
tabs 0.00014146272457207527 4.051784947803305
tagline 0.0002121940868581129 0.0
tags 7.073136228603763e-05 0.0
take 7.073136228603763e-05 0.044451762570833796
talk 0.0007073136228603763 0.05358424613410626
target 0.0007073136228603763 0.0
targetloader 7.073136228603763e-05 0.0
tb 0.0002121940868581129 0.0
tbody 0.0005658508982883011 0.0
td 0.003253642665157731 0.0
technologies 0.00014146272457207527 0.044451762570833796
telephone 7.073136228603763e-05 0.48225225132193467
template 0.002899985853727543 0.0
template_talk 0.0002121940868581129 0.0
templateargumentsize 7.073136228603763e-05 0.0
templatestyles 0.0017682840571509406 0.0
terms 0.00014146272457207527 0.0
terms_of_use 7.073136228603763e-05 0.0
tex 0.0002121940868581129 0.40112670650956617
text 0.003112179940585656 0.0
text_of_the_creative_commons_attribution 7.073136228603763e-05 0.0
textra 7.073136228603763e-05 0.40112670650956617
th 0.0029707172160135806 1.8545603704670854
that 0.00028292544914415053 0.0
the 0.006153628518885274 0.0
the_battle_for_wesnoth 7.073136228603763e-05 0.0
their 0.0002121940868581129 0.008733679968754631
them 0.0002121940868581129 0.0
then 0.0004243881737162258 0.0
there 7.073136228603763e-05 0.0
therefore 7.073136228603763e-05 0.19105523676270922
these 7.073136228603763e-05 0.0
they 7.073136228603763e-05 0.008733679968754631
third 7.073136228603763e-05 0.10054122922187746
this 0.002475597680011317 0.0
thumb 0.0004243881737162258 0.0
thumbnail 7.073136228603763e-05 0.0
thus 0.00014146272457207527 0.008733679968754631
timberwolf 0.00014146272457207527 0.40112670650956617
timberwolf_ 7.073136228603763e-05 0.0
time 0.00035365681143018817 0.0
timestamp 0.00014146272457207527 0.0
timeusage 7.073136228603763e-05 0.0
timingprofile 7.073136228603763e-05 0.0
title 0.02298769274296223 0.0
titlebar 0.0005658508982883011 0.0
titleform 7.073136228603763e-05 0.0
to 0.003607299476587919 0.0
toc 0.008275569387466403 0.0
toggle 0.000778044985146414 0.0
toggle_view_mobile 7.073136228603763e-05 0.0
tokens 7.073136228603763e-05 3.6463198396951406
tool 7.073136228603763e-05 0.0
toolbar 0.0002121940868581129 0.0
toolkit 7.073136228603763e-05 0.044451762570833796
tools 0.0006365822605743387 0.0
tooltip 0.0002121940868581129 0.0
top 0.0005658508982883011 0.0
total 0.00014146272457207527 0.0
touch 0.00014146272457207527 2.4423470353692043
tr 0.0038194935634460318 0.08149303425118301
trademark 7.073136228603763e-05 0.0
transclusion 7.073136228603763e-05 0.0
transientcontent 7.073136228603763e-05 0.0
transparent 0.0009902390720045269 0.11020314013361425
treat 7.073136228603763e-05 0.11995931507897897
triggered 7.073136228603763e-05 0.0
true 0.001556089970292828 0.0
ttl 7.073136228603763e-05 0.0
turboprint 0.0002121940868581129 0.40112670650956617
tutorial 7.073136228603763e-05 0.09097177820572679
tutorials 7.073136228603763e-05 0.2340726218464
twg_album 7.073136228603763e-05 0.0
twg_show 7.073136228603763e-05 0.0
two 7.073136228603763e-05 0.0
txed 7.073136228603763e-05 0.40112670650956617
txt 7.073136228603763e-05 0.21233263520999412
type 0.0024048663177252795 0.0
typeless 7.073136228603763e-05 0.40112670650956617
u 0.00014146272457207527 0.035401927050916
uae 7.073136228603763e-05 0.0
uae_ 7.073136228603763e-05 0.0
udf 7.073136228603763e-05 0.09097177820572679
ui 0.0039609562880181075 0.0
uid 0.0002121940868581129 0.0
uk 0.00028292544914415053 0.09097177820572679
ukrainian 7.073136228603763e-05 1.749199854809259
ul 0.008558494836610553 0.0
uli 7.073136228603763e-05 3.3586377672433594
uls 0.00035365681143018817 0.0
under 7.073136228603763e-05 0.0
unexpectedly 7.073136228603763e-05 0.21233263520999412
united 7.073136228603763e-05 0.035401927050916
universal 7.073136228603763e-05 0.19105523676270922
universal_disk_format 7.073136228603763e-05 0.0
unknown 0.00028292544914415053 0.008733679968754631
unpin 0.00014146272457207527 0.0
unpinned 0.00014146272457207527 0.0
unstrip 0.00028292544914415053 0.0
upload 0.0011317017965766021 0.14981227822866008
upper 0.00028292544914415053 0.11020314013361425
url 0.0005658508982883011 0.0721032939013439
us 0.00014146272457207527 0.02643325706815543
usage 0.00028292544914415053 0.0
use 0.00028292544914415053 0.0
used 0.00014146272457207527 0.0
uselang 7.073136228603763e-05 0.0
user 0.0021926722308671666 0.0
useradd 0.00014146272457207527 0.0
userlogin 0.00014146272457207527 0.0
users 7.073136228603763e-05 0.0721032939013439
uses 0.00014146272457207527 0.008733679968754631
using 0.000778044985146414 0.0
utc 7.073136228603763e-05 0.0
utf 7.073136228603763e-05 0.21233263520999412
util 0.00014146272457207527 0.37548427589622857
utm_campaign 7.073136228603763e-05 0.0
utm_medium 7.073136228603763e-05 0.0
utm_source 7.073136228603763e-05 0.0
ux 7.073136228603763e-05 0.0
v 0.0002121940868581129 0.044451762570833796
value 0.0009195077097184891 0.0
var 0.00014146272457207527 0.11020314013361425
variables 7.073136228603763e-05 0.008733679968754631
variant 0.00014146272457207527 0.0
variants 0.0005658508982883011 0.0
various 0.00014146272457207527 0.0
vary 7.073136228603763e-05 0.0
ve 7.073136228603763e-05 0.25629575863111026
vector 0.018956005092658084 0.0
vectors 7.073136228603763e-05 0.21233263520999412
version 0.0005658508982883011 0.0
versions 0.00014146272457207527 0.035401927050916
vertical 0.0002121940868581129 0.19105523676270922
via 0.0002121940868581129 0.017544309650909525
video 7.073136228603763e-05 0.14981227822866008
video_game 7.073136228603763e-05 0.0
view 0.0010609704342905645 0.0
viewport 7.073136228603763e-05 0.0
views 0.0002121940868581129 0.02643325706815543
visible 7.073136228603763e-05 0.044451762570833796
visit 0.00014146272457207527 0.0
visited 7.073136228603763e-05 0.0
visualeditor 0.00028292544914415053 0.0
vue 0.00014146272457207527 0.11995931507897897
w 0.005304852171452822 0.0
walltime 7.073136228603763e-05 0.0
warning 7.073136228603763e-05 0.19105523676270922
warnings 7.073136228603763e-05 0.19105523676270922
warpos 0.0006365822605743387 0.09097177820572679
was 0.0007073136228603763 0.0
watchlist 7.073136228603763e-05 0.0
watchtoken 7.073136228603763e-05 0.0
wb 0.00014146272457207527 0.0
wbc 7.073136228603763e-05 0.0
web 0.000778044985146414 0.0
web_browser 7.073136228603763e-05 0.0
website 7.073136228603763e-05 0.0
weight 0.0004243881737162258 0.7195804376281008
well 7.073136228603763e-05 0.008733679968754631
wesnoth 0.00014146272457207527 0.40112670650956617
wgaction 7.073136228603763e-05 0.0
wgarticleid 7.073136228603763e-05 0.0
wgbackendresponsetime 7.073136228603763e-05 0.0
wgbreakframes 7.073136228603763e-05 0.0
wgcanonicalnamespace 7.073136228603763e-05 0.0
wgcanonicalspecialpagename 7.073136228603763e-05 0.0
wgcategories 7.073136228603763e-05 0.0
wgcentralauthmobiledomain 7.073136228603763e-05 0.0
wgcspnonce 7.073136228603763e-05 0.0
wgcurrevisionid 7.073136228603763e-05 0.0
wgdefaultdateformat 7.073136228603763e-05 0.0
wgdigittransformtable 7.073136228603763e-05 0.0
wgeditsubmitbuttonlabelpublish 7.073136228603763e-05 0.0
wgflaggedrevsparams 7.073136228603763e-05 0.0
wggestructuredtaskrejectionreasontextinputenabled 7.073136228603763e-05 0.0
wggetopicsmatchmodeenabled 7.073136228603763e-05 0.0
wghostname 7.073136228603763e-05 0.0
wgisarticle 7.073136228603763e-05 0.0
wgisprobablyeditable 7.073136228603763e-05 0.0
wgisredirect 7.073136228603763e-05 0.0
wgmediaviewerenabledbydefault 7.073136228603763e-05 0.0
wgmediavieweronclick 7.073136228603763e-05 0.0
wgmfdisplaywikibasedescriptions 7.073136228603763e-05 0.0
wgmonthnames 7.073136228603763e-05 0.0
wgnamespacenumber 7.073136228603763e-05 0.0
wgnoticeproject 7.073136228603763e-05 0.0
wgpagecontentlanguage 7.073136228603763e-05 0.0
wgpagecontentmodel 7.073136228603763e-05 0.0
wgpagename 7.073136228603763e-05 0.0
wgpageparsereport 7.073136228603763e-05 0.0
wgpopupsflags 7.073136228603763e-05 0.0
wgrelevantarticleid 7.073136228603763e-05 0.0
wgrelevantpageisprobablyeditable 7.073136228603763e-05 0.0
wgrelevantpagename 7.073136228603763e-05 0.0
wgrequestid 7.073136228603763e-05 0.0
wgrestrictionedit 7.073136228603763e-05 0.0
wgrestrictionmove 7.073136228603763e-05 0.0
wgrevisionid 7.073136228603763e-05 0.0
wgseparatortransformtable 7.073136228603763e-05 0.0
wgtitle 7.073136228603763e-05 0.0
wgulscurrentautonym 7.073136228603763e-05 0.0
wgulsiscompactlinksenabled 7.073136228603763e-05 0.0
wgulsislanguageselectorempty 7.073136228603763e-05 0.0
wgulsposition 7.073136228603763e-05 0.0
wgusergroups 7.073136228603763e-05 0.0
wgusername 7.073136228603763e-05 0.0
wgvector2022previewpages 7.073136228603763e-05 0.0
wgvisualeditor 7.073136228603763e-05 0.0
wgwikibaseitemid 7.073136228603763e-05 0.0
wgwmepagelength 7.073136228603763e-05 0.0
wgwmeschemaeditattemptstepoversample 7.073136228603763e-05 0.0
what 7.073136228603763e-05 0.0
whatlinkshere 0.00014146272457207527 0.0
whdload 0.0002121940868581129 0.09097177820572679
when 0.00014146272457207527 0.0
which 0.0004243881737162258 0.0
white 0.00014146272457207527 0.0721032939013439
whitestone 0.00014146272457207527 0.40112670650956617
widget 7.073136228603763e-05 0.22314355131420976
widget_toolkit 7.073136228603763e-05 0.0
width 0.004314613099448295 0.0
wiki 0.01761210920922337 0.0
wikibase 0.00028292544914415053 0.0
wikidata 0.0009902390720045269 0.0
wikimedia 0.0028292544914415053 0.0
wikimediabadges 7.073136228603763e-05 0.0
wikimediaevents 7.073136228603763e-05 0.0
wikimediafoundation 0.00014146272457207527 0.0
wikipedia 0.005799971707455086 0.0
wikisource 7.073136228603763e-05 3.6463198396951406
wikitext 7.073136228603763e-05 0.0
william 0.00028292544914415053 0.20163734609324613
william_s 7.073136228603763e-05 0.0
window 0.0002121940868581129 0.11020314013361425
winuae 7.073136228603763e-05 0.09097177820572679
with 0.002899985853727543 0.0
wmf 0.0002121940868581129 0.0
word 0.0004243881737162258 0.044451762570833796
word_processor 7.073136228603763e-05 0.0
wordmark 0.00014146272457207527 0.0
workbench 0.00028292544914415053 0.09097177820572679
workbench_ 0.00014146272457207527 0.0
works 7.073136228603763e-05 0.11020314013361425
wpformidentifier 7.073136228603763e-05 0.0
wrap 0.00014146272457207527 0.5108256237659907
write 0.00014146272457207527 0.017544309650909525
written 0.0004951195360022634 0.0
ws 7.073136228603763e-05 0.0
www 0.0008487763474324516 0.0
x 0.0002121940868581129 0.0
x1000 0.00014146272457207527 0.40112670650956617
xad 0.00014146272457207527 0.09097177820572679
xad_ 7.073136228603763e-05 0.0
xdpyattu0rs 7.073136228603763e-05 0.0
xml 0.0002121940868581129 0.14981227822866008
y 0.00014146272457207527 0.008733679968754631
yam 0.0004243881737162258 0.09097177820572679
yam_ 0.0002121940868581129 0.0
yes 7.073136228603763e-05 0.7936884097818228
yet 0.0002121940868581129 0.044451762570833796
yet_another_mailer 0.0002121940868581129 0.0
you 0.00035365681143018817 0.0
yue 0.00028292544914415053 0.0
z 0.00014146272457207527 0.11020314013361425
z39 0.0004951195360022634 0.0
z3988 0.0004951195360022634 0.0
zamara 0.00014146272457207527 0.40112670650956617
zh 0.00014146272457207527 1.3109449238781037
zune 0.00014146272457207527 0.09097177820572679
zune_ 7.073136228603763e-05 0.0
русский 7.073136228603763e-05 0.7375989431307791
українська 7.073136228603763e-05 0.0
粵語 7.073136228603763e-05 0.6177977433181585
