0 0.0061707233459033254 0.0
00 0.0006856359273225917 0.0
000 0.00022854530910753056 0.0
02 0.0006856359273225917 0.48225225132193467
03 0.00011427265455376528 0.44086703515908027
039 0.0004570906182150611 0.0
04t09 0.00022854530910753056 4.74493212836325
06 0.000799908581876357 0.5254244231871433
072 0.00022854530910753056 2.953172659135195
08 0.00022854530910753056 0.4682660093471948
09 0.00011427265455376528 0.5860490450035782
0_unported_license 0.00011427265455376528 0.0
1 0.00411381556393555 0.0
10 0.0006856359273225917 0.0
100 0.000799908581876357 0.0
1000 0.00011427265455376528 0.0
1000000 0.00022854530910753056 0.0
102 0.00011427265455376528 1.8004931491968095
1029 0.00022854530910753056 4.74493212836325
1091438352 0.000799908581876357 4.74493212836325
11 0.00011427265455376528 0.21233263520999412
114 0.00022854530910753056 0.37548427589622857
117 0.00011427265455376528 0.0
11868019 0.00034281796366129587 4.74493212836325
12 0.0004570906182150611 0.18058393689541388
125em 0.0004570906182150611 0.0
127 0.00011427265455376528 0.09097177820572679
12px 0.00011427265455376528 0.09097177820572679
12s5i 0.00011427265455376528 0.0
13 0.0010284538909838875 0.0
133 0.00011427265455376528 0.08149303425118301
13677bca 0.00011427265455376528 4.74493212836325
14 0.00022854530910753056 0.22314355131420976
148 0.00022854530910753056 2.5477075510270306
16 0.00022854530910753056 0.2451224580329849
160 0.00011427265455376528 0.0
16z 0.00022854530910753056 3.6463198396951406
17887 0.00022854530910753056 4.74493212836325
1814400 0.00022854530910753056 0.5705448584676129
194 0.00022854530910753056 2.953172659135195
1990s 0.00034281796366129587 1.911718784307034
1995 0.0006856359273225917 1.377636298376776
1em 0.0005713632727688264 0.02643325706815543
1x1 0.00011427265455376528 0.0
2 0.002056907781967775 0.0
20 0.00022854530910753056 0.0
2004 0.000799908581876357 0.06280090123903044
2007 0.0009141812364301222 0.9382696385929302
20070510020843 0.00011427265455376528 4.74493212836325
20070623154858 0.00011427265455376528 4.74493212836325
20070625154845 0.00011427265455376528 4.74493212836325
20070711091450 0.00011427265455376528 4.74493212836325
2012 0.0004570906182150611 0.9382696385929302
2015 0.00011427265455376528 1.0072625100798818
20151202180826 0.00011427265455376528 4.74493212836325
20192 0.00022854530910753056 4.74493212836325
2020 0.00011427265455376528 0.8329091229351039
2022 0.0009141812364301222 0.0
20230314101935 0.00034281796366129587 4.74493212836325
2097152 0.0004570906182150611 0.0
216 0.00022854530910753056 2.3470368555648795
22 0.0012569992000914182 0.26759531388504365
225 0.00022854530910753056 2.665490586683414
22px 0.00011427265455376528 3.6463198396951406
23 0.00011427265455376528 0.48225225132193467
25 0.00011427265455376528 0.3260915205666521
255 0.00034281796366129587 0.09097177820572679
258 0.00022854530910753056 3.3586377672433594
25em 0.00011427265455376528 0.035401927050916
26 0.00034281796366129587 0.0
277 0.00022854530910753056 3.1354942159291497
27s 0.00011427265455376528 1.0813704822336037
27t01 0.00022854530910753056 3.6463198396951406
2c 0.00022854530910753056 0.48225225132193467
2cicon 0.00011427265455376528 0.0
2cstyles 0.00011427265455376528 0.0
2em 0.00022854530910753056 0.06280090123903044
2f 0.0009141812364301222 0.11020314013361425
2f0 0.00022854530910753056 3.1354942159291497
2fafs 0.00022854530910753056 4.051784947803305
2fai 0.0004570906182150611 4.051784947803305
2falf 0.0004570906182150611 4.74493212836325
2fcs 0.00022854530910753056 2.665490586683414
2fen 0.0005713632727688264 0.10054122922187746
2ffmt 0.0005713632727688264 0.10054122922187746
2ffp_lp 0.00011427265455376528 4.74493212836325
2fimpl 0.00011427265455376528 4.051784947803305
2flang 0.00011427265455376528 3.3586377672433594
2flicense 0.00011427265455376528 3.1354942159291497
2fmanual 0.00011427265455376528 3.3586377672433594
2fproject 0.00022854530910753056 3.3586377672433594
2fprolog 0.00011427265455376528 4.74493212836325
2fsystems 0.00034281796366129587 4.051784947803305
2fwww 0.0005713632727688264 0.3382128810989969
2x 0.0004570906182150611 0.0
3 0.0006856359273225917 0.0
30 0.00011427265455376528 0.5705448584676129
31 0.0004570906182150611 0.0
3125em 0.00011427265455376528 0.0
32 0.00022854530910753056 0.26759531388504365
324 0.00011427265455376528 2.7990219793079367
33px 0.00011427265455376528 4.051784947803305
34 0.00022854530910753056 1.1340142157190256
36 0.00022854530910753056 0.8131064956389242
39 0.00022854530910753056 0.3141153295199365
3a 0.0006856359273225917 0.11020314013361425
3a3 0.00011427265455376528 0.09097177820572679
3aalgebraic 0.0005713632727688264 4.74493212836325
3abook 0.00034281796366129587 0.22314355131420976
3ajournal 0.00022854530910753056 0.3260915205666521
3akev 0.0005713632727688264 0.10054122922187746
3amtx 0.0005713632727688264 0.10054122922187746
3aofi 0.0005713632727688264 0.10054122922187746
3asid 0.0005713632727688264 0.10054122922187746
3cols 0.00011427265455376528 0.21233263520999412
3em 0.00011427265455376528 0.035401927050916
3px 0.00011427265455376528 0.12981161152199053
4 0.0005713632727688264 0.02643325706815543
40 0.00034281796366129587 0.0
400 0.00022854530910753056 0.0
40z 0.00022854530910753056 3.6463198396951406
41 0.00022854530910753056 1.0560526742493137
42 0.00022854530910753056 0.9607424944449889
43 0.00022854530910753056 1.2185716037470886
44 0.00034281796366129587 1.2185716037470886
442 0.00011427265455376528 3.6463198396951406
44px 0.00011427265455376528 3.6463198396951406
4579898 0.00022854530910753056 4.74493212836325
467 0.00022854530910753056 3.6463198396951406
47 0.00022854530910753056 1.2484245668967697
477d 0.00011427265455376528 4.74493212836325
4c 0.00011427265455376528 0.09097177820572679
4em 0.00011427265455376528 0.40112670650956617
5 0.0010284538909838875 0.11020314013361425
50 0.00022854530910753056 0.0
500 0.00022854530910753056 0.0
5000000 0.00022854530910753056 0.0
52428800 0.00022854530910753056 0.008733679968754631
56 0.00022854530910753056 0.8737311174553593
57 0.00022854530910753056 1.1340142157190256
5em 0.00034281796366129587 0.0
5x 0.0004570906182150611 0.0
6 0.00011427265455376528 0.044451762570833796
6000 0.00011427265455376528 2.3470368555648795
648 0.00022854530910753056 3.1354942159291497
65 0.00011427265455376528 0.05358424613410626
69 0.00022854530910753056 1.2791962255635234
6em 0.00011427265455376528 0.7195804376281008
7 0.00022854530910753056 0.0
720px 0.00011427265455376528 0.0
75em 0.00011427265455376528 1.6094379124341003
769 0.00022854530910753056 3.1354942159291497
7cext 0.00034281796366129587 0.0
7cmediawiki 0.00011427265455376528 0.0
7cskins 0.00011427265455376528 0.0
7cwikibase 0.00011427265455376528 0.0
7em 0.00011427265455376528 0.41419878807691896
8 0.00034281796366129587 0.0
80 0.0004570906182150611 0.3022808718729337
8125em 0.00011427265455376528 0.0
813 0.00022854530910753056 4.051784947803305
815 0.00022854530910753056 3.3586377672433594
82 0.00022854530910753056 0.9162907318741551
825 0.00022854530910753056 3.1354942159291497
85 0.0004570906182150611 0.5705448584676129
86 0.00034281796366129587 0.7936884097818228
86_ 0.00011427265455376528 1.911718784307034
87 0.00022854530910753056 1.0560526742493137
88 0.0010284538909838875 0.0
8b 0.00011427265455376528 0.9837320126696876
8c 0.00034281796366129587 1.0313600616589422
8c_ 0.00034281796366129587 2.3470368555648795
8f 0.00022854530910753056 1.0813704822336037
9 0.00034281796366129587 0.11020314013361425
91 0.0010284538909838875 0.0721032939013439
93 0.0009141812364301222 0.06280090123903044
95 0.00034281796366129587 0.035401927050916
965 0.00022854530910753056 2.665490586683414
9e 0.00011427265455376528 1.3109449238781037
9px 0.00034281796366129587 0.09097177820572679
a 0.03233916123871557 0.0
a0 0.00022854530910753056 0.25629575863111026
a3 0.00011427265455376528 1.7004096906398272
a4t 0.00022854530910753056 4.051784947803305
a7 0.00034281796366129587 0.8131064956389242
a7a9 0.00011427265455376528 4.74493212836325
a8 0.000799908581876357 0.6844891178168307
aa 0.00034281796366129587 0.0721032939013439
abbr 0.0009141812364301222 0.41419878807691896
about 0.0011427265455376528 0.0
aboutsite 0.00011427265455376528 0.0
above 0.00011427265455376528 0.1599646496926782
absolute 0.00022854530910753056 0.0
abstract 0.0005713632727688264 1.449095262358921
ac 0.00011427265455376528 0.9607424944449889
accessdate 0.0005713632727688264 0.2451224580329849
accesskey 0.0021711804365215403 0.0
account 0.0004570906182150611 0.0
across 0.00011427265455376528 0.0
action 0.0022854530910753055 0.0
actions 0.00011427265455376528 0.0
add 0.00011427265455376528 0.0
additional 0.00011427265455376528 0.0
address 0.00022854530910753056 0.0
af 0.00011427265455376528 1.377636298376776
afs 0.0004570906182150611 4.051784947803305
after 0.002056907781967775 0.0
agree 0.00011427265455376528 0.0
agreement 0.00022854530910753056 3.1354942159291497
ai 0.0010284538909838875 2.7990219793079367
albrechts 0.0005713632727688264 4.74493212836325
alert 0.0004570906182150611 0.0
alf 0.003999542909381785 4.74493212836325
alf_ 0.00011427265455376528 4.74493212836325
alfsys 0.00022854530910753056 4.74493212836325
alfsys_4 0.00022854530910753056 4.74493212836325
alfum 0.00022854530910753056 4.74493212836325
alfum_3 0.00022854530910753056 4.74493212836325
algebraic 0.0014855445091989487 2.26002547857525
algebraic_logic_functional_programming_language 0.0034281796366129585 4.74493212836325
align 0.00034281796366129587 0.05358424613410626
all 0.0009141812364301222 0.0
all_articles_with_unsourced_statements 0.00011427265455376528 1.749199854809259
all_stub_articles 0.00011427265455376528 1.8004931491968095
also 0.00011427265455376528 0.19105523676270922
alt 0.0010284538909838875 0.0
alternate 0.00034281796366129587 0.0
amp 0.009141812364301222 0.0
an 0.0009141812364301222 0.0
and 0.003656724945720489 0.0
andreas 0.00022854530910753056 3.1354942159291497
anon 0.00022854530910753056 0.0
anoncontribs 0.00011427265455376528 0.0
anontalk 0.00011427265455376528 0.0
anonymous 0.00011427265455376528 0.0
another 0.00011427265455376528 0.09097177820572679
any 0.00011427265455376528 0.6844891178168307
api 0.00011427265455376528 0.0
apple 0.00022854530910753056 0.0
application 0.0006856359273225917 0.0
applied 0.00011427265455376528 1.8004931491968095
apply 0.00011427265455376528 0.0
april 0.00011427265455376528 0.0
arbitrary 0.00011427265455376528 1.8004931491968095
archive 0.0005713632727688264 0.3504829736908114
archived 0.0005713632727688264 0.6017974019717174
are 0.0009141812364301222 0.0
argument 0.00011427265455376528 0.0
aria 0.003199634327505428 0.0
article 0.000799908581876357 0.0
articles 0.0012569992000914182 0.0
articles_with_unsourced_statements_from_march_2012 0.00011427265455376528 4.74493212836325
artificial 0.0006856359273225917 1.9723434061234688
artificial_intelligence 0.00011427265455376528 3.3586377672433594
as 0.0006856359273225917 0.0
asbox 0.0012569992000914182 1.8004931491968095
assistant 0.00011427265455376528 2.4423470353692043
associated 0.00022854530910753056 0.0
async 0.00022854530910753056 0.0
at 0.00034281796366129587 0.0
atitle 0.00022854530910753056 0.25629575863111026
atom 0.00034281796366129587 0.0
attribution 0.00011427265455376528 0.0
au 0.00011427265455376528 0.48225225132193467
aufirst 0.00034281796366129587 0.3629054936893685
august 0.00011427265455376528 0.0
aulast 0.00034281796366129587 0.3629054936893685
author 0.00022854530910753056 0.0
auto 0.00034281796366129587 0.0
autocapitalize 0.00011427265455376528 0.0
autostart 0.00011427265455376528 0.11020314013361425
available 0.0004570906182150611 0.0
b 0.001599817163752714 0.0
b1 0.00022854530910753056 0.9607424944449889
b2 0.00011427265455376528 0.8947845266531914
b3 0.00011427265455376528 0.7559480817989758
b7 0.00022854530910753056 0.9837320126696876
b8 0.00022854530910753056 0.9382696385929302
b9 0.00011427265455376528 1.9723434061234688
background 0.0009141812364301222 0.017544309650909525
backlink 0.0005713632727688264 0.08149303425118301
backtracking 0.00011427265455376528 3.3586377672433594
based 0.00022854530910753056 0.3504829736908114
basic 0.00011427265455376528 0.7195804376281008
bb 0.00011427265455376528 1.749199854809259
bc 0.00022854530910753056 0.9607424944449889
bcr 0.00022854530910753056 3.6463198396951406
bd 0.00011427265455376528 1.2484245668967697
be 0.0004570906182150611 0.06280090123903044
because 0.00011427265455376528 0.0
before 0.0018283624728602445 0.0
below 0.00011427265455376528 0.18058393689541388
block 0.00011427265455376528 0.18058393689541388
body 0.0018283624728602445 0.0
bodycontent 0.00022854530910753056 0.0
bold 0.00011427265455376528 0.2451224580329849
bootstrap 0.00011427265455376528 0.10054122922187746
border 0.0004570906182150611 0.0
both 0.00011427265455376528 0.3022808718729337
bottom 0.00022854530910753056 0.05358424613410626
box 0.0011427265455376528 0.0
boxtext 0.00011427265455376528 0.41419878807691896
br 0.00011427265455376528 0.42744401482693967
bracket 0.0004570906182150611 0.0
brackets 0.00022854530910753056 0.41419878807691896
break 0.00011427265455376528 0.05358424613410626
browsing 0.00011427265455376528 0.0
btitle 0.00034281796366129587 0.22314355131420976
btn 0.0005713632727688264 0.0
but 0.00011427265455376528 0.3629054936893685
button 0.003656724945720489 0.0
buttons 0.00011427265455376528 0.0
by 0.0011427265455376528 0.0
bytes 0.0004570906182150611 0.0
c 0.0004570906182150611 0.0
c13_en 0.00011427265455376528 0.0
c3 0.0004570906182150611 0.7018808605286999
c_ 0.00011427265455376528 0.8329091229351039
ca 0.0009141812364301222 0.0
cache 0.00022854530910753056 0.0
cached 0.00011427265455376528 0.0
cachereport 0.00011427265455376528 0.0
cactions 0.0006856359273225917 0.0
calls 0.00011427265455376528 0.0
campaigns 0.00011427265455376528 0.0
can 0.0004570906182150611 0.17022114985986725
canonical 0.00022854530910753056 0.0
cantonese 0.00011427265455376528 0.540239508972284
caps 0.00011427265455376528 0.41419878807691896
caption 0.00022854530910753056 0.21233263520999412
carnegie 0.000799908581876357 2.953172659135195
carnegie_mellon_university 0.00034281796366129587 3.1354942159291497
categories 0.00022854530910753056 0.02643325706815543
category 0.002056907781967775 0.0
category_handler 0.00022854530910753056 3.3586377672433594
catlinks 0.0006856359273225917 0.0
cats 0.00011427265455376528 0.0721032939013439
ce002ea58ac4 0.00011427265455376528 4.74493212836325
center 0.0006856359273225917 0.017544309650909525
centralauth 0.00022854530910753056 0.0
centralautologin 0.00022854530910753056 0.0
centralnotice 0.00034281796366129587 0.0
change 0.00011427265455376528 0.0
changes 0.0004570906182150611 0.0
charinsert 0.00011427265455376528 0.0
charset 0.00011427265455376528 0.0
checkbox 0.0038852702548280195 0.0
child 0.002856816363844132 0.06280090123903044
christian 0.0005713632727688264 3.1354942159291497
citation 0.0017140898183064792 0.08149303425118301
citation_needed 0.00034281796366129587 1.749199854809259
cite 0.0025139984001828364 0.0
cite_note 0.0011427265455376528 0.08149303425118301
cite_ref 0.0011427265455376528 0.08149303425118301
cite_web 0.00022854530910753056 0.4682660093471948
citerefhanus 0.00022854530910753056 4.74493212836325
citerefhanusandreas_schwab1995 0.00011427265455376528 4.74493212836325
citethispage 0.00011427265455376528 0.0
claim 0.00011427265455376528 1.5668782980153044
claimed 0.00011427265455376528 2.665490586683414
class 0.03245343389326934 0.0
classname 0.00034281796366129587 0.0
clause 0.00022854530910753056 2.3470368555648795
clauses 0.00011427265455376528 2.953172659135195
clear 0.00011427265455376528 0.11995931507897897
client 0.0005713632727688264 0.0
cmu 0.0014855445091989487 2.5477075510270306
cmuair 0.00022854530910753056 4.74493212836325
cmuair_1 0.00022854530910753056 4.74493212836325
cmualf 0.00022854530910753056 4.74493212836325
cmualf_2 0.00022854530910753056 4.74493212836325
code 0.00011427265455376528 0.035401927050916
coll 0.0004570906182150611 0.0
collapse 0.00011427265455376528 0.21233263520999412
collapsed 0.00034281796366129587 0.0
collapses 0.00011427265455376528 0.0
collapsible 0.0011427265455376528 0.0
color 0.0006856359273225917 0.017544309650909525
colspan 0.00011427265455376528 0.14981227822866008
combination 0.00011427265455376528 2.3470368555648795
combines 0.00034281796366129587 2.1799827709017134
commercial 0.00011427265455376528 1.3109449238781037
commons 0.0009141812364301222 0.0
community 0.00011427265455376528 0.0
community_portal 0.00011427265455376528 0.0
comp 0.000799908581876357 1.911718784307034
compactlinks 0.00011427265455376528 0.0
compiled 0.00011427265455376528 1.0813704822336037
compilers 0.00034281796366129587 1.1340142157190256
compilers_and_interpreters 0.00011427265455376528 3.3586377672433594
complications 0.00011427265455376528 0.0
computer 0.0005713632727688264 0.12981161152199053
computer_science 0.00011427265455376528 0.5860490450035782
computer_science_stubs 0.00011427265455376528 4.74493212836325
conditions 0.00011427265455376528 2.1799827709017134
config 0.00022854530910753056 0.0
consists 0.00011427265455376528 1.911718784307034
constructors 0.00011427265455376528 2.26002547857525
contact 0.0004570906182150611 0.0
contact_us 0.00022854530910753056 0.0
contactpage 0.00011427265455376528 0.0
container 0.001599817163752714 0.0
containing 0.00011427265455376528 0.0
content 0.007884813164209805 0.0
contentinfo 0.00011427265455376528 0.0
contents 0.0014855445091989487 0.0
contentsub 0.00011427265455376528 0.0
context 0.00022854530910753056 0.0
contribute 0.00011427265455376528 0.0
contributions 0.00011427265455376528 0.0
contributors 0.00022854530910753056 0.0
controls 0.00022854530910753056 0.0
conversion 0.00011427265455376528 0.0
cookie 0.0005713632727688264 0.0
cookie_statement 0.00011427265455376528 0.0
cookiestatement 0.00011427265455376528 0.0
copyright 0.00034281796366129587 0.0
copyrightico 0.00011427265455376528 0.0
corresponding 0.00011427265455376528 1.4127276181880462
count 0.00022854530910753056 0.0
counter 0.0004570906182150611 0.27902400970866637
cpu 0.00011427265455376528 0.0
cputime 0.00011427265455376528 0.0
create 0.0004570906182150611 0.0
createaccount 0.0004570906182150611 0.0
created 0.00034281796366129587 0.44086703515908027
creative 0.00011427265455376528 0.0
creativecommons 0.00022854530910753056 0.0
cross 0.00011427265455376528 0.0
crossorigin 0.00011427265455376528 0.0
cs 0.0011427265455376528 0.9607424944449889
cs1 0.0021711804365215403 0.09097177820572679
csrftoken 0.00011427265455376528 0.0
ct 0.00022854530910753056 0.41419878807691896
ctx_ver 0.0005713632727688264 0.10054122922187746
current 0.00034281796366129587 0.0
current_events 0.00011427265455376528 0.0
currentevents 0.00011427265455376528 0.0
cursor 0.00011427265455376528 0.38822330167365837
custom 0.00011427265455376528 1.8004931491968095
cx 0.00022854530910753056 0.0
d 0.00011427265455376528 0.06280090123903044
d33 0.00022854530910753056 0.09097177820572679
d6 0.00011427265455376528 0.09097177820572679
d8 0.0017140898183064792 0.7375989431307791
d9 0.0010284538909838875 0.7936884097818228
data 0.0038852702548280195 0.0
date 0.00034281796366129587 0.08149303425118301
datemodified 0.00022854530910753056 0.0
datepublished 0.00022854530910753056 0.0
db 0.0005713632727688264 0.8737311174553593
dd 0.0018283624728602445 0.22314355131420976
de 0.0013712718546451835 0.2905848321097423
december 0.00022854530910753056 0.0
decoding 0.00011427265455376528 0.11020314013361425
decoration 0.00022854530910753056 0.41419878807691896
deduplicate 0.0006856359273225917 0.017544309650909525
deduplicated 0.0005713632727688264 0.06280090123903044
depth 0.0006856359273225917 0.0
derivation 0.00011427265455376528 4.74493212836325
describing 0.00011427265455376528 1.911718784307034
description 0.00011427265455376528 0.0
design 0.00011427265455376528 0.3141153295199365
designed 0.00022854530910753056 0.3504829736908114
desktoparticletarget 0.00034281796366129587 0.0
detection 0.00011427265455376528 0.0
developer 0.00011427265455376528 0.0
developers 0.00022854530910753056 0.0
different 0.00011427265455376528 0.38822330167365837
dir 0.00034281796366129587 0.0
disabled 0.0012569992000914182 0.0
disclaimers 0.00022854530910753056 0.0
discuss 0.00022854530910753056 0.0
discussion 0.00022854530910753056 0.0
display 0.0010284538909838875 0.0
div 0.019540623928693865 0.0
dl 0.0009141812364301222 0.19105523676270922
dmy 0.00011427265455376528 0.0
dns 0.00022854530910753056 0.0
doctype 0.00011427265455376528 0.0
document 0.0004570906182150611 0.0
documentelement 0.00034281796366129587 0.0
donate 0.00034281796366129587 0.0
donating 0.00011427265455376528 0.0
download 0.0004570906182150611 0.0
downloadaspdf 0.00011427265455376528 0.0
dropdown 0.002856816363844132 0.0
dt 0.0018283624728602445 0.26759531388504365
e 0.00034281796366129587 0.0
e2 0.00011427265455376528 0.7018808605286999
e4 0.00011427265455376528 3.3586377672433594
e5 0.00022854530910753056 1.7004096906398272
e6 0.00022854530910753056 2.7990219793079367
e7 0.00022854530910753056 1.7004096906398272
e8 0.00034281796366129587 1.5260563034950492
e9 0.00011427265455376528 3.6463198396951406
ebd7 0.00011427265455376528 4.74493212836325
echo 0.00011427265455376528 0.0
edit 0.002856816363844132 0.0
editable 0.00011427265455376528 0.0
edited 0.00011427265455376528 0.0
editing 0.00011427265455376528 0.0
editor 0.00022854530910753056 0.0
editors 0.00022854530910753056 0.0
editpage 0.00011427265455376528 0.0
edits 0.00022854530910753056 0.0
editsection 0.0006856359273225917 0.0
edituri 0.00011427265455376528 0.0
edu 0.0010284538909838875 0.9607424944449889
efficient 0.00022854530910753056 1.8545603704670854
efficiently 0.00011427265455376528 2.5477075510270306
element 0.000799908581876357 0.0
ellipsis 0.00022854530910753056 0.0
elt 0.00011427265455376528 0.0
empty 0.00022854530910753056 0.0
emptyportlet 0.00022854530910753056 0.0
emulator 0.00011427265455376528 2.3470368555648795
en 0.0030853616729516627 0.0
enabled 0.0012569992000914182 0.0
encouraged 0.0004570906182150611 0.0
encyclopedia 0.00022854530910753056 0.0
end 0.00011427265455376528 0.0
english 0.00034281796366129587 0.0
enhancements 0.00011427265455376528 0.0721032939013439
entities 0.00011427265455376528 0.0
entity 0.0004570906182150611 0.0
entityaccesscount 0.00011427265455376528 0.0
entitypage 0.00022854530910753056 0.0
enwiki 0.00011427265455376528 0.0
enwikimwclientprefs 0.00011427265455376528 0.0
equality 0.00011427265455376528 2.5477075510270306
equations 0.00034281796366129587 4.051784947803305
error 0.00022854530910753056 0.09097177820572679
es6 0.00011427265455376528 0.0
esi 0.00022854530910753056 0.0
esitest 0.00011427265455376528 0.0
evaluate 0.00011427265455376528 2.5477075510270306
evaluation 0.00011427265455376528 1.7004096906398272
event 0.0011427265455376528 0.0
eventlogging 0.00022854530910753056 0.0
events 0.00022854530910753056 0.0
exact 0.00011427265455376528 0.0
executed 0.00011427265455376528 1.449095262358921
exists 0.00011427265455376528 0.0
expand 0.00034281796366129587 0.0
expanded 0.00022854530910753056 0.008733679968754631
expanding 0.00011427265455376528 1.6538896750049343
expansion 0.00022854530910753056 0.0
expansiondepth 0.00011427265455376528 0.0
expensive 0.00011427265455376528 0.0
expensivefunctioncount 0.00011427265455376528 0.0
expiry 0.00022854530910753056 0.0
export 0.00011427265455376528 0.0
expression 0.00011427265455376528 1.3437347467010947
expressions 0.00011427265455376528 1.4127276181880462
ext 0.0030853616729516627 0.0
extensions 0.00011427265455376528 0.8131064956389242
external 0.002056907781967775 0.0
external_links 0.0004570906182150611 0.19105523676270922
extra 0.00011427265455376528 0.0
f 0.0006856359273225917 0.0
fa 0.0004570906182150611 1.0072625100798818
fa8a495983347898 0.00011427265455376528 0.0
fact 0.00011427265455376528 1.1340142157190256
fallbacksearchbutton 0.00011427265455376528 0.0
false 0.0013712718546451835 0.0
favicon 0.00011427265455376528 0.0
feature 0.0023997257456290708 0.0
featurename 0.00034281796366129587 0.0
february 0.00011427265455376528 0.0
feed 0.00022854530910753056 0.0
file 0.0006856359273225917 0.0
file_upload_wizard 0.00022854530910753056 0.0
files 0.00011427265455376528 0.0
first 0.0017140898183064792 0.0
first_search 0.00011427265455376528 4.051784947803305
firstheading 0.00034281796366129587 0.0
fix 0.00022854530910753056 2.26002547857525
float 0.00022854530910753056 0.06280090123903044
flush 0.0005713632727688264 0.0
font 0.0019426351274140097 0.017544309650909525
footer 0.0029710890183978975 0.0
for 0.0021711804365215403 0.0
form 0.00034281796366129587 0.0
format 0.0004570906182150611 0.0
foundation 0.0011427265455376528 0.0
foundational 0.00011427265455376528 4.74493212836325
fp_lp 0.00022854530910753056 4.74493212836325
free 0.0004570906182150611 0.0
from 0.001599817163752714 0.0
full 0.00034281796366129587 0.044451762570833796
fulltext 0.00011427265455376528 0.0
fuml 0.00034281796366129587 4.74493212836325
function 0.0006856359273225917 0.0
functional 0.0035424522911667237 1.2185716037470886
functional_ 0.00011427265455376528 4.74493212836325
functional_logic_programming_languages 0.00011427265455376528 3.6463198396951406
functional_programming 0.00011427265455376528 1.6094379124341003
functions 0.00011427265455376528 0.7018808605286999
fundraiserredirector 0.00011427265455376528 0.0
für 0.00034281796366129587 2.5477075510270306
g 0.00022854530910753056 0.0
gadget 0.0004570906182150611 0.0
gehomepagesuggestededitsenabletopics 0.00011427265455376528 0.0
general_disclaimer 0.00011427265455376528 0.0
generator 0.00011427265455376528 0.0
genre 0.0005713632727688264 0.10054122922187746
genuine 0.00011427265455376528 4.74493212836325
geoip 0.00011427265455376528 0.0
getting 0.00022854530910753056 2.7990219793079367
globalcssjs 0.00022854530910753056 0.0
go 0.0004570906182150611 0.0
goal 0.00011427265455376528 2.1058747987479913
googpub 0.00022854530910753056 0.0
grants 0.00011427265455376528 4.74493212836325
gray 0.00011427265455376528 0.09097177820572679
green 0.00011427265455376528 0.09097177820572679
group 0.0004570906182150611 0.0
growthexperiments 0.00011427265455376528 0.0
guidance 0.00011427265455376528 0.0
guides 0.00011427265455376528 0.0
h 0.00022854530910753056 0.0
h1 0.00022854530910753056 0.0
h2 0.0006856359273225917 0.0
hack 0.0006856359273225917 0.0
hanus 0.000799908581876357 4.051784947803305
has 0.00011427265455376528 0.0
haspopup 0.0005713632727688264 0.0
hatnote 0.000799908581876357 1.0560526742493137
have 0.00011427265455376528 0.6340582641899388
head 0.00034281796366129587 0.0
header 0.0029710890183978975 0.0
heading 0.0026282710547366017 0.0
headline 0.0004570906182150611 0.0
height 0.0011427265455376528 0.0
help 0.0009141812364301222 0.0
here 0.00011427265455376528 0.0
hidden 0.001599817163752714 0.0
hide 0.00022854530910753056 0.0
highest 0.00011427265455376528 0.0
history 0.0006856359273225917 0.0
hlist 0.005827905382242029 0.2905848321097423
hor 0.00022854530910753056 0.0
horn 0.00034281796366129587 4.051784947803305
horn_clause 0.00011427265455376528 4.74493212836325
hosted 0.00011427265455376528 0.0
how 0.0005713632727688264 0.0
however 0.0004570906182150611 0.0
href 0.016569534910295967 0.0
hreflang 0.00022854530910753056 0.11020314013361425
html 0.0013712718546451835 0.0
http 0.0014855445091989487 0.0
https 0.004228088218489316 0.0
hub 0.00011427265455376528 0.0
i 0.000799908581876357 0.008733679968754631
ico 0.00011427265455376528 0.0
icon 0.00411381556393555 0.0
icons 0.0004570906182150611 0.0
id 0.015655353673865845 0.0
idhash 0.00011427265455376528 0.0
if 0.00034281796366129587 0.0
image 0.00034281796366129587 0.0
imageobject 0.00022854530910753056 0.0
images 0.0013712718546451835 0.0
img 0.000799908581876357 0.0
impl 0.00022854530910753056 4.051784947803305
implement 0.00022854530910753056 0.0
implementation 0.00034281796366129587 0.5705448584676129
implemented 0.00011427265455376528 1.0072625100798818
improvements 0.00011427265455376528 0.0
in 0.0033139069820591932 0.0
inc 0.00034281796366129587 0.0
include 0.00022854530910753056 0.0
included 0.00011427265455376528 1.1340142157190256
including 0.00011427265455376528 0.7375989431307791
increment 0.00011427265455376528 0.26759531388504365
index 0.0026282710547366017 0.0
indicators 0.00011427265455376528 0.0
info 0.0017140898183064792 0.0
infobox 0.0021711804365215403 0.21233263520999412
infobox_programming_language 0.00022854530910753056 0.37548427589622857
informatik 0.0019426351274140097 2.665490586683414
information 0.0004570906182150611 0.0
inherit 0.0009141812364301222 0.035401927050916
init 0.00034281796366129587 0.0
inline 0.001599817163752714 0.035401927050916
inner 0.00022854530910753056 0.0
innermost 0.00011427265455376528 4.051784947803305
input 0.0013712718546451835 0.0
installing 0.00022854530910753056 4.74493212836325
institut 0.0005713632727688264 3.6463198396951406
instructions 0.00011427265455376528 1.7004096906398272
integration 0.00011427265455376528 1.5668782980153044
intelligence 0.0006856359273225917 1.911718784307034
interaction 0.00034281796366129587 0.0
interface 0.00022854530910753056 0.0
interlanguage 0.0010284538909838875 0.0
interpreters 0.00034281796366129587 2.5477075510270306
interwiki 0.00022854530910753056 0.11020314013361425
into 0.00011427265455376528 0.48225225132193467
introduction 0.00034281796366129587 0.0
ip 0.00022854530910753056 0.0
is 0.0018283624728602445 0.0
it 0.0009141812364301222 0.0
italic 0.00022854530910753056 0.5705448584676129
item 0.00605645069134956 0.0
items 0.00011427265455376528 0.0
its 0.00011427265455376528 0.25629575863111026
j 0.00022854530910753056 0.0
january 0.00011427265455376528 0.0
jquery 0.00011427265455376528 0.0
js 0.00022854530910753056 0.0
json 0.00022854530910753056 0.0
jtitle 0.00022854530910753056 0.3260915205666521
july 0.00022854530910753056 0.0
jump 0.00022854530910753056 0.0
june 0.0004570906182150611 0.0
k 0.00022854530910753056 0.0
kern 0.00022854530910753056 0.09097177820572679
key 0.00011427265455376528 0.0
kiel 0.002056907781967775 4.051784947803305
known 0.00011427265455376528 1.0813704822336037
label 0.005599360073134499 0.0
labelledby 0.00011427265455376528 0.0
lampflowchart 0.000799908581876357 4.74493212836325
landmark 0.0004570906182150611 0.0
lang 0.002056907781967775 0.0
langlinks 0.00022854530910753056 0.0
language 0.004685178836704377 0.0
languages 0.0013712718546451835 0.0
large 0.00011427265455376528 1.2185716037470886
last 0.0014855445091989487 0.0
lastmod 0.00011427265455376528 0.0
lazy 0.00022854530910753056 0.0
ld 0.00022854530910753056 0.0
learn 0.0005713632727688264 0.0
left 0.0012569992000914182 0.0
leftmost 0.00011427265455376528 3.3586377672433594
level 0.00034281796366129587 0.0
levels 0.00011427265455376528 0.0
li 0.01885498800137127 0.0
license 0.0011427265455376528 0.0
licenses 0.00022854530910753056 0.0
limit 0.0012569992000914182 0.0
limited 0.0006856359273225917 0.0
limitreport 0.00034281796366129587 0.0
line 0.00011427265455376528 0.10054122922187746
link 0.0035424522911667237 0.0
linked 0.00011427265455376528 0.0
links 0.0021711804365215403 0.0
list 0.007313449891440978 0.0
listbullet 0.00034281796366129587 0.0
listitem 0.0004570906182150611 0.2905848321097423
literal 0.00011427265455376528 2.26002547857525
literals 0.00011427265455376528 2.3470368555648795
load 0.00034281796366129587 0.0
loaded 0.00011427265455376528 0.0
loader 0.00011427265455376528 0.0
loading 0.00034281796366129587 0.0
loc 0.00011427265455376528 0.0
lock 0.0012569992000914182 0.09097177820572679
log 0.000799908581876357 0.0
logged 0.00022854530910753056 0.0
logic 0.0037709976002742542 1.449095262358921
logic_programming 0.00022854530910753056 2.665490586683414
logic_programming_languages 0.00011427265455376528 3.6463198396951406
login 0.0005713632727688264 0.0
logo 0.0009141812364301222 0.0
ltr 0.000799908581876357 0.0
lua 0.00022854530910753056 0.008733679968754631
m 0.00022854530910753056 0.0
machine 0.0005713632727688264 0.6340582641899388
made 0.00011427265455376528 0.0
main 0.002856816363844132 0.0
main_page 0.00022854530910753056 0.0
mainentity 0.00022854530910753056 0.0
mainpage 0.00011427265455376528 0.0
maint 0.00011427265455376528 0.09097177820572679
mandatory 0.0004570906182150611 0.0
manual 0.0005713632727688264 1.1340142157190256
many 0.00011427265455376528 0.6673946844575306
march 0.0005713632727688264 0.0
margin 0.0014855445091989487 0.017544309650909525
match 0.00011427265455376528 0.0
max 0.00022854530910753056 0.0
may 0.00034281796366129587 0.0
media 0.00022854530910753056 0.0
mediawiki 0.000799908581876357 0.0
mellon 0.000799908581876357 2.953172659135195
memory 0.00011427265455376528 0.008733679968754631
memusage 0.00011427265455376528 0.008733679968754631
menu 0.011312992800822763 0.0
message 0.00022854530910753056 0.0
meta 0.0013712718546451835 0.0
metadata 0.00011427265455376528 0.6017974019717174
mh 0.0013712718546451835 3.3586377672433594
michael 0.000799908581876357 1.3109449238781037
military 0.00011427265455376528 3.1354942159291497
min 0.00011427265455376528 0.12981161152199053
minerva 0.000799908581876357 0.13976194237515863
mini 0.00034281796366129587 0.41419878807691896
mmv 0.00022854530910753056 0.11020314013361425
mobile 0.00034281796366129587 0.0
mobileaction 0.00011427265455376528 0.0
mobileview 0.00011427265455376528 0.0
module 0.00011427265455376528 0.0
modules 0.00034281796366129587 0.0
more 0.0017140898183064792 0.0
move 0.00011427265455376528 0.0
moved 0.00011427265455376528 0.0
ms 0.00011427265455376528 0.0
multi 0.00034281796366129587 0.8329091229351039
mw 0.034853159638898415 0.0
mw1442 0.00011427265455376528 3.6463198396951406
mw2385 0.00022854530910753056 3.3586377672433594
mycontributions 0.00011427265455376528 0.0
mytalk 0.00011427265455376528 0.0
n 0.001599817163752714 0.0
name 0.0035424522911667237 0.0
namespaces 0.00011427265455376528 0.0
narrowing 0.0006856359273225917 4.051784947803305
nav 0.001599817163752714 0.0
navbar 0.0018283624728602445 0.06280090123903044
navigation 0.0014855445091989487 0.0
navigationtiming 0.00011427265455376528 0.0
nearby 0.00011427265455376528 0.0
needed 0.00022854530910753056 1.1340142157190256
needs 0.00011427265455376528 1.0813704822336037
newpp 0.00011427265455376528 0.0
no 0.0006856359273225917 0.0
node 0.00011427265455376528 0.0
nofollow 0.001599817163752714 0.0
noicon 0.0005713632727688264 0.0
nojs 0.00011427265455376528 0.0
non 0.00011427265455376528 0.0
none 0.0014855445091989487 0.0
noprint 0.0004570906182150611 0.0
noresize 0.00011427265455376528 1.749199854809259
normal 0.0006856359273225917 0.0
noscript 0.0004570906182150611 0.0
nosnippet 0.00011427265455376528 0.0
not 0.000799908581876357 0.0
note 0.0004570906182150611 0.6340582641899388
notice 0.00011427265455376528 0.0
november 0.00011427265455376528 0.0
nowrap 0.000799908581876357 0.05358424613410626
ns 0.00022854530910753056 0.0
nstab 0.00011427265455376528 0.0
null 0.00011427265455376528 0.0
numb 0.00022854530910753056 0.0
number 0.00022854530910753056 0.0
nv 0.00034281796366129587 0.3141153295199365
o 0.0004570906182150611 0.0
occur 0.00011427265455376528 2.03688192726104
october 0.00011427265455376528 0.0
of 0.0033139069820591932 0.0
og 0.00022854530910753056 0.0
ol 0.0018283624728602445 0.035401927050916
oldid 0.00034281796366129587 0.0
on 0.0013712718546451835 0.0
only 0.0004570906182150611 0.0
opensearch_desc 0.00011427265455376528 0.0
opensearchdescription 0.00011427265455376528 0.0
operational 0.00034281796366129587 3.6463198396951406
operational_semantics 0.00011427265455376528 4.74493212836325
options 0.0005713632727688264 0.0
or 0.00022854530910753056 0.0
order 0.00011427265455376528 1.1073459686368643
org 0.006856359273225917 0.0
organization 0.0005713632727688264 0.0
origin 0.0005713632727688264 0.0
original 0.0005713632727688264 0.3022808718729337
other 0.00011427265455376528 0.0
out 0.00022854530910753056 0.0
output 0.01188435607359159 0.0
overflow 0.00034281796366129587 0.0
p 0.005256542109473203 0.0
padding 0.0006856359273225917 0.017544309650909525
page 0.005142269454919438 0.0
pagelanguagecode 0.00011427265455376528 0.0
pagelanguagedir 0.00011427265455376528 0.0
pages 0.000799908581876357 0.0
pagevariantfallbacks 0.00011427265455376528 0.0
panel 0.0004570906182150611 0.0
papers 0.00011427265455376528 1.3437347467010947
paradigm 0.0004570906182150611 0.5705448584676129
paradigm_programming_language 0.00011427265455376528 1.5260563034950492
paradigms 0.00011427265455376528 1.8004931491968095
parsed 0.00011427265455376528 0.0
parser 0.01211290138269912 0.0
particular 0.00011427265455376528 1.749199854809259
past 0.00011427265455376528 0.0
patroltoken 0.00011427265455376528 0.0
pcache 0.00011427265455376528 0.0
pdf 0.000799908581876357 0.0
permalink 0.00011427265455376528 0.0
permanent 0.00022854530910753056 0.0
persian 0.00011427265455376528 1.0313600616589422
personal 0.0005713632727688264 0.0
php 0.003199634327505428 0.0
pin 0.00022854530910753056 0.0
pinnable 0.0013712718546451835 0.0
pinned 0.0011427265455376528 0.0
placeholder 0.00011427265455376528 0.0
places 0.0010284538909838875 0.0
plainlinks 0.00022854530910753056 0.20163734609324613
png 0.0014855445091989487 0.0
policy 0.00022854530910753056 0.0
popups 0.00011427265455376528 0.0
portal 0.00034281796366129587 0.0
portlet 0.0030853616729516627 0.0
position 0.00034281796366129587 0.0
possible 0.00011427265455376528 1.2791962255635234
post 0.00022854530910753056 0.0
postexpandincludesize 0.00011427265455376528 0.0
powered 0.00011427265455376528 0.0
poweredby_mediawiki_132x47 0.00011427265455376528 0.0
poweredby_mediawiki_176x62 0.00011427265455376528 0.0
poweredby_mediawiki_88x31 0.00011427265455376528 0.0
poweredbyico 0.00011427265455376528 0.0
ppvisitednodes 0.00011427265455376528 0.0
preconnect 0.00011427265455376528 0.11020314013361425
predicates 0.00022854530910753056 4.051784947803305
prefetch 0.00022854530910753056 0.0
preprocessor 0.00011427265455376528 0.0
presentation 0.00011427265455376528 0.6177977433181585
preview 0.00011427265455376528 0.0
print 0.00022854530910753056 0.0
print_export 0.00034281796366129587 0.0
printable 0.00034281796366129587 0.0
printfooter 0.00011427265455376528 0.0
privacy 0.00034281796366129587 0.0
privacy_policy 0.00022854530910753056 0.0
produce 0.00011427265455376528 1.7004096906398272
profit 0.00011427265455376528 0.0
programming 0.005485087418580734 0.0
programming_language 0.00034281796366129587 0.08149303425118301
programming_languages_created_in_the_1990s 0.00011427265455376528 4.051784947803305
programming_paradigm 0.00011427265455376528 0.5860490450035782
programs 0.00022854530910753056 0.6340582641899388
progressive 0.00034281796366129587 0.0
project 0.0004570906182150611 0.7936884097818228
projects 0.00022854530910753056 0.0
prolog 0.0006856359273225917 1.7004096906398272
prolog_ 0.00011427265455376528 4.051784947803305
proof 0.00011427265455376528 2.7990219793079367
property 0.00022854530910753056 0.0
proprietary 0.00022854530910753056 1.5260563034950492
proprietary_software_license 0.00011427265455376528 4.74493212836325
prover 0.00022854530910753056 3.1354942159291497
pt 0.0006856359273225917 0.0
pub 0.00034281796366129587 0.41419878807691896
publications 0.00011427265455376528 1.5260563034950492
publisher 0.00022854530910753056 0.0
purposes 0.00011427265455376528 1.9723434061234688
push 0.00034281796366129587 0.0
q 0.00034281796366129587 0.0
q4723982 0.000799908581876357 4.74493212836325
quick 0.00011427265455376528 0.0
quiet 0.0006856359273225917 0.0
quotes 0.00011427265455376528 0.09097177820572679
r 0.00022854530910753056 0.0
r1012311289 0.00011427265455376528 1.8004931491968095
r1033289096 0.00022854530910753056 1.0560526742493137
r1063604349 0.00011427265455376528 0.41419878807691896
r1066479718 0.00011427265455376528 0.21233263520999412
r1129693374 0.00011427265455376528 0.2905848321097423
r1133582631 0.0005713632727688264 0.09097177820572679
random 0.00022854530910753056 0.0
randomly 0.00011427265455376528 0.0
randompage 0.00011427265455376528 0.0
raw 0.00011427265455376528 0.0
re 0.00022854530910753056 0.0
read 0.00022854530910753056 0.0
readme 0.00022854530910753056 3.1354942159291497
ready 0.0019426351274140097 0.0
real 0.00011427265455376528 0.0
recent 0.00034281796366129587 0.0
recentchanges 0.00034281796366129587 0.0
recentchangeslinked 0.00022854530910753056 0.0
recursion 0.00011427265455376528 0.0
red 0.00011427265455376528 0.09097177820572679
redirect 0.0009141812364301222 0.008733679968754631
reduce 0.00011427265455376528 2.3470368555648795
reduced 0.00011427265455376528 0.0
reduction 0.00011427265455376528 2.953172659135195
reference 0.0017140898183064792 0.035401927050916
references 0.0011427265455376528 0.008733679968754631
referencetooltips 0.00011427265455376528 0.0
referrer 0.00034281796366129587 0.0
registered 0.00011427265455376528 0.0
registration 0.00022854530910753056 0.08149303425118301
rejected 0.00011427265455376528 3.3586377672433594
rejection 0.00022854530910753056 4.051784947803305
rel 0.00411381556393555 0.0
related 0.00022854530910753056 0.0
relative 0.00011427265455376528 1.377636298376776
relevant 0.00011427265455376528 3.1354942159291497
reliable 0.00011427265455376528 0.8947845266531914
rendering 0.00011427265455376528 0.0
repeat 0.0004570906182150611 0.0721032939013439
replace 0.00011427265455376528 0.0
report 0.00022854530910753056 0.0
repository 0.0012569992000914182 1.9723434061234688
require 0.00011427265455376528 0.0
research 0.00011427265455376528 0.7018808605286999
reset 0.00011427265455376528 0.26759531388504365
resolution 0.00034281796366129587 2.665490586683414
resourceloaderdynamicstyles 0.00011427265455376528 0.0
result 0.00011427265455376528 0.9837320126696876
retrieved 0.0006856359273225917 0.0
returnto 0.0004570906182150611 0.0
revision 0.00034281796366129587 0.0
revisions 0.00011427265455376528 0.0
rewriting 0.0004570906182150611 2.7990219793079367
rfr_id 0.0005713632727688264 0.10054122922187746
rft 0.002856816363844132 0.10054122922187746
rft_id 0.0005713632727688264 0.11020314013361425
rft_val_fmt 0.0005713632727688264 0.10054122922187746
rgba 0.00011427265455376528 0.09097177820572679
right 0.0013712718546451835 0.0
rl 0.00011427265455376528 0.0
rlconf 0.00011427265455376528 0.0
rlpagemodules 0.00011427265455376528 0.0
rlq 0.0006856359273225917 0.0
rlstate 0.00011427265455376528 0.0
robots 0.00011427265455376528 0.0
role 0.002056907781967775 0.0
rootpage 0.00011427265455376528 0.0
row 0.00022854530910753056 0.12981161152199053
rsd 0.00022854530910753056 0.0
rule 0.00011427265455376528 1.486835590341768
runs 0.00011427265455376528 1.749199854809259
s 0.0005713632727688264 0.0
sa 0.00022854530910753056 0.0
sameas 0.00022854530910753056 0.0
saved 0.00011427265455376528 0.0
schema 0.00022854530910753056 0.0
schwab 0.00022854530910753056 4.74493212836325
sci 0.000799908581876357 4.051784947803305
science 0.0005713632727688264 0.3504829736908114
scope 0.00022854530910753056 0.11995931507897897
screen 0.00022854530910753056 0.0
scribunto 0.00011427265455376528 0.008733679968754631
script 0.001599817163752714 0.0
scripts 0.00011427265455376528 0.0
search 0.0034281796366129585 0.0
searchable 0.00022854530910753056 1.0560526742493137
searchbutton 0.0004570906182150611 0.0
searchform 0.00011427265455376528 0.0
searchinput 0.00011427265455376528 0.0
seconds 0.00034281796366129587 0.0
section 0.0004570906182150611 0.0
see 0.00022854530910753056 0.44086703515908027
selected 0.0004570906182150611 0.0
selector 0.00011427265455376528 0.0
selflink 0.00011427265455376528 0.08149303425118301
semantics 0.00034281796366129587 1.2791962255635234
sentences 0.00011427265455376528 0.0
september 0.00011427265455376528 0.0
set 0.00034281796366129587 0.0
several 0.00011427265455376528 0.7195804376281008
sha1 0.00011427265455376528 0.10054122922187746
sharealike 0.00011427265455376528 0.0
sharealike_3 0.00011427265455376528 0.0
show 0.00034281796366129587 0.0
sidebar 0.0012569992000914182 0.0
sides 0.00011427265455376528 4.051784947803305
similarly 0.00011427265455376528 2.1799827709017134
simplesearch 0.00011427265455376528 0.0
simplified 0.00011427265455376528 2.03688192726104
site 0.0005713632727688264 0.0
sitedir 0.00011427265455376528 0.0
sitelinks 0.00011427265455376528 0.0
sitenotice 0.00022854530910753056 0.0
sitesub 0.00011427265455376528 0.0
sitesupport 0.00011427265455376528 0.0
size 0.0012569992000914182 0.0
skin 0.0014855445091989487 0.0
skins 0.0006856359273225917 0.0
small 0.00011427265455376528 0.0721032939013439
smaller 0.00011427265455376528 1.449095262358921
software 0.00022854530910753056 0.08149303425118301
solve 0.00011427265455376528 2.3470368555648795
sources 0.00011427265455376528 0.6177977433181585
space 0.00022854530910753056 0.11995931507897897
spacing 0.00022854530910753056 0.2905848321097423
span 0.02228316763798423 0.0
special 0.0025139984001828364 0.0
specialpages 0.00022854530910753056 0.0
src 0.0010284538909838875 0.0
srcset 0.00034281796366129587 0.0
standard 0.00011427265455376528 0.0
start 0.00022854530910753056 0.0
startup 0.00022854530910753056 0.0
statement 0.00011427265455376528 0.0
statements 0.0006856359273225917 0.9382696385929302
static 0.0014855445091989487 0.0
statistics 0.00011427265455376528 0.0
stats 0.00011427265455376528 0.0
statslink 0.00011427265455376528 0.0
status 0.00011427265455376528 0.0
step 0.00011427265455376528 1.6094379124341003
steps 0.00011427265455376528 2.5477075510270306
sticky 0.00022854530910753056 0.0
stopmobileredirecttoggle 0.00011427265455376528 0.0
strategy 0.00034281796366129587 2.3470368555648795
structured 0.00011427265455376528 0.0
stub 0.0017140898183064792 1.749199854809259
stubs 0.00034281796366129587 1.8004931491968095
style 0.0030853616729516627 0.0
styles 0.0011427265455376528 0.0
stylesheet 0.00022854530910753056 0.0
subbox 0.00011427265455376528 0.21233263520999412
subheader 0.00011427265455376528 0.21233263520999412
subject 0.00011427265455376528 0.0
sublist 0.00022854530910753056 0.0
submit 0.00022854530910753056 0.0
subscription 0.00022854530910753056 0.09097177820572679
subtitle 0.00011427265455376528 0.0
suggestededitsession 0.00011427265455376528 0.0
summary 0.00011427265455376528 0.19105523676270922
sup 0.0013712718546451835 0.0721032939013439
support 0.00011427265455376528 0.0
supposed 0.00011427265455376528 4.051784947803305
svg 0.0014855445091989487 0.0
switcher 0.00011427265455376528 0.0
system 0.0009141812364301222 0.11020314013361425
systems 0.0009141812364301222 0.454472687214859
t 0.0013712718546451835 0.0
tab 0.0005713632727688264 0.0
tabindex 0.00022854530910753056 0.0
table 0.0011427265455376528 0.0
tabs 0.00022854530910753056 0.0
tagline 0.00034281796366129587 0.0
tags 0.00011427265455376528 0.0
talk 0.0006856359273225917 0.0
target 0.0004570906182150611 0.0
targetloader 0.00011427265455376528 0.0
tb 0.00034281796366129587 0.0
tbody 0.0004570906182150611 0.044451762570833796
td 0.0011427265455376528 0.044451762570833796
teaching 0.00011427265455376528 2.5477075510270306
techniques 0.00034281796366129587 2.1058747987479913
telephone 0.00011427265455376528 0.0
template 0.0033139069820591932 0.0
template_talk 0.00011427265455376528 0.41419878807691896
templateargumentsize 0.00011427265455376528 0.0
templatestyles 0.0012569992000914182 0.017544309650909525
terms 0.00034281796366129587 0.0
terms_of_use 0.00011427265455376528 0.0
text 0.003656724945720489 0.0
text_of_the_creative_commons_attribution 0.00011427265455376528 0.0
th 0.0004570906182150611 0.11995931507897897
than 0.00011427265455376528 0.6340582641899388
that 0.00022854530910753056 0.18058393689541388
the 0.005599360073134499 0.0
theorem 0.00022854530910753056 2.953172659135195
theorem_prover 0.00011427265455376528 4.051784947803305
theory 0.00011427265455376528 1.7004096906398272
this 0.002856816363844132 0.0
thumb 0.00034281796366129587 0.12981161152199053
thumbnail 0.00011427265455376528 0.0
thus 0.00011427265455376528 1.0313600616589422
time 0.0005713632727688264 0.0
timestamp 0.00022854530910753056 0.0
timeusage 0.00011427265455376528 0.008733679968754631
timingprofile 0.00011427265455376528 0.0
title 0.01428408181922066 0.0
titlebar 0.0009141812364301222 0.0
titleform 0.00011427265455376528 0.0
to 0.003999542909381785 0.0
toc 0.005942178036795795 0.0
toggle 0.0010284538909838875 0.0
toggle_view_mobile 0.00011427265455376528 0.0
tokens 0.00011427265455376528 0.0
toolbar 0.00034281796366129587 0.0
tools 0.0010284538909838875 0.0
top 0.0006856359273225917 0.0
total 0.00022854530910753056 0.0
touch 0.00022854530910753056 0.0
tr 0.0009141812364301222 0.044451762570833796
trademark 0.00011427265455376528 0.0
transclusion 0.00011427265455376528 0.0
transientcontent 0.00011427265455376528 0.0
transparent 0.00022854530910753056 0.06280090123903044
tree 0.00022854530910753056 2.1058747987479913
triggered 0.00011427265455376528 0.0
true 0.0025139984001828364 0.0
ttl 0.00011427265455376528 0.0
two 0.00011427265455376528 0.6505875661411494
type 0.0030853616729516627 0.0
u 0.00022854530910753056 0.0
ui 0.00605645069134956 0.0
ul 0.00605645069134956 0.0
uls 0.0005713632727688264 0.0
uml 0.00011427265455376528 4.74493212836325
under 0.00034281796366129587 0.0
uni 0.0013712718546451835 2.03688192726104
universit 0.00022854530910753056 3.6463198396951406
university 0.0009141812364301222 0.8947845266531914
university_of_kiel 0.00011427265455376528 4.74493212836325
universität 0.00034281796366129587 4.051784947803305
unix 0.00034281796366129587 1.449095262358921
unknown 0.0005713632727688264 0.26759531388504365
unpin 0.00022854530910753056 0.0
unpinned 0.00022854530910753056 0.0
unsourced 0.0006856359273225917 1.3109449238781037
unstrip 0.0004570906182150611 0.0
upload 0.0014855445091989487 0.0
url 0.0009141812364301222 0.0
us 0.00022854530910753056 0.0
usage 0.0004570906182150611 0.0
use 0.0006856359273225917 0.0
used 0.00022854530910753056 0.19105523676270922
uselang 0.00011427265455376528 0.0
user 0.0034281796366129585 0.0
useradd 0.00022854530910753056 0.0
userlogin 0.00022854530910753056 0.0
uses 0.00011427265455376528 0.7746402148111283
using 0.00011427265455376528 0.0
utc 0.00011427265455376528 0.0
utf 0.00011427265455376528 0.0
utm_campaign 0.00011427265455376528 0.0
utm_medium 0.00011427265455376528 0.0
utm_source 0.00011427265455376528 0.0
ux 0.00011427265455376528 0.08149303425118301
v 0.00011427265455376528 0.3382128810989969
value 0.0014855445091989487 0.0
var 0.00022854530910753056 0.0
variant 0.00022854530910753056 0.0
variants 0.0006856359273225917 0.0
vary 0.00011427265455376528 0.10054122922187746
ve 0.00011427265455376528 0.0
vector 0.02525425665638213 0.0
version 0.00022854530910753056 0.0
vevent 0.00011427265455376528 0.22314355131420976
view 0.0012569992000914182 0.0
viewport 0.00011427265455376528 0.0
views 0.00034281796366129587 0.0
visible 0.00011427265455376528 0.09097177820572679
visit 0.00022854530910753056 0.0
visited 0.00011427265455376528 0.0
visualeditor 0.0004570906182150611 0.0
vue 0.00022854530910753056 0.0
w 0.003199634327505428 0.0
walltime 0.00011427265455376528 0.0
wam 0.00011427265455376528 4.74493212836325
warren 0.00022854530910753056 3.6463198396951406
warren_abstract_machine 0.00011427265455376528 4.74493212836325
was 0.0004570906182150611 0.0
watchlist 0.00011427265455376528 0.0
watchtoken 0.00011427265455376528 0.0
wb 0.00022854530910753056 0.0
wbc 0.00011427265455376528 0.0
web 0.0017140898183064792 0.09097177820572679
website 0.00022854530910753056 0.0
weight 0.0005713632727688264 0.05358424613410626
wgaction 0.00011427265455376528 0.0
wgarticleid 0.00011427265455376528 0.0
wgbackendresponsetime 0.00011427265455376528 0.0
wgbreakframes 0.00011427265455376528 0.0
wgcanonicalnamespace 0.00011427265455376528 0.0
wgcanonicalspecialpagename 0.00011427265455376528 0.0
wgcategories 0.00011427265455376528 0.0
wgcentralauthmobiledomain 0.00011427265455376528 0.0
wgcspnonce 0.00011427265455376528 0.0
wgcurrevisionid 0.00011427265455376528 0.0
wgdefaultdateformat 0.00011427265455376528 0.0
wgdigittransformtable 0.00011427265455376528 0.0
wgeditsubmitbuttonlabelpublish 0.00011427265455376528 0.0
wgflaggedrevsparams 0.00011427265455376528 0.0
wggestructuredtaskrejectionreasontextinputenabled 0.00011427265455376528 0.0
wggetopicsmatchmodeenabled 0.00011427265455376528 0.0
wghostname 0.00011427265455376528 0.0
wgisarticle 0.00011427265455376528 0.0
wgisprobablyeditable 0.00011427265455376528 0.0
wgisredirect 0.00011427265455376528 0.0
wgmediaviewerenabledbydefault 0.00011427265455376528 0.0
wgmediavieweronclick 0.00011427265455376528 0.0
wgmfdisplaywikibasedescriptions 0.00011427265455376528 0.0
wgmonthnames 0.00011427265455376528 0.0
wgnamespacenumber 0.00011427265455376528 0.0
wgnoticeproject 0.00011427265455376528 0.0
wgpagecontentlanguage 0.00011427265455376528 0.0
wgpagecontentmodel 0.00011427265455376528 0.0
wgpagename 0.00011427265455376528 0.0
wgpageparsereport 0.00011427265455376528 0.0
wgpopupsflags 0.00011427265455376528 0.0
wgrelevantarticleid 0.00011427265455376528 0.0
wgrelevantpageisprobablyeditable 0.00011427265455376528 0.0
wgrelevantpagename 0.00011427265455376528 0.0
wgrequestid 0.00011427265455376528 0.0
wgrestrictionedit 0.00011427265455376528 0.0
wgrestrictionmove 0.00011427265455376528 0.0
wgrevisionid 0.00011427265455376528 0.0
wgseparatortransformtable 0.00011427265455376528 0.0
wgtitle 0.00011427265455376528 0.0
wgulscurrentautonym 0.00011427265455376528 0.0
wgulsiscompactlinksenabled 0.00011427265455376528 0.0
wgulsislanguageselectorempty 0.00011427265455376528 0.0
wgulsposition 0.00011427265455376528 0.0
wgusergroups 0.00011427265455376528 0.0
wgusername 0.00011427265455376528 0.0
wgvector2022previewpages 0.00011427265455376528 0.0
wgvisualeditor 0.00011427265455376528 0.0
wgwikibaseitemid 0.00011427265455376528 0.0
wgwmepagelength 0.00011427265455376528 0.0
wgwmeschemaeditattemptstepoversample 0.00011427265455376528 0.0
what 0.00011427265455376528 0.0
whatlinkshere 0.00022854530910753056 0.0
when 0.00022854530910753056 0.0
which 0.0005713632727688264 0.3022808718729337
white 0.00022854530910753056 0.12981161152199053
width 0.002056907781967775 0.0
wiki 0.009141812364301222 0.0
wikibase 0.0004570906182150611 0.0
wikidata 0.0009141812364301222 0.0
wikimedia 0.00411381556393555 0.0
wikimediabadges 0.00022854530910753056 0.0
wikimediaevents 0.00011427265455376528 0.0
wikimediafoundation 0.00022854530910753056 0.0
wikipedia 0.008570449091532397 0.0
wikisource 0.00011427265455376528 0.09097177820572679
wikitext 0.00011427265455376528 0.0
window 0.00034281796366129587 0.0
with 0.0011427265455376528 0.0
wmf 0.00034281796366129587 0.0
word 0.0004570906182150611 0.05358424613410626
wordmark 0.00022854530910753056 0.0
works 0.00011427265455376528 0.0
wpformidentifier 0.00011427265455376528 0.0
wrap 0.00022854530910753056 0.06280090123903044
written 0.00011427265455376528 0.44086703515908027
ws 0.00011427265455376528 0.09097177820572679
www 0.0026282710547366017 0.0
x 0.00034281796366129587 0.0
xml 0.00034281796366129587 0.0
y 0.00022854530910753056 0.0
yes 0.00011427265455376528 0.0
you 0.0006856359273225917 0.0
yue 0.0004570906182150611 0.540239508972284
z 0.00022854530910753056 0.0
z39 0.0005713632727688264 0.10054122922187746
z3988 0.0005713632727688264 0.10054122922187746
zh 0.00022854530910753056 0.48225225132193467
zu 0.0005713632727688264 4.74493212836325
برنامه 0.00011427265455376528 2.1058747987479913
تابعی 0.00011427265455376528 4.74493212836325
جبری 0.00011427265455376528 4.74493212836325
زبان 0.00011427265455376528 1.9723434061234688
فارسی 0.00011427265455376528 1.0313600616589422
منطقی 0.00011427265455376528 4.74493212836325
نویسی 0.00011427265455376528 2.1058747987479913
代數邏輯函數式編程語言 0.00011427265455376528 4.74493212836325
粵語 0.00011427265455376528 0.540239508972284
