0 0.006291975963237893 0.0
00 0.00014139271827500884 0.0
000 0.00014139271827500884 0.0
01 0.00014139271827500884 0.008733679968754631
014 0.00014139271827500884 0.5108256237659907
03 7.069635913750442e-05 0.017544309650909525
039 0.0002827854365500177 0.22314355131420976
04180 0.00014139271827500884 0.5860490450035782
05 7.069635913750442e-05 0.0
055 0.00014139271827500884 0.5860490450035782
062804 7.069635913750442e-05 0.5860490450035782
08t05 0.00014139271827500884 0.0
09 0.00014139271827500884 0.09097177820572679
0_unported_license 7.069635913750442e-05 0.0
1 0.005231530576175327 0.0
10 0.0004948745139625309 0.0
100 0.0014139271827500884 0.0
1000 7.069635913750442e-05 0.0
10000 7.069635913750442e-05 0.008733679968754631
1000000 0.00014139271827500884 0.0
100px 7.069635913750442e-05 0.0
1024 0.00014139271827500884 1.8004931491968095
107 7.069635913750442e-05 0.08149303425118301
10px 0.0004948745139625309 0.0
11 0.0003534817956875221 0.008733679968754631
1105 0.00014139271827500884 0.5860490450035782
1126226765 0.0004948745139625309 0.5860490450035782
1130 0.00014139271827500884 0.3141153295199365
1132 0.00014139271827500884 0.5860490450035782
114 0.0002827854365500177 0.2340726218464
1157 0.00014139271827500884 0.5860490450035782
117 7.069635913750442e-05 0.0
12 0.0007776599505125487 0.008733679968754631
120 0.00014139271827500884 0.08149303425118301
125em 0.0003534817956875221 0.0
127 7.069635913750442e-05 0.11020314013361425
12px 0.00021208907741251324 0.0
12s5i 7.069635913750442e-05 0.0
12z 0.00014139271827500884 0.0
13 7.069635913750442e-05 0.0
133 7.069635913750442e-05 0.008733679968754631
1376 0.00014139271827500884 0.0
14 0.00014139271827500884 0.008733679968754631
1400 0.00014139271827500884 0.5860490450035782
1401 0.00014139271827500884 0.5860490450035782
1402 0.00014139271827500884 0.5860490450035782
1403 0.00014139271827500884 0.5860490450035782
1410 0.00014139271827500884 0.5860490450035782
142 0.00014139271827500884 0.2340726218464
1440 0.00014139271827500884 0.5860490450035782
1442 0.0002827854365500177 0.5860490450035782
1500 0.00014139271827500884 0.5860490450035782
152 0.00014139271827500884 0.2340726218464
156 0.00014139271827500884 0.13976194237515863
15t20 0.00014139271827500884 0.0
16 0.0005655708731000354 0.0
160 0.001201838105337575 0.2340726218464
162 0.00014139271827500884 0.2340726218464
1627 0.0002827854365500177 0.5860490450035782
16px 0.00021208907741251324 0.0
180 0.00021208907741251324 0.2340726218464
1800 0.00014139271827500884 0.5860490450035782
185 0.00021208907741251324 0.10054122922187746
1864 7.069635913750442e-05 0.5860490450035782
18px 0.00014139271827500884 0.0
1978 0.00014139271827500884 0.035401927050916
1982 0.00014139271827500884 0.02643325706815543
1997 0.00014139271827500884 0.02643325706815543
1em 0.0004948745139625309 0.0
1px 0.0004241781548250265 0.0
1x1 7.069635913750442e-05 0.0
2 0.0022622834924001414 0.0
20 0.0002827854365500177 0.0
200 0.00014139271827500884 0.044451762570833796
2004 0.0003534817956875221 0.06280090123903044
2017 0.0002827854365500177 0.0
2021 7.069635913750442e-05 0.008733679968754631
2022 0.0005655708731000354 0.0
20230316111124 0.00021208907741251324 0.5860490450035782
2097152 0.0002827854365500177 0.0
22 0.0004241781548250265 0.0
224a446075e0 7.069635913750442e-05 0.5860490450035782
22control 0.0004241781548250265 0.0
238px 7.069635913750442e-05 0.0
23px 0.0002827854365500177 0.0
24 0.0002827854365500177 0.008733679968754631
24px 0.00014139271827500884 0.0
24z 0.00014139271827500884 0.0
255 7.069635913750442e-05 0.044451762570833796
25em 0.000848356309650053 0.0
26 0.00021208907741251324 0.0
262 7.069635913750442e-05 0.19105523676270922
274 0.00014139271827500884 0.2340726218464
27443 0.00014139271827500884 0.5860490450035782
28 0.00021208907741251324 0.017544309650909525
288 0.00014139271827500884 0.2340726218464
29th 0.00014139271827500884 0.5860490450035782
2_server 7.069635913750442e-05 0.0
2b 0.00014139271827500884 0.8531118302526235
2cicon 7.069635913750442e-05 0.0
2cstyles 7.069635913750442e-05 0.0
2cwikimediabadges 7.069635913750442e-05 0.0
2em 0.00014139271827500884 0.0
2f 7.069635913750442e-05 0.0
2f38 7.069635913750442e-05 0.0
2f400 7.069635913750442e-05 0.0
2fbitsavers 7.069635913750442e-05 0.0
2fen 0.00014139271827500884 0.0
2ffmt 0.00014139271827500884 0.0
2fibm 7.069635913750442e-05 0.0
2fpdf 7.069635913750442e-05 0.0
2fsc21 7.069635913750442e-05 0.0
2fsystem38 7.069635913750442e-05 0.0
2nd 0.00014139271827500884 0.19105523676270922
2px 0.0004241781548250265 0.0
2x 0.0006362672322375398 0.0
3 0.0012725344644750796 0.0
30 0.00014139271827500884 0.035401927050916
30em 7.069635913750442e-05 0.0
31 0.0002827854365500177 0.008733679968754631
3125em 7.069635913750442e-05 0.0
315 0.00014139271827500884 0.06280090123903044
31px 0.00021208907741251324 0.0
32 0.0005655708731000354 0.0
34 0.00021208907741251324 0.02643325706815543
36 0.0006362672322375398 0.02643325706815543
36c 7.069635913750442e-05 0.0
3790 0.00014139271827500884 0.5860490450035782
38 0.0005655708731000354 0.035401927050916
39 0.0003534817956875221 0.035401927050916
399 7.069635913750442e-05 1.1340142157190256
3a 7.069635913750442e-05 0.09097177820572679
3a3 7.069635913750442e-05 0.0
3abook 0.00014139271827500884 0.0
3acontrol 0.00014139271827500884 0.0
3akev 0.00014139271827500884 0.0
3amtx 0.00014139271827500884 0.0
3aofi 0.00014139271827500884 0.0
3asid 0.00014139271827500884 0.0
3cols 7.069635913750442e-05 0.0
3em 0.00014139271827500884 0.0
3px 0.00021208907741251324 0.0
3x 0.00014139271827500884 0.5860490450035782
4 0.0011311417462000707 0.0
40 7.069635913750442e-05 0.017544309650909525
400 0.001343230823612584 0.0
400_command_line 7.069635913750442e-05 0.0
421 0.00014139271827500884 0.08149303425118301
43 0.0002827854365500177 0.008733679968754631
431985 0.00021208907741251324 0.5860490450035782
444 0.00014139271827500884 0.3141153295199365
45 7.069635913750442e-05 0.044451762570833796
454 0.00014139271827500884 0.11020314013361425
46003 0.00014139271827500884 0.5860490450035782
4951943 0.00014139271827500884 0.5860490450035782
497 0.00014139271827500884 0.18058393689541388
4a 0.0004241781548250265 0.1599646496926782
4c 7.069635913750442e-05 4.74493212836325
4e44 7.069635913750442e-05 0.5860490450035782
4em 0.00021208907741251324 0.0
4px 0.00014139271827500884 0.0
5 0.00014139271827500884 0.0
50 0.00021208907741251324 0.0
500 0.00014139271827500884 0.0
5000000 0.00014139271827500884 0.0
50px 7.069635913750442e-05 0.0
512 7.069635913750442e-05 0.8131064956389242
52428800 0.00014139271827500884 0.0
52px 7.069635913750442e-05 0.0
54 0.00021208907741251324 0.044451762570833796
56 0.0002827854365500177 0.02643325706815543
561 0.00014139271827500884 0.4682660093471948
59 0.00021208907741251324 0.044451762570833796
5_system_38_control_language_reference_manual_to_pg_4 0.00014139271827500884 0.0
5em 0.0005655708731000354 0.0
5x 0.0006362672322375398 0.11020314013361425
6 0.0004948745139625309 0.0
6000 0.00021208907741251324 0.13976194237515863
61 0.0002827854365500177 0.008733679968754631
63 0.00014139271827500884 0.017544309650909525
65 7.069635913750442e-05 0.02643325706815543
66 0.00014139271827500884 0.08149303425118301
7 0.0004948745139625309 0.0
708_198209 0.00014139271827500884 0.0
71 0.00014139271827500884 0.05358424613410626
720px 0.00014139271827500884 0.0
7330 0.00014139271827500884 0.5860490450035782
75px 7.069635913750442e-05 0.0
7731 0.00014139271827500884 0.0
788 0.00014139271827500884 0.02643325706815543
7cext 0.00021208907741251324 0.0
7cjquery 7.069635913750442e-05 0.0
7cmediawiki 7.069635913750442e-05 0.0
7cskins 7.069635913750442e-05 0.0
7cwikibase 7.069635913750442e-05 0.0
7em 7.069635913750442e-05 0.0
8 0.0003534817956875221 0.008733679968754631
801 0.00014139271827500884 0.2340726218464
8100 0.00014139271827500884 0.5860490450035782
8125em 7.069635913750442e-05 0.0
86400 0.00014139271827500884 0.02643325706815543
88 0.0004948745139625309 0.035401927050916
9 0.0007776599505125487 0.0
90 7.069635913750442e-05 0.0
9000 0.00014139271827500884 0.017544309650909525
91 0.0002827854365500177 0.035401927050916
93 0.0002827854365500177 0.13976194237515863
95 7.069635913750442e-05 0.09097177820572679
96 0.0004241781548250265 0.0
9781882419760 0.0002827854365500177 0.5860490450035782
99 0.00021208907741251324 0.08149303425118301
9932cc 7.069635913750442e-05 0.0
9px 0.00021208907741251324 0.0
_and_concepts 7.069635913750442e-05 0.0
_and_servers 0.00014139271827500884 0.0
_comparison_ 7.069635913750442e-05 0.0
_history 7.069635913750442e-05 0.0
_software 7.069635913750442e-05 0.0
_timeline_ 7.069635913750442e-05 0.0
_workstations 0.00014139271827500884 0.0
a 0.041852244609402615 0.0
a0 0.00014139271827500884 0.3504829736908114
a2a9b1 0.00021208907741251324 0.0
a4a7 7.069635913750442e-05 0.5860490450035782
aa 7.069635913750442e-05 0.2340726218464
abbr 0.0009897490279250618 0.0
abbreviated 7.069635913750442e-05 0.12981161152199053
abbreviation 0.00014139271827500884 0.11020314013361425
abbreviations 0.0003534817956875221 0.5860490450035782
about 0.0006362672322375398 0.0
aboutsite 7.069635913750442e-05 0.0
above 0.0002827854365500177 0.008733679968754631
abovebelow 0.0004948745139625309 0.0
absolute 7.069635913750442e-05 0.035401927050916
academic 0.00014139271827500884 0.008733679968754631
acc 7.069635913750442e-05 1.8004931491968095
accepts 0.00014139271827500884 0.0721032939013439
accessdate 7.069635913750442e-05 0.0
accessed 7.069635913750442e-05 0.11020314013361425
accesskey 0.001343230823612584 0.0
accordingly 7.069635913750442e-05 0.40112670650956617
account 0.0002827854365500177 0.0
acquisition 0.00014139271827500884 0.14981227822866008
across 7.069635913750442e-05 0.0
action 0.0022622834924001414 0.0
actions 7.069635913750442e-05 0.0
ada 0.00014139271827500884 0.035401927050916
ada_ 7.069635913750442e-05 3.6463198396951406
add 7.069635913750442e-05 0.0
added 7.069635913750442e-05 0.02643325706815543
adding 7.069635913750442e-05 0.0
additional 0.0006362672322375398 0.0
address 0.00014139271827500884 0.0
administration 7.069635913750442e-05 0.10054122922187746
advanced 0.00014139271827500884 0.017544309650909525
after 0.0012725344644750796 0.02643325706815543
again 7.069635913750442e-05 0.0
ago 7.069635913750442e-05 0.017544309650909525
agree 7.069635913750442e-05 0.0
alert 0.0002827854365500177 0.11995931507897897
algol 0.00021208907741251324 0.044451762570833796
align 0.0007069635913750442 0.0721032939013439
all 0.0012725344644750796 0.0
all_articles_needing_additional_references 7.069635913750442e-05 0.0
allow 0.00014139271827500884 0.008733679968754631
allowable 7.069635913750442e-05 0.035401927050916
alpha 0.0002827854365500177 0.14981227822866008
alphabetical 7.069635913750442e-05 0.11995931507897897
alphanumeric 0.00021208907741251324 0.2340726218464
already 7.069635913750442e-05 0.11020314013361425
also 0.0006362672322375398 0.0
alt 0.0009897490279250618 0.0
alternate 0.00021208907741251324 0.14981227822866008
although 7.069635913750442e-05 0.017544309650909525
always 0.00021208907741251324 0.11020314013361425
ambox 0.002191587133262637 0.0
among 7.069635913750442e-05 0.008733679968754631
amp 0.007352421350300459 0.18058393689541388
an 0.0005655708731000354 0.0
and 0.0037469070342877344 0.0
anon 0.00014139271827500884 0.0
anoncontribs 7.069635913750442e-05 0.0
anontalk 7.069635913750442e-05 0.0
anonymous 7.069635913750442e-05 0.12981161152199053
another 0.00021208907741251324 0.0
any 0.00014139271827500884 0.0
anywhere 7.069635913750442e-05 0.11020314013361425
api 7.069635913750442e-05 0.14981227822866008
apl 0.00014139271827500884 0.11995931507897897
apl_ 7.069635913750442e-05 0.3141153295199365
appeared 7.069635913750442e-05 0.044451762570833796
appearing 7.069635913750442e-05 0.4682660093471948
appears 7.069635913750442e-05 0.5860490450035782
apple 0.00014139271827500884 0.13976194237515863
application 0.0004948745139625309 0.0
applications 0.00021208907741251324 0.0
apply 7.069635913750442e-05 0.0
april 7.069635913750442e-05 0.0
ar 7.069635913750442e-05 0.5108256237659907
are 0.0018381053375751148 0.0
argument 0.00014139271827500884 0.0
arguments 7.069635913750442e-05 0.008733679968754631
aria 0.002191587133262637 0.0
array 7.069635913750442e-05 0.017544309650909525
article 0.0006362672322375398 0.0
articles 0.0007069635913750442 0.0
articles_needing_additional_references_from_october_2017 7.069635913750442e-05 0.0
articles_with_short_description 7.069635913750442e-05 0.0
as 0.0017674089784376105 0.0
as_eq 7.069635913750442e-05 0.0
aside 7.069635913750442e-05 0.044451762570833796
assembly 0.00014139271827500884 0.0
assembly_language 7.069635913750442e-05 0.7195804376281008
associated 0.00021208907741251324 0.035401927050916
asterisk 7.069635913750442e-05 0.11020314013361425
async 0.0004948745139625309 0.37548427589622857
at 0.00021208907741251324 0.0
atom 0.00021208907741251324 0.11995931507897897
attach 7.069635913750442e-05 0.21233263520999412
attribution 7.069635913750442e-05 0.0
aufirst 7.069635913750442e-05 0.0
august 7.069635913750442e-05 0.035401927050916
aulast 7.069635913750442e-05 0.0
author 0.00014139271827500884 0.02643325706815543
auto 0.0002827854365500177 0.035401927050916
autocapitalize 7.069635913750442e-05 0.0
autocollapse 7.069635913750442e-05 0.0
automatically 7.069635913750442e-05 0.017544309650909525
autostart 7.069635913750442e-05 0.0
available 0.00021208907741251324 0.0
avoid 0.00014139271827500884 0.19105523676270922
b 0.0021208907741251328 0.017544309650909525
b32424 0.00014139271827500884 0.0
background 0.0018381053375751148 0.2340726218464
backing 7.069635913750442e-05 0.5860490450035782
backlink 0.0002827854365500177 0.0
backus 0.00014139271827500884 0.0721032939013439
bae20f5b 7.069635913750442e-05 0.5860490450035782
based 0.00021208907741251324 0.0
based_programming_languages 7.069635913750442e-05 0.0
basic 0.0005655708731000354 0.0
bday 7.069635913750442e-05 0.0
bdi 0.00014139271827500884 0.0
be 0.0019088016967126194 0.0
bears 7.069635913750442e-05 0.49643688631389105
because 0.00021208907741251324 0.0
been 7.069635913750442e-05 0.008733679968754631
before 0.001201838105337575 0.017544309650909525
beginners 7.069635913750442e-05 0.09097177820572679
beginning 7.069635913750442e-05 0.035401927050916
being 0.00014139271827500884 0.008733679968754631
below 0.00014139271827500884 0.0
besides 7.069635913750442e-05 0.11020314013361425
bitsavers 7.069635913750442e-05 0.08149303425118301
bks 0.00014139271827500884 0.0
bkt 7.069635913750442e-05 0.0
bladecenter 0.00014139271827500884 0.5860490450035782
blkord 0.00014139271827500884 0.5860490450035782
block 0.00014139271827500884 0.044451762570833796
bnf 0.00014139271827500884 0.08149303425118301
body 0.0011311417462000707 0.11995931507897897
bodycontent 0.00014139271827500884 0.0
bold 7.069635913750442e-05 0.21233263520999412
book 0.00014139271827500884 0.0721032939013439
books 0.00021208907741251324 0.0
booksources 0.00014139271827500884 0.0
boolean 7.069635913750442e-05 0.008733679968754631
bootstrap 7.069635913750442e-05 0.0
border 0.0023329798515376457 0.7936884097818228
both 7.069635913750442e-05 0.008733679968754631
bottom 0.00021208907741251324 0.12981161152199053
boulder 0.00014139271827500884 0.0
box 0.0014846235418875928 0.0
boxtext 7.069635913750442e-05 0.0
br 7.069635913750442e-05 0.0
bracket 0.001696712619300106 0.3141153295199365
brackets 0.00014139271827500884 0.11995931507897897
break 0.00021208907741251324 0.19105523676270922
browsing 7.069635913750442e-05 0.27902400970866637
bryan 0.00014139271827500884 0.5860490450035782
btitle 0.00014139271827500884 0.0
btn 0.0003534817956875221 0.0
builds 7.069635913750442e-05 0.12981161152199053
built 7.069635913750442e-05 0.008733679968754631
business 0.00014139271827500884 0.08149303425118301
but 0.00014139271827500884 0.0
button 0.00240367621067515 0.0
buttons 7.069635913750442e-05 0.0
by 0.0014846235418875928 0.0
bytes 0.0002827854365500177 0.0
c 0.0007776599505125487 0.0
c13_en 7.069635913750442e-05 0.0
c4157150 7.069635913750442e-05 0.0
c4157215 7.069635913750442e-05 0.0
c_ 0.00014139271827500884 0.19105523676270922
c_sharp_ 7.069635913750442e-05 1.0560526742493137
ca 0.0005655708731000354 0.035401927050916
cache 0.00014139271827500884 0.0
cached 7.069635913750442e-05 0.0
cachereport 7.069635913750442e-05 0.0
cactions 0.0004241781548250265 0.0
calcomp 0.00021208907741251324 0.5860490450035782
call 0.00021208907741251324 0.0
called 0.00014139271827500884 0.0
calling 7.069635913750442e-05 0.06280090123903044
calls 7.069635913750442e-05 0.0
campaigns 7.069635913750442e-05 0.0
can 0.0011311417462000707 0.0
canonical 0.00014139271827500884 0.0
caps 7.069635913750442e-05 0.0
caption 0.00014139271827500884 0.0
card 0.00021208907741251324 0.044451762570833796
case 0.0003534817956875221 0.008733679968754631
categorical 7.069635913750442e-05 0.11995931507897897
categories 0.00014139271827500884 0.0
category 0.0019794980558501237 0.0
catlinks 0.0004241781548250265 0.0
cats 7.069635913750442e-05 0.0
ccf 7.069635913750442e-05 1.0560526742493137
cell 7.069635913750442e-05 0.21233263520999412
center 0.0007069635913750442 0.02643325706815543
centralauth 0.00014139271827500884 0.0
centralautologin 0.00014139271827500884 0.0
centralnotice 0.00021208907741251324 0.0
certain 7.069635913750442e-05 0.11020314013361425
challenged 7.069635913750442e-05 0.0
change 0.0004241781548250265 0.0
changed 0.00021208907741251324 0.10054122922187746
changes 0.0002827854365500177 0.02643325706815543
changing 0.00014139271827500884 0.035401927050916
char 0.00021208907741251324 0.035401927050916
character 7.069635913750442e-05 0.035401927050916
characters 7.069635913750442e-05 0.0721032939013439
charinsert 7.069635913750442e-05 0.0
charset 7.069635913750442e-05 0.0
checkbox 0.00240367621067515 0.0
chg 0.00014139271827500884 0.5860490450035782
chgcmd 7.069635913750442e-05 0.5860490450035782
chgpgm 0.00021208907741251324 0.5860490450035782
child 0.0017674089784376105 0.21233263520999412
choice 7.069635913750442e-05 0.008733679968754631
citation 0.0007069635913750442 0.017544309650909525
citations 0.00014139271827500884 0.0
cite 0.0010604453870625664 0.0
cite_note 0.0005655708731000354 0.0
cite_ref 0.0005655708731000354 0.0
cite_web 0.00014139271827500884 0.0
citerefmeyers1997 7.069635913750442e-05 0.0
citethispage 7.069635913750442e-05 0.0
cl 0.001201838105337575 0.20163734609324613
cl_ 7.069635913750442e-05 0.0
class 0.032873806998939555 0.0
classic 0.00014139271827500884 0.0721032939013439
classic_visual_basic 7.069635913750442e-05 0.0
classname 0.00021208907741251324 0.0
clear 0.00014139271827500884 0.11020314013361425
clfinder 7.069635913750442e-05 0.0
client 0.0004241781548250265 0.0
clle 7.069635913750442e-05 0.5860490450035782
clp 0.00021208907741251324 0.1599646496926782
cmd 0.0002827854365500177 0.5860490450035782
cmdchg 7.069635913750442e-05 0.5860490450035782
cmdpgm 7.069635913750442e-05 0.5860490450035782
cobol 0.00021208907741251324 0.11020314013361425
code 0.0007776599505125487 0.0
coded 7.069635913750442e-05 0.0721032939013439
col 0.00014139271827500884 0.2340726218464
coll 0.0002827854365500177 0.0
collapse 0.00021208907741251324 0.0
collapsed 0.00021208907741251324 0.0
collapses 7.069635913750442e-05 0.0
collapsible 0.000848356309650053 0.0
color 0.001343230823612584 0.3629054936893685
colspan 0.0007776599505125487 0.0
column 0.00021208907741251324 0.11020314013361425
columns 0.0003534817956875221 0.11020314013361425
com 0.0007776599505125487 0.0
command 0.004100388829975256 0.0721032939013439
command_grouping_menus 0.0002827854365500177 0.5860490450035782
command_help 0.0002827854365500177 0.5860490450035782
command_selection 0.0002827854365500177 0.5860490450035782
command_shells 7.069635913750442e-05 0.0
commands 0.0014846235418875928 0.20163734609324613
commands_and_programs 0.0002827854365500177 0.5860490450035782
commons 0.0017674089784376105 0.0
communications 7.069635913750442e-05 0.008733679968754631
community 7.069635913750442e-05 0.10054122922187746
community_portal 7.069635913750442e-05 0.0
comp 7.069635913750442e-05 0.035401927050916
compact 0.00014139271827500884 0.0
compactlinks 7.069635913750442e-05 0.0
comparison 0.00014139271827500884 0.0
comparison_of_programming_languages 7.069635913750442e-05 0.0
compiled 0.00014139271827500884 0.0
compiling 7.069635913750442e-05 0.2451224580329849
complications 7.069635913750442e-05 0.0
computer 0.00021208907741251324 0.0
computer_science 0.00014139271827500884 0.0
computers 0.00021208907741251324 0.02643325706815543
concepts 7.069635913750442e-05 0.0
concerns 7.069635913750442e-05 0.19105523676270922
config 0.00014139271827500884 0.0
configurations 7.069635913750442e-05 0.5860490450035782
conform 7.069635913750442e-05 0.19105523676270922
congruent 7.069635913750442e-05 0.5860490450035782
consists 7.069635913750442e-05 0.008733679968754631
contact 0.0002827854365500177 0.0
contact_us 0.00014139271827500884 0.0
contactpage 7.069635913750442e-05 0.0
contained 7.069635913750442e-05 0.035401927050916
container 0.0010604453870625664 0.14981227822866008
containing 7.069635913750442e-05 0.008733679968754631
content 0.005090137857900318 0.0
contentinfo 7.069635913750442e-05 0.0
contents 0.0009190526687875574 0.0
contentsub 7.069635913750442e-05 0.0
context 0.00014139271827500884 0.017544309650909525
contribute 7.069635913750442e-05 0.0
contributions 7.069635913750442e-05 0.2340726218464
contributors 0.00014139271827500884 0.017544309650909525
control 0.002050194414987628 0.0
control_language 0.002827854365500177 0.5860490450035782
control_program_facility 0.00014139271827500884 0.0
controls 0.00021208907741251324 0.0
conventions 7.069635913750442e-05 0.06280090123903044
conversion 7.069635913750442e-05 0.0
convert 7.069635913750442e-05 0.044451762570833796
converted 0.00014139271827500884 0.0
converts 7.069635913750442e-05 0.5860490450035782
cookie 0.0003534817956875221 0.0
cookie_statement 7.069635913750442e-05 0.0
cookiestatement 7.069635913750442e-05 0.0
copyright 0.00021208907741251324 0.0
copyrightico 7.069635913750442e-05 0.0
count 0.00014139271827500884 0.0
counter 0.0002827854365500177 0.11020314013361425
cpu 7.069635913750442e-05 0.0
cputime 7.069635913750442e-05 0.0
create 0.0006362672322375398 0.0
createaccount 0.0002827854365500177 0.0
created 0.00021208907741251324 0.0
creating 0.0002827854365500177 0.0
creating_new_commands 0.0002827854365500177 0.5860490450035782
creative 7.069635913750442e-05 0.0
creativecommons 0.00014139271827500884 0.0
cross 7.069635913750442e-05 0.0
crossorigin 7.069635913750442e-05 0.0
crt 7.069635913750442e-05 0.19105523676270922
crtpnlgrp 7.069635913750442e-05 0.5860490450035782
cs1 0.0010604453870625664 0.017544309650909525
csrftoken 7.069635913750442e-05 0.0
ct 0.00014139271827500884 0.6844891178168307
ctx_ver 0.00014139271827500884 0.0
cued 7.069635913750442e-05 0.5860490450035782
cues 7.069635913750442e-05 0.5860490450035782
current 0.00014139271827500884 0.08149303425118301
current_events 7.069635913750442e-05 0.0
currentevents 7.069635913750442e-05 0.0
cursor 0.0002827854365500177 0.5860490450035782
cvtdat 0.00014139271827500884 0.5860490450035782
cx 0.00014139271827500884 0.0
d 0.0002827854365500177 0.017544309650909525
d33 0.00014139271827500884 0.0
d6 7.069635913750442e-05 0.0
data 0.004171085189112761 0.0
data_type 7.069635913750442e-05 0.0
date 0.0006362672322375398 0.02643325706815543
datemodified 0.00014139271827500884 0.0
datepublished 0.00014139271827500884 0.0
dates 7.069635913750442e-05 0.02643325706815543
day 7.069635913750442e-05 0.11020314013361425
db 0.00021208907741251324 0.6505875661411494
dcl 0.00021208907741251324 0.11020314013361425
dd 0.0011311417462000707 0.035401927050916
ddf 7.069635913750442e-05 0.0
de 0.0002827854365500177 0.017544309650909525
dealer 0.00014139271827500884 0.5860490450035782
dealer_business_system 7.069635913750442e-05 0.0
december 0.00014139271827500884 0.02643325706815543
decimal 7.069635913750442e-05 0.11020314013361425
declaration 0.00014139271827500884 0.008733679968754631
declaration_ 7.069635913750442e-05 0.0
decoding 0.0004241781548250265 0.21233263520999412
decoration 0.00014139271827500884 0.0
deduplicate 0.0004948745139625309 0.0
deduplicated 0.0004241781548250265 0.0
default 0.0002827854365500177 0.11020314013361425
define 7.069635913750442e-05 0.008733679968754631
defined 0.00021208907741251324 0.0
definition 7.069635913750442e-05 0.008733679968754631
delete 7.069635913750442e-05 0.0721032939013439
deleting 7.069635913750442e-05 0.5860490450035782
dependent 7.069635913750442e-05 0.06280090123903044
depth 0.00021208907741251324 0.0
described 0.00021208907741251324 0.0721032939013439
describing 7.069635913750442e-05 0.044451762570833796
description 0.0004948745139625309 0.0
descriptive 0.00014139271827500884 0.0721032939013439
design 7.069635913750442e-05 0.035401927050916
designed 7.069635913750442e-05 0.0
designs 0.00014139271827500884 0.035401927050916
desired 7.069635913750442e-05 0.035401927050916
desktoparticletarget 0.00021208907741251324 0.0
details 7.069635913750442e-05 0.11020314013361425
detection 7.069635913750442e-05 0.10054122922187746
deutsch 7.069635913750442e-05 0.0
developer 0.0002827854365500177 0.02643325706815543
developers 0.0002827854365500177 0.0
development 0.00014139271827500884 0.017544309650909525
devoted 7.069635913750442e-05 0.5860490450035782
difference 7.069635913750442e-05 0.0
dir 0.0002827854365500177 0.4682660093471948
directly 7.069635913750442e-05 0.0
disabled 0.0007776599505125487 0.11020314013361425
disclaimers 0.00014139271827500884 0.0
discuss 0.00021208907741251324 0.05358424613410626
discussion 0.00014139271827500884 0.26759531388504365
display 0.0011311417462000707 0.0
displayed 7.069635913750442e-05 0.044451762570833796
displaying 7.069635913750442e-05 0.044451762570833796
div 0.016542948038176034 0.0
dl 0.0007069635913750442 0.22314355131420976
dmy 7.069635913750442e-05 0.08149303425118301
dns 0.00014139271827500884 0.540239508972284
do 0.0002827854365500177 0.0
dobasicsearch 7.069635913750442e-05 0.0
doctype 7.069635913750442e-05 0.0
document 0.0002827854365500177 0.09097177820572679
documentelement 0.00021208907741251324 0.0
does 0.00014139271827500884 0.0
don 0.00014139271827500884 0.2340726218464
donate 0.00021208907741251324 0.0
donating 7.069635913750442e-05 0.0
dos 0.00021208907741251324 0.13976194237515863
download 0.0002827854365500177 0.0
downloadaspdf 7.069635913750442e-05 0.0
drafted 7.069635913750442e-05 0.5860490450035782
dropdown 0.0017674089784376105 0.0
drum 7.069635913750442e-05 0.5860490450035782
dsp 7.069635913750442e-05 0.5860490450035782
dt 0.0011311417462000707 0.0
dtstart 7.069635913750442e-05 0.0
during 0.00014139271827500884 0.0
dynamic 0.00014139271827500884 0.0
dynamic_logical_partitioning 7.069635913750442e-05 0.0
e 0.0002827854365500177 0.0
e6e6ff 7.069635913750442e-05 0.0
each 0.00014139271827500884 0.008733679968754631
easier 7.069635913750442e-05 0.14981227822866008
echo 7.069635913750442e-05 0.0
ed 7.069635913750442e-05 0.008733679968754631
edit 0.004171085189112761 0.0
editable 7.069635913750442e-05 0.49643688631389105
edited 0.00014139271827500884 0.0
editing 7.069635913750442e-05 0.11020314013361425
edition 7.069635913750442e-05 0.044451762570833796
editor 0.00014139271827500884 0.044451762570833796
editors 0.00014139271827500884 0.0
editpage 7.069635913750442e-05 0.0
edits 0.00014139271827500884 0.0
editsection 0.002545068928950159 0.0
edituri 7.069635913750442e-05 0.0
eee 0.00014139271827500884 0.0
element 0.0007776599505125487 0.0
ellipsis 0.00014139271827500884 0.2340726218464
else 0.00014139271827500884 0.044451762570833796
elt 0.0002827854365500177 0.0
empty 0.0004948745139625309 0.008733679968754631
emptyportlet 0.00014139271827500884 0.0
en 0.0032520325203252032 0.0
enabled 0.0007776599505125487 0.008733679968754631
encouraged 0.0002827854365500177 1.5668782980153044
encyclopedia 0.00014139271827500884 0.0
end 0.00014139271827500884 0.0
enddo 0.00014139271827500884 0.5860490450035782
endpgm 7.069635913750442e-05 0.5860490450035782
engine 0.00014139271827500884 0.02643325706815543
english 0.0004241781548250265 0.0
enhanced 7.069635913750442e-05 0.11020314013361425
enhancements 7.069635913750442e-05 0.0
enter 0.0004948745139625309 0.11995931507897897
entered 7.069635913750442e-05 0.2451224580329849
entire 7.069635913750442e-05 0.02643325706815543
entities 7.069635913750442e-05 0.0
entity 0.0002827854365500177 0.0
entityaccesscount 7.069635913750442e-05 0.0
entitypage 0.00014139271827500884 0.0
enwiki 7.069635913750442e-05 0.0
enwikimwclientprefs 7.069635913750442e-05 0.0
erlang 0.00014139271827500884 0.11995931507897897
erlang_ 7.069635913750442e-05 0.0
error 0.00014139271827500884 0.11020314013361425
es6 7.069635913750442e-05 0.0
eserver 0.00014139271827500884 0.5860490450035782
esi 0.00014139271827500884 0.7195804376281008
esitest 7.069635913750442e-05 0.0
etc 0.0003534817956875221 0.008733679968754631
even 0.0002827854365500177 0.11020314013361425
event 0.0007069635913750442 0.0
eventlogging 0.00014139271827500884 0.0
events 0.00014139271827500884 0.11020314013361425
every 0.00021208907741251324 0.0
exact 7.069635913750442e-05 0.0
exactly 7.069635913750442e-05 0.10054122922187746
example 0.00014139271827500884 0.0
execute 7.069635913750442e-05 0.0
execution 7.069635913750442e-05 0.0
exist 7.069635913750442e-05 0.0721032939013439
exists 7.069635913750442e-05 0.0
expand 0.0002827854365500177 0.0
expanded 0.0007069635913750442 0.0
expansion 0.00014139271827500884 0.0
expansiondepth 7.069635913750442e-05 0.0
expensive 7.069635913750442e-05 0.0
expensivefunctioncount 7.069635913750442e-05 0.0
expiry 0.00014139271827500884 0.0
export 7.069635913750442e-05 0.0
ext 0.0019794980558501237 0.0
extend 7.069635913750442e-05 0.11020314013361425
extended 7.069635913750442e-05 0.035401927050916
external 0.0009897490279250618 0.0
extiw 0.00014139271827500884 0.0
extra 0.00014139271827500884 0.0
extremely 7.069635913750442e-05 0.2340726218464
f 0.0002827854365500177 0.0
f1 0.00014139271827500884 0.2451224580329849
f10 7.069635913750442e-05 0.5860490450035782
f2 7.069635913750442e-05 0.5860490450035782
f28500 7.069635913750442e-05 0.0
f4 0.00021208907741251324 0.5860490450035782
f7f7f7 7.069635913750442e-05 0.0
fa8a495983347898 7.069635913750442e-05 0.0
facility 0.0002827854365500177 0.08149303425118301
fact 7.069635913750442e-05 0.008733679968754631
fallbacksearchbutton 7.069635913750442e-05 0.0
false 0.0007069635913750442 0.0
favicon 7.069635913750442e-05 0.0
fbfbfb 7.069635913750442e-05 0.0
fc3 7.069635913750442e-05 0.0
fdfdfd 0.00021208907741251324 0.0
feature 0.0014846235418875928 0.0
featurename 0.00021208907741251324 0.0
february 7.069635913750442e-05 0.017544309650909525
fee7e6 7.069635913750442e-05 0.0
feed 0.00014139271827500884 0.19105523676270922
fhg 7.069635913750442e-05 0.0
fhg030712 7.069635913750442e-05 0.0
field 0.00014139271827500884 0.10054122922187746
file 0.001343230823612584 0.0
file_upload_wizard 0.00014139271827500884 0.0
files 7.069635913750442e-05 0.0
filled 7.069635913750442e-05 0.26759531388504365
finally 7.069635913750442e-05 0.14981227822866008
find 0.00014139271827500884 0.0
finder30 7.069635913750442e-05 0.0
finding 0.0003534817956875221 0.21233263520999412
finding_the_right_command 0.0003534817956875221 0.5860490450035782
first 0.0011311417462000707 0.0
firstheading 0.00021208907741251324 0.0
float 0.00021208907741251324 0.06280090123903044
flush 0.0003534817956875221 0.0
follow 0.00014139271827500884 0.11020314013361425
following 7.069635913750442e-05 0.0
follows 7.069635913750442e-05 0.0
font 0.0014139271827500884 0.14981227822866008
footer 0.0018381053375751148 0.0
for 0.002191587133262637 0.0
form 0.0002827854365500177 0.0
format 0.0003534817956875221 0.035401927050916
forth 0.00014139271827500884 0.044451762570833796
forth_ 7.069635913750442e-05 0.0
fortran 0.00021208907741251324 0.035401927050916
foundation 0.0006362672322375398 0.0
four 0.00021208907741251324 0.044451762570833796
fr 0.0002827854365500177 0.09097177820572679
français 7.069635913750442e-05 1.16141318990714
free 0.0002827854365500177 0.0
french 7.069635913750442e-05 0.09097177820572679
from 0.0009897490279250618 0.0
fromfmt 0.00014139271827500884 0.5860490450035782
full 0.0004948745139625309 0.044451762570833796
fulltext 7.069635913750442e-05 0.0
fully 7.069635913750442e-05 0.09097177820572679
function 0.0006362672322375398 0.0
function_key 7.069635913750442e-05 0.0
functionality 7.069635913750442e-05 0.11020314013361425
fundraiserredirector 7.069635913750442e-05 0.0
further 0.00014139271827500884 0.0
g 0.00014139271827500884 0.0
gadget 0.0002827854365500177 0.0
gehomepagesuggestededitsenabletopics 7.069635913750442e-05 0.0
gencmddoc 7.069635913750442e-05 0.5860490450035782
general_disclaimer 7.069635913750442e-05 0.0
generally 7.069635913750442e-05 0.017544309650909525
generated 7.069635913750442e-05 0.0
generational 0.00014139271827500884 0.11995931507897897
generational_list_of_programming_languages 7.069635913750442e-05 0.0
generator 7.069635913750442e-05 0.0
generic 0.00021208907741251324 0.06280090123903044
genopt 7.069635913750442e-05 0.5860490450035782
genre 0.00014139271827500884 0.0
geoip 7.069635913750442e-05 0.0
german 7.069635913750442e-05 0.017544309650909525
get 0.00014139271827500884 0.008733679968754631
globalcssjs 0.00014139271827500884 0.0
go 0.0006362672322375398 0.0
go_ 7.069635913750442e-05 0.0
good 0.00014139271827500884 0.017544309650909525
google 0.0003534817956875221 0.10054122922187746
googpub 0.00014139271827500884 0.0
gray 7.069635913750442e-05 1.449095262358921
greek 0.00014139271827500884 0.3141153295199365
green 7.069635913750442e-05 0.08149303425118301
group 0.0018381053375751148 0.05358424613410626
grouping 0.0004241781548250265 0.19105523676270922
growthexperiments 7.069635913750442e-05 0.0
gt 0.0009190526687875574 0.2340726218464
guidance 7.069635913750442e-05 0.2340726218464
guide 7.069635913750442e-05 0.09097177820572679
guides 7.069635913750442e-05 4.74493212836325
h 0.00014139271827500884 0.035401927050916
h1 0.00014139271827500884 1.2484245668967697
h2 0.0014139271827500884 1.2484245668967697
h3 0.0004241781548250265 0.0
hack 0.0004241781548250265 0.0
hard 0.00014139271827500884 0.044451762570833796
has 0.00014139271827500884 0.0
haskell 0.00021208907741251324 0.008733679968754631
haspopup 0.0003534817956875221 0.0
having 7.069635913750442e-05 0.02643325706815543
head 0.00021208907741251324 0.0
header 0.0019794980558501237 0.0
heading 0.0016260162601626016 0.0
headline 0.0009897490279250618 0.0
height 0.0016260162601626016 0.0
help 0.0017674089784376105 0.0
here 7.069635913750442e-05 0.008733679968754631
hexadecimal 7.069635913750442e-05 0.11020314013361425
hidden 0.0009897490279250618 0.0
hide 0.0002827854365500177 0.0
highest 7.069635913750442e-05 0.0
highlight 0.00014139271827500884 3.1354942159291497
highlighted 7.069635913750442e-05 0.2340726218464
history 0.0005655708731000354 0.0
history_of_programming_languages 7.069635913750442e-05 0.0
hlist 0.0042417815482502655 0.0
hlppnlgrp 7.069635913750442e-05 0.5860490450035782
hor 0.00014139271827500884 0.0
hosted 7.069635913750442e-05 0.0721032939013439
how 0.0004241781548250265 0.0
however 0.0002827854365500177 0.0
href 0.02014846235418876 0.0
hreflang 0.00014139271827500884 0.0
htm 7.069635913750442e-05 0.3141153295199365
html 0.0004241781548250265 0.06280090123903044
http 0.0007069635913750442 0.017544309650909525
https 0.0019088016967126194 0.0
hub 7.069635913750442e-05 0.2451224580329849
i 0.004736656062212796 0.0
ibm 0.006009190526687876 0.02643325706815543
ibm_1130 7.069635913750442e-05 0.0
ibm_1132 7.069635913750442e-05 0.0
ibm_1400_series 7.069635913750442e-05 0.0
ibm_1401 7.069635913750442e-05 0.0
ibm_1402 7.069635913750442e-05 0.0
ibm_1403 7.069635913750442e-05 0.0
ibm_1410 7.069635913750442e-05 0.0
ibm_1440 7.069635913750442e-05 0.0
ibm_1442 0.00014139271827500884 0.0
ibm_1500 7.069635913750442e-05 0.0
ibm_1627 0.00014139271827500884 0.0
ibm_1800_data_acquisition_and_control_system 7.069635913750442e-05 0.0
ibm_3790 7.069635913750442e-05 0.0
ibm_7330 7.069635913750442e-05 0.0
ibm_801 7.069635913750442e-05 0.0
ibm_8100 7.069635913750442e-05 0.0
ibm_academic_system 7.069635913750442e-05 0.0
ibm_advanced 7.069635913750442e-05 0.0
ibm_as 7.069635913750442e-05 0.0
ibm_bladecenter 7.069635913750442e-05 0.0
ibm_eserver 7.069635913750442e-05 0.0
ibm_i 0.0004241781548250265 0.0
ibm_idataplex 7.069635913750442e-05 0.0
ibm_midrange_computers 0.0003534817956875221 0.5860490450035782
ibm_mini 0.00014139271827500884 0.0
ibm_minicomputers 0.00014139271827500884 0.0
ibm_netfinity 7.069635913750442e-05 0.0
ibm_pc_server 7.069635913750442e-05 0.0
ibm_power_systems 7.069635913750442e-05 0.0
ibm_ps 7.069635913750442e-05 0.0
ibm_rs 7.069635913750442e-05 0.0
ibm_rs64 7.069635913750442e-05 0.0
ibm_rt_pc 7.069635913750442e-05 0.0
ibm_series 7.069635913750442e-05 0.0
ibm_servers 7.069635913750442e-05 0.0
ibm_system 0.0005655708731000354 0.7195804376281008
ibm_system_9000 7.069635913750442e-05 0.0
ibm_system_p 7.069635913750442e-05 0.0
ibm_thinkpad_power_series 7.069635913750442e-05 0.0
ic2924 0.00014139271827500884 0.0
ico 7.069635913750442e-05 0.0
icon 0.002686461647225168 0.0
icons 0.0002827854365500177 0.0
icvtdatc 7.069635913750442e-05 0.5860490450035782
id 0.011806291975963237 0.0
idataplex 7.069635913750442e-05 0.5860490450035782
idea 7.069635913750442e-05 0.14981227822866008
identifier 0.00014139271827500884 0.044451762570833796
idhash 7.069635913750442e-05 0.0
if 0.0010604453870625664 0.0
ile 7.069635913750442e-05 0.2340726218464
image 0.0005655708731000354 0.0
imageobject 0.00014139271827500884 0.0
imageright 7.069635913750442e-05 0.0
images 0.000848356309650053 0.0
img 0.000848356309650053 0.0
imperative 0.00014139271827500884 0.08149303425118301
imperative_programming 7.069635913750442e-05 0.0
implement 7.069635913750442e-05 0.05358424613410626
important 0.00014139271827500884 0.008733679968754631
improve 7.069635913750442e-05 0.0
improvements 7.069635913750442e-05 0.08149303425118301
in 0.0036762106751502296 0.0
inbuilt 7.069635913750442e-05 0.5860490450035782
inc 0.00021208907741251324 0.0
include 0.00014139271827500884 0.0
including 7.069635913750442e-05 0.008733679968754631
increment 7.069635913750442e-05 0.06280090123903044
index 0.002474372569812655 0.0
indicators 7.069635913750442e-05 0.454472687214859
influenced 0.00014139271827500884 0.008733679968754631
info 0.0006362672322375398 0.044451762570833796
infobox 0.002191587133262637 0.008733679968754631
infobox_programming_language 0.00014139271827500884 0.008733679968754631
information 0.0002827854365500177 0.0
inherit 0.0007776599505125487 0.11020314013361425
init 0.00021208907741251324 0.0
inline 0.0009897490279250618 0.05358424613410626
inner 0.0003534817956875221 0.0
input 0.0009897490279250618 0.0
insensitive 7.069635913750442e-05 0.11020314013361425
inside 0.00014139271827500884 0.0
instead 0.00014139271827500884 0.0
instructional 7.069635913750442e-05 0.3141153295199365
interaction 0.00021208907741251324 0.0
interactive 7.069635913750442e-05 0.11020314013361425
interactively 7.069635913750442e-05 0.26759531388504365
interface 0.00014139271827500884 0.0
interlanguage 0.0006362672322375398 0.0
interpreted 7.069635913750442e-05 0.11020314013361425
interwiki 0.00014139271827500884 0.0
introduction 0.0002827854365500177 0.11020314013361425
invoke 7.069635913750442e-05 0.14981227822866008
ip 0.00014139271827500884 0.3141153295199365
is 0.0023329798515376457 0.0
isbn 0.00021208907741251324 0.0
isbn_ 7.069635913750442e-05 0.0
iseries 0.00014139271827500884 0.11020314013361425
isn 0.00014139271827500884 0.26759531388504365
it 0.001696712619300106 0.0
item 0.00494874513962531 0.0
items 0.00014139271827500884 0.0
itjungle 0.00014139271827500884 0.5860490450035782
its 0.00014139271827500884 0.0
itself 7.069635913750442e-05 0.02643325706815543
j 0.0002827854365500177 0.0
january 7.069635913750442e-05 0.0
java 0.00014139271827500884 0.0
java_ 7.069635913750442e-05 0.0
javascript 0.00021208907741251324 0.11995931507897897
job 0.0003534817956875221 0.035401927050916
job_control_language 0.00014139271827500884 0.0
jquery 0.00021208907741251324 0.0
js 0.00021208907741251324 0.0
json 0.00014139271827500884 0.11995931507897897
jstor 0.00014139271827500884 0.0
jul 0.00014139271827500884 0.11020314013361425
julian 0.0002827854365500177 0.37548427589622857
july 7.069635913750442e-05 0.008733679968754631
jump 0.00014139271827500884 0.0
june 0.00014139271827500884 0.017544309650909525
just 0.00014139271827500884 0.0
k 0.00014139271827500884 0.0
kern 0.00014139271827500884 0.0
key 0.0002827854365500177 0.0
kinds 7.069635913750442e-05 0.035401927050916
knowledgecenter 7.069635913750442e-05 0.0
known 0.00014139271827500884 0.0
knows 7.069635913750442e-05 0.3141153295199365
kotlin 0.00014139271827500884 0.11995931507897897
kotlin_ 7.069635913750442e-05 0.0
label 0.0037469070342877344 0.0
labelledby 0.00021208907741251324 0.0
labor 7.069635913750442e-05 0.5860490450035782
landmark 0.0002827854365500177 0.0
lang 0.001201838105337575 0.0
langage 7.069635913750442e-05 0.0
langage_clp 7.069635913750442e-05 0.0
langlinks 0.00014139271827500884 0.0
language 0.005160834217037822 0.0
languages 0.0012725344644750796 0.0
last 0.0009897490279250618 0.0
lastmod 7.069635913750442e-05 0.0
later 7.069635913750442e-05 0.017544309650909525
lazy 0.00014139271827500884 0.008733679968754631
ld 0.00014139271827500884 0.7195804376281008
learn 0.0004241781548250265 0.0
left 0.001696712619300106 0.0
length 7.069635913750442e-05 0.035401927050916
lenovo 0.0003534817956875221 0.0
lenovo_system_x 0.0003534817956875221 0.0
letter 0.00014139271827500884 0.035401927050916
letters 7.069635913750442e-05 0.14981227822866008
level 0.001201838105337575 0.0
level_store 7.069635913750442e-05 0.0
levels 7.069635913750442e-05 0.0
li 0.027571580063626724 0.0
lib 0.00014139271827500884 0.0721032939013439
library 0.00014139271827500884 0.0
library_list 7.069635913750442e-05 0.0
license 0.0004241781548250265 0.0
licenses 0.00014139271827500884 0.12981161152199053
life 7.069635913750442e-05 0.02643325706815543
like 0.0003534817956875221 0.0
likewise 7.069635913750442e-05 0.3504829736908114
limit 0.0007776599505125487 0.0
limited 0.0005655708731000354 0.008733679968754631
limitreport 0.00021208907741251324 0.0
line 0.000848356309650053 0.008733679968754631
line_argument 7.069635913750442e-05 0.0
link 0.0034641215977377167 0.08149303425118301
linked 7.069635913750442e-05 0.0721032939013439
links 0.0011311417462000707 0.0
lisp 0.00014139271827500884 0.09097177820572679
lisp_ 7.069635913750442e-05 0.0
list 0.009685401201838105 0.0
list_of_programming_languages 0.00014139271827500884 0.0
list_of_programming_languages_by_type 7.069635913750442e-05 0.0
listbullet 0.00021208907741251324 0.0
listed 0.00014139271827500884 0.11020314013361425
listing 7.069635913750442e-05 0.02643325706815543
listitem 0.0002827854365500177 0.0
lists 0.00014139271827500884 0.008733679968754631
load 0.00021208907741251324 0.0
loaded 7.069635913750442e-05 0.0
loader 7.069635913750442e-05 0.035401927050916
loading 0.00021208907741251324 0.0
loc 7.069635913750442e-05 0.0
lock 0.0007776599505125487 0.11020314013361425
log 0.0004948745139625309 0.0
logged 0.00014139271827500884 0.0
logical 0.00014139271827500884 0.0721032939013439
login 0.0003534817956875221 0.3141153295199365
logo 0.0014139271827500884 0.0
longer 7.069635913750442e-05 0.02643325706815543
looking 7.069635913750442e-05 0.11995931507897897
lower 0.0004241781548250265 0.044451762570833796
lt 0.0009190526687875574 0.20163734609324613
ltr 0.0006362672322375398 0.0
lua 0.0002827854365500177 0.0
lua_ 7.069635913750442e-05 0.0
m 0.0003534817956875221 0.08149303425118301
made 0.00014139271827500884 0.035401927050916
magnetic 7.069635913750442e-05 0.035401927050916
main 0.0018381053375751148 0.0
main_page 0.00014139271827500884 0.0
mainentity 0.00014139271827500884 0.0
mainly 7.069635913750442e-05 0.06280090123903044
mainpage 7.069635913750442e-05 0.0
maint 7.069635913750442e-05 0.09097177820572679
maintenance 7.069635913750442e-05 0.008733679968754631
maintenance_template_removal 7.069635913750442e-05 0.0
make 0.00014139271827500884 0.0
makecollapsible 0.00021208907741251324 0.0
manager 0.00014139271827500884 0.02643325706815543
mandatory 0.0002827854365500177 0.2340726218464
manual 0.00021208907741251324 0.035401927050916
many 7.069635913750442e-05 0.0
march 7.069635913750442e-05 0.017544309650909525
margin 0.0016260162601626016 0.0
match 0.00014139271827500884 0.008733679968754631
matches 0.00021208907741251324 0.08149303425118301
material 7.069635913750442e-05 0.0
matlab 0.00021208907741251324 0.11995931507897897
max 0.00014139271827500884 0.11020314013361425
may 0.00021208907741251324 0.0
mbox 0.0007776599505125487 0.0
mdy 0.0003534817956875221 0.19105523676270922
meaning 7.069635913750442e-05 0.10054122922187746
means 7.069635913750442e-05 0.0
media 0.00021208907741251324 0.11995931507897897
mediawiki 0.0006362672322375398 0.0
memory 7.069635913750442e-05 0.0
memusage 7.069635913750442e-05 0.0
menu 0.007140332272887946 0.0
menuing 7.069635913750442e-05 0.5860490450035782
menus 0.0006362672322375398 0.11020314013361425
message 0.00021208907741251324 0.0
meta 0.0009190526687875574 0.09097177820572679
metadata 7.069635913750442e-05 0.0
method 7.069635913750442e-05 0.0
meyers 0.00014139271827500884 0.5860490450035782
microprocessor 7.069635913750442e-05 0.5860490450035782
midrange 0.0002827854365500177 0.5860490450035782
midrange_computer 7.069635913750442e-05 0.0
midrange_computers 0.00014139271827500884 0.0
min 0.00014139271827500884 0.11020314013361425
minerva 0.0005655708731000354 0.0
mini 0.0003534817956875221 0.20163734609324613
minicomputers 0.00021208907741251324 0.19105523676270922
ml 0.00014139271827500884 0.11995931507897897
ml_ 7.069635913750442e-05 0.0
mmddyy 7.069635913750442e-05 0.5860490450035782
mmv 0.00014139271827500884 0.0
mobile 0.00021208907741251324 0.0
mobileaction 7.069635913750442e-05 0.0
mobileview 7.069635913750442e-05 0.0
mod 7.069635913750442e-05 0.044451762570833796
model 7.069635913750442e-05 0.0
module 0.00014139271827500884 0.044451762570833796
modules 0.00021208907741251324 0.0721032939013439
more 0.001201838105337575 0.0
more_citations_needed 7.069635913750442e-05 0.17022114985986725
most 7.069635913750442e-05 0.0
move 0.00021208907741251324 0.0
moved 7.069635913750442e-05 0.0
moving 7.069635913750442e-05 0.11020314013361425
ms 7.069635913750442e-05 0.0
msg 7.069635913750442e-05 0.5860490450035782
msgtype 7.069635913750442e-05 0.5860490450035782
much 0.00014139271827500884 0.017544309650909525
multiple 7.069635913750442e-05 0.035401927050916
must 0.00021208907741251324 0.008733679968754631
mw 0.029621774478614353 0.0
mw1355 0.00014139271827500884 0.5860490450035782
mw1369 7.069635913750442e-05 0.017544309650909525
my 0.00014139271827500884 0.11995931507897897
mycmd 7.069635913750442e-05 0.5860490450035782
mycontributions 7.069635913750442e-05 0.0
mylib 0.00014139271827500884 0.5860490450035782
mypgm 0.00014139271827500884 0.5860490450035782
mytalk 7.069635913750442e-05 0.0
n 0.0009897490279250618 0.08149303425118301
name 0.002898550724637681 0.0
named 0.0005655708731000354 0.008733679968754631
names 0.0002827854365500177 0.02643325706815543
namespaces 7.069635913750442e-05 0.21233263520999412
naming 7.069635913750442e-05 0.14981227822866008
naur 7.069635913750442e-05 0.0721032939013439
naur_form 7.069635913750442e-05 0.0
nav 0.0009897490279250618 0.7018808605286999
navbar 0.001343230823612584 0.20163734609324613
navbox 0.006009190526687876 0.0
navigation 0.0009190526687875574 0.0
navigationtiming 7.069635913750442e-05 0.0
nc 0.0009190526687875574 0.9382696385929302
nearby 7.069635913750442e-05 0.0
needed 7.069635913750442e-05 0.0
needing 0.0004241781548250265 0.0
needs 7.069635913750442e-05 0.0
net 0.00014139271827500884 0.0
netfinity 7.069635913750442e-05 0.5860490450035782
new 0.0009897490279250618 0.0
newpp 7.069635913750442e-05 0.0
news 7.069635913750442e-05 0.0
newspapers 7.069635913750442e-05 0.0
nnn 7.069635913750442e-05 0.5860490450035782
no 0.0004241781548250265 0.0
node 7.069635913750442e-05 0.0
noexcerpt 7.069635913750442e-05 0.0
nofollow 0.000848356309650053 0.0
noicon 0.0003534817956875221 0.0
nojs 7.069635913750442e-05 0.0
nomobile 7.069635913750442e-05 0.0
non 0.0003534817956875221 0.0
none 0.002686461647225168 0.21233263520999412
noprint 0.0003534817956875221 0.37548427589622857
normal 0.0003534817956875221 0.008733679968754631
noscript 0.0002827854365500177 0.0
nosnippet 7.069635913750442e-05 0.0
not 0.0007776599505125487 0.0
notice 7.069635913750442e-05 0.11020314013361425
november 7.069635913750442e-05 0.0
noviewer 0.0003534817956875221 0.0
now 7.069635913750442e-05 0.0
nowrap 0.00021208907741251324 0.035401927050916
nowraplinks 0.00021208907741251324 0.0
ns 0.00014139271827500884 0.19105523676270922
nstab 7.069635913750442e-05 0.0
null 7.069635913750442e-05 0.0
numb 0.000848356309650053 0.0
number 0.00021208907741251324 0.0
numeric 0.00014139271827500884 0.035401927050916
nv 0.0004241781548250265 0.0
nws 7.069635913750442e-05 0.0
o 0.0006362672322375398 0.035401927050916
object 0.0007069635913750442 0.0
object_ 0.0002827854365500177 0.0
object_pascal 7.069635913750442e-05 0.0
objects 0.00021208907741251324 0.0
observability 7.069635913750442e-05 0.5860490450035782
october 0.0003534817956875221 0.02643325706815543
odd 0.0004241781548250265 0.11995931507897897
of 0.003958996111700247 0.0
often 7.069635913750442e-05 0.008733679968754631
og 0.00014139271827500884 0.0
ol 0.001343230823612584 0.0
oldid 0.00021208907741251324 0.0
on 0.0012725344644750796 0.0
once 7.069635913750442e-05 0.11995931507897897
one 0.0003534817956875221 0.0
only 0.0004948745139625309 0.0
onscreen 7.069635913750442e-05 0.5860490450035782
opensearch_desc 7.069635913750442e-05 0.0
opensearchdescription 7.069635913750442e-05 0.0
operating 0.0003534817956875221 0.035401927050916
operating_system 7.069635913750442e-05 0.540239508972284
optimize 0.00014139271827500884 0.11020314013361425
optimized 7.069635913750442e-05 0.044451762570833796
option 7.069635913750442e-05 0.0
options 0.0003534817956875221 0.0
or 0.0009190526687875574 0.0
order 0.00021208907741251324 0.008733679968754631
org 0.005160834217037822 0.0
organiser 7.069635913750442e-05 0.0
organization 0.0003534817956875221 0.0
origin 0.0003534817956875221 0.11020314013361425
originally 7.069635913750442e-05 0.0
os 0.0004241781548250265 0.02643325706815543
other 0.0002827854365500177 0.0
out 0.0004948745139625309 0.0
output 0.011311417462000707 0.008733679968754631
overflow 0.00021208907741251324 0.19105523676270922
p 0.008271474019088017 0.0
padding 0.002545068928950159 0.0
page 0.003534817956875221 0.0
pagelanguagecode 7.069635913750442e-05 0.0
pagelanguagedir 7.069635913750442e-05 0.0
pageprop 7.069635913750442e-05 0.0
pages 0.0004948745139625309 0.0
pagevariantfallbacks 7.069635913750442e-05 0.0
panel 0.0004241781548250265 0.0
paradigm 0.00014139271827500884 0.017544309650909525
parameter 0.002474372569812655 0.0
parameter_ 7.069635913750442e-05 0.0
parameters 0.0014846235418875928 0.0
parm 7.069635913750442e-05 0.5860490450035782
parsed 7.069635913750442e-05 0.0
parser 0.011452810180275715 0.0
part 0.00021208907741251324 0.0
partitioning 0.00014139271827500884 0.5860490450035782
party 7.069635913750442e-05 0.05358424613410626
pascal 0.0002827854365500177 0.044451762570833796
pascal_ 7.069635913750442e-05 0.0
pass 7.069635913750442e-05 0.044451762570833796
passed 0.00021208907741251324 0.0
passes 7.069635913750442e-05 0.0721032939013439
passing 7.069635913750442e-05 0.08149303425118301
past 7.069635913750442e-05 0.14981227822866008
patroltoken 7.069635913750442e-05 0.0
pc 0.00021208907741251324 0.044451762570833796
pcache 7.069635913750442e-05 0.0
pdf 0.0005655708731000354 0.0
perform 0.00014139271827500884 0.035401927050916
perl 0.00021208907741251324 0.11020314013361425
permalink 7.069635913750442e-05 0.0
permanent 0.00014139271827500884 0.035401927050916
personal 0.0003534817956875221 0.0
pgm 0.0003534817956875221 0.2340726218464
php 0.00303994344291269 0.0
pin 0.00014139271827500884 0.454472687214859
pinnable 0.000848356309650053 0.0
pinned 0.0007069635913750442 0.0
pl 0.00021208907741251324 0.035401927050916
placeholder 7.069635913750442e-05 0.0
places 0.0006362672322375398 0.035401927050916
plainlinks 0.0002827854365500177 0.0
please 7.069635913750442e-05 0.0
plotter 0.00014139271827500884 0.5860490450035782
plus 7.069635913750442e-05 0.09097177820572679
png 0.0019794980558501237 0.0
pnlgrp 7.069635913750442e-05 0.5860490450035782
point 7.069635913750442e-05 0.02643325706815543
pointers 7.069635913750442e-05 0.0
policy 0.00014139271827500884 0.0
popups 7.069635913750442e-05 0.0
portal 0.00021208907741251324 0.06280090123903044
portlet 0.0019088016967126194 0.0
position 7.069635913750442e-05 0.008733679968754631
positional 0.0003534817956875221 0.0721032939013439
positionally 7.069635913750442e-05 0.5860490450035782
possible 7.069635913750442e-05 0.008733679968754631
post 0.00014139271827500884 0.0
postexpandincludesize 7.069635913750442e-05 0.0
power 0.0002827854365500177 0.008733679968754631
powered 7.069635913750442e-05 1.1340142157190256
poweredby_mediawiki_132x47 7.069635913750442e-05 0.0
poweredby_mediawiki_176x62 7.069635913750442e-05 0.0
poweredby_mediawiki_88x31 7.069635913750442e-05 0.0
poweredbyico 7.069635913750442e-05 0.0
powershell 0.00014139271827500884 0.0
ppvisitednodes 7.069635913750442e-05 0.0
prcord 0.00014139271827500884 0.5860490450035782
pre 0.0005655708731000354 0.02643325706815543
preconnect 7.069635913750442e-05 0.0
predecessors 0.00014139271827500884 0.2451224580329849
prefetch 0.00014139271827500884 0.0
preprocessor 7.069635913750442e-05 0.0
present 7.069635913750442e-05 0.11020314013361425
presentation 7.069635913750442e-05 0.0
press 0.0004948745139625309 0.10054122922187746
presses 7.069635913750442e-05 0.5860490450035782
pressing 0.00021208907741251324 0.5860490450035782
preview 7.069635913750442e-05 0.14981227822866008
print 0.00014139271827500884 0.0
print_export 0.00021208907741251324 0.0
printable 0.00021208907741251324 0.14981227822866008
printer 0.00014139271827500884 0.035401927050916
printfooter 7.069635913750442e-05 0.0
privacy 0.00021208907741251324 0.0
privacy_policy 0.00014139271827500884 0.0
problem 7.069635913750442e-05 0.08149303425118301
procedures 7.069635913750442e-05 0.035401927050916
processing 7.069635913750442e-05 0.035401927050916
profiling 7.069635913750442e-05 0.08149303425118301
profit 7.069635913750442e-05 0.0
program 0.001696712619300106 0.0
programmer 0.00021208907741251324 0.008733679968754631
programmiersprache 0.00014139271827500884 0.017544309650909525
programming 0.00303994344291269 0.0
programming_development_manager 7.069635913750442e-05 0.0
programming_language 0.0014846235418875928 0.008733679968754631
programming_languages 0.0004241781548250265 0.11995931507897897
programming_paradigm 7.069635913750442e-05 0.0
programs 0.0007776599505125487 0.008733679968754631
progressive 0.00021208907741251324 0.0
projects 0.00014139271827500884 0.06280090123903044
prolog 0.00021208907741251324 0.008733679968754631
prompt 0.00014139271827500884 0.26759531388504365
prompted 0.00014139271827500884 0.19105523676270922
prompting 0.0007069635913750442 0.5860490450035782
prompts 7.069635913750442e-05 0.20163734609324613
property 0.00021208907741251324 0.008733679968754631
proprietary 7.069635913750442e-05 0.02643325706815543
protection 7.069635913750442e-05 0.21233263520999412
provide 7.069635913750442e-05 0.008733679968754631
provided 0.00014139271827500884 0.008733679968754631
ps 7.069635913750442e-05 0.08149303425118301
pt 0.0004241781548250265 0.02643325706815543
pub 0.00014139271827500884 0.26759531388504365
publib 0.00014139271827500884 0.0
published 7.069635913750442e-05 0.044451762570833796
publisher 0.00014139271827500884 0.41419878807691896
punch 0.00021208907741251324 0.2340726218464
push 0.00021208907741251324 0.0
pygments 0.00014139271827500884 0.0
python 0.00014139271827500884 0.017544309650909525
python_ 7.069635913750442e-05 0.8131064956389242
q 0.0005655708731000354 0.0
q263490 0.0004948745139625309 0.5860490450035782
qpnlsrc 7.069635913750442e-05 0.5860490450035782
qshell 0.00021208907741251324 0.41419878807691896
qsys 7.069635913750442e-05 0.5860490450035782
qualified 7.069635913750442e-05 0.37548427589622857
query 7.069635913750442e-05 0.0
question 7.069635913750442e-05 0.2340726218464
question_book 0.0004948745139625309 0.0
quick 0.00021208907741251324 0.0
quick_response_engine 7.069635913750442e-05 0.0
quiet 0.0004241781548250265 0.0
quot 0.0011311417462000707 0.0
quotes 7.069635913750442e-05 0.19105523676270922
r 0.0002827854365500177 0.0
r1011085734 7.069635913750442e-05 0.0
r1061467846 0.00014139271827500884 0.0
r1063604349 0.00014139271827500884 0.0
r1066479718 7.069635913750442e-05 0.0
r1097763485 7.069635913750442e-05 0.0
r1129693374 0.0002827854365500177 0.0
r1133582631 0.00014139271827500884 0.0
r_ 7.069635913750442e-05 0.0
random 0.00014139271827500884 0.21233263520999412
randomly 7.069635913750442e-05 0.2340726218464
randompage 7.069635913750442e-05 0.0
range 7.069635913750442e-05 0.044451762570833796
raw 7.069635913750442e-05 0.11020314013361425
rdi 7.069635913750442e-05 0.5860490450035782
re 0.00014139271827500884 0.02643325706815543
read 0.00014139271827500884 0.11020314013361425
reader 0.00021208907741251324 0.14981227822866008
ready 0.001343230823612584 0.0
real 7.069635913750442e-05 0.0
reality 7.069635913750442e-05 0.2340726218464
recent 0.00021208907741251324 0.0721032939013439
recentchanges 0.00021208907741251324 0.0
recentchangeslinked 0.00014139271827500884 0.0
recursion 7.069635913750442e-05 0.0
red 7.069635913750442e-05 0.12981161152199053
redirect 0.0007776599505125487 0.02643325706815543
redlink 7.069635913750442e-05 0.0
reduced 7.069635913750442e-05 0.0
reference 0.0007776599505125487 0.035401927050916
references 0.0011311417462000707 0.0
referencetooltips 7.069635913750442e-05 0.0
referencing 7.069635913750442e-05 0.0721032939013439
referencing_for_beginners 7.069635913750442e-05 0.0
referrer 0.00021208907741251324 0.0
refimprove 0.00021208907741251324 0.0
reflist 0.0010604453870625664 0.0
registered 7.069635913750442e-05 0.0
registration 0.00014139271827500884 0.5705448584676129
rel 0.002474372569812655 0.0
related 0.00014139271827500884 0.02643325706815543
reliable 7.069635913750442e-05 0.0
removal 7.069635913750442e-05 0.14981227822866008
remove 0.00021208907741251324 0.0
removed 7.069635913750442e-05 0.0
rendered 7.069635913750442e-05 0.0
rendering 7.069635913750442e-05 0.0
repeat 0.0002827854365500177 0.0721032939013439
replace 7.069635913750442e-05 0.008733679968754631
report 0.00014139271827500884 0.0
require 7.069635913750442e-05 0.0
required 0.0003534817956875221 0.0
requires 0.00014139271827500884 0.044451762570833796
resemblance 7.069635913750442e-05 0.5860490450035782
reset 7.069635913750442e-05 0.044451762570833796
resourceloaderdynamicstyles 7.069635913750442e-05 0.0
response 0.00014139271827500884 0.017544309650909525
rest 7.069635913750442e-05 0.11020314013361425
restored 7.069635913750442e-05 0.2340726218464
restricted 7.069635913750442e-05 0.11020314013361425
result 7.069635913750442e-05 0.0
results 7.069635913750442e-05 0.0
retrieved 0.00014139271827500884 0.0
returnto 0.0002827854365500177 0.0
revision 0.00021208907741251324 0.0
revisions 7.069635913750442e-05 0.6844891178168307
rexx 0.00021208907741251324 0.40112670650956617
rfr_id 0.00014139271827500884 0.0
rft 0.000848356309650053 0.0
rft_id 7.069635913750442e-05 0.0
rft_val_fmt 0.00014139271827500884 0.0
rgba 7.069635913750442e-05 0.0
right 0.0011311417462000707 0.0
rl 7.069635913750442e-05 0.0
rlconf 7.069635913750442e-05 0.0
rlpagemodules 7.069635913750442e-05 0.0
rlq 0.0004241781548250265 0.0
rlstate 7.069635913750442e-05 0.0
rmvobs 0.00014139271827500884 0.5860490450035782
robots 7.069635913750442e-05 0.5108256237659907
role 0.001201838105337575 0.0
roman 0.0002827854365500177 0.37548427589622857
rootpage 7.069635913750442e-05 0.0
row 0.0009190526687875574 0.11020314013361425
rs 0.00014139271827500884 0.454472687214859
rs64 0.00014139271827500884 0.5860490450035782
rsd 0.00014139271827500884 0.0
rt 0.00014139271827500884 0.5860490450035782
ruby 0.00014139271827500884 0.017544309650909525
ruby_ 7.069635913750442e-05 0.0
run 7.069635913750442e-05 0.0
rust 0.00014139271827500884 0.017544309650909525
rust_ 7.069635913750442e-05 0.0
s 0.0009190526687875574 0.0
sa 0.00014139271827500884 0.0
same 7.069635913750442e-05 0.0
sameas 0.00014139271827500884 0.0
sample 0.0002827854365500177 0.1599646496926782
sample_code 0.0002827854365500177 0.5860490450035782
saved 0.00014139271827500884 0.0
saving 7.069635913750442e-05 0.21233263520999412
sbmdbjob 7.069635913750442e-05 0.5860490450035782
sc21 7.069635913750442e-05 0.0
schema 0.00014139271827500884 0.02643325706815543
scholar 0.00021208907741251324 0.0
science 0.00014139271827500884 0.008733679968754631
scope 0.0010604453870625664 0.0721032939013439
scratch 0.00014139271827500884 0.09097177820572679
scratch_ 7.069635913750442e-05 0.0
screen 0.0002827854365500177 0.044451762570833796
screens 0.00014139271827500884 0.11020314013361425
scribunto 7.069635913750442e-05 0.044451762570833796
script 0.0011311417462000707 0.14981227822866008
scripting 0.0006362672322375398 0.017544309650909525
scripting_language 7.069635913750442e-05 0.0
scripting_languages 7.069635913750442e-05 0.0
scripts 0.0002827854365500177 0.10054122922187746
search 0.002191587133262637 0.0
searchaux 7.069635913750442e-05 0.0
searchbutton 0.0002827854365500177 0.0
searchform 7.069635913750442e-05 0.0
searchinput 7.069635913750442e-05 0.0
second 7.069635913750442e-05 0.0
seconds 0.00021208907741251324 0.0
section 0.001696712619300106 0.008733679968754631
see 0.0004241781548250265 0.0
see_also 0.0002827854365500177 0.0
select 0.00021208907741251324 0.008733679968754631
selected 0.0002827854365500177 0.008733679968754631
selection 0.0002827854365500177 0.0721032939013439
selections 7.069635913750442e-05 0.5860490450035782
selector 7.069635913750442e-05 0.0
selflink 0.00021208907741251324 0.0
sensitive 7.069635913750442e-05 0.11020314013361425
sentences 7.069635913750442e-05 0.0
september 7.069635913750442e-05 0.008733679968754631
series 0.0003534817956875221 0.10054122922187746
server 0.00021208907741251324 0.017544309650909525
servers 0.00021208907741251324 0.10054122922187746
set 0.0004948745139625309 0.0
seu 7.069635913750442e-05 0.5860490450035782
several 7.069635913750442e-05 0.0
sha1 7.069635913750442e-05 0.0
shadow 0.0004241781548250265 0.26759531388504365
sharealike 7.069635913750442e-05 0.0
sharealike_3 7.069635913750442e-05 0.0
sharp 7.069635913750442e-05 0.3141153295199365
shell 0.0003534817956875221 0.11995931507897897
shell_script 0.00014139271827500884 0.0
shells 0.00021208907741251324 0.26759531388504365
short 0.0004241781548250265 0.0
short_description 0.00014139271827500884 0.0
short_description_matches_wikidata 7.069635913750442e-05 0.0
shortdescription 7.069635913750442e-05 0.0
should 0.00014139271827500884 0.10054122922187746
show 0.0002827854365500177 0.0
sidebar 0.0007776599505125487 0.0
sign 7.069635913750442e-05 0.035401927050916
simpler 7.069635913750442e-05 0.06280090123903044
simplesearch 7.069635913750442e-05 0.0
simplified 7.069635913750442e-05 0.14981227822866008
simula 0.00021208907741251324 0.08149303425118301
single 0.0004241781548250265 0.0
site 0.0003534817956875221 0.0
sitedir 7.069635913750442e-05 0.0
sitelinks 7.069635913750442e-05 0.0
sitenotice 0.00014139271827500884 0.0
sitesub 7.069635913750442e-05 0.0
sitesupport 7.069635913750442e-05 0.0
size 0.001201838105337575 0.0
sizing 0.00014139271827500884 0.11020314013361425
skeleton 7.069635913750442e-05 0.5860490450035782
skin 0.0009897490279250618 0.8131064956389242
skins 0.0004241781548250265 0.0
sltcmd 7.069635913750442e-05 0.5860490450035782
sm14 7.069635913750442e-05 0.0
small 0.0004948745139625309 0.0
smalltalk 0.00021208907741251324 0.11995931507897897
sndpgmmsg 7.069635913750442e-05 0.5860490450035782
so 0.00014139271827500884 0.0
software 0.0003534817956875221 0.017544309650909525
software_design 7.069635913750442e-05 0.0
software_developer 7.069635913750442e-05 0.0
software_license 7.069635913750442e-05 0.0
solid 0.0007776599505125487 0.19105523676270922
solution 7.069635913750442e-05 0.008733679968754631
some 7.069635913750442e-05 0.0
source 0.0002827854365500177 0.0
source_code 7.069635913750442e-05 0.0
sources 0.00014139271827500884 0.0
space 0.00014139271827500884 0.0721032939013439
spacing 0.0003534817956875221 0.0
span 0.026369741958289148 0.044451762570833796
speaking 7.069635913750442e-05 0.26759531388504365
special 0.0019794980558501237 0.0
specialpages 0.00014139271827500884 0.0
specific 7.069635913750442e-05 0.0
specified 0.0002827854365500177 0.008733679968754631
specifying 0.00021208907741251324 0.017544309650909525
speedy 7.069635913750442e-05 0.0
sql 0.00021208907741251324 0.02643325706815543
src 0.0009897490279250618 0.0
srcset 0.0005655708731000354 0.0
ssw_ibm_i_73 7.069635913750442e-05 0.0
standard 0.00014139271827500884 0.0
standardized 0.0003534817956875221 0.035401927050916
standardized_abbreviations 0.0002827854365500177 0.5860490450035782
stark 7.069635913750442e-05 0.26759531388504365
start 0.00014139271827500884 0.0721032939013439
starting 7.069635913750442e-05 0.044451762570833796
starts 0.00014139271827500884 0.2451224580329849
startup 0.00014139271827500884 0.0
statement 7.069635913750442e-05 0.0
static 0.0009190526687875574 0.0
statistics 7.069635913750442e-05 0.0
stats 7.069635913750442e-05 0.0
statslink 7.069635913750442e-05 0.0
status 7.069635913750442e-05 0.0
sticky 0.00014139271827500884 0.0
stopmobileredirecttoggle 7.069635913750442e-05 0.0
store 0.00014139271827500884 0.0
story02 7.069635913750442e-05 0.0
street 0.00014139271827500884 0.02643325706815543
string 0.0002827854365500177 0.0
structured 7.069635913750442e-05 0.035401927050916
style 0.00544361965358784 0.0
styles 0.0010604453870625664 0.0
stylesheet 0.00014139271827500884 0.0
subbox 7.069635913750442e-05 0.0
subgroup 0.0004241781548250265 0.0
subheader 7.069635913750442e-05 0.0
subject 0.0003534817956875221 0.10054122922187746
subjects 7.069635913750442e-05 0.3141153295199365
sublist 0.0009190526687875574 0.0
submit 0.00014139271827500884 0.0
subscription 0.00014139271827500884 0.0
subsection 7.069635913750442e-05 0.0
subtitle 7.069635913750442e-05 0.0
suggestededitsession 7.069635913750442e-05 0.0
summary 7.069635913750442e-05 0.14981227822866008
sup 0.0005655708731000354 0.0
supplied 7.069635913750442e-05 0.19105523676270922
support 0.00014139271827500884 0.0
svg 0.00303994344291269 0.0
svr 7.069635913750442e-05 0.5860490450035782
swift 0.00014139271827500884 0.11995931507897897
swift_ 7.069635913750442e-05 0.0
switcher 7.069635913750442e-05 0.0
symbol_category_class 0.000848356309650053 0.0
symbol_list_class 0.0004241781548250265 0.0
syntax 0.0005655708731000354 0.0
system 0.004312477907387769 0.0
system38 7.069635913750442e-05 0.0
systems 0.00021208907741251324 0.02643325706815543
t 0.001201838105337575 0.02643325706815543
tab 0.0003534817956875221 0.19105523676270922
tabindex 0.00014139271827500884 0.0
table 0.0010604453870625664 0.0
tabs 0.00014139271827500884 4.051784947803305
tagline 0.00021208907741251324 0.0
tags 7.069635913750442e-05 0.0
takes 7.069635913750442e-05 0.008733679968754631
talk 0.0005655708731000354 0.05358424613410626
tape 7.069635913750442e-05 0.035401927050916
target 0.0002827854365500177 0.0
targetloader 7.069635913750442e-05 0.0
tasks 7.069635913750442e-05 0.0
tb 0.00021208907741251324 0.0
tbm 0.00014139271827500884 0.0
tbody 0.0007069635913750442 0.0
tbs 0.00021208907741251324 0.09097177820572679
td 0.003534817956875221 0.0
telephone 7.069635913750442e-05 0.48225225132193467
telling 7.069635913750442e-05 0.5860490450035782
template 0.002545068928950159 0.0
template_talk 0.00014139271827500884 0.0
templateargumentsize 7.069635913750442e-05 0.0
templatestyles 0.0009190526687875574 0.0
ten 7.069635913750442e-05 0.044451762570833796
terminal 7.069635913750442e-05 0.08149303425118301
terms 0.00014139271827500884 0.0
terms_of_use 7.069635913750442e-05 0.0
text 0.003888299752562743 0.0
text_of_the_creative_commons_attribution 7.069635913750442e-05 0.0
th 0.00240367621067515 1.8545603704670854
than 0.00014139271827500884 0.0
that 0.001201838105337575 0.0
the 0.010250972074938141 0.0
their 7.069635913750442e-05 0.008733679968754631
them 0.00014139271827500884 0.0
then 0.0006362672322375398 0.0
there 0.0002827854365500177 0.0
these 0.00014139271827500884 0.0
they 0.00014139271827500884 0.008733679968754631
things 7.069635913750442e-05 0.02643325706815543
thinkpad 0.00014139271827500884 0.5860490450035782
third 7.069635913750442e-05 0.10054122922187746
this 0.002827854365500177 0.0
those 0.00021208907741251324 0.0
thousands 7.069635913750442e-05 0.1599646496926782
three 7.069635913750442e-05 0.02643325706815543
through 0.00014139271827500884 0.0
thumb 0.0012725344644750796 0.0
thumbnail 7.069635913750442e-05 0.0
time 0.0003534817956875221 0.0
timeline 0.00014139271827500884 0.11995931507897897
timeline_of_programming_languages 7.069635913750442e-05 0.0
timestamp 0.00014139271827500884 0.0
timeusage 7.069635913750442e-05 0.0
timingprofile 7.069635913750442e-05 0.0
title 0.019724284199363732 0.0
titlebar 0.0005655708731000354 0.0
titleform 7.069635913750442e-05 0.0
to 0.004878048780487805 0.0
toc 0.010180275715800637 0.0
todir 7.069635913750442e-05 0.5860490450035782
tofmt 0.00014139271827500884 0.5860490450035782
toggle 0.0007776599505125487 0.0
toggle_view_mobile 7.069635913750442e-05 0.0
tokens 7.069635913750442e-05 3.6463198396951406
toolbar 0.00021208907741251324 0.0
tools 0.0006362672322375398 0.0
top 0.0005655708731000354 0.0
tosep 0.00014139271827500884 0.5860490450035782
total 0.00014139271827500884 0.0
touch 0.00014139271827500884 2.4423470353692043
tovar 0.00014139271827500884 0.5860490450035782
tr 0.004100388829975256 0.08149303425118301
trademark 7.069635913750442e-05 0.0
traditional 0.00014139271827500884 0.12981161152199053
transclusion 7.069635913750442e-05 0.0
transientcontent 7.069635913750442e-05 0.0
transparent 0.0007069635913750442 0.11020314013361425
triggered 7.069635913750442e-05 0.0
true 0.001696712619300106 0.0
ttl 7.069635913750442e-05 0.0
two 0.00014139271827500884 0.0
typ 0.0003534817956875221 0.5860490450035782
type 0.0029692470837751855 0.0
typed 0.00021208907741251324 0.017544309650909525
types 7.069635913750442e-05 0.0
typical 7.069635913750442e-05 0.11020314013361425
typing 0.00014139271827500884 0.008733679968754631
u 0.00014139271827500884 0.035401927050916
ui 0.003958996111700247 0.0
uim 0.00021208907741251324 0.5860490450035782
ul 0.007564510427712973 0.0
uls 0.0003534817956875221 0.0
under 7.069635913750442e-05 0.0
unique 7.069635913750442e-05 0.035401927050916
unit 7.069635913750442e-05 0.035401927050916
unix 0.0002827854365500177 0.02643325706815543
unknown 7.069635913750442e-05 0.008733679968754631
unpin 0.00014139271827500884 0.0
unpinned 0.00014139271827500884 0.0
unsourced 7.069635913750442e-05 0.0
unstrip 0.0002827854365500177 0.0
up 0.00021208907741251324 0.0
updated 7.069635913750442e-05 0.08149303425118301
upload 0.0019794980558501237 0.14981227822866008
upper 0.0002827854365500177 0.11020314013361425
url 0.0005655708731000354 0.0721032939013439
us 0.00014139271827500884 0.02643325706815543
usage 0.0002827854365500177 0.0
use 0.0003534817956875221 0.0
used 0.0005655708731000354 0.0
useful 7.069635913750442e-05 0.008733679968754631
uselang 7.069635913750442e-05 0.0
user 0.002474372569812655 0.0
useradd 0.00014139271827500884 0.0
userlogin 0.00014139271827500884 0.0
using 0.0002827854365500177 0.0
usr 7.069635913750442e-05 0.5860490450035782
usually 7.069635913750442e-05 0.008733679968754631
utc 7.069635913750442e-05 0.0
utf 7.069635913750442e-05 0.21233263520999412
utm_campaign 7.069635913750442e-05 0.0
utm_medium 7.069635913750442e-05 0.0
utm_source 7.069635913750442e-05 0.0
ux 7.069635913750442e-05 0.0
v 0.00014139271827500884 0.044451762570833796
v5r2 0.00014139271827500884 0.0
v5r3 7.069635913750442e-05 0.5860490450035782
v7r3 7.069635913750442e-05 0.5860490450035782
valid 7.069635913750442e-05 0.008733679968754631
value 0.0019088016967126194 0.0
values 0.0005655708731000354 0.0
var 0.00014139271827500884 0.11020314013361425
variable 7.069635913750442e-05 0.0
variant 0.00014139271827500884 0.0
variants 0.0004241781548250265 0.0
variety 7.069635913750442e-05 0.14981227822866008
vary 7.069635913750442e-05 0.0
ve 7.069635913750442e-05 0.25629575863111026
vector 0.020431247790738776 0.0
verb 0.0002827854365500177 0.2340726218464
verbs 7.069635913750442e-05 0.2340726218464
verifiability 0.00014139271827500884 0.0
verification 7.069635913750442e-05 0.0
versa 7.069635913750442e-05 0.11020314013361425
version 0.00014139271827500884 0.0
vevent 7.069635913750442e-05 0.0
via 7.069635913750442e-05 0.017544309650909525
vice 7.069635913750442e-05 0.11020314013361425
view 0.0009897490279250618 0.0
viewport 7.069635913750442e-05 0.0
views 0.00021208907741251324 0.02643325706815543
visible 7.069635913750442e-05 0.044451762570833796
visit 0.00014139271827500884 0.0
visited 7.069635913750442e-05 0.0
visual 0.0002827854365500177 0.0
visual_basic_ 7.069635913750442e-05 0.0
visualeditor 0.0002827854365500177 0.0
vue 0.00014139271827500884 0.11995931507897897
w 0.002827854365500177 0.0
walltime 7.069635913750442e-05 0.0
wants 7.069635913750442e-05 0.10054122922187746
was 0.0004948745139625309 0.0
watchlist 7.069635913750442e-05 0.0
watchtoken 7.069635913750442e-05 0.0
wb 0.00014139271827500884 0.0
wbc 7.069635913750442e-05 0.0
wc 7.069635913750442e-05 2.4423470353692043
wdsc 7.069635913750442e-05 0.5860490450035782
web 7.069635913750442e-05 0.0
website 7.069635913750442e-05 0.0
weight 0.0003534817956875221 0.7195804376281008
well 7.069635913750442e-05 0.008733679968754631
were 0.00014139271827500884 0.02643325706815543
wgaction 7.069635913750442e-05 0.0
wgarticleid 7.069635913750442e-05 0.0
wgbackendresponsetime 7.069635913750442e-05 0.0
wgbreakframes 7.069635913750442e-05 0.0
wgcanonicalnamespace 7.069635913750442e-05 0.0
wgcanonicalspecialpagename 7.069635913750442e-05 0.0
wgcategories 7.069635913750442e-05 0.0
wgcentralauthmobiledomain 7.069635913750442e-05 0.0
wgcspnonce 7.069635913750442e-05 0.0
wgcurrevisionid 7.069635913750442e-05 0.0
wgdefaultdateformat 7.069635913750442e-05 0.0
wgdigittransformtable 7.069635913750442e-05 0.0
wgeditsubmitbuttonlabelpublish 7.069635913750442e-05 0.0
wgflaggedrevsparams 7.069635913750442e-05 0.0
wggestructuredtaskrejectionreasontextinputenabled 7.069635913750442e-05 0.0
wggetopicsmatchmodeenabled 7.069635913750442e-05 0.0
wghostname 7.069635913750442e-05 0.0
wgisarticle 7.069635913750442e-05 0.0
wgisprobablyeditable 7.069635913750442e-05 0.0
wgisredirect 7.069635913750442e-05 0.0
wgmediaviewerenabledbydefault 7.069635913750442e-05 0.0
wgmediavieweronclick 7.069635913750442e-05 0.0
wgmfdisplaywikibasedescriptions 7.069635913750442e-05 0.0
wgmonthnames 7.069635913750442e-05 0.0
wgnamespacenumber 7.069635913750442e-05 0.0
wgnoticeproject 7.069635913750442e-05 0.0
wgpagecontentlanguage 7.069635913750442e-05 0.0
wgpagecontentmodel 7.069635913750442e-05 0.0
wgpagename 7.069635913750442e-05 0.0
wgpageparsereport 7.069635913750442e-05 0.0
wgpopupsflags 7.069635913750442e-05 0.0
wgrelevantarticleid 7.069635913750442e-05 0.0
wgrelevantpageisprobablyeditable 7.069635913750442e-05 0.0
wgrelevantpagename 7.069635913750442e-05 0.0
wgrequestid 7.069635913750442e-05 0.0
wgrestrictionedit 7.069635913750442e-05 0.0
wgrestrictionmove 7.069635913750442e-05 0.0
wgrevisionid 7.069635913750442e-05 0.0
wgseparatortransformtable 7.069635913750442e-05 0.0
wgtitle 7.069635913750442e-05 0.0
wgulscurrentautonym 7.069635913750442e-05 0.0
wgulsiscompactlinksenabled 7.069635913750442e-05 0.0
wgulsislanguageselectorempty 7.069635913750442e-05 0.0
wgulsposition 7.069635913750442e-05 0.0
wgusergroups 7.069635913750442e-05 0.0
wgusername 7.069635913750442e-05 0.0
wgvector2022previewpages 7.069635913750442e-05 0.0
wgvisualeditor 7.069635913750442e-05 0.0
wgwikibaseitemid 7.069635913750442e-05 0.0
wgwmepagelength 7.069635913750442e-05 0.0
wgwmeschemaeditattemptstepoversample 7.069635913750442e-05 0.0
what 0.0002827854365500177 0.0
whatlinkshere 0.00014139271827500884 0.0
when 0.0005655708731000354 0.0
where 0.0002827854365500177 0.0
which 0.0004241781548250265 0.0
while 0.00014139271827500884 0.017544309650909525
white 0.00014139271827500884 0.0721032939013439
width 0.0037469070342877344 0.0
wiki 0.014209968186638389 0.0
wikibase 0.0002827854365500177 0.0
wikidata 0.0007776599505125487 0.0
wikimedia 0.0038176033934252387 0.0
wikimediabadges 7.069635913750442e-05 0.0
wikimediaevents 7.069635913750442e-05 0.0
wikimediafoundation 0.00014139271827500884 0.0
wikipedia 0.006221279604100389 0.0
wikisource 7.069635913750442e-05 3.6463198396951406
wikitext 7.069635913750442e-05 0.0
will 0.0005655708731000354 0.0
window 0.00021208907741251324 0.11020314013361425
windows 0.00014139271827500884 0.0
windows_powershell 7.069635913750442e-05 0.0
with 0.0014139271827500884 0.0
within 7.069635913750442e-05 0.0
wmf 0.00021208907741251324 0.0
word 0.0002827854365500177 0.044451762570833796
wordmark 0.00014139271827500884 0.0
work 0.00014139271827500884 0.017544309650909525
works 7.069635913750442e-05 0.11020314013361425
workstations 7.069635913750442e-05 0.10054122922187746
worlds 7.069635913750442e-05 0.3260915205666521
would 0.0004948745139625309 0.0
wpformidentifier 7.069635913750442e-05 0.0
wrap 0.00014139271827500884 0.5108256237659907
written 7.069635913750442e-05 0.0
wrk 7.069635913750442e-05 0.5860490450035782
ws 7.069635913750442e-05 0.0
www 0.001201838105337575 0.0
x 0.0007776599505125487 0.0
xml 0.00021208907741251324 0.14981227822866008
y 0.00014139271827500884 0.008733679968754631
year 0.00014139271827500884 0.10054122922187746
years 7.069635913750442e-05 0.017544309650909525
yes 7.069635913750442e-05 0.7936884097818228
you 0.0006362672322375398 0.0
yy 7.069635913750442e-05 0.5860490450035782
yynnn 7.069635913750442e-05 0.5860490450035782
z 0.00014139271827500884 0.11020314013361425
z39 0.00014139271827500884 0.0
z3988 0.00014139271827500884 0.0
