0 0.007000636421492863 0.0
00 0.00018183471224656787 0.0
000 0.00018183471224656787 0.0
008 0.00018183471224656787 2.5477075510270306
01 0.0005455041367397036 0.3382128810989969
02 0.00018183471224656787 0.48225225132193467
03 0.00018183471224656787 0.44086703515908027
039 0.00036366942449313574 0.0
03t06 0.00018183471224656787 4.74493212836325
04 0.00018183471224656787 0.5254244231871433
05 0.00018183471224656787 0.6340582641899388
057 0.00018183471224656787 4.051784947803305
06 0.00018183471224656787 0.5254244231871433
0_unported_license 9.091735612328394e-05 0.0
1 0.0052732066551504685 0.0
10 0.0005455041367397036 0.0
100 0.0008182562051095554 0.0
1000 9.091735612328394e-05 0.0
1000000 0.00018183471224656787 0.0
100px 9.091735612328394e-05 0.9837320126696876
1024 9.091735612328394e-05 1.7004096906398272
106 0.00018183471224656787 1.749199854809259
10px 0.0006364214928629876 0.454472687214859
11 0.00018183471224656787 0.21233263520999412
110 9.091735612328394e-05 1.2791962255635234
1137181435 0.0006364214928629876 4.74493212836325
117 9.091735612328394e-05 0.0
121 9.091735612328394e-05 1.449095262358921
124 0.00018183471224656787 1.5668782980153044
125em 9.091735612328394e-05 0.0
127 9.091735612328394e-05 0.09097177820572679
12px 9.091735612328394e-05 0.09097177820572679
12s5i 9.091735612328394e-05 0.0
13 9.091735612328394e-05 0.0
132 0.00018183471224656787 2.1058747987479913
133 9.091735612328394e-05 0.08149303425118301
1422467 0.0002727520683698518 4.74493212836325
1428 0.00018183471224656787 4.051784947803305
16 0.00036366942449313574 0.2451224580329849
160 0.0009091735612328394 0.0
1641 0.00018183471224656787 4.74493212836325
17 0.00036366942449313574 0.44086703515908027
175px 9.091735612328394e-05 1.6538896750049343
1814400 0.00018183471224656787 0.5705448584676129
19 0.0004545867806164197 0.38822330167365837
1990s 9.091735612328394e-05 1.911718784307034
1998 0.00036366942449313574 1.377636298376776
1999 0.0005455041367397036 1.377636298376776
1em 0.0007273388489862715 0.02643325706815543
1px 0.00036366942449313574 0.2451224580329849
1x1 9.091735612328394e-05 0.0
2 0.0026366033275752342 0.0
20 0.00018183471224656787 0.0
2000 9.091735612328394e-05 1.0813704822336037
2004 0.0006364214928629876 0.06280090123903044
2005 0.00036366942449313574 0.8531118302526235
20080822062234 9.091735612328394e-05 4.74493212836325
2011 9.091735612328394e-05 0.6017974019717174
2013 9.091735612328394e-05 0.6844891178168307
2016 0.00036366942449313574 0.9837320126696876
2019 0.00018183471224656787 0.9162907318741551
2022 0.0004545867806164197 0.0
2023 0.0002727520683698518 0.7195804376281008
20230316033022 9.091735612328394e-05 4.74493212836325
20230316033023 0.00018183471224656787 4.74493212836325
2097152 0.00036366942449313574 0.0
21z 0.00018183471224656787 2.953172659135195
22 0.0005455041367397036 0.26759531388504365
229 0.00018183471224656787 3.3586377672433594
22c 0.0005455041367397036 3.6463198396951406
23 0.00036366942449313574 0.48225225132193467
235 0.00018183471224656787 2.7990219793079367
23638 0.00018183471224656787 4.74493212836325
238px 9.091735612328394e-05 0.8329091229351039
23px 9.091735612328394e-05 0.5254244231871433
23t06 0.00018183471224656787 4.74493212836325
24 0.0004545867806164197 0.5254244231871433
248 0.00018183471224656787 3.1354942159291497
24px 9.091735612328394e-05 1.8004931491968095
25 0.00036366942449313574 0.3260915205666521
255 9.091735612328394e-05 0.09097177820572679
25724 0.00018183471224656787 4.74493212836325
25em 0.0002727520683698518 0.035401927050916
26 9.091735612328394e-05 0.0
27 0.00018183471224656787 0.42744401482693967
28 0.0004545867806164197 0.5860490450035782
29 0.00018183471224656787 0.22314355131420976
293 0.00018183471224656787 3.3586377672433594
2b 0.00036366942449313574 0.7195804376281008
2c 0.0009091735612328394 0.48225225132193467
2cicon 9.091735612328394e-05 0.0
2cstyles 9.091735612328394e-05 0.0
2em 0.0005455041367397036 0.06280090123903044
2f 0.0010000909173561233 0.11020314013361425
2fc 0.0002727520683698518 2.3470368555648795
2fcode 9.091735612328394e-05 2.953172659135195
2fen 0.0007273388489862715 0.10054122922187746
2fextern 0.00018183471224656787 4.74493212836325
2ffmt 0.0005455041367397036 0.10054122922187746
2fghc 0.00018183471224656787 4.74493212836325
2fimprovedllvmbackend 9.091735612328394e-05 4.74493212836325
2fman2 9.091735612328394e-05 4.74493212836325
2fmanual 9.091735612328394e-05 3.3586377672433594
2fportable 9.091735612328394e-05 4.051784947803305
2fpublication 0.00018183471224656787 3.3586377672433594
2fresearch 0.00018183471224656787 2.5477075510270306
2fthe 9.091735612328394e-05 2.1058747987479913
2ftrac 9.091735612328394e-05 4.74493212836325
2fwiki 9.091735612328394e-05 2.03688192726104
2fwww 0.0004545867806164197 0.3382128810989969
2px 0.00036366942449313574 0.26759531388504365
2x 0.0004545867806164197 0.0
3 0.0020910991908355304 0.0
30em 9.091735612328394e-05 0.09097177820572679
30z 0.00018183471224656787 3.6463198396951406
31 0.00018183471224656787 0.0
3125em 9.091735612328394e-05 0.0
315 0.00018183471224656787 3.6463198396951406
319 0.00018183471224656787 3.3586377672433594
32 9.091735612328394e-05 0.26759531388504365
320 0.00018183471224656787 2.665490586683414
34d6bf0fc352 9.091735612328394e-05 4.74493212836325
36 0.00018183471224656787 0.8131064956389242
36c 9.091735612328394e-05 1.0072625100798818
37 0.00018183471224656787 1.0072625100798818
37px 9.091735612328394e-05 2.3470368555648795
38 0.00018183471224656787 1.0313600616589422
39 9.091735612328394e-05 0.3141153295199365
399 9.091735612328394e-05 1.3109449238781037
3a 0.0006364214928629876 0.11020314013361425
3a3 9.091735612328394e-05 0.09097177820572679
3abook 0.0002727520683698518 0.22314355131420976
3ac 0.0005455041367397036 2.953172659135195
3ajournal 0.0002727520683698518 0.3260915205666521
3akev 0.0005455041367397036 0.10054122922187746
3amtx 0.0005455041367397036 0.10054122922187746
3aofi 0.0005455041367397036 0.10054122922187746
3asid 0.0005455041367397036 0.10054122922187746
3cols 9.091735612328394e-05 0.21233263520999412
3em 0.0002727520683698518 0.035401927050916
3px 9.091735612328394e-05 0.12981161152199053
4 0.0009091735612328394 0.02643325706815543
40 9.091735612328394e-05 0.0
400 0.00018183471224656787 0.0
47 0.0002727520683698518 1.2484245668967697
48 0.00018183471224656787 0.8531118302526235
49 0.00018183471224656787 0.9607424944449889
49px 9.091735612328394e-05 2.3470368555648795
4af8 9.091735612328394e-05 4.74493212836325
4c 9.091735612328394e-05 0.09097177820572679
4px 0.00018183471224656787 0.8329091229351039
5 0.0004545867806164197 0.11020314013361425
50 0.0002727520683698518 0.0
500 0.00018183471224656787 0.0
5000000 0.00018183471224656787 0.0
50px 9.091735612328394e-05 1.0072625100798818
51 0.00018183471224656787 1.0313600616589422
512 9.091735612328394e-05 0.6505875661411494
52428800 0.00018183471224656787 0.008733679968754631
5299776 0.00018183471224656787 4.74493212836325
52px 9.091735612328394e-05 1.0072625100798818
56 0.00018183471224656787 0.8737311174553593
58 0.00018183471224656787 1.1073459686368643
5em 0.0009091735612328394 0.0
5x 0.0004545867806164197 0.0
6 0.0008182562051095554 0.044451762570833796
60 0.00018183471224656787 0.8131064956389242
62 0.00018183471224656787 1.377636298376776
621 0.00018183471224656787 4.051784947803305
64 9.091735612328394e-05 1.1073459686368643
65 9.091735612328394e-05 0.05358424613410626
6f 0.0002727520683698518 2.26002547857525
7 0.0006364214928629876 0.0
702 0.00018183471224656787 4.74493212836325
72 0.00018183471224656787 1.1895840668738364
720px 0.0002727520683698518 0.0
75px 9.091735612328394e-05 1.0072625100798818
7cext 0.0002727520683698518 0.0
7cmediawiki 9.091735612328394e-05 0.0
7cskins 9.091735612328394e-05 0.0
7cwikibase 9.091735612328394e-05 0.0
8 0.0008182562051095554 0.0
80 0.0005455041367397036 0.3022808718729337
8000 9.091735612328394e-05 2.1799827709017134
8125em 9.091735612328394e-05 0.0
82 9.091735612328394e-05 0.9162907318741551
8202 0.00036366942449313574 4.051784947803305
833 0.00018183471224656787 3.3586377672433594
838f 9.091735612328394e-05 4.74493212836325
840 0.00018183471224656787 3.6463198396951406
85 9.091735612328394e-05 0.5705448584676129
88 0.001181925629602691 0.0
885f4aeb 9.091735612328394e-05 4.74493212836325
896 9.091735612328394e-05 2.26002547857525
8c 9.091735612328394e-05 1.0313600616589422
9 0.0009091735612328394 0.11020314013361425
90 0.0002727520683698518 0.08149303425118301
91 0.001363760341849259 0.0721032939013439
92 0.00018183471224656787 1.449095262358921
93 0.0016365124102191108 0.06280090123903044
95 9.091735612328394e-05 0.035401927050916
99 0.0002727520683698518 0.6505875661411494
9932cc 9.091735612328394e-05 1.0072625100798818
9a 9.091735612328394e-05 2.26002547857525
9em 9.091735612328394e-05 1.3437347467010947
9px 0.0002727520683698518 0.09097177820572679
_ 9.091735612328394e-05 1.749199854809259
_handbook 0.00018183471224656787 4.74493212836325
_handbook_6 0.00018183471224656787 4.74493212836325
_missing_periodical 9.091735612328394e-05 2.665490586683414
a 0.04064005818710792 0.0
a1 0.00036366942449313574 1.449095262358921
a2a9b1 0.00018183471224656787 0.27902400970866637
a3 9.091735612328394e-05 1.7004096906398272
a5 9.091735612328394e-05 2.1058747987479913
a6 9.091735612328394e-05 1.749199854809259
aa 9.091735612328394e-05 0.0721032939013439
aaa 9.091735612328394e-05 1.2484245668967697
abandoned 9.091735612328394e-05 2.665490586683414
about 0.0008182562051095554 0.0
aboutsite 9.091735612328394e-05 0.0
above 9.091735612328394e-05 0.1599646496926782
absolute 9.091735612328394e-05 0.0
ac 9.091735612328394e-05 0.9607424944449889
acc 9.091735612328394e-05 1.3109449238781037
accessdate 0.00018183471224656787 0.2451224580329849
accesskey 0.0017274297663423949 0.0
accompanied 9.091735612328394e-05 4.051784947803305
account 0.00036366942449313574 0.0
accurate 9.091735612328394e-05 3.1354942159291497
across 9.091735612328394e-05 0.0
action 0.0022729339030820982 0.0
actions 9.091735612328394e-05 0.0
actively 0.00018183471224656787 3.1354942159291497
add 9.091735612328394e-05 0.0
adding 9.091735612328394e-05 0.8947845266531914
addition 9.091735612328394e-05 1.16141318990714
additional 0.0007273388489862715 0.0
address 0.00018183471224656787 0.0
ae 0.00018183471224656787 1.449095262358921
after 0.00018183471224656787 0.0
agree 9.091735612328394e-05 0.0
alert 0.00036366942449313574 0.0
align 0.0006364214928629876 0.05358424613410626
all 0.0005455041367397036 0.0
all_articles_needing_additional_references 9.091735612328394e-05 1.911718784307034
allows 9.091735612328394e-05 0.8329091229351039
alpha 0.00036366942449313574 0.08149303425118301
also 0.0002727520683698518 0.19105523676270922
alt 0.0009091735612328394 0.0
alternate 0.0002727520683698518 0.0
alternative 9.091735612328394e-05 1.7004096906398272
although 9.091735612328394e-05 1.1340142157190256
ambox 0.002818438039821802 1.0072625100798818
among 9.091735612328394e-05 1.5668782980153044
amp 0.010182743885807801 0.0
an 0.0007273388489862715 0.0
and 0.002727520683698518 0.0
annotated 9.091735612328394e-05 2.5477075510270306
anon 0.00018183471224656787 0.0
anoncontribs 9.091735612328394e-05 0.0
anontalk 9.091735612328394e-05 0.0
anonymous 9.091735612328394e-05 0.0
another 0.00018183471224656787 0.09097177820572679
any 0.00018183471224656787 0.6844891178168307
api 9.091735612328394e-05 0.0
appeared 9.091735612328394e-05 0.40112670650956617
apple 0.00018183471224656787 0.0
application 0.0005455041367397036 0.0
apply 9.091735612328394e-05 0.0
april 0.0005455041367397036 0.0
april98 0.0002727520683698518 4.74493212836325
april98_1 0.00036366942449313574 4.74493212836325
ar 9.091735612328394e-05 0.6844891178168307
archive 0.0002727520683698518 0.3504829736908114
are 0.0006364214928629876 0.0
argument 9.091735612328394e-05 0.0
aria 0.002727520683698518 0.0
armenian 9.091735612328394e-05 1.9723434061234688
around 9.091735612328394e-05 1.449095262358921
array 9.091735612328394e-05 1.16141318990714
article 0.0009091735612328394 0.0
articles 0.0009091735612328394 0.0
articles_needing_additional_references_from_april_2016 9.091735612328394e-05 4.74493212836325
articles_with_short_description 9.091735612328394e-05 0.454472687214859
as 0.0008182562051095554 0.0
as_eq 9.091735612328394e-05 1.377636298376776
ascii 0.0002727520683698518 2.953172659135195
aspects 9.091735612328394e-05 2.26002547857525
assembly 0.0006364214928629876 1.2185716037470886
assembly_language 9.091735612328394e-05 1.8004931491968095
associated 0.00018183471224656787 0.0
async 0.0002727520683698518 0.0
at 0.0002727520683698518 0.0
atitle 0.0002727520683698518 0.25629575863111026
atom 0.0002727520683698518 0.0
attribution 9.091735612328394e-05 0.0
au 0.0008182562051095554 0.48225225132193467
aufirst 0.00036366942449313574 0.3629054936893685
august 9.091735612328394e-05 0.0
aulast 0.00036366942449313574 0.3629054936893685
author 0.00018183471224656787 0.0
auto 0.0002727520683698518 0.0
autocapitalize 9.091735612328394e-05 0.0
automatic 9.091735612328394e-05 1.377636298376776
automatic_programming 9.091735612328394e-05 4.74493212836325
autostart 9.091735612328394e-05 0.11020314013361425
available 0.0002727520683698518 0.0
avoid 0.00018183471224656787 0.09097177820572679
b 0.004182198381671061 0.0
b3 9.091735612328394e-05 0.7559480817989758
b32424 0.00018183471224656787 1.0072625100798818
b4 9.091735612328394e-05 0.8329091229351039
b6_ 9.091735612328394e-05 3.3586377672433594
b8 0.00018183471224656787 0.9382696385929302
back_end 9.091735612328394e-05 4.74493212836325
backend 0.00036366942449313574 2.5477075510270306
backends 0.0002727520683698518 4.051784947803305
background 0.0010000909173561233 0.017544309650909525
backlink 0.0008182562051095554 0.08149303425118301
basically 9.091735612328394e-05 3.3586377672433594
bcpl 0.0002727520683698518 2.665490586683414
be 0.0007273388489862715 0.06280090123903044
because 0.00018183471224656787 0.0
before 9.091735612328394e-05 0.0
began 9.091735612328394e-05 1.8004931491968095
beginners 9.091735612328394e-05 1.7004096906398272
behavior 9.091735612328394e-05 2.03688192726104
below 9.091735612328394e-05 0.18058393689541388
between 0.00018183471224656787 0.7375989431307791
bf 9.091735612328394e-05 1.1340142157190256
binary 0.00018183471224656787 1.7004096906398272
binary_data 9.091735612328394e-05 4.74493212836325
bit 0.0006364214928629876 1.2791962255635234
bit_array 9.091735612328394e-05 4.74493212836325
bits32 9.091735612328394e-05 4.74493212836325
bits64 9.091735612328394e-05 4.74493212836325
bits8 9.091735612328394e-05 4.74493212836325
bks 0.00018183471224656787 1.377636298376776
bkt 9.091735612328394e-05 1.377636298376776
blog 9.091735612328394e-05 1.377636298376776
body 0.001454677697972543 0.0
bodycontent 0.00018183471224656787 0.0
bokmål 0.00018183471224656787 1.3437347467010947
bold 9.091735612328394e-05 0.2451224580329849
books 9.091735612328394e-05 0.5552773863368246
bool 9.091735612328394e-05 2.953172659135195
boolean 9.091735612328394e-05 1.5668782980153044
bootstrap 9.091735612328394e-05 0.10054122922187746
border 0.0017274297663423949 0.0
borrows 9.091735612328394e-05 3.6463198396951406
bottom 0.00018183471224656787 0.05358424613410626
box 0.001363760341849259 0.0
br 9.091735612328394e-05 0.42744401482693967
bracket 0.0012728429857259752 0.0
branch 9.091735612328394e-05 2.3470368555648795
branches 9.091735612328394e-05 2.7990219793079367
break 0.0002727520683698518 0.05358424613410626
browsing 9.091735612328394e-05 0.0
btitle 0.0002727520683698518 0.22314355131420976
btn 0.0004545867806164197 0.0
built 9.091735612328394e-05 1.0072625100798818
but 9.091735612328394e-05 0.3629054936893685
button 0.0030911901081916537 0.0
buttons 9.091735612328394e-05 0.0
by 0.0018183471224656788 0.0
bytecode 0.0002727520683698518 2.26002547857525
bytes 0.00036366942449313574 0.0
c 0.01409219019910901 0.0
c13_en 9.091735612328394e-05 0.0
c_ 0.00018183471224656787 0.8329091229351039
c_preprocessor 9.091735612328394e-05 2.953172659135195
c_programming_language_family 9.091735612328394e-05 2.5477075510270306
ca 0.0007273388489862715 0.0
cache 0.00018183471224656787 0.0
cached 9.091735612328394e-05 0.0
cachereport 9.091735612328394e-05 0.0
cactions 0.0005455041367397036 0.0
call 0.00018183471224656787 1.1073459686368643
calling 9.091735612328394e-05 1.7004096906398272
calls 9.091735612328394e-05 0.0
campaigns 9.091735612328394e-05 0.0
can 0.00036366942449313574 0.17022114985986725
canonical 0.00018183471224656787 0.0
cantonese 9.091735612328394e-05 0.540239508972284
caption 0.00018183471224656787 0.21233263520999412
categories 0.00018183471224656787 0.02643325706815543
category 0.001454677697972543 0.0
catlinks 0.0005455041367397036 0.0
cats 9.091735612328394e-05 0.0721032939013439
cell 0.0002727520683698518 0.7195804376281008
center 0.0008182562051095554 0.017544309650909525
centralauth 0.00018183471224656787 0.0
centralautologin 0.00018183471224656787 0.0
centralnotice 0.0002727520683698518 0.0
cf14 9.091735612328394e-05 4.74493212836325
challenge 9.091735612328394e-05 3.1354942159291497
challenged 9.091735612328394e-05 1.8004931491968095
change 9.091735612328394e-05 0.0
changes 0.0005455041367397036 0.0
changing 9.091735612328394e-05 2.4423470353692043
charinsert 9.091735612328394e-05 0.0
charset 9.091735612328394e-05 0.0
check 9.091735612328394e-05 1.6538896750049343
checkbox 0.0030911901081916537 0.0
checked 9.091735612328394e-05 2.4423470353692043
child 9.091735612328394e-05 0.06280090123903044
choice 9.091735612328394e-05 2.26002547857525
christian 9.091735612328394e-05 3.1354942159291497
citation 0.0016365124102191108 0.08149303425118301
citations 0.00018183471224656787 1.2185716037470886
cite 0.0030911901081916537 0.0
cite_journal 0.00036366942449313574 1.5260563034950492
cite_note 0.0021820165469588143 0.08149303425118301
cite_ref 0.002727520683698518 0.08149303425118301
citerefnordinjonesiglesiasoliva1998 9.091735612328394e-05 4.74493212836325
citerefnordinjonesiglesiasoliva1999 9.091735612328394e-05 4.74493212836325
citereframseyjones 9.091735612328394e-05 4.74493212836325
citerefreigramseyjones1999 9.091735612328394e-05 4.74493212836325
citethispage 9.091735612328394e-05 0.0
class 0.03700336394217656 0.0
classname 0.0002727520683698518 0.0
clear 0.0002727520683698518 0.11995931507897897
client 0.0005455041367397036 0.0
cminusminus 0.00018183471224656787 4.74493212836325
cmm 0.0010000909173561233 4.74493212836325
code 0.0025456859714519504 0.035401927050916
code_generation_ 9.091735612328394e-05 3.6463198396951406
code_generator 0.00018183471224656787 4.74493212836325
code_generator_8 0.00018183471224656787 4.74493212836325
coll 0.00036366942449313574 0.0
collapse 0.00018183471224656787 0.21233263520999412
collapsed 0.0002727520683698518 0.0
collapses 9.091735612328394e-05 0.0
collapsible 0.0009091735612328394 0.0
collection 0.0006364214928629876 1.3109449238781037
collectors 9.091735612328394e-05 4.74493212836325
color 0.0008182562051095554 0.017544309650909525
colspan 0.0002727520683698518 0.14981227822866008
column 0.0002727520683698518 0.09097177820572679
columns 0.0004545867806164197 0.09097177820572679
com 0.0010000909173561233 0.11995931507897897
comes 9.091735612328394e-05 2.3470368555648795
comment 0.00036366942449313574 1.377636298376776
commentary 0.00018183471224656787 4.74493212836325
commons 0.0007273388489862715 0.0
community 9.091735612328394e-05 0.0
community_portal 9.091735612328394e-05 0.0
compact 0.00018183471224656787 0.8947845266531914
compactlinks 9.091735612328394e-05 0.0
compiler 0.0012728429857259752 0.5108256237659907
compilers 0.0008182562051095554 1.1340142157190256
complex 9.091735612328394e-05 1.2185716037470886
complications 9.091735612328394e-05 0.0
computed 9.091735612328394e-05 2.953172659135195
computer 0.0004545867806164197 0.12981161152199053
computer_programming 0.00018183471224656787 1.0560526742493137
computer_science 9.091735612328394e-05 0.5860490450035782
computer_scientist 9.091735612328394e-05 1.486835590341768
config 0.00018183471224656787 0.0
constraints 9.091735612328394e-05 2.1799827709017134
constructs 9.091735612328394e-05 1.5668782980153044
contact 0.00036366942449313574 0.0
contact_us 0.00018183471224656787 0.0
contactpage 9.091735612328394e-05 0.0
container 0.001363760341849259 0.0
containing 9.091735612328394e-05 0.0
content 0.005636876079643604 0.0
contentinfo 9.091735612328394e-05 0.0
contents 0.001181925629602691 0.0
contentsub 9.091735612328394e-05 0.0
context 0.00018183471224656787 0.0
contribute 9.091735612328394e-05 0.0
contributions 9.091735612328394e-05 0.0
contributors 0.00018183471224656787 0.0
control 9.091735612328394e-05 0.44086703515908027
controls 0.0002727520683698518 0.0
convention 9.091735612328394e-05 2.3470368555648795
conventions 9.091735612328394e-05 2.5477075510270306
conversion 9.091735612328394e-05 0.0
cookie 0.0004545867806164197 0.0
cookie_statement 9.091735612328394e-05 0.0
cookiestatement 9.091735612328394e-05 0.0
copyright 0.0002727520683698518 0.0
copyrightico 9.091735612328394e-05 0.0
count 0.00018183471224656787 0.0
cpu 9.091735612328394e-05 0.0
cputime 9.091735612328394e-05 0.0
create 0.00036366942449313574 0.0
createaccount 0.00036366942449313574 0.0
creative 9.091735612328394e-05 0.0
creativecommons 0.00018183471224656787 0.0
creators 9.091735612328394e-05 3.1354942159291497
cross 9.091735612328394e-05 0.0
crossorigin 9.091735612328394e-05 0.0
cs 0.0012728429857259752 0.9607424944449889
cs1 0.002909355395945086 0.09097177820572679
cs1_errors 0.0002727520683698518 2.665490586683414
csrftoken 9.091735612328394e-05 0.0
ctx_ver 0.0005455041367397036 0.10054122922187746
current 0.00018183471224656787 0.0
current_events 9.091735612328394e-05 0.0
currentevents 9.091735612328394e-05 0.0
custom 9.091735612328394e-05 1.8004931491968095
cx 0.00018183471224656787 0.0
czech 9.091735612328394e-05 1.3109449238781037
d 0.00018183471224656787 0.06280090123903044
d0 9.091735612328394e-05 1.4127276181880462
d33 0.00018183471224656787 0.09097177820572679
d4 9.091735612328394e-05 3.6463198396951406
d5 0.0010910082734794072 2.665490586683414
d6 0.0004545867806164197 0.09097177820572679
d8 9.091735612328394e-05 0.7375989431307791
data 0.004000363669424493 0.0
date 0.0004545867806164197 0.08149303425118301
datemodified 0.00018183471224656787 0.0
datepublished 0.00018183471224656787 0.0
db 9.091735612328394e-05 0.8737311174553593
de 0.00036366942449313574 0.2905848321097423
debugging 0.0004545867806164197 2.1799827709017134
debugging_9 0.00018183471224656787 4.74493212836325
december 0.0002727520683698518 0.0
decimal 9.091735612328394e-05 0.09097177820572679
decoding 0.00018183471224656787 0.11020314013361425
decrement 9.091735612328394e-05 3.6463198396951406
deduplicate 0.0005455041367397036 0.017544309650909525
deduplicated 0.0007273388489862715 0.06280090123903044
defined 9.091735612328394e-05 0.9162907318741551
delegating 9.091735612328394e-05 4.74493212836325
delete 9.091735612328394e-05 0.9162907318741551
dependent 9.091735612328394e-05 1.9723434061234688
depth 0.0002727520683698518 0.0
description 0.0006364214928629876 0.0
design 0.0007273388489862715 0.3141153295199365
designed 0.00036366942449313574 0.3504829736908114
desktoparticletarget 0.0002727520683698518 0.0
despite 9.091735612328394e-05 2.03688192726104
detection 9.091735612328394e-05 0.0
deutsch 9.091735612328394e-05 0.5254244231871433
developed 9.091735612328394e-05 0.540239508972284
developer 9.091735612328394e-05 0.0
developers 0.0002727520683698518 0.0
development 9.091735612328394e-05 0.38822330167365837
dialect 9.091735612328394e-05 1.8004931491968095
dias 9.091735612328394e-05 4.74493212836325
different 0.0002727520683698518 0.38822330167365837
dino 0.00036366942449313574 4.74493212836325
dir 0.0002727520683698518 0.0
directly 9.091735612328394e-05 1.1895840668738364
disabled 0.0010000909173561233 0.0
discipline 0.00018183471224656787 0.8131064956389242
disclaimers 0.00018183471224656787 0.0
discuss 9.091735612328394e-05 0.0
discussion 0.00018183471224656787 0.0
display 0.0007273388489862715 0.0
distinction 9.091735612328394e-05 2.953172659135195
distinctions 9.091735612328394e-05 3.6463198396951406
distinguish 9.091735612328394e-05 2.1058747987479913
div 0.016546958814437678 0.0
dmy 9.091735612328394e-05 0.0
dns 0.00018183471224656787 0.0
dobasicsearch 9.091735612328394e-05 1.377636298376776
docs 9.091735612328394e-05 1.1073459686368643
doctype 9.091735612328394e-05 0.0
document 0.00036366942449313574 0.0
documented 9.091735612328394e-05 2.7990219793079367
documentelement 0.0002727520683698518 0.0
does 0.00036366942449313574 0.4682660093471948
donate 0.0002727520683698518 0.0
donating 9.091735612328394e-05 0.0
done 9.091735612328394e-05 1.449095262358921
download 0.00036366942449313574 0.0
downloadaspdf 9.091735612328394e-05 0.0
downloads 0.0002727520683698518 2.5477075510270306
dropdown 0.0022729339030820982 0.0
dumped 9.091735612328394e-05 4.74493212836325
e 0.0002727520683698518 0.0
e0 0.00018183471224656787 1.1073459686368643
e2 0.0004545867806164197 0.7018808605286999
ease 0.00018183471224656787 2.7990219793079367
echo 9.091735612328394e-05 0.0
edit 0.0034548595326847897 0.0
editable 9.091735612328394e-05 0.0
edited 9.091735612328394e-05 0.0
editing 9.091735612328394e-05 0.0
editor 0.00018183471224656787 0.0
editors 0.00018183471224656787 0.0
editpage 9.091735612328394e-05 0.0
edits 0.00018183471224656787 0.0
editsection 0.0019092644785889627 0.0
edituri 9.091735612328394e-05 0.0
edu 0.0009091735612328394 0.9607424944449889
eee 9.091735612328394e-05 0.48225225132193467
efficient 9.091735612328394e-05 1.8545603704670854
element 0.0006364214928629876 0.0
ellipsis 0.00018183471224656787 0.0
elt 0.00036366942449313574 0.0
empty 0.0004545867806164197 0.0
emptyportlet 0.00018183471224656787 0.0
en 0.002818438039821802 0.0
enabled 0.0010000909173561233 0.0
encouraged 0.00036366942449313574 0.0
encyclopedia 0.00018183471224656787 0.0
end 9.091735612328394e-05 0.0
enforce 9.091735612328394e-05 3.1354942159291497
english 0.0002727520683698518 0.0
enhancements 9.091735612328394e-05 0.0721032939013439
entities 9.091735612328394e-05 0.0
entity 0.00036366942449313574 0.0
entityaccesscount 9.091735612328394e-05 0.0
entitypage 0.00018183471224656787 0.0
entry 0.00018183471224656787 1.377636298376776
enwiki 9.091735612328394e-05 0.0
enwikimwclientprefs 9.091735612328394e-05 0.0
ergonomics 9.091735612328394e-05 4.74493212836325
error 0.0005455041367397036 0.09097177820572679
errors 0.0004545867806164197 1.486835590341768
es6 9.091735612328394e-05 0.0
esi 0.00018183471224656787 0.0
esitest 9.091735612328394e-05 0.0
essential 9.091735612328394e-05 2.953172659135195
event 0.0009091735612328394 0.0
eventlogging 0.00018183471224656787 0.0
events 0.00018183471224656787 0.0
exact 9.091735612328394e-05 0.0
exception 0.0002727520683698518 1.7004096906398272
exception_handling 9.091735612328394e-05 2.4423470353692043
executable 9.091735612328394e-05 1.6538896750049343
exist 9.091735612328394e-05 0.540239508972284
exists 9.091735612328394e-05 0.0
expand 0.00036366942449313574 0.0
expanded 0.0006364214928629876 0.008733679968754631
expansion 0.00018183471224656787 0.0
expansiondepth 9.091735612328394e-05 0.0
expensive 9.091735612328394e-05 0.0
expensivefunctioncount 9.091735612328394e-05 0.0
expiry 0.00018183471224656787 0.0
export 9.091735612328394e-05 0.0
expressions 9.091735612328394e-05 1.4127276181880462
ext 0.002454768615328666 0.0
extensions 9.091735612328394e-05 0.8131064956389242
extern 0.00018183471224656787 3.3586377672433594
external 0.0020001818347122466 0.0
external_links 0.00036366942449313574 0.19105523676270922
extra 9.091735612328394e-05 0.0
ezyang 9.091735612328394e-05 4.74493212836325
f 0.00036366942449313574 0.0
f28500 9.091735612328394e-05 1.0072625100798818
f9f9f9 9.091735612328394e-05 1.3437347467010947
fa 0.00036366942449313574 1.0072625100798818
fa8a495983347898 9.091735612328394e-05 0.0
fallbacksearchbutton 9.091735612328394e-05 0.0
false 0.0010910082734794072 0.0
family 0.0004545867806164197 0.7018808605286999
favicon 9.091735612328394e-05 0.0
fbfbfb 9.091735612328394e-05 1.0072625100798818
fc3 9.091735612328394e-05 1.0072625100798818
feature 0.0020001818347122466 0.0
featurename 0.0002727520683698518 0.0
features 0.0002727520683698518 0.38822330167365837
february 0.00018183471224656787 0.0
fee7e6 9.091735612328394e-05 1.0072625100798818
feed 0.00018183471224656787 0.0
fermin 0.00018183471224656787 4.74493212836325
few 9.091735612328394e-05 1.7004096906398272
fi 0.00036366942449313574 1.377636298376776
file 0.0009091735612328394 0.0
file_upload_wizard 0.00018183471224656787 0.0
files 9.091735612328394e-05 0.0
final 9.091735612328394e-05 1.5668782980153044
finalized 9.091735612328394e-05 4.051784947803305
find 9.091735612328394e-05 0.6177977433181585
finnish 9.091735612328394e-05 1.5668782980153044
first 0.0002727520683698518 0.0
firstheading 0.0002727520683698518 0.0
float 0.0004545867806164197 0.06280090123903044
floating 0.0002727520683698518 1.6094379124341003
flow 9.091735612328394e-05 1.0813704822336037
flush 0.0004545867806164197 0.0
font 0.0010910082734794072 0.017544309650909525
footer 0.002363851259205382 0.0
for 0.0020001818347122466 0.0
fork 9.091735612328394e-05 2.665490586683414
form 0.0005455041367397036 0.0
format 0.00036366942449313574 0.0
former 9.091735612328394e-05 2.03688192726104
forming 9.091735612328394e-05 4.74493212836325
foundation 0.0008182562051095554 0.0
fr 0.00036366942449313574 0.6177977433181585
français 9.091735612328394e-05 0.6844891178168307
free 0.0004545867806164197 0.0
french 9.091735612328394e-05 0.6673946844575306
from 0.001181925629602691 0.0
fuel 0.00018183471224656787 2.665490586683414
full 0.0002727520683698518 0.044451762570833796
fulltext 9.091735612328394e-05 0.0
function 0.0006364214928629876 0.0
functional 0.0002727520683698518 1.2185716037470886
functional_programming 9.091735612328394e-05 1.6094379124341003
functions 9.091735612328394e-05 0.7018808605286999
fundraiserredirector 9.091735612328394e-05 0.0
further 9.091735612328394e-05 0.7375989431307791
g 0.0002727520683698518 0.0
gadget 0.00036366942449313574 0.0
garbage 0.0007273388489862715 1.749199854809259
garbage_collection_ 9.091735612328394e-05 1.9723434061234688
gc99 0.0002727520683698518 4.74493212836325
gc99_2 0.00036366942449313574 4.74493212836325
gehomepagesuggestededitsenabletopics 9.091735612328394e-05 0.0
general_disclaimer 9.091735612328394e-05 0.0
generated 0.00018183471224656787 1.6538896750049343
generation 0.0002727520683698518 1.486835590341768
generator 0.00018183471224656787 0.0
generators 9.091735612328394e-05 2.1058747987479913
generic 9.091735612328394e-05 1.8004931491968095
genre 0.0005455041367397036 0.10054122922187746
geoip 9.091735612328394e-05 0.0
german 9.091735612328394e-05 0.5108256237659907
ghc 0.0010000909173561233 4.051784947803305
github 9.091735612328394e-05 1.0560526742493137
gitlab 9.091735612328394e-05 4.74493212836325
glasgow 0.00018183471224656787 4.051784947803305
glasgow_haskell_compiler 9.091735612328394e-05 4.051784947803305
global 9.091735612328394e-05 1.4127276181880462
globalcssjs 0.00018183471224656787 0.0
go 0.00036366942449313574 0.0
google 0.0004545867806164197 0.540239508972284
googpub 0.00018183471224656787 0.0
grammar 9.091735612328394e-05 2.26002547857525
gray 9.091735612328394e-05 0.09097177820572679
greek 0.00018183471224656787 0.09097177820572679
green 9.091735612328394e-05 0.09097177820572679
group 0.00036366942449313574 0.0
growthexperiments 9.091735612328394e-05 0.0
guarantee 9.091735612328394e-05 3.3586377672433594
guidance 9.091735612328394e-05 0.0
guides 9.091735612328394e-05 0.0
h 0.00018183471224656787 0.0
h1 0.00018183471224656787 0.0
h2 0.0012728429857259752 0.0
h3 0.00018183471224656787 0.7195804376281008
hack 0.0005455041367397036 0.0
had 9.091735612328394e-05 1.0313600616589422
hamper 9.091735612328394e-05 4.74493212836325
handling 0.0002727520683698518 1.377636298376776
hardware 9.091735612328394e-05 1.3109449238781037
has 0.00018183471224656787 0.0
haskell 0.001181925629602691 1.5668782980153044
haspopup 0.0004545867806164197 0.0
have 0.0002727520683698518 0.6340582641899388
he 0.00036366942449313574 1.16141318990714
head 0.0002727520683698518 0.0
header 0.002454768615328666 0.0
heading 0.0020910991908355304 0.0
headline 0.0008182562051095554 0.0
heavily 9.091735612328394e-05 2.5477075510270306
hebrew 9.091735612328394e-05 1.5668782980153044
height 0.0012728429857259752 0.0
hell 9.091735612328394e-05 4.74493212836325
help 0.0016365124102191108 0.0
here 9.091735612328394e-05 0.0
hidden 0.0016365124102191108 0.0
hide 0.00036366942449313574 0.0
high 0.0002727520683698518 0.8531118302526235
higher 0.00018183471224656787 1.486835590341768
highest 9.091735612328394e-05 0.0
history 0.0005455041367397036 0.0
hor 0.00018183471224656787 0.0
hosted 9.091735612328394e-05 0.0
how 0.0005455041367397036 0.0
however 0.0005455041367397036 0.0
href 0.02009273570324575 0.0
hreflang 0.0017274297663423949 0.11020314013361425
hs 0.0002727520683698518 4.74493212836325
hs_4 0.00036366942449313574 4.74493212836325
html 0.0012728429857259752 0.0
http 0.0005455041367397036 0.0
https 0.0052732066551504685 0.0
hub 9.091735612328394e-05 0.0
human 9.091735612328394e-05 2.5477075510270306
hy 0.00036366942449313574 1.9723434061234688
i 0.002909355395945086 0.008733679968754631
ico 9.091735612328394e-05 0.0
icon 0.0035457768888080736 0.0
icons 0.00036366942449313574 0.0
id 0.015183198472588416 0.0
idhash 9.091735612328394e-05 0.0
if 0.00018183471224656787 0.0
iglesias 0.00036366942449313574 4.74493212836325
image 0.0009091735612328394 0.0
imageobject 0.00018183471224656787 0.0
imageright 9.091735612328394e-05 0.8329091229351039
images 0.0010910082734794072 0.0
img 0.0007273388489862715 0.0
imperative 0.00018183471224656787 1.16141318990714
imperative_programming 9.091735612328394e-05 1.2791962255635234
implement 9.091735612328394e-05 0.0
implementation 0.00018183471224656787 0.5705448584676129
implementations 0.0009091735612328394 0.8531118302526235
important 9.091735612328394e-05 0.7018808605286999
imposed 0.0002727520683698518 3.3586377672433594
improve 9.091735612328394e-05 0.9382696385929302
improved 0.00018183471224656787 1.9723434061234688
improvedllvmbackend 9.091735612328394e-05 4.74493212836325
improvements 9.091735612328394e-05 0.0
in 0.0033639421765615054 0.0
inc 0.0002727520683698518 0.0
include 0.00018183471224656787 0.0
including 9.091735612328394e-05 0.7375989431307791
increment 9.091735612328394e-05 0.26759531388504365
index 0.002727520683698518 0.0
indicating 9.091735612328394e-05 3.1354942159291497
indicators 9.091735612328394e-05 0.0
influenced 9.091735612328394e-05 0.454472687214859
info 0.0015455950540958269 0.0
infobox 0.002454768615328666 0.21233263520999412
infobox_programming_language 0.00018183471224656787 0.37548427589622857
information 0.0002727520683698518 0.0
inherit 0.0005455041367397036 0.035401927050916
init 0.0002727520683698518 0.0
inline 0.0007273388489862715 0.035401927050916
inner 0.00018183471224656787 0.0
innovative 9.091735612328394e-05 3.6463198396951406
input 0.0010910082734794072 0.0
inside 0.00018183471224656787 0.0721032939013439
instance 9.091735612328394e-05 1.449095262358921
integer 0.00018183471224656787 1.4127276181880462
intention 9.091735612328394e-05 3.3586377672433594
interaction 0.0002727520683698518 0.0
interface 0.0002727520683698518 0.0
interlanguage 0.003909446313301209 0.0
intermediate 0.0002727520683698518 2.1058747987479913
intermediate_representation 9.091735612328394e-05 4.051784947803305
interwiki 0.0017274297663423949 0.11020314013361425
into 9.091735612328394e-05 0.48225225132193467
introduced 9.091735612328394e-05 1.1895840668738364
introduction 0.0002727520683698518 0.0
ip 0.00018183471224656787 0.0
ir 0.00018183471224656787 4.74493212836325
irs 9.091735612328394e-05 4.74493212836325
is 0.0022729339030820982 0.0
it 0.001181925629602691 0.0
italian 9.091735612328394e-05 0.7559480817989758
italiano 9.091735612328394e-05 0.7746402148111283
italic 9.091735612328394e-05 0.5705448584676129
item 0.007182471133739431 0.0
items 9.091735612328394e-05 0.0
its 0.0004545867806164197 0.25629575863111026
itself 9.091735612328394e-05 1.2185716037470886
j 0.00018183471224656787 0.0
ja 0.00036366942449313574 0.9162907318741551
january 0.00018183471224656787 0.0
japanese 9.091735612328394e-05 0.9162907318741551
joke 9.091735612328394e-05 4.74493212836325
jones 0.001181925629602691 2.7990219793079367
journal 0.0009091735612328394 0.7195804376281008
joão 9.091735612328394e-05 4.74493212836325
jquery 9.091735612328394e-05 0.0
js 0.0002727520683698518 0.0
json 0.00018183471224656787 0.0
jstor 0.00018183471224656787 1.377636298376776
jtitle 9.091735612328394e-05 0.3260915205666521
july 9.091735612328394e-05 0.0
jump 0.00018183471224656787 0.0
june 9.091735612328394e-05 0.0
k 0.00018183471224656787 0.0
kern 0.00018183471224656787 0.09097177820572679
key 9.091735612328394e-05 0.0
kind 9.091735612328394e-05 1.9723434061234688
la 0.00036366942449313574 2.1058747987479913
label 0.004818619874534048 0.0
labelledby 9.091735612328394e-05 0.0
landmark 0.00036366942449313574 0.0
lang 0.00300027275206837 0.0
langlinks 0.00018183471224656787 0.0
language 0.0037276116010546414 0.0
languages 0.0007273388489862715 0.0
last 9.091735612328394e-05 0.0
lastmod 9.091735612328394e-05 0.0
late 9.091735612328394e-05 1.6538896750049343
later 9.091735612328394e-05 0.8531118302526235
latin 9.091735612328394e-05 2.3470368555648795
latina 9.091735612328394e-05 2.7990219793079367
lazy 0.00018183471224656787 0.0
ld 0.00018183471224656787 0.0
learn 0.0005455041367397036 0.0
led 0.00018183471224656787 1.911718784307034
left 0.0016365124102191108 0.0
length 9.091735612328394e-05 1.749199854809259
level 0.0010910082734794072 0.0
level_language 9.091735612328394e-05 4.051784947803305
levels 9.091735612328394e-05 0.0
li 0.018092553868533503 0.0
license 0.00036366942449313574 0.0
licenses 0.00018183471224656787 0.0
like 0.00018183471224656787 0.41419878807691896
limit 0.0010000909173561233 0.0
limited 0.0005455041367397036 0.0
limitreport 0.0002727520683698518 0.0
lindig 9.091735612328394e-05 4.74493212836325
line 0.00018183471224656787 0.10054122922187746
link 0.007455223202109283 0.0
linked 9.091735612328394e-05 0.0
links 0.0017274297663423949 0.0
list 0.009364487680698245 0.0
listbullet 0.0002727520683698518 0.0
lists 9.091735612328394e-05 1.1073459686368643
llvm 0.0005455041367397036 2.3470368555648795
llvm_backend 0.00018183471224656787 4.74493212836325
llvm_backend_5 0.00018183471224656787 4.74493212836325
load 0.0002727520683698518 0.0
loaded 9.091735612328394e-05 0.0
loader 9.091735612328394e-05 0.0
loading 0.0002727520683698518 0.0
loc 9.091735612328394e-05 0.0
local 9.091735612328394e-05 1.3437347467010947
location 0.00018183471224656787 1.8545603704670854
lock 0.0010000909173561233 0.09097177820572679
log 0.0006364214928629876 0.0
logged 0.00018183471224656787 0.0
login 0.0004545867806164197 0.0
logo 0.0007273388489862715 0.0
low 9.091735612328394e-05 1.8545603704670854
lower 0.0005455041367397036 0.09097177820572679
ltr 0.0006364214928629876 0.0
lua 0.00018183471224656787 0.008733679968754631
m 0.00018183471224656787 0.0
machine 0.00018183471224656787 0.6340582641899388
machine_code 9.091735612328394e-05 2.4423470353692043
made 9.091735612328394e-05 0.0
main 0.002363851259205382 0.0
main_page 0.00018183471224656787 0.0
mainentity 0.00018183471224656787 0.0
mainly 9.091735612328394e-05 2.5477075510270306
mainpage 9.091735612328394e-05 0.0
maint 9.091735612328394e-05 0.09097177820572679
maintenance 9.091735612328394e-05 0.9382696385929302
maintenance_template_removal 9.091735612328394e-05 1.0813704822336037
major 9.091735612328394e-05 0.8131064956389242
man2 9.091735612328394e-05 4.74493212836325
mandatory 0.00036366942449313574 0.0
manual 0.0007273388489862715 1.1340142157190256
many 0.00018183471224656787 0.6673946844575306
mapped 9.091735612328394e-05 3.1354942159291497
march 9.091735612328394e-05 0.0
margin 0.0012728429857259752 0.017544309650909525
match 9.091735612328394e-05 0.0
material 9.091735612328394e-05 1.486835590341768
max 0.0002727520683698518 0.0
may 0.0005455041367397036 0.0
mbox 0.0010000909173561233 1.0072625100798818
mean 9.091735612328394e-05 3.3586377672433594
media 0.00036366942449313574 0.0
mediawiki 0.0008182562051095554 0.0
memory 0.0002727520683698518 0.008733679968754631
memusage 9.091735612328394e-05 0.008733679968754631
menu 0.00900081825620511 0.0
message 0.0002727520683698518 0.0
meta 0.001181925629602691 0.0
metadata 9.091735612328394e-05 0.6017974019717174
microsoft 0.00036366942449313574 0.8531118302526235
middle 0.00018183471224656787 1.486835590341768
min 0.0002727520683698518 0.12981161152199053
minerva 0.0007273388489862715 0.13976194237515863
minus 0.00018183471224656787 3.6463198396951406
missing 0.0002727520683698518 1.9723434061234688
missing_periodical 0.00018183471224656787 2.665490586683414
mmv 0.00018183471224656787 0.11020314013361425
mobile 0.0002727520683698518 0.0
mobileaction 9.091735612328394e-05 0.0
mobileview 9.091735612328394e-05 0.0
modula 0.0002727520683698518 2.4423470353692043
module 9.091735612328394e-05 0.0
modules 0.0002727520683698518 0.0
monospace 0.00018183471224656787 2.4423470353692043
monospaced 0.0004545867806164197 2.4423470353692043
more 0.0012728429857259752 0.0
more_citations_needed 9.091735612328394e-05 2.03688192726104
most 0.00018183471224656787 0.6340582641899388
move 0.00018183471224656787 0.0
moved 9.091735612328394e-05 0.0
ms 9.091735612328394e-05 0.0
msra 9.091735612328394e-05 4.74493212836325
mw 0.029184471315574143 0.0
mw1385 0.00018183471224656787 4.051784947803305
mw1488 9.091735612328394e-05 4.74493212836325
mycontributions 9.091735612328394e-05 0.0
mytalk 9.091735612328394e-05 0.0
n 0.0012728429857259752 0.0
name 0.002909355395945086 0.0
namespaces 9.091735612328394e-05 0.0
native 0.00018183471224656787 1.3437347467010947
nav 0.0012728429857259752 0.0
navbar 9.091735612328394e-05 0.06280090123903044
navigation 0.0010910082734794072 0.0
navigationtiming 9.091735612328394e-05 0.0
nb 0.00018183471224656787 0.8531118302526235
nearby 9.091735612328394e-05 0.0
needing 0.0005455041367397036 1.5260563034950492
needs 9.091735612328394e-05 1.0813704822336037
new 0.0008182562051095554 0.14981227822866008
newpp 9.091735612328394e-05 0.0
news 9.091735612328394e-05 0.5552773863368246
newspapers 9.091735612328394e-05 1.377636298376776
no 0.0007273388489862715 0.0
node 9.091735612328394e-05 0.0
noexcerpt 9.091735612328394e-05 0.42744401482693967
nofollow 0.0017274297663423949 0.0
nogueira 0.00036366942449313574 4.74493212836325
noicon 0.0004545867806164197 0.0
nojs 9.091735612328394e-05 0.0
nomobile 9.091735612328394e-05 0.4682660093471948
non 9.091735612328394e-05 0.0
none 0.0012728429857259752 0.0
noprint 0.0004545867806164197 0.0
nor 9.091735612328394e-05 2.26002547857525
nordin 0.00036366942449313574 4.74493212836325
normal 0.00018183471224656787 0.0
norman 0.0008182562051095554 3.3586377672433594
norman_ramsey_ 9.091735612328394e-05 4.74493212836325
norsk 9.091735612328394e-05 1.3437347467010947
norwegian 9.091735612328394e-05 1.3437347467010947
noscript 0.00036366942449313574 0.0
nosnippet 9.091735612328394e-05 0.0
not 0.0008182562051095554 0.0
notice 9.091735612328394e-05 0.0
november 9.091735612328394e-05 0.0
noviewer 9.091735612328394e-05 0.7018808605286999
nowrap 0.00036366942449313574 0.05358424613410626
nr 0.0007273388489862715 4.051784947803305
nrnrnr 9.091735612328394e-05 4.74493212836325
ns 0.00018183471224656787 0.0
nstab 9.091735612328394e-05 0.0
null 9.091735612328394e-05 0.0
numb 0.0006364214928629876 0.0
number 9.091735612328394e-05 0.0
nws 9.091735612328394e-05 1.377636298376776
o 0.00036366942449313574 0.0
oc 0.00036366942449313574 3.1354942159291497
occitan 0.00018183471224656787 3.1354942159291497
octicons 0.0006364214928629876 2.3470368555648795
october 9.091735612328394e-05 0.0
of 0.00300027275206837 0.0
official 9.091735612328394e-05 0.8737311174553593
officially 9.091735612328394e-05 2.4423470353692043
og 0.00018183471224656787 0.0
ol 0.0002727520683698518 0.035401927050916
old 9.091735612328394e-05 1.6538896750049343
oldid 0.0002727520683698518 0.0
oliva 0.00036366942449313574 4.74493212836325
omitting 9.091735612328394e-05 3.1354942159291497
on 0.0010910082734794072 0.0
one 9.091735612328394e-05 0.42744401482693967
only 0.0004545867806164197 0.0
opensearch_desc 9.091735612328394e-05 0.0
opensearchdescription 9.091735612328394e-05 0.0
operators 9.091735612328394e-05 1.2484245668967697
optimization 0.0004545867806164197 2.1799827709017134
optimizations 0.00018183471224656787 2.665490586683414
options 0.0004545867806164197 0.0
or 0.0012728429857259752 0.0
org 0.007546140558232567 0.0
organization 0.0004545867806164197 0.0
origin 0.0004545867806164197 0.0
original 0.0002727520683698518 0.3022808718729337
other 0.0005455041367397036 0.0
out 0.00018183471224656787 0.0
output 0.006546049640876443 0.0
overflow 0.0002727520683698518 0.0
p 0.004818619874534048 0.0
pablo 0.00036366942449313574 3.6463198396951406
padding 0.0010910082734794072 0.017544309650909525
page 0.0045458678061641965 0.0
pagelanguagecode 9.091735612328394e-05 0.0
pagelanguagedir 9.091735612328394e-05 0.0
pageprop 9.091735612328394e-05 0.27902400970866637
pages 0.0007273388489862715 0.0
pagetype 0.00018183471224656787 1.16141318990714
pagevariantfallbacks 9.091735612328394e-05 0.0
panel 0.00036366942449313574 0.0
paper 0.00018183471224656787 1.6094379124341003
paradigm 0.00018183471224656787 0.5705448584676129
parsed 9.091735612328394e-05 0.0
parser 0.006727884353123011 0.0
past 9.091735612328394e-05 0.0
patroltoken 9.091735612328394e-05 0.0
pcache 9.091735612328394e-05 0.0
pdf 0.0004545867806164197 0.0
perform 9.091735612328394e-05 1.5260563034950492
performed 9.091735612328394e-05 1.8545603704670854
periodical 0.0002727520683698518 2.665490586683414
permalink 9.091735612328394e-05 0.0
permanent 0.00018183471224656787 0.0
persian 9.091735612328394e-05 1.0313600616589422
personal 0.0004545867806164197 0.0
peyton 0.001181925629602691 4.74493212836325
php 0.00300027275206837 0.0
pin 0.00018183471224656787 0.0
pinnable 0.0010910082734794072 0.0
pinned 0.0009091735612328394 0.0
pl 0.00036366942449313574 0.9162907318741551
placeholder 9.091735612328394e-05 0.0
places 0.0008182562051095554 0.0
plain 9.091735612328394e-05 2.953172659135195
plainlinks 0.00018183471224656787 0.20163734609324613
please 9.091735612328394e-05 0.9837320126696876
png 0.001454677697972543 0.0
point 0.0002727520683698518 0.9162907318741551
pointer 0.0002727520683698518 1.749199854809259
pointer_ 9.091735612328394e-05 2.665490586683414
pointers 9.091735612328394e-05 1.911718784307034
policy 0.00018183471224656787 0.0
polish 9.091735612328394e-05 0.9837320126696876
polski 9.091735612328394e-05 1.0560526742493137
polymorphic 9.091735612328394e-05 2.665490586683414
polymorphism 9.091735612328394e-05 1.9723434061234688
poor 9.091735612328394e-05 2.953172659135195
poorly 9.091735612328394e-05 4.051784947803305
popups 9.091735612328394e-05 0.0
portable 0.0004545867806164197 1.5260563034950492
portal 0.0005455041367397036 0.0
portalborder 0.00018183471224656787 1.6538896750049343
portalbox 0.0007273388489862715 1.6538896750049343
portalleft 9.091735612328394e-05 1.6538896750049343
portalright 0.00018183471224656787 1.6538896750049343
portals 9.091735612328394e-05 1.6094379124341003
portlet 0.002454768615328666 0.0
portuguese 9.091735612328394e-05 0.8531118302526235
português 9.091735612328394e-05 0.8531118302526235
position 9.091735612328394e-05 0.0
post 0.00018183471224656787 0.0
posted 9.091735612328394e-05 3.3586377672433594
postexpandincludesize 9.091735612328394e-05 0.0
powered 9.091735612328394e-05 0.0
poweredby_mediawiki_132x47 9.091735612328394e-05 0.0
poweredby_mediawiki_176x62 9.091735612328394e-05 0.0
poweredby_mediawiki_88x31 9.091735612328394e-05 0.0
poweredbyico 9.091735612328394e-05 0.0
ppvisitednodes 9.091735612328394e-05 0.0
preconnect 9.091735612328394e-05 0.11020314013361425
prefetch 0.00018183471224656787 0.0
preprocessor 0.0002727520683698518 0.0
presentation 9.091735612328394e-05 0.6177977433181585
preview 9.091735612328394e-05 0.0
print 0.00018183471224656787 0.0
print_export 0.0002727520683698518 0.0
printable 0.0002727520683698518 0.0
printfooter 9.091735612328394e-05 0.0
privacy 0.0002727520683698518 0.0
privacy_policy 0.00018183471224656787 0.0
produce 9.091735612328394e-05 1.7004096906398272
profit 9.091735612328394e-05 0.0
program 0.00018183471224656787 0.41419878807691896
program_optimization 9.091735612328394e-05 4.74493212836325
programmers 9.091735612328394e-05 1.449095262358921
programming 0.0017274297663423949 0.0
programming_language 0.0002727520683698518 0.08149303425118301
programming_languages 9.091735612328394e-05 1.2484245668967697
programming_paradigm 9.091735612328394e-05 0.5860490450035782
progressive 0.0002727520683698518 0.0
projects 0.0002727520683698518 0.0
pronounced 9.091735612328394e-05 2.7990219793079367
property 0.0002727520683698518 0.0
proposed 0.00018183471224656787 2.26002547857525
protection 9.091735612328394e-05 0.9162907318741551
provides 9.091735612328394e-05 0.9162907318741551
pt 0.0009091735612328394 0.0
publication 0.00018183471224656787 2.26002547857525
publisher 0.00018183471224656787 0.0
push 0.0002727520683698518 0.0
q 0.0007273388489862715 0.0
q81348 0.0006364214928629876 4.74493212836325
qc 9.091735612328394e-05 4.74493212836325
quality 9.091735612328394e-05 1.8004931491968095
query 9.091735612328394e-05 1.0813704822336037
question_book 0.0006364214928629876 1.3437347467010947
quick 0.0002727520683698518 0.0
quiet 0.0005455041367397036 0.0
quotes 9.091735612328394e-05 0.09097177820572679
r 0.00018183471224656787 0.0
r1011085734 9.091735612328394e-05 0.09097177820572679
r1066479718 9.091735612328394e-05 0.21233263520999412
r1097763485 9.091735612328394e-05 1.0072625100798818
r1132942124 9.091735612328394e-05 1.6538896750049343
r1133582631 0.0005455041367397036 0.09097177820572679
r886049734 0.00036366942449313574 2.4423470353692043
ramsey 0.0008182562051095554 4.74493212836325
random 0.00018183471224656787 0.0
randomly 9.091735612328394e-05 0.0
randompage 9.091735612328394e-05 0.0
rather 0.00018183471224656787 1.3109449238781037
raw 9.091735612328394e-05 0.0
re 0.00018183471224656787 0.0
read 0.00018183471224656787 0.0
ready 0.0015455950540958269 0.0
real 9.091735612328394e-05 0.0
recent 0.0002727520683698518 0.0
recentchanges 0.0002727520683698518 0.0
recentchangeslinked 0.00018183471224656787 0.0
recursion 9.091735612328394e-05 0.0
red 9.091735612328394e-05 0.09097177820572679
redirect 0.0002727520683698518 0.008733679968754631
redlink 9.091735612328394e-05 0.7746402148111283
reduced 0.00018183471224656787 0.0
reference 0.0031821074643149376 0.035401927050916
references 0.001454677697972543 0.008733679968754631
referencetooltips 9.091735612328394e-05 0.0
referencing 9.091735612328394e-05 1.8004931491968095
referencing_for_beginners 9.091735612328394e-05 1.911718784307034
referrer 0.0002727520683698518 0.0
refimprove 0.0002727520683698518 1.911718784307034
reflect 9.091735612328394e-05 2.953172659135195
reflist 0.001363760341849259 0.09097177820572679
register 0.00018183471224656787 2.1799827709017134
registered 9.091735612328394e-05 0.0
registers 9.091735612328394e-05 2.5477075510270306
registration 0.00018183471224656787 0.08149303425118301
reig 0.00018183471224656787 4.74493212836325
rel 0.004000363669424493 0.0
related 0.00018183471224656787 0.0
released 0.0002727520683698518 1.0072625100798818
reliable 9.091735612328394e-05 0.8947845266531914
removal 9.091735612328394e-05 1.0313600616589422
remove 9.091735612328394e-05 0.9382696385929302
removed 9.091735612328394e-05 1.3109449238781037
removes 9.091735612328394e-05 3.1354942159291497
rendering 9.091735612328394e-05 0.0
repeat 0.00036366942449313574 0.0721032939013439
replace 9.091735612328394e-05 0.0
report 0.00018183471224656787 0.0
representation 0.00036366942449313574 1.8545603704670854
require 9.091735612328394e-05 0.0
requires 0.00018183471224656787 1.5668782980153044
research 0.00018183471224656787 0.7018808605286999
researchers 0.00018183471224656787 2.5477075510270306
resourceloaderdynamicstyles 9.091735612328394e-05 0.0
respectively 9.091735612328394e-05 2.4423470353692043
responsible 9.091735612328394e-05 2.5477075510270306
retrieved 0.0002727520683698518 0.0
returnto 0.00036366942449313574 0.0
revised 9.091735612328394e-05 2.1799827709017134
revision 0.0002727520683698518 0.0
revisions 9.091735612328394e-05 0.0
rfr_id 0.0005455041367397036 0.10054122922187746
rft 0.0030911901081916537 0.10054122922187746
rft_id 0.0005455041367397036 0.11020314013361425
rft_val_fmt 0.0005455041367397036 0.10054122922187746
rgba 9.091735612328394e-05 0.09097177820572679
right 0.0010000909173561233 0.0
rl 9.091735612328394e-05 0.0
rlconf 9.091735612328394e-05 0.0
rlpagemodules 9.091735612328394e-05 0.0
rlq 0.0005455041367397036 0.0
rlstate 9.091735612328394e-05 0.0
robots 9.091735612328394e-05 0.0
role 0.001454677697972543 0.0
roman 0.00036366942449313574 0.09097177820572679
rootpage 9.091735612328394e-05 0.0
row 0.0005455041367397036 0.12981161152199053
rp 0.00018183471224656787 3.6463198396951406
rsd 0.00018183471224656787 0.0
rts 9.091735612328394e-05 4.74493212836325
ru 0.00036366942449313574 0.6505875661411494
run 0.00018183471224656787 0.7018808605286999
russian 9.091735612328394e-05 0.6505875661411494
s 0.0005455041367397036 0.0
sa 0.00018183471224656787 0.0
same 9.091735612328394e-05 0.8737311174553593
sameas 0.00018183471224656787 0.0
saved 9.091735612328394e-05 0.0
schema 0.00018183471224656787 0.0
scholar 0.0002727520683698518 1.3109449238781037
science 9.091735612328394e-05 0.3504829736908114
scientist 9.091735612328394e-05 1.377636298376776
scope 0.0004545867806164197 0.11995931507897897
screen 0.00018183471224656787 0.0
scribunto 9.091735612328394e-05 0.008733679968754631
script 0.0012728429857259752 0.0
scripts 9.091735612328394e-05 0.0
search 0.002818438039821802 0.0
searchaux 9.091735612328394e-05 0.4682660093471948
searchbutton 0.00036366942449313574 0.0
searchform 9.091735612328394e-05 0.0
searchinput 9.091735612328394e-05 0.0
seconds 0.0002727520683698518 0.0
section 0.0012728429857259752 0.0
see 0.0002727520683698518 0.44086703515908027
see_also 0.00036366942449313574 0.6340582641899388
selected 0.00036366942449313574 0.0
selector 9.091735612328394e-05 0.0
selflink 9.091735612328394e-05 0.08149303425118301
sentences 9.091735612328394e-05 0.0
separate 0.00018183471224656787 1.3109449238781037
september 9.091735612328394e-05 0.0
set 0.0002727520683698518 0.0
sets 9.091735612328394e-05 1.5668782980153044
several 0.00018183471224656787 0.7195804376281008
sha1 9.091735612328394e-05 0.10054122922187746
sharealike 9.091735612328394e-05 0.0
sharealike_3 9.091735612328394e-05 0.0
short 0.0005455041367397036 0.42744401482693967
short_description 0.00018183471224656787 0.5860490450035782
short_description_is_different_from_wikidata 9.091735612328394e-05 1.0072625100798818
shortdescription 9.091735612328394e-05 0.4682660093471948
show 0.00036366942449313574 0.0
sidebar 0.0010000909173561233 0.0
signed 9.091735612328394e-05 2.7990219793079367
simon 0.001181925629602691 2.7990219793079367
simon_peyton_jones 0.00018183471224656787 4.74493212836325
simpler 9.091735612328394e-05 2.3470368555648795
simplesearch 9.091735612328394e-05 0.0
since 9.091735612328394e-05 0.9162907318741551
site 0.0004545867806164197 0.0
sitedir 9.091735612328394e-05 0.0
sitelinks 9.091735612328394e-05 0.0
sitenotice 0.00018183471224656787 0.0
sitesub 9.091735612328394e-05 0.0
sitesupport 9.091735612328394e-05 0.0
size 0.0010000909173561233 0.0
sizing 0.00018183471224656787 0.25629575863111026
skin 0.0012728429857259752 0.0
skins 0.0005455041367397036 0.0
sl 0.00036366942449313574 2.5477075510270306
slovenian 9.091735612328394e-05 2.4423470353692043
slovenščina 9.091735612328394e-05 2.665490586683414
slow 9.091735612328394e-05 2.953172659135195
small 0.0005455041367397036 0.0721032939013439
software 9.091735612328394e-05 0.08149303425118301
software_design 9.091735612328394e-05 0.5705448584676129
solid 0.0008182562051095554 0.2340726218464
some 9.091735612328394e-05 0.5108256237659907
sources 0.00018183471224656787 0.6177977433181585
span 0.028729884534957725 0.0
special 0.0020910991908355304 0.0
specialpages 0.00018183471224656787 0.0
specific 9.091735612328394e-05 0.9837320126696876
specification 0.0002727520683698518 1.2484245668967697
speedy 9.091735612328394e-05 1.0072625100798818
src 0.0009091735612328394 0.0
srcset 0.00036366942449313574 0.0
standard 0.00018183471224656787 0.0
start 0.00018183471224656787 0.0
startup 0.00018183471224656787 0.0
statement 9.091735612328394e-05 0.0
static 0.0012728429857259752 0.0
statistics 9.091735612328394e-05 0.0
stats 9.091735612328394e-05 0.0
statslink 9.091735612328394e-05 0.0
status 9.091735612328394e-05 0.0
sticky 0.00018183471224656787 0.0
stopmobileredirecttoggle 9.091735612328394e-05 0.0
storage 9.091735612328394e-05 1.449095262358921
stored 0.00018183471224656787 1.7004096906398272
string 9.091735612328394e-05 1.0313600616589422
structured 9.091735612328394e-05 0.0
style 0.0036366942449313575 0.0
styles 0.0009091735612328394 0.0
stylesheet 0.00018183471224656787 0.0
subbox 9.091735612328394e-05 0.21233263520999412
subheader 9.091735612328394e-05 0.21233263520999412
subject 9.091735612328394e-05 0.0
sublist 0.0007273388489862715 0.0
submit 0.00018183471224656787 0.0
subscription 0.00018183471224656787 0.09097177820572679
subsection 9.091735612328394e-05 0.7195804376281008
subtitle 9.091735612328394e-05 0.0
such 0.00018183471224656787 0.454472687214859
suggestededitsession 9.091735612328394e-05 0.0
summary 9.091735612328394e-05 0.19105523676270922
suomi 9.091735612328394e-05 1.5668782980153044
sup 0.004909537230657332 0.0721032939013439
support 0.00018183471224656787 0.0
supported 9.091735612328394e-05 0.9382696385929302
supports 0.0004545867806164197 0.8531118302526235
svg 0.0018183471224656788 0.0
switcher 9.091735612328394e-05 0.0
syntactic 9.091735612328394e-05 1.911718784307034
syntax 0.0002727520683698518 0.540239508972284
syntax_ 9.091735612328394e-05 2.4423470353692043
system 0.0007273388489862715 0.11020314013361425
systems 9.091735612328394e-05 0.454472687214859
t 0.0010000909173561233 0.0
ta 0.00036366942449313574 2.7990219793079367
tab 0.0004545867806164197 0.0
tabindex 0.00018183471224656787 0.0
table 0.001181925629602691 0.0
tabs 0.00018183471224656787 0.0
tag 9.091735612328394e-05 1.486835590341768
tagline 0.0002727520683698518 0.0
tags 9.091735612328394e-05 0.0
tail 0.00018183471224656787 3.1354942159291497
tail_call 9.091735612328394e-05 4.051784947803305
talk 0.00036366942449313574 0.0
tamil 9.091735612328394e-05 2.7990219793079367
target 0.0020910991908355304 0.0
targetloader 9.091735612328394e-05 0.0
targets 9.091735612328394e-05 2.953172659135195
tb 0.0002727520683698518 0.0
tbm 0.00018183471224656787 1.377636298376776
tbody 0.00036366942449313574 0.044451762570833796
tbs 0.0002727520683698518 1.377636298376776
td 0.0016365124102191108 0.044451762570833796
telephone 9.091735612328394e-05 0.0
template 0.002363851259205382 0.0
templateargumentsize 9.091735612328394e-05 0.0
templatestyles 0.0012728429857259752 0.017544309650909525
terminal 0.0006364214928629876 1.8004931491968095
terms 0.00018183471224656787 0.0
terms_of_use 9.091735612328394e-05 0.0
text 0.004454950450040913 0.0
text_of_the_creative_commons_attribution 9.091735612328394e-05 0.0
th 0.0010910082734794072 0.11995931507897897
than 0.00018183471224656787 0.6340582641899388
that 0.0006364214928629876 0.18058393689541388
the 0.005000454586780617 0.0
there 9.091735612328394e-05 0.8737311174553593
these 0.00018183471224656787 0.6340582641899388
they 0.00018183471224656787 0.7195804376281008
things 9.091735612328394e-05 1.8545603704670854
this 0.0020910991908355304 0.0
thomas 0.00036366942449313574 2.1799827709017134
through 9.091735612328394e-05 0.8531118302526235
thumb 0.0005455041367397036 0.12981161152199053
thumbnail 9.091735612328394e-05 0.0
tightly 9.091735612328394e-05 4.051784947803305
time 0.0007273388489862715 0.0
timestamp 0.00018183471224656787 0.0
timeusage 9.091735612328394e-05 0.008733679968754631
timingprofile 9.091735612328394e-05 0.0
title 0.015637785253204837 0.0
titlebar 0.0007273388489862715 0.0
titleform 9.091735612328394e-05 0.0
to 0.0032730248204382215 0.0
toc 0.009182652968451678 0.0
toggle 0.0010000909173561233 0.0
toggle_view_mobile 9.091735612328394e-05 0.0
tokens 9.091735612328394e-05 0.0
toolbar 0.0002727520683698518 0.0
tools 0.0008182562051095554 0.0
top 0.0004545867806164197 0.0
total 0.00018183471224656787 0.0
touch 0.00018183471224656787 0.0
tr 0.0016365124102191108 0.044451762570833796
trac 9.091735612328394e-05 3.6463198396951406
trademark 9.091735612328394e-05 0.0
transclusion 9.091735612328394e-05 0.0
transforming 9.091735612328394e-05 3.3586377672433594
transientcontent 9.091735612328394e-05 0.0
transparent 9.091735612328394e-05 0.06280090123903044
triggered 9.091735612328394e-05 0.0
true 0.0020001818347122466 0.0
ttl 9.091735612328394e-05 0.0
tufts 0.0010910082734794072 4.74493212836325
tufts_7 0.00018183471224656787 4.74493212836325
two 0.00018183471224656787 0.6505875661411494
type 0.004454950450040913 0.0
type_polymorphism 9.091735612328394e-05 2.953172659135195
type_system 0.0006364214928629876 0.7746402148111283
types 0.00036366942449313574 0.7375989431307791
typing 0.0002727520683698518 0.7018808605286999
u 0.00018183471224656787 0.0
ui 0.005091371942903901 0.0
uk 0.00036366942449313574 0.6340582641899388
ukrainian 9.091735612328394e-05 0.8131064956389242
ul 0.0052732066551504685 0.0
uls 0.0004545867806164197 0.0
under 9.091735612328394e-05 0.0
unknown 0.00036366942449313574 0.26759531388504365
unlike 9.091735612328394e-05 1.6538896750049343
unpin 0.00018183471224656787 0.0
unpinned 0.00018183471224656787 0.0
unsigned 9.091735612328394e-05 3.3586377672433594
unsourced 9.091735612328394e-05 1.3109449238781037
unstrip 0.00036366942449313574 0.0
upload 0.001454677697972543 0.0
upper 0.00036366942449313574 0.09097177820572679
url 0.0007273388489862715 0.0
us 0.0005455041367397036 0.0
usage 0.00036366942449313574 0.0
use 0.0002727520683698518 0.0
used 0.00018183471224656787 0.19105523676270922
useful 9.091735612328394e-05 1.5668782980153044
uselang 9.091735612328394e-05 0.0
user 0.002454768615328666 0.0
useradd 0.00018183471224656787 0.0
userlogin 0.00018183471224656787 0.0
users_guide 9.091735612328394e-05 4.74493212836325
uses 9.091735612328394e-05 0.7746402148111283
using 9.091735612328394e-05 0.0
utc 9.091735612328394e-05 0.0
utf 9.091735612328394e-05 0.0
utm_campaign 9.091735612328394e-05 0.0
utm_medium 9.091735612328394e-05 0.0
utm_source 9.091735612328394e-05 0.0
ux 9.091735612328394e-05 0.08149303425118301
v2 0.0004545867806164197 2.4423470353692043
v2_3 0.0007273388489862715 4.74493212836325
value 0.0012728429857259752 0.0
values 9.091735612328394e-05 0.9837320126696876
var 0.00018183471224656787 0.0
variable 9.091735612328394e-05 0.9382696385929302
variadic 0.00018183471224656787 2.7990219793079367
variadic_function 9.091735612328394e-05 3.3586377672433594
variant 9.091735612328394e-05 0.0
variants 0.0005455041367397036 0.0
vary 9.091735612328394e-05 0.10054122922187746
ve 9.091735612328394e-05 0.0
vector 0.023729429948177106 0.0
verifiability 0.00018183471224656787 1.2185716037470886
verification 9.091735612328394e-05 1.6538896750049343
version 0.0007273388489862715 0.0
vertical 0.00018183471224656787 0.6017974019717174
very 0.00018183471224656787 0.9607424944449889
very_high 9.091735612328394e-05 4.051784947803305
vevent 9.091735612328394e-05 0.22314355131420976
via 9.091735612328394e-05 1.0313600616589422
view 0.0008182562051095554 0.0
viewport 9.091735612328394e-05 0.0
views 0.0002727520683698518 0.0
visible 9.091735612328394e-05 0.09097177820572679
visit 0.00018183471224656787 0.0
visited 9.091735612328394e-05 0.0
visualeditor 0.00036366942449313574 0.0
vs 9.091735612328394e-05 2.1799827709017134
vue 0.00018183471224656787 0.0
w 0.00300027275206837 0.0
walltime 9.091735612328394e-05 0.0
was 0.0005455041367397036 0.0
watchlist 9.091735612328394e-05 0.0
watchtoken 9.091735612328394e-05 0.0
way 9.091735612328394e-05 0.8947845266531914
wb 0.00018183471224656787 0.0
wbc 9.091735612328394e-05 0.0
wc 9.091735612328394e-05 1.3437347467010947
weak 0.00018183471224656787 1.6538896750049343
weak_typing 9.091735612328394e-05 2.953172659135195
web 0.0005455041367397036 0.09097177820572679
website 0.0002727520683698518 0.0
weight 0.00018183471224656787 0.05358424613410626
were 0.00018183471224656787 0.6844891178168307
wgaction 9.091735612328394e-05 0.0
wgarticleid 9.091735612328394e-05 0.0
wgbackendresponsetime 9.091735612328394e-05 0.0
wgbreakframes 9.091735612328394e-05 0.0
wgcanonicalnamespace 9.091735612328394e-05 0.0
wgcanonicalspecialpagename 9.091735612328394e-05 0.0
wgcategories 9.091735612328394e-05 0.0
wgcentralauthmobiledomain 9.091735612328394e-05 0.0
wgcspnonce 9.091735612328394e-05 0.0
wgcurrevisionid 9.091735612328394e-05 0.0
wgdefaultdateformat 9.091735612328394e-05 0.0
wgdigittransformtable 9.091735612328394e-05 0.0
wgeditsubmitbuttonlabelpublish 9.091735612328394e-05 0.0
wgflaggedrevsparams 9.091735612328394e-05 0.0
wggestructuredtaskrejectionreasontextinputenabled 9.091735612328394e-05 0.0
wggetopicsmatchmodeenabled 9.091735612328394e-05 0.0
wghostname 9.091735612328394e-05 0.0
wgisarticle 9.091735612328394e-05 0.0
wgisprobablyeditable 9.091735612328394e-05 0.0
wgisredirect 9.091735612328394e-05 0.0
wgmediaviewerenabledbydefault 9.091735612328394e-05 0.0
wgmediavieweronclick 9.091735612328394e-05 0.0
wgmfdisplaywikibasedescriptions 9.091735612328394e-05 0.0
wgmonthnames 9.091735612328394e-05 0.0
wgnamespacenumber 9.091735612328394e-05 0.0
wgnoticeproject 9.091735612328394e-05 0.0
wgpagecontentlanguage 9.091735612328394e-05 0.0
wgpagecontentmodel 9.091735612328394e-05 0.0
wgpagename 9.091735612328394e-05 0.0
wgpageparsereport 9.091735612328394e-05 0.0
wgpopupsflags 9.091735612328394e-05 0.0
wgrelevantarticleid 9.091735612328394e-05 0.0
wgrelevantpageisprobablyeditable 9.091735612328394e-05 0.0
wgrelevantpagename 9.091735612328394e-05 0.0
wgrequestid 9.091735612328394e-05 0.0
wgrestrictionedit 9.091735612328394e-05 0.0
wgrestrictionmove 9.091735612328394e-05 0.0
wgrevisionid 9.091735612328394e-05 0.0
wgseparatortransformtable 9.091735612328394e-05 0.0
wgtitle 9.091735612328394e-05 0.0
wgulscurrentautonym 9.091735612328394e-05 0.0
wgulsiscompactlinksenabled 9.091735612328394e-05 0.0
wgulsislanguageselectorempty 9.091735612328394e-05 0.0
wgulsposition 9.091735612328394e-05 0.0
wgusergroups 9.091735612328394e-05 0.0
wgusername 9.091735612328394e-05 0.0
wgvector2022previewpages 9.091735612328394e-05 0.0
wgvisualeditor 9.091735612328394e-05 0.0
wgwikibaseitemid 9.091735612328394e-05 0.0
wgwmepagelength 9.091735612328394e-05 0.0
wgwmeschemaeditattemptstepoversample 9.091735612328394e-05 0.0
what 0.00018183471224656787 0.0
whatlinkshere 0.00018183471224656787 0.0
when 0.0004545867806164197 0.0
which 0.0007273388489862715 0.3022808718729337
while 9.091735612328394e-05 0.7195804376281008
whose 9.091735612328394e-05 2.1058747987479913
width 0.0026366033275752342 0.0
widths 9.091735612328394e-05 4.74493212836325
wiki 0.010819165378670788 0.0
wikibase 0.00036366942449313574 0.0
wikidata 0.0010000909173561233 0.0
wikimedia 0.0036366942449313575 0.0
wikimediabadges 0.00018183471224656787 0.0
wikimediaevents 9.091735612328394e-05 0.0
wikimediafoundation 0.00018183471224656787 0.0
wikipedia 0.008637148831711974 0.0
wikis 9.091735612328394e-05 4.74493212836325
wikisource 9.091735612328394e-05 0.09097177820572679
wikitext 9.091735612328394e-05 0.0
window 0.0002727520683698518 0.0
with 0.0010910082734794072 0.0
wmf 0.0002727520683698518 0.0
word 0.0002727520683698518 0.05358424613410626
wordmark 0.00018183471224656787 0.0
work 0.0002727520683698518 0.9607424944449889
worked 9.091735612328394e-05 2.26002547857525
works 9.091735612328394e-05 0.0
wpformidentifier 9.091735612328394e-05 0.0
wrap 0.00018183471224656787 0.06280090123903044
writing 0.00018183471224656787 1.2791962255635234
written 0.00018183471224656787 0.44086703515908027
ws 9.091735612328394e-05 0.09097177820572679
www 0.0022729339030820982 0.0
x 0.0002727520683698518 0.0
xml 0.0002727520683698518 0.0
y 0.00018183471224656787 0.0
yes 9.091735612328394e-05 0.0
you 0.0004545867806164197 0.0
yue 0.00036366942449313574 0.540239508972284
z 0.00018183471224656787 0.0
z39 0.0005455041367397036 0.10054122922187746
z3988 0.0005455041367397036 0.10054122922187746
zh 0.00018183471224656787 0.48225225132193467
čeština 9.091735612328394e-05 1.377636298376776
русский 9.091735612328394e-05 0.6505875661411494
українська 9.091735612328394e-05 0.8329091229351039
լեզու 9.091735612328394e-05 3.1354942159291497
ծրագրավորման 9.091735612328394e-05 3.3586377672433594
հայերեն 9.091735612328394e-05 2.1799827709017134
עברית 9.091735612328394e-05 1.5668782980153044
سی 9.091735612328394e-05 2.3470368555648795
فارسی 9.091735612328394e-05 1.0313600616589422
ச 9.091735612328394e-05 3.1354942159291497
தம 9.091735612328394e-05 2.7990219793079367
ழ 9.091735612328394e-05 2.7990219793079367
日本語 9.091735612328394e-05 0.9382696385929302
粵語 9.091735612328394e-05 0.540239508972284
