0 0.005302346570397112 0.0
00 0.0001128158844765343 0.0
000 0.0001128158844765343 0.0
01 0.00016922382671480144 0.008733679968754631
02 5.640794223826715e-05 0.0
039 0.0002256317689530686 0.22314355131420976
04 0.0009589350180505415 0.017544309650909525
049 0.0001128158844765343 0.12981161152199053
08 0.0003384476534296029 0.0
09 0.0002256317689530686 0.09097177820572679
0_unported_license 5.640794223826715e-05 0.0
0px 5.640794223826715e-05 0.0
1 0.005922833935018051 0.0
10 0.0014101985559566788 0.0
100 0.0007333032490974729 0.0
1000 5.640794223826715e-05 0.0
1000000 0.0001128158844765343 0.0
100px 5.640794223826715e-05 0.0
108003 0.0001128158844765343 0.0
10px 0.0004512635379061372 0.0
11 0.0006768953068592057 0.008733679968754631
110 5.640794223826715e-05 0.11020314013361425
1106997707 0.00039485559566787 0.12981161152199053
112 5.640794223826715e-05 0.0
114 0.00016922382671480144 0.2340726218464
117 5.640794223826715e-05 0.0
12 0.0010717509025270759 0.008733679968754631
120 0.0001128158844765343 0.08149303425118301
1200 5.640794223826715e-05 1.5668782980153044
121 5.640794223826715e-05 0.2340726218464
121px 5.640794223826715e-05 0.0
122 0.0001128158844765343 0.09097177820572679
123 0.0001128158844765343 0.12981161152199053
125em 0.00028203971119133574 0.0
126 0.0001128158844765343 0.044451762570833796
127 5.640794223826715e-05 0.11020314013361425
12px 5.640794223826715e-05 0.0
12s5i 5.640794223826715e-05 0.0
13 0.0006204873646209387 0.0
133 5.640794223826715e-05 0.008733679968754631
13t02 0.0001128158844765343 0.0
14 0.00039485559566787 0.008733679968754631
141 5.640794223826715e-05 0.044451762570833796
147 0.0001128158844765343 0.12981161152199053
1481 0.0001128158844765343 0.12981161152199053
15 0.0003384476534296029 0.0
15px 5.640794223826715e-05 0.0
15z 0.0001128158844765343 0.0
16 0.0006768953068592057 0.0
160 0.0008461191335740072 0.2340726218464
16px 0.0001128158844765343 0.0
17 0.00028203971119133574 0.0
175px 5.640794223826715e-05 0.0
18 0.00039485559566787 0.0
180 0.0001128158844765343 0.2340726218464
182px 5.640794223826715e-05 0.0
185 0.0001128158844765343 0.10054122922187746
19 0.0005640794223826715 0.0
1em 0.0005640794223826715 0.0
1px 0.00039485559566787 0.0
1x1 5.640794223826715e-05 0.0
2 0.003779332129963899 0.0
20 0.0010153429602888086 0.0
200 5.640794223826715e-05 0.044451762570833796
20000 5.640794223826715e-05 0.0
2004 0.0010717509025270759 0.06280090123903044
2011 0.0008461191335740072 0.0
2011_software 5.640794223826715e-05 0.0
2012 0.00039485559566787 0.0721032939013439
2013 0.0003384476534296029 0.017544309650909525
2014 0.0002256317689530686 0.017544309650909525
2015 0.0008461191335740072 0.017544309650909525
2016 0.0002256317689530686 0.017544309650909525
2017 0.0006768953068592057 0.0
2019 5.640794223826715e-05 0.0
2020 5.640794223826715e-05 0.0
20200920121914 5.640794223826715e-05 0.0
2022 0.0005076714801444043 0.0
20230315080041 5.640794223826715e-05 0.12981161152199053
20230315080043 0.0001128158844765343 0.12981161152199053
207 0.0001128158844765343 0.12981161152199053
2083 0.0001128158844765343 0.12981161152199053
2097152 0.0002256317689530686 0.0
20px 5.640794223826715e-05 0.0
21 0.0002256317689530686 0.0
22 0.0004512635379061372 0.0
22ceylon 0.0003384476534296029 0.0
23 5.640794223826715e-05 0.02643325706815543
238px 5.640794223826715e-05 0.0
23classeswithcases 5.640794223826715e-05 0.0
23compilationunitstructure 5.640794223826715e-05 0.0
23compiletimesafety 5.640794223826715e-05 0.0
23functions 5.640794223826715e-05 0.0
23goals 5.640794223826715e-05 0.0
23maven_repositories 5.640794223826715e-05 0.0
23px 0.00016922382671480144 0.0
23typeinference 5.640794223826715e-05 0.0
23what_is_ceylon 5.640794223826715e-05 0.0
24 5.640794223826715e-05 0.008733679968754631
255 5.640794223826715e-05 0.044451762570833796
25em 0.00028203971119133574 0.0
26 0.0001128158844765343 0.0
2625 0.0001128158844765343 0.12981161152199053
27 0.00028203971119133574 0.0
27t15 0.0001128158844765343 0.0
28 0.00028203971119133574 0.017544309650909525
282009 0.0003384476534296029 0.0
28programming 0.0012973826714801444 0.0
28programming_language 0.0006204873646209387 0.0
28px 5.640794223826715e-05 0.0
29 0.0018614620938628159 0.0
29_logo 0.0005076714801444043 0.0
2b 0.0001128158844765343 0.8531118302526235
2c 0.00016922382671480144 0.8531118302526235
2cicon 5.640794223826715e-05 0.0
2cstyles 5.640794223826715e-05 0.0
2cwikimediabadges 5.640794223826715e-05 0.0
2em 0.0003384476534296029 0.0
2f 0.0017486462093862815 0.0
2f01 5.640794223826715e-05 0.0
2f04 5.640794223826715e-05 0.0
2f09 5.640794223826715e-05 0.0
2f1 0.0005076714801444043 0.0
2f10 0.00016922382671480144 0.0
2f13 5.640794223826715e-05 0.0
2f2011 5.640794223826715e-05 0.0
2f2012 5.640794223826715e-05 0.0
2f2013 5.640794223826715e-05 0.0
2f2014 5.640794223826715e-05 0.0
2f22 5.640794223826715e-05 0.0
2fblog 0.00016922382671480144 0.0
2fceylon 0.001128158844765343 0.0
2fcode 5.640794223826715e-05 0.0
2fdeclarations 0.0001128158844765343 0.0
2fdocumentation 0.0005640794223826715 0.0
2fen 0.0010717509025270759 0.0
2ffaq 0.00016922382671480144 0.0
2ffeatures 5.640794223826715e-05 0.0
2ffmt 0.0010717509025270759 0.0
2fgithub 5.640794223826715e-05 0.0
2fgitter 0.0001128158844765343 0.0
2fgoals 5.640794223826715e-05 0.0
2fhtml 0.0001128158844765343 0.0
2fhtml_single 0.00016922382671480144 0.0
2fide 5.640794223826715e-05 0.0
2fjaxenter 5.640794223826715e-05 0.0
2flanguage 0.0001128158844765343 0.0
2flicenses 5.640794223826715e-05 0.0
2fmaven 5.640794223826715e-05 0.0
2fred_hat_unveils_project_ceylon 5.640794223826715e-05 0.0
2freference 5.640794223826715e-05 0.0
2frepository 5.640794223826715e-05 0.0
2fspec 0.00028203971119133574 0.0
2ftop 5.640794223826715e-05 0.0
2fuser 0.0002256317689530686 0.0
2fwww 5.640794223826715e-05 0.0
2px 0.0003384476534296029 0.0
2x 0.0005076714801444043 0.0
3 0.0018614620938628159 0.0
30em 5.640794223826715e-05 0.0
31 0.00028203971119133574 0.008733679968754631
3125em 5.640794223826715e-05 0.0
314 0.0001128158844765343 0.12981161152199053
31483631 0.00016922382671480144 0.12981161152199053
31px 0.0001128158844765343 0.0
32 0.0001128158844765343 0.0
333 0.0001128158844765343 0.12981161152199053
35 0.0001128158844765343 0.02643325706815543
36 0.0001128158844765343 0.02643325706815543
36c 5.640794223826715e-05 0.0
39 0.0007333032490974729 0.035401927050916
399 5.640794223826715e-05 1.1340142157190256
3a 0.00157942238267148 0.09097177820572679
3a3 5.640794223826715e-05 0.0
3abook 0.0010717509025270759 0.0
3aceylon 0.0010717509025270759 0.0
3akev 0.0010717509025270759 0.0
3amtx 0.0010717509025270759 0.0
3aofi 0.0010717509025270759 0.0
3asid 0.0010717509025270759 0.0
3cols 5.640794223826715e-05 0.0
3d5660a7242cbea1d7054de9d9 5.640794223826715e-05 0.0
3d5660a90e5057376520db6f8b 5.640794223826715e-05 0.0
3em 0.00016922382671480144 0.0
3f 5.640794223826715e-05 0.0
3fat 0.0001128158844765343 0.0
3px 0.0001128158844765343 0.0
4 0.0010717509025270759 0.0
40 5.640794223826715e-05 0.017544309650909525
400 0.0001128158844765343 0.0
42px 5.640794223826715e-05 0.0
44 0.00016922382671480144 0.0
45 0.0001128158844765343 0.044451762570833796
451 0.00016922382671480144 0.10054122922187746
478a 5.640794223826715e-05 0.12981161152199053
4a33795f 5.640794223826715e-05 0.12981161152199053
4c 5.640794223826715e-05 4.74493212836325
4em 0.0001128158844765343 0.0
4px 0.0001128158844765343 0.0
5 0.0009025270758122744 0.0
50 0.00016922382671480144 0.0
500 0.0001128158844765343 0.0
5000000 0.0001128158844765343 0.0
50px 5.640794223826715e-05 0.0
50z 0.0001128158844765343 0.0
512 0.00016922382671480144 0.8131064956389242
52 0.0001128158844765343 0.0721032939013439
524 0.0001128158844765343 0.12981161152199053
52428800 0.0001128158844765343 0.0
52px 5.640794223826715e-05 0.0
531 0.0001128158844765343 0.12981161152199053
54d597b73673 5.640794223826715e-05 0.12981161152199053
564 5.640794223826715e-05 0.11995931507897897
5660a7242cbea1d7054de9d9 5.640794223826715e-05 0.0
5660a90e5057376520db6f8b 5.640794223826715e-05 0.0
56px 5.640794223826715e-05 0.0
570 0.0001128158844765343 0.12981161152199053
59 0.0001128158844765343 0.044451762570833796
5em 0.0007333032490974729 0.0
5x 0.0005076714801444043 0.11020314013361425
6 0.0008461191335740072 0.0
60584 0.0001128158844765343 0.12981161152199053
626 0.0001128158844765343 0.12981161152199053
640 5.640794223826715e-05 0.14981227822866008
65 5.640794223826715e-05 0.02643325706815543
664 0.0001128158844765343 0.12981161152199053
691 0.0001128158844765343 0.12981161152199053
7 0.0005640794223826715 0.0
711 0.0001128158844765343 0.12981161152199053
72 0.0001128158844765343 0.02643325706815543
720px 0.00016922382671480144 0.0
73564 0.0001128158844765343 0.12981161152199053
737 0.0001128158844765343 0.12981161152199053
74 0.0001128158844765343 0.008733679968754631
75px 5.640794223826715e-05 0.0
79 0.0001128158844765343 0.11020314013361425
7cext 0.00016922382671480144 0.0
7cjquery 5.640794223826715e-05 0.0
7cmediawiki 5.640794223826715e-05 0.0
7cskins 5.640794223826715e-05 0.0
7cwikibase 5.640794223826715e-05 0.0
7em 5.640794223826715e-05 0.0
8 0.001128158844765343 0.008733679968754631
80 0.0001128158844765343 0.0
800 5.640794223826715e-05 0.2340726218464
8125em 5.640794223826715e-05 0.0
8133800 0.0001128158844765343 0.12981161152199053
84 5.640794223826715e-05 0.02643325706815543
846 5.640794223826715e-05 0.2340726218464
85 0.00028203971119133574 0.0
85ea 5.640794223826715e-05 0.12981161152199053
86 0.0001128158844765343 0.017544309650909525
86400 0.0001128158844765343 0.02643325706815543
86_ 5.640794223826715e-05 0.0
87 5.640794223826715e-05 0.008733679968754631
88 0.001523014440433213 0.035401927050916
8a 0.0002256317689530686 0.0
8b 5.640794223826715e-05 1.1340142157190256
8c 0.0002256317689530686 0.7195804376281008
8d 5.640794223826715e-05 0.0
8d_ 5.640794223826715e-05 0.0
9 0.0009025270758122744 0.0
90 5.640794223826715e-05 0.0
91 0.0012409747292418773 0.035401927050916
93 0.00118456678700361 0.13976194237515863
95 0.00016922382671480144 0.09097177820572679
95_ 5.640794223826715e-05 0.0
96 0.00016922382671480144 0.0
97 0.0001128158844765343 0.11020314013361425
99 0.00016922382671480144 0.08149303425118301
9932cc 5.640794223826715e-05 0.0
99zyk_programowania 5.640794223826715e-05 0.0
9a 5.640794223826715e-05 0.0
9b 5.640794223826715e-05 0.0
9em 5.640794223826715e-05 0.0
9px 0.00016922382671480144 0.0
_comparison_ 5.640794223826715e-05 0.0
_history 5.640794223826715e-05 0.0
_logo 5.640794223826715e-05 0.0
_secondary_and_tertiary_sources 0.0001128158844765343 0.0
_timeline_ 5.640794223826715e-05 0.0
a 0.03801895306859206 0.0
a0 0.00016922382671480144 0.3504829736908114
a2a9b1 0.00016922382671480144 0.0
a4 5.640794223826715e-05 0.0
a7 0.0001128158844765343 0.3504829736908114
a71 5.640794223826715e-05 0.0
a73 5.640794223826715e-05 0.0
a74 5.640794223826715e-05 0.0
a8 0.0001128158844765343 0.0
a9 0.0001128158844765343 0.0
aa 0.00016922382671480144 0.2340726218464
aa_ 5.640794223826715e-05 0.0
aaa 5.640794223826715e-05 0.0
abbr 0.0004512635379061372 0.0
abbreviated 5.640794223826715e-05 0.12981161152199053
about 0.0006204873646209387 0.0
aboutsite 5.640794223826715e-05 0.0
above 0.00028203971119133574 0.008733679968754631
abovebelow 0.0003384476534296029 0.0
absolute 5.640794223826715e-05 0.035401927050916
abstract 0.0002256317689530686 0.11020314013361425
acc 5.640794223826715e-05 1.8004931491968095
accessdate 0.0010153429602888086 0.0
accesskey 0.0010717509025270759 0.0
account 0.0002256317689530686 0.0
across 5.640794223826715e-05 0.0
action 0.0016358303249097473 0.0
actions 5.640794223826715e-05 0.0
ad_jazyk 0.0001128158844765343 0.0
ada 0.0001128158844765343 0.035401927050916
ada_ 5.640794223826715e-05 3.6463198396951406
add 0.00016922382671480144 0.0
added 0.0001128158844765343 0.02643325706815543
adding 5.640794223826715e-05 0.0
additional 5.640794223826715e-05 0.0
address 0.0001128158844765343 0.0
adds 5.640794223826715e-05 0.0
ae 0.0008461191335740072 0.0
af 0.0002256317689530686 0.0
after 0.0010153429602888086 0.02643325706815543
ago 0.0001128158844765343 0.017544309650909525
agree 5.640794223826715e-05 0.0
alert 0.0002256317689530686 0.11995931507897897
algebraic 0.0001128158844765343 0.008733679968754631
algebraic_data_type 5.640794223826715e-05 0.0
algol 0.00016922382671480144 0.044451762570833796
align 0.00078971119133574 0.0721032939013439
all 0.0004512635379061372 0.0
all_articles_lacking_reliable_references 5.640794223826715e-05 0.0
allow 5.640794223826715e-05 0.008733679968754631
allowed 5.640794223826715e-05 0.11020314013361425
allows 5.640794223826715e-05 0.0
alpha 0.0002256317689530686 0.14981227822866008
alphabetical 5.640794223826715e-05 0.11995931507897897
also 0.0002256317689530686 0.0
alt 0.00078971119133574 0.0
alternate 0.00016922382671480144 0.14981227822866008
ambox 0.0017486462093862815 0.0
amp 0.010830324909747292 0.18058393689541388
an 0.00078971119133574 0.0
analytical 5.640794223826715e-05 0.11020314013361425
and 0.002256317689530686 0.0
anon 0.0001128158844765343 0.0
anoncontribs 5.640794223826715e-05 0.0
anontalk 5.640794223826715e-05 0.0
anonymous 0.0002256317689530686 0.12981161152199053
anonymous_function 5.640794223826715e-05 0.0
another 0.0001128158844765343 0.0
any 0.00016922382671480144 0.0
anything 5.640794223826715e-05 0.12981161152199053
apache 0.0004512635379061372 0.017544309650909525
apache_license 5.640794223826715e-05 0.0
apache_license_2 5.640794223826715e-05 0.0
apache_maven 5.640794223826715e-05 0.0
api 5.640794223826715e-05 0.14981227822866008
apl 0.0001128158844765343 0.11995931507897897
apl_ 5.640794223826715e-05 0.3141153295199365
apocalypse 5.640794223826715e-05 0.12981161152199053
appeared 5.640794223826715e-05 0.044451762570833796
apple 0.0001128158844765343 0.13976194237515863
application 0.0003384476534296029 0.0
apply 5.640794223826715e-05 0.0
april 5.640794223826715e-05 0.0
ar 5.640794223826715e-05 0.5108256237659907
archive 0.00016922382671480144 0.044451762570833796
archived 5.640794223826715e-05 0.035401927050916
are 0.0006768953068592057 0.0
argument 0.0001128158844765343 0.0
aria 0.0017486462093862815 0.0
arrested 5.640794223826715e-05 0.12981161152199053
article 0.0005640794223826715 0.0
articles 0.0005640794223826715 0.0
articles_lacking_reliable_references_from_january_2017 5.640794223826715e-05 0.0
articles_with_short_description 5.640794223826715e-05 0.0
as 0.0008461191335740072 0.0
as_eq 5.640794223826715e-05 0.0
asked 0.0001128158844765343 0.12981161152199053
aspects 5.640794223826715e-05 0.017544309650909525
assembly 0.0001128158844765343 0.0
assembly_language 5.640794223826715e-05 0.7195804376281008
associated 0.00016922382671480144 0.035401927050916
async 0.00039485559566787 0.37548427589622857
at 0.0005076714801444043 0.0
atom 0.00016922382671480144 0.11995931507897897
attribution 5.640794223826715e-05 0.0
aufirst 0.0004512635379061372 0.0
aug 5.640794223826715e-05 0.12981161152199053
august 0.00028203971119133574 0.035401927050916
aulast 0.0004512635379061372 0.0
author 0.0001128158844765343 0.02643325706815543
auto 0.0002256317689530686 0.035401927050916
autocapitalize 5.640794223826715e-05 0.0
automobile 0.0003384476534296029 0.02643325706815543
autostart 5.640794223826715e-05 0.0
available 0.00016922382671480144 0.0
avoid 0.0001128158844765343 0.19105523676270922
avoiding 5.640794223826715e-05 0.12981161152199053
b 0.00315884476534296 0.017544309650909525
b0 5.640794223826715e-05 0.3504829736908114
b1 5.640794223826715e-05 0.3504829736908114
b2 0.0001128158844765343 0.7195804376281008
b3 0.00016922382671480144 0.0
b32424 0.0001128158844765343 0.0
b3n 5.640794223826715e-05 0.0
b4 5.640794223826715e-05 0.0
background 0.00118456678700361 0.2340726218464
backlink 0.001128158844765343 0.0
based 0.00028203971119133574 0.0
based_programming_languages 5.640794223826715e-05 0.0
basic 0.00039485559566787 0.0
bday 0.0001128158844765343 0.0
be 0.00039485559566787 0.0
because 5.640794223826715e-05 0.0
before 0.0008461191335740072 0.017544309650909525
below 5.640794223826715e-05 0.0
beta 0.00016922382671480144 0.0
beyond 5.640794223826715e-05 0.008733679968754631
bf 0.00016922382671480144 0.7195804376281008
bks 0.0001128158844765343 0.0
bkt 5.640794223826715e-05 0.0
block 0.00016922382671480144 0.044451762570833796
blog 0.00016922382671480144 0.14981227822866008
boat 0.0003384476534296029 0.12981161152199053
body 0.0009025270758122744 0.11995931507897897
bodycontent 0.0001128158844765343 0.0
bold 0.0001128158844765343 0.21233263520999412
book 5.640794223826715e-05 0.0721032939013439
books 5.640794223826715e-05 0.0
bootstrap 5.640794223826715e-05 0.0
border 0.0016922382671480144 0.7936884097818228
both 5.640794223826715e-05 0.008733679968754631
bottom 0.0002256317689530686 0.12981161152199053
box 0.001128158844765343 0.0
boxing 0.0001128158844765343 0.12981161152199053
boxtext 5.640794223826715e-05 0.0
boy 0.0001128158844765343 0.12981161152199053
br 5.640794223826715e-05 0.0
bracket 0.0013537906137184115 0.3141153295199365
brackets 0.0001128158844765343 0.11995931507897897
break 0.00016922382671480144 0.19105523676270922
browsing 5.640794223826715e-05 0.27902400970866637
btitle 0.0010717509025270759 0.0
btn 0.0003384476534296029 0.0
builds 0.0001128158844765343 0.12981161152199053
built 5.640794223826715e-05 0.008733679968754631
but 0.00028203971119133574 0.0
button 0.001917870036101083 0.0
buttons 5.640794223826715e-05 0.0
by 0.0008461191335740072 0.0
bytes 0.0002256317689530686 0.0
c 0.0005076714801444043 0.0
c1 0.0007333032490974729 0.9382696385929302
c13_en 5.640794223826715e-05 0.0
c2 0.00016922382671480144 0.9382696385929302
c3 0.0002256317689530686 0.0
c4 5.640794223826715e-05 0.27902400970866637
c_ 5.640794223826715e-05 0.19105523676270922
c_sharp_ 5.640794223826715e-05 1.0560526742493137
ca 0.0006768953068592057 0.035401927050916
cache 0.0001128158844765343 0.0
cached 5.640794223826715e-05 0.0
cachereport 5.640794223826715e-05 0.0
cactions 0.0003384476534296029 0.0
called 5.640794223826715e-05 0.0
calling 0.0001128158844765343 0.06280090123903044
calls 5.640794223826715e-05 0.0
campaigns 5.640794223826715e-05 0.0
can 0.0001128158844765343 0.0
canonical 0.0001128158844765343 0.0
caps 5.640794223826715e-05 0.0
caption 0.0001128158844765343 0.0
case 0.00016922382671480144 0.008733679968754631
cases 5.640794223826715e-05 0.008733679968754631
catalan 5.640794223826715e-05 0.3629054936893685
català 5.640794223826715e-05 0.0
categorical 5.640794223826715e-05 0.11995931507897897
categories 0.0001128158844765343 0.0
category 0.0016922382671480144 0.0
catlinks 0.0003384476534296029 0.0
cats 5.640794223826715e-05 0.0
cause 5.640794223826715e-05 0.035401927050916
ccf 5.640794223826715e-05 1.0560526742493137
cell 0.00016922382671480144 0.21233263520999412
center 0.0006204873646209387 0.02643325706815543
centralauth 0.0001128158844765343 0.0
centralautologin 0.0001128158844765343 0.0
centralnotice 0.00016922382671480144 0.0
ceylon 0.007276624548736462 0.12981161152199053
ceylon_ 0.00315884476534296 0.12981161152199053
ceylon_programming_language 0.0001128158844765343 0.0
change 5.640794223826715e-05 0.0
changed 5.640794223826715e-05 0.10054122922187746
changes 0.0002256317689530686 0.02643325706815543
charinsert 5.640794223826715e-05 0.0
charming 5.640794223826715e-05 0.12981161152199053
charset 5.640794223826715e-05 0.0
checkbox 0.001917870036101083 0.0
child 0.0014101985559566788 0.21233263520999412
citation 0.001523014440433213 0.017544309650909525
cite 0.0036665162454873647 0.0
cite_note 0.002256317689530686 0.0
cite_ref 0.002256317689530686 0.0
cite_web 0.0001128158844765343 0.0
citereffestal2014 5.640794223826715e-05 0.0
citerefking 0.0003384476534296029 0.0
citerefking2012 5.640794223826715e-05 0.0
citethispage 5.640794223826715e-05 0.0
class 0.050315884476534296 0.0
classes 0.0002256317689530686 0.0
classeswithcases 5.640794223826715e-05 0.0
classic 0.00016922382671480144 0.0721032939013439
classic_visual_basic 5.640794223826715e-05 0.0
classname 0.00016922382671480144 0.0
clause 0.0001128158844765343 0.11020314013361425
clear 0.0002256317689530686 0.11020314013361425
client 0.0003384476534296029 0.0
cm 5.640794223826715e-05 0.02643325706815543
co 0.0001128158844765343 0.02643325706815543
cobol 0.00016922382671480144 0.11020314013361425
code 0.003779332129963899 0.0
coffee 0.00016922382671480144 0.11995931507897897
col 5.640794223826715e-05 0.2340726218464
coll 0.0002256317689530686 0.0
collapse 0.00016922382671480144 0.0
collapsed 0.00016922382671480144 0.0
collapses 5.640794223826715e-05 0.0
collapsible 0.0006204873646209387 0.0
colognian 5.640794223826715e-05 0.0
color 0.0009589350180505415 0.3629054936893685
colspan 0.0005640794223826715 0.0
column 0.0002256317689530686 0.11020314013361425
columns 0.00039485559566787 0.11020314013361425
com 0.0005640794223826715 0.0
commons 0.0004512635379061372 0.0
community 5.640794223826715e-05 0.10054122922187746
community_portal 5.640794223826715e-05 0.0
compact 0.0001128158844765343 0.0
compactlinks 5.640794223826715e-05 0.0
compared 5.640794223826715e-05 0.0
comparison 0.0001128158844765343 0.0
comparison_of_programming_languages 5.640794223826715e-05 0.0
compilation 0.00016922382671480144 0.0
compilationunitstructure 5.640794223826715e-05 0.0
compile 0.0003384476534296029 0.0
compiled 5.640794223826715e-05 0.0
compilers 0.00016922382671480144 0.044451762570833796
compiles 0.0001128158844765343 0.017544309650909525
compiletimesafety 5.640794223826715e-05 0.0
complications 5.640794223826715e-05 0.0
composed 5.640794223826715e-05 0.035401927050916
computer 0.0002256317689530686 0.0
computer_interaction 5.640794223826715e-05 0.0
computer_programming 5.640794223826715e-05 1.4127276181880462
computer_science 0.00016922382671480144 0.0
computing 5.640794223826715e-05 0.008733679968754631
computing_platform 5.640794223826715e-05 0.0
condition 5.640794223826715e-05 0.008733679968754631
config 0.0001128158844765343 0.0
constructor 0.0002256317689530686 0.0
constructs 5.640794223826715e-05 0.044451762570833796
contact 0.0002256317689530686 0.0
contact_us 0.0001128158844765343 0.0
contactpage 5.640794223826715e-05 0.0
container 0.0008461191335740072 0.14981227822866008
containing 5.640794223826715e-05 0.008733679968754631
content 0.004851083032490975 0.0
contentinfo 5.640794223826715e-05 0.0
contents 0.00078971119133574 0.0
contentsub 5.640794223826715e-05 0.0
context 0.0001128158844765343 0.017544309650909525
contribute 5.640794223826715e-05 0.0
contributions 5.640794223826715e-05 0.2340726218464
contributors 0.0001128158844765343 0.017544309650909525
controls 0.00016922382671480144 0.0
conversion 5.640794223826715e-05 0.0
cookie 0.00028203971119133574 0.0
cookie_statement 5.640794223826715e-05 0.0
cookiestatement 5.640794223826715e-05 0.0
copyright 0.00016922382671480144 0.0
copyrightico 5.640794223826715e-05 0.0
could 0.0001128158844765343 0.044451762570833796
count 0.0001128158844765343 0.0
counter 0.0002256317689530686 0.11020314013361425
cpu 5.640794223826715e-05 0.0
cputime 5.640794223826715e-05 0.0
create 0.0002256317689530686 0.0
createaccount 0.0002256317689530686 0.0
created 0.00028203971119133574 0.0
creative 5.640794223826715e-05 0.0
creativecommons 0.0001128158844765343 0.0
cross 5.640794223826715e-05 0.0
crossorigin 5.640794223826715e-05 0.0
cs 0.0002256317689530686 0.035401927050916
cs1 0.0017486462093862815 0.017544309650909525
csrftoken 5.640794223826715e-05 0.0
ct 0.0001128158844765343 0.6844891178168307
ctx_ver 0.0010717509025270759 0.0
current 0.0001128158844765343 0.08149303425118301
current_events 5.640794223826715e-05 0.0
currentevents 5.640794223826715e-05 0.0
cursor 5.640794223826715e-05 0.5860490450035782
cx 0.0001128158844765343 0.0
cycle 5.640794223826715e-05 0.8737311174553593
czech 5.640794223826715e-05 0.11020314013361425
d 0.0002256317689530686 0.017544309650909525
d33 0.0001128158844765343 0.0
d6 5.640794223826715e-05 0.0
d7 0.0004512635379061372 0.0
d8 0.0003384476534296029 0.0
d9 0.00039485559566787 0.0
dart 0.0001128158844765343 0.11995931507897897
dart_ 5.640794223826715e-05 0.0
data 0.004061371841155234 0.0
date 0.0003384476534296029 0.02643325706815543
datemodified 0.0001128158844765343 0.0
datepublished 0.0001128158844765343 0.0
david 0.0001128158844765343 0.017544309650909525
db 0.0003384476534296029 0.6505875661411494
dd 0.0009025270758122744 0.035401927050916
ddf 5.640794223826715e-05 0.0
de 0.0003384476534296029 0.017544309650909525
debian 0.00028203971119133574 0.12981161152199053
dec 5.640794223826715e-05 0.11995931507897897
december 0.00016922382671480144 0.02643325706815543
decimal 5.640794223826715e-05 0.11020314013361425
declaration 5.640794223826715e-05 0.008733679968754631
declarations 0.0002256317689530686 0.035401927050916
decoding 0.0003384476534296029 0.21233263520999412
decoration 0.0001128158844765343 0.0
deduplicate 0.0004512635379061372 0.0
deduplicated 0.001128158844765343 0.0
deeply 5.640794223826715e-05 0.12981161152199053
default 0.0001128158844765343 0.11020314013361425
defined 0.0001128158844765343 0.0
definition 5.640794223826715e-05 0.008733679968754631
delete 5.640794223826715e-05 0.0721032939013439
deploy 0.0001128158844765343 0.12981161152199053
depth 0.00016922382671480144 0.0
description 0.00039485559566787 0.0
design 0.0005640794223826715 0.035401927050916
designed 5.640794223826715e-05 0.0
desktoparticletarget 0.00016922382671480144 0.0
detection 5.640794223826715e-05 0.10054122922187746
deutsch 5.640794223826715e-05 0.0
developer 0.00016922382671480144 0.02643325706815543
developers 0.0001128158844765343 0.0
development 5.640794223826715e-05 0.017544309650909525
di 5.640794223826715e-05 0.2451224580329849
differ 5.640794223826715e-05 0.12981161152199053
different 0.0002256317689530686 0.0
dili 5.640794223826715e-05 0.0
dir 0.0005640794223826715 0.4682660093471948
disabled 0.0006204873646209387 0.11020314013361425
discipline 5.640794223826715e-05 0.06280090123903044
disclaimers 0.0001128158844765343 0.0
discuss 0.0001128158844765343 0.05358424613410626
discussion 0.0001128158844765343 0.26759531388504365
disjoint 0.0001128158844765343 0.12981161152199053
display 0.0009025270758122744 0.0
distributes 5.640794223826715e-05 0.12981161152199053
distributive 5.640794223826715e-05 0.0
distributive_property 5.640794223826715e-05 0.0
div 0.012296931407942238 0.0
dl 0.0005640794223826715 0.22314355131420976
dmy 5.640794223826715e-05 0.08149303425118301
dns 0.0001128158844765343 0.540239508972284
dobasicsearch 5.640794223826715e-05 0.0
doctype 5.640794223826715e-05 0.0
document 0.0002256317689530686 0.09097177820572679
documentation 0.0005640794223826715 0.017544309650909525
documentelement 0.00016922382671480144 0.0
does 5.640794223826715e-05 0.0
donate 0.00016922382671480144 0.0
donated 5.640794223826715e-05 0.12981161152199053
donating 5.640794223826715e-05 0.0
download 0.00039485559566787 0.0
downloadaspdf 5.640794223826715e-05 0.0
dropdown 0.0014101985559566788 0.0
dt 0.0009025270758122744 0.0
dtstart 0.0001128158844765343 0.0
e 0.00016922382671480144 0.0
e0 0.0010153429602888086 0.7195804376281008
e2 0.0001128158844765343 1.911718784307034
e6e6ff 5.640794223826715e-05 0.0
each 5.640794223826715e-05 0.008733679968754631
echo 5.640794223826715e-05 0.0
eclipse 0.00028203971119133574 0.11020314013361425
eclipse_foundation 0.0001128158844765343 0.0
edf5 5.640794223826715e-05 0.12981161152199053
edit 0.00315884476534296 0.0
editable 5.640794223826715e-05 0.49643688631389105
edited 5.640794223826715e-05 0.0
editing 5.640794223826715e-05 0.11020314013361425
editor 0.0001128158844765343 0.044451762570833796
editors 0.0001128158844765343 0.0
editpage 5.640794223826715e-05 0.0
edits 0.0001128158844765343 0.0
editsection 0.002030685920577617 0.0
edituri 5.640794223826715e-05 0.0
ee 0.0001128158844765343 0.12981161152199053
eee 5.640794223826715e-05 0.0
either 5.640794223826715e-05 0.0
element 0.0006204873646209387 0.0
elements 0.00016922382671480144 0.008733679968754631
ellipsis 0.0001128158844765343 0.2340726218464
else 0.0001128158844765343 0.044451762570833796
elt 0.00028203971119133574 0.0
emphasis 5.640794223826715e-05 0.12981161152199053
empty 0.0004512635379061372 0.008733679968754631
emptyportlet 0.0001128158844765343 0.0
en 0.0025383574007220217 0.0
enabled 0.0006204873646209387 0.008733679968754631
encouraged 0.0002256317689530686 1.5668782980153044
encyclopedia 0.0001128158844765343 0.0
end 5.640794223826715e-05 0.0
enforcing 5.640794223826715e-05 0.12981161152199053
engine 5.640794223826715e-05 0.02643325706815543
english 0.0003384476534296029 0.0
enhancements 5.640794223826715e-05 0.0
entirely 5.640794223826715e-05 0.12981161152199053
entities 5.640794223826715e-05 0.0
entity 0.0002256317689530686 0.0
entityaccesscount 5.640794223826715e-05 0.0
entitypage 0.0001128158844765343 0.0
entry 0.00028203971119133574 0.035401927050916
entry_point_with_names 0.0002256317689530686 0.12981161152199053
enumerated 0.0005640794223826715 0.12981161152199053
enumerated_type 5.640794223826715e-05 0.0
enumerated_types 0.0002256317689530686 0.12981161152199053
enums 5.640794223826715e-05 0.12981161152199053
enwiki 5.640794223826715e-05 0.0
enwikimwclientprefs 5.640794223826715e-05 0.0
equivalent 0.00016922382671480144 0.0721032939013439
erlang 0.0001128158844765343 0.11995931507897897
erlang_ 5.640794223826715e-05 0.0
error 0.0002256317689530686 0.11020314013361425
es 0.0002256317689530686 1.8545603704670854
es6 5.640794223826715e-05 0.0
esi 0.0001128158844765343 0.7195804376281008
esitest 5.640794223826715e-05 0.0
español 5.640794223826715e-05 0.0
even 5.640794223826715e-05 0.11020314013361425
event 0.0005640794223826715 0.0
eventlogging 0.0001128158844765343 0.0
events 0.0001128158844765343 0.11020314013361425
exact 5.640794223826715e-05 0.0
example 0.0002256317689530686 0.0
excessively 5.640794223826715e-05 0.008733679968754631
existence 5.640794223826715e-05 0.044451762570833796
exists 5.640794223826715e-05 0.0
expand 0.0002256317689530686 0.0
expanded 0.00039485559566787 0.0
expansion 0.0001128158844765343 0.0
expansiondepth 5.640794223826715e-05 0.0
expensive 5.640794223826715e-05 0.0
expensivefunctioncount 5.640794223826715e-05 0.0
expiry 0.0001128158844765343 0.0
explanations 5.640794223826715e-05 0.12981161152199053
export 0.0001128158844765343 0.0
expression 5.640794223826715e-05 0.008733679968754631
ext 0.00157942238267148 0.0
extends 0.0004512635379061372 0.12981161152199053
extension 0.0001128158844765343 0.008733679968754631
extensions 5.640794223826715e-05 0.0
external 0.0018614620938628159 0.0
external_links 0.0002256317689530686 0.0
extra 5.640794223826715e-05 0.0
f 0.0002256317689530686 0.0
f28500 5.640794223826715e-05 0.0
f7f7f7 5.640794223826715e-05 0.0
f9f9f9 5.640794223826715e-05 0.0
fa 0.0002256317689530686 1.8004931491968095
fa8a495983347898 5.640794223826715e-05 0.0
fallbacksearchbutton 5.640794223826715e-05 0.0
false 0.0005640794223826715 0.0
family 0.00016922382671480144 0.008733679968754631
fantom 0.0001128158844765343 0.12981161152199053
fantom_ 5.640794223826715e-05 0.0
faq 0.00039485559566787 0.12981161152199053
fashion 5.640794223826715e-05 0.12981161152199053
favicon 5.640794223826715e-05 0.0
favor 0.0001128158844765343 0.09097177820572679
fbfbfb 5.640794223826715e-05 0.0
fc3 5.640794223826715e-05 0.0
fdfdfd 0.00016922382671480144 0.0
feature 0.0012409747292418773 0.0
featurename 0.00016922382671480144 0.0
features 0.0007333032490974729 0.0
feb 5.640794223826715e-05 0.044451762570833796
february 5.640794223826715e-05 0.017544309650909525
fee7e6 5.640794223826715e-05 0.0
feed 0.0001128158844765343 0.19105523676270922
festal 0.0001128158844765343 0.12981161152199053
file 0.0010153429602888086 0.0
file_upload_wizard 0.0001128158844765343 0.0
filename 0.00016922382671480144 0.12981161152199053
filename_extension 5.640794223826715e-05 0.0
files 5.640794223826715e-05 0.0
find 5.640794223826715e-05 0.0
first 0.0009589350180505415 0.0
first_class_function 5.640794223826715e-05 0.0
firstheading 0.00016922382671480144 0.0
float 0.00028203971119133574 0.06280090123903044
flow 0.0003384476534296029 0.035401927050916
flush 0.00028203971119133574 0.0
focuses 5.640794223826715e-05 0.12981161152199053
following 0.0001128158844765343 0.0
font 0.0012409747292418773 0.14981227822866008
footer 0.0014666064981949459 0.0
for 0.00118456678700361 0.0
force 5.640794223826715e-05 0.11020314013361425
foregoes 5.640794223826715e-05 0.12981161152199053
form 0.0002256317689530686 0.0
format 0.0001128158844765343 0.035401927050916
formerly 5.640794223826715e-05 0.0
forth 0.0001128158844765343 0.044451762570833796
forth_ 5.640794223826715e-05 0.0
fortran 0.00016922382671480144 0.035401927050916
foundation 0.00078971119133574 0.0
fr 0.0002256317689530686 0.09097177820572679
français 5.640794223826715e-05 1.16141318990714
free 0.0005076714801444043 0.0
free_and_open 0.00039485559566787 0.0
free_software 5.640794223826715e-05 0.0
french 5.640794223826715e-05 0.09097177820572679
frequently 0.0001128158844765343 0.11020314013361425
from 0.00078971119133574 0.0
full 0.00028203971119133574 0.044451762570833796
fulltext 5.640794223826715e-05 0.0
function 0.0014101985559566788 0.0
functions 0.0007333032490974729 0.0
fundraiserredirector 5.640794223826715e-05 0.0
g 0.0001128158844765343 0.0
gadget 0.0002256317689530686 0.0
gavin 0.0008461191335740072 0.0721032939013439
gehomepagesuggestededitsenabletopics 5.640794223826715e-05 0.0
general_disclaimer 5.640794223826715e-05 0.0
generational 0.0001128158844765343 0.11995931507897897
generational_list_of_programming_languages 5.640794223826715e-05 0.0
generator 5.640794223826715e-05 0.0
generic 5.640794223826715e-05 0.06280090123903044
generics 5.640794223826715e-05 0.017544309650909525
genre 0.0010717509025270759 0.0
geoip 5.640794223826715e-05 0.0
german 5.640794223826715e-05 0.017544309650909525
get 5.640794223826715e-05 0.008733679968754631
github 0.0002256317689530686 0.017544309650909525
gitter 0.0003384476534296029 0.12981161152199053
globalcssjs 0.0001128158844765343 0.0
go 0.00039485559566787 0.0
go_ 5.640794223826715e-05 0.0
goals 0.0002256317689530686 0.12981161152199053
google 0.00028203971119133574 0.10054122922187746
googpub 0.0001128158844765343 0.0
got 0.00028203971119133574 0.02643325706815543
gray 5.640794223826715e-05 1.449095262358921
greek 0.0001128158844765343 0.3141153295199365
green 5.640794223826715e-05 0.08149303425118301
group 0.0005640794223826715 0.05358424613410626
growth 5.640794223826715e-05 0.12981161152199053
growthexperiments 5.640794223826715e-05 0.0
gt 0.0005076714801444043 0.2340726218464
guidance 5.640794223826715e-05 0.2340726218464
guide 0.0001128158844765343 0.09097177820572679
guides 5.640794223826715e-05 4.74493212836325
guy 5.640794223826715e-05 0.08149303425118301
h 0.0001128158844765343 0.035401927050916
h1 0.0001128158844765343 1.2484245668967697
h2 0.00078971119133574 1.2484245668967697
h3 0.0002256317689530686 0.0
h4 0.0004512635379061372 0.0
hack 0.0003384476534296029 0.0
had 0.0002256317689530686 0.02643325706815543
has 0.00028203971119133574 0.0
haskell 0.00016922382671480144 0.008733679968754631
haspopup 0.00028203971119133574 0.0
hat 0.00039485559566787 0.12981161152199053
have 5.640794223826715e-05 0.008733679968754631
he 0.0002256317689530686 0.044451762570833796
head 0.00016922382671480144 0.0
header 0.001523014440433213 0.0
heading 0.0012973826714801444 0.0
headline 0.00078971119133574 0.0
heavily 5.640794223826715e-05 0.017544309650909525
hebrew 5.640794223826715e-05 0.0
height 0.00157942238267148 0.0
hello 0.00016922382671480144 0.0
help 0.0005076714801444043 0.0
here 5.640794223826715e-05 0.008733679968754631
hidden 0.00078971119133574 0.0
hide 0.0002256317689530686 0.0
hierarchy 5.640794223826715e-05 0.11020314013361425
high 0.0002256317689530686 0.0
higher 0.00028203971119133574 0.017544309650909525
higher_order_function 5.640794223826715e-05 0.0
highest 5.640794223826715e-05 0.0
highlight 0.00078971119133574 3.1354942159291497
history 0.0004512635379061372 0.0
history_of_programming_languages 5.640794223826715e-05 0.0
hlist 0.0032716606498194947 0.0
hor 0.0001128158844765343 0.0
hosted 5.640794223826715e-05 0.0721032939013439
how 0.0003384476534296029 0.0
however 0.00028203971119133574 0.0
href 0.019517148014440433 0.0
hreflang 0.0009025270758122744 0.0
html 0.0007333032490974729 0.06280090123903044
html_single 0.00016922382671480144 0.0
http 0.0018614620938628159 0.017544309650909525
https 0.0032152527075812276 0.0
hub 5.640794223826715e-05 0.2451224580329849
i 0.00078971119133574 0.0
i1 0.0002256317689530686 0.12981161152199053
i2 0.0002256317689530686 0.12981161152199053
ico 5.640794223826715e-05 0.0
icon 0.0021435018050541517 0.0
icons 0.0002256317689530686 0.0
id 0.011507220216606499 0.0
ide 0.0002256317689530686 0.02643325706815543
idhash 5.640794223826715e-05 0.0
if 0.0002256317689530686 0.0
illegal 5.640794223826715e-05 0.0
im 0.0002256317689530686 0.14981227822866008
image 0.0012409747292418773 0.0
imageobject 0.0001128158844765343 0.0
imageright 5.640794223826715e-05 0.0
images 0.0006768953068592057 0.0
img 0.0006768953068592057 0.0
immutability 5.640794223826715e-05 0.12981161152199053
immutable 5.640794223826715e-05 0.11020314013361425
immutable_object 5.640794223826715e-05 0.0
implement 0.0001128158844765343 0.05358424613410626
implemented 0.0001128158844765343 0.035401927050916
important 0.0001128158844765343 0.008733679968754631
improve 5.640794223826715e-05 0.0
improvements 5.640794223826715e-05 0.08149303425118301
in 0.0020870938628158846 0.0
inc 0.00028203971119133574 0.0
include 0.00016922382671480144 0.0
including 0.0001128158844765343 0.008733679968754631
increment 5.640794223826715e-05 0.06280090123903044
index 0.0018050541516245488 0.0
indicators 5.640794223826715e-05 0.454472687214859
infer 0.0001128158844765343 0.11020314013361425
inference 0.0005076714801444043 0.017544309650909525
influenced 0.00016922382671480144 0.008733679968754631
info 0.0024255415162454876 0.044451762570833796
infobox 0.002199909747292419 0.008733679968754631
infobox_programming_language 0.0001128158844765343 0.008733679968754631
information 0.00016922382671480144 0.0
inherit 0.0005640794223826715 0.11020314013361425
inherits 5.640794223826715e-05 0.12981161152199053
init 0.00016922382671480144 0.0
inline 0.00157942238267148 0.05358424613410626
inner 0.0002256317689530686 0.0
input 0.0014101985559566788 0.0
inside 0.0001128158844765343 0.0
instance 5.640794223826715e-05 0.0
instances 0.00016922382671480144 0.0
integer 0.001917870036101083 0.035401927050916
integer_ 5.640794223826715e-05 0.0
integerorstring 0.0001128158844765343 0.12981161152199053
interaction 0.00016922382671480144 0.0
interface 0.0001128158844765343 0.0
interfaces 5.640794223826715e-05 0.0
interlanguage 0.0020870938628158846 0.0
internal 5.640794223826715e-05 0.035401927050916
interoperable 5.640794223826715e-05 0.12981161152199053
intersection 0.00028203971119133574 0.12981161152199053
intersection_type 5.640794223826715e-05 0.0
interwiki 0.0009025270758122744 0.0
into 5.640794223826715e-05 0.0
introduction 0.00016922382671480144 0.11020314013361425
ip 0.0001128158844765343 0.3141153295199365
irrational 5.640794223826715e-05 0.12981161152199053
irregular 5.640794223826715e-05 0.12981161152199053
is 0.002030685920577617 0.0
islands 5.640794223826715e-05 0.12981161152199053
it 0.0009025270758122744 0.0
italian 5.640794223826715e-05 0.3629054936893685
italiano 5.640794223826715e-05 0.0
italic 5.640794223826715e-05 0.3141153295199365
item 0.004569043321299639 0.0
items 5.640794223826715e-05 0.0
iterable 0.0001128158844765343 0.12981161152199053
its 0.0002256317689530686 0.0
j 0.00016922382671480144 0.0
ja 0.0002256317689530686 0.3141153295199365
january 0.00028203971119133574 0.0
japanese 5.640794223826715e-05 0.2340726218464
java 0.0016358303249097473 0.0
java_ 0.00016922382671480144 0.0
java_programming_language_family 5.640794223826715e-05 0.0
java_virtual_machine 0.0001128158844765343 0.0
javascript 0.0005076714801444043 0.11995931507897897
jaxenter 5.640794223826715e-05 0.0
jazyk 0.0001128158844765343 0.0
jboss 5.640794223826715e-05 0.12981161152199053
jee 0.0001128158844765343 0.0
jquery 0.00016922382671480144 0.0
js 0.0002256317689530686 0.0
json 0.0001128158844765343 0.11995931507897897
jstor 0.0001128158844765343 0.0
jul 5.640794223826715e-05 0.11020314013361425
july 5.640794223826715e-05 0.008733679968754631
jump 0.0001128158844765343 0.0
jun 5.640794223826715e-05 0.12981161152199053
june 5.640794223826715e-05 0.017544309650909525
just 5.640794223826715e-05 0.0
jvm 0.00028203971119133574 0.12981161152199053
jvm_programming_languages 5.640794223826715e-05 0.0
język 5.640794223826715e-05 0.0
k 0.0006204873646209387 0.0
kd 0.0007333032490974729 0.0
kern 0.0001128158844765343 0.0
key 5.640794223826715e-05 0.0
keyword 0.0001128158844765343 0.017544309650909525
king 0.0008461191335740072 0.12981161152199053
known 0.0002256317689530686 0.0
kotlin 0.0001128158844765343 0.11995931507897897
kotlin_ 5.640794223826715e-05 0.0
ksh 0.0002256317689530686 0.26759531388504365
kt 0.0005076714801444043 0.9162907318741551
label 0.0032716606498194947 0.0
labelledby 0.0001128158844765343 0.0
lacking 0.0003384476534296029 0.008733679968754631
landmark 0.0002256317689530686 0.0
lang 0.004004963898916967 0.0
langlinks 0.0001128158844765343 0.0
language 0.006430505415162455 0.0
language_features 0.00028203971119133574 0.035401927050916
languages 0.0014666064981949459 0.0
lanka 0.0001128158844765343 0.12981161152199053
last 0.0007333032490974729 0.0
lastmod 5.640794223826715e-05 0.0
lazy 0.0001128158844765343 0.008733679968754631
ld 0.0001128158844765343 0.7195804376281008
learn 0.0003384476534296029 0.0
left 0.0014666064981949459 0.0
legal 5.640794223826715e-05 0.12981161152199053
lenguaje 5.640794223826715e-05 0.0
lenguaje_de_programaci 5.640794223826715e-05 0.0
level 0.0010717509025270759 0.0
level_programming_languages 5.640794223826715e-05 0.0
levels 5.640794223826715e-05 0.0
lgpl 5.640794223826715e-05 0.12981161152199053
li 0.022224729241877256 0.0
license 0.001128158844765343 0.0
licensed 5.640794223826715e-05 0.12981161152199053
licenses 0.00028203971119133574 0.12981161152199053
life 5.640794223826715e-05 0.02643325706815543
like 0.0001128158844765343 0.0
limit 0.0006204873646209387 0.0
limited 0.00039485559566787 0.008733679968754631
limiting 0.0001128158844765343 0.12981161152199053
limitreport 0.00016922382671480144 0.0
line 0.00028203971119133574 0.008733679968754631
linguaggio 5.640794223826715e-05 0.0
linguaggio_di_programmazione 5.640794223826715e-05 0.0
link 0.005245938628158845 0.08149303425118301
linked 5.640794223826715e-05 0.0721032939013439
links 0.0010717509025270759 0.0
lisp 0.0002256317689530686 0.09097177820572679
lisp_ 0.0001128158844765343 0.0
list 0.006825361010830325 0.0
list_of_programming_languages 0.0001128158844765343 0.0
list_of_programming_languages_by_type 5.640794223826715e-05 0.0
listbullet 0.00016922382671480144 0.0
listed 5.640794223826715e-05 0.11020314013361425
listitem 0.0002256317689530686 0.0
lists 5.640794223826715e-05 0.008733679968754631
llenguatge 5.640794223826715e-05 0.0
llenguatge_de_programaci 5.640794223826715e-05 0.0
load 0.00016922382671480144 0.0
loaded 5.640794223826715e-05 0.0
loader 5.640794223826715e-05 0.035401927050916
loading 0.00016922382671480144 0.0
loc 5.640794223826715e-05 0.0
lock 0.0006204873646209387 0.11020314013361425
log 0.00039485559566787 0.0
logged 0.0001128158844765343 0.0
login 0.00028203971119133574 0.3141153295199365
logo 0.0005076714801444043 0.0
lower 0.0003384476534296029 0.044451762570833796
lt 0.0003384476534296029 0.20163734609324613
ltr 0.001523014440433213 0.0
lua 0.0002256317689530686 0.0
lua_ 5.640794223826715e-05 0.0
m 0.0001128158844765343 0.08149303425118301
m1 5.640794223826715e-05 0.12981161152199053
m2 5.640794223826715e-05 0.12981161152199053
m3 0.0001128158844765343 0.12981161152199053
m4 5.640794223826715e-05 0.12981161152199053
m5 5.640794223826715e-05 0.12981161152199053
m6 5.640794223826715e-05 0.12981161152199053
machine 0.0002256317689530686 0.0
made 5.640794223826715e-05 0.035401927050916
main 0.0014666064981949459 0.0
main_page 0.0001128158844765343 0.0
mainentity 0.0001128158844765343 0.0
mainpage 5.640794223826715e-05 0.0
maint 5.640794223826715e-05 0.09097177820572679
maintenance 5.640794223826715e-05 0.008733679968754631
maintenance_template_removal 5.640794223826715e-05 0.0
make 5.640794223826715e-05 0.0
makecollapsible 0.00016922382671480144 0.0
makes 5.640794223826715e-05 0.0
mandatory 0.0002256317689530686 0.2340726218464
many 0.00016922382671480144 0.0
mar 0.0002256317689530686 0.12981161152199053
march 5.640794223826715e-05 0.017544309650909525
margin 0.0014666064981949459 0.0
match 5.640794223826715e-05 0.008733679968754631
matlab 0.00016922382671480144 0.11995931507897897
maven 0.00028203971119133574 0.02643325706815543
maven_repositories 5.640794223826715e-05 0.0
max 0.00016922382671480144 0.11020314013361425
may 0.00028203971119133574 0.0
mbox 0.0006204873646209387 0.0
mechanism 5.640794223826715e-05 0.008733679968754631
media 0.0002256317689530686 0.11995931507897897
mediawiki 0.0005076714801444043 0.0
memory 5.640794223826715e-05 0.0
memusage 5.640794223826715e-05 0.0
menu 0.005584386281588448 0.0
message 0.00016922382671480144 0.0
meta 0.00118456678700361 0.09097177820572679
metadata 5.640794223826715e-05 0.0
metaprogrammability 5.640794223826715e-05 0.12981161152199053
metaprogramming 0.00016922382671480144 0.12981161152199053
mi 0.0002256317689530686 0.11020314013361425
middle 0.0001128158844765343 0.21233263520999412
min 0.00016922382671480144 0.11020314013361425
minerva 0.0004512635379061372 0.0
mini 0.00016922382671480144 0.20163734609324613
minitel 5.640794223826715e-05 0.12981161152199053
mixin 0.0002256317689530686 0.6177977433181585
mixins 0.0001128158844765343 0.12981161152199053
ml 0.0002256317689530686 0.11995931507897897
ml_ 0.0001128158844765343 0.0
mmv 0.0001128158844765343 0.0
mobile 0.00016922382671480144 0.0
mobileaction 5.640794223826715e-05 0.0
mobileview 5.640794223826715e-05 0.0
modern 5.640794223826715e-05 0.11995931507897897
modular 5.640794223826715e-05 0.14981227822866008
modular_programming 5.640794223826715e-05 0.0
modularity 0.0001128158844765343 0.12981161152199053
module 0.0001128158844765343 0.044451762570833796
modules 0.0002256317689530686 0.0721032939013439
more 0.0010153429602888086 0.0
most 0.0001128158844765343 0.0
mostly 0.0001128158844765343 0.008733679968754631
move 0.0001128158844765343 0.0
moved 5.640794223826715e-05 0.0
mr 5.640794223826715e-05 0.12981161152199053
ms 5.640794223826715e-05 0.0
mw 0.028203971119133572 0.0
mw1351 0.0001128158844765343 0.12981161152199053
mw1369 5.640794223826715e-05 0.017544309650909525
my 5.640794223826715e-05 0.11995931507897897
mycontributions 5.640794223826715e-05 0.0
mytalk 5.640794223826715e-05 0.0
n 0.005753610108303249 0.08149303425118301
na 0.0001128158844765343 4.74493212836325
name 0.00197427797833935 0.0
named 0.0003384476534296029 0.008733679968754631
names 0.00016922382671480144 0.02643325706815543
namespaces 5.640794223826715e-05 0.21233263520999412
narrows 5.640794223826715e-05 0.12981161152199053
nav 0.00078971119133574 0.7018808605286999
navbar 0.0009589350180505415 0.20163734609324613
navbox 0.0028768050541516247 0.0
navigation 0.0007333032490974729 0.0
navigationtiming 5.640794223826715e-05 0.0
nc 0.0002256317689530686 0.9382696385929302
nd 0.0005076714801444043 0.0
nearby 5.640794223826715e-05 0.0
neither 5.640794223826715e-05 0.12981161152199053
nesa 5.640794223826715e-05 0.12981161152199053
net 0.0001128158844765343 0.0
new 0.0009589350180505415 0.0
newpp 5.640794223826715e-05 0.0
news 5.640794223826715e-05 0.0
newspapers 5.640794223826715e-05 0.0
newton 5.640794223826715e-05 0.12981161152199053
nf 0.0009025270758122744 2.4423470353692043
nice 5.640794223826715e-05 0.12981161152199053
no 0.0005076714801444043 0.0
no_original_research 0.0001128158844765343 0.0
node 5.640794223826715e-05 0.0
nofollow 0.0016922382671480144 0.0
noicon 0.00028203971119133574 0.0
nojs 5.640794223826715e-05 0.0
non 0.00039485559566787 0.0
none 0.0016358303249097473 0.21233263520999412
noprint 0.0003384476534296029 0.37548427589622857
nor 5.640794223826715e-05 0.06280090123903044
normal 0.0003384476534296029 0.008733679968754631
noscript 0.0002256317689530686 0.0
nosnippet 5.640794223826715e-05 0.0
not 0.0006768953068592057 0.0
nothing 0.0001128158844765343 0.12981161152199053
notice 5.640794223826715e-05 0.11020314013361425
nov 0.0001128158844765343 0.12981161152199053
novel 5.640794223826715e-05 0.12981161152199053
november 5.640794223826715e-05 0.0
noviewer 0.00016922382671480144 0.0
now 0.0001128158844765343 0.0
nowrap 0.00118456678700361 0.035401927050916
nowraplinks 5.640794223826715e-05 0.0
ns 0.0001128158844765343 0.19105523676270922
nstab 5.640794223826715e-05 0.0
null 0.0010153429602888086 0.0
null_pointer 5.640794223826715e-05 0.0
null_safety 0.0003384476534296029 0.12981161152199053
nullable 0.00016922382671480144 0.12981161152199053
nullable_type 5.640794223826715e-05 0.0
numb 0.0006768953068592057 0.0
number 5.640794223826715e-05 0.0
nv 0.00016922382671480144 0.0
nws 5.640794223826715e-05 0.0
o 0.007615072202166065 0.035401927050916
object 0.0010153429602888086 0.0
object_pascal 5.640794223826715e-05 0.0
object_type 5.640794223826715e-05 0.0
objects 0.0002256317689530686 0.0
oblique 5.640794223826715e-05 0.12981161152199053
occur 5.640794223826715e-05 0.11020314013361425
oct 0.00016922382671480144 0.12981161152199053
october 5.640794223826715e-05 0.02643325706815543
odd 0.0001128158844765343 0.11995931507897897
of 0.003384476534296029 0.0
official 0.0001128158844765343 0.017544309650909525
og 0.0005640794223826715 0.0
ol 0.0010717509025270759 0.0
oldid 0.00016922382671480144 0.0
on 0.0008461191335740072 0.0
one 0.0002256317689530686 0.0
only 0.0003384476534296029 0.0
oojs_ui_icon_edit 0.0003384476534296029 0.0
open 0.0001128158844765343 0.017544309650909525
opensearch_desc 5.640794223826715e-05 0.0
opensearchdescription 5.640794223826715e-05 0.0
operator 5.640794223826715e-05 0.008733679968754631
optional 0.0001128158844765343 0.008733679968754631
options 0.00028203971119133574 0.0
or 0.0002256317689530686 0.0
order 0.00028203971119133574 0.008733679968754631
org 0.007727888086642599 0.0
organiser 5.640794223826715e-05 0.0
organization 0.00028203971119133574 0.0
oriented 0.0002256317689530686 0.0
oriented_programming 0.0001128158844765343 0.2340726218464
origin 0.00028203971119133574 0.11020314013361425
original 0.00016922382671480144 0.02643325706815543
osgi 0.00039485559566787 0.12981161152199053
other 0.00016922382671480144 0.0
otherwise 5.640794223826715e-05 0.12981161152199053
out 0.00016922382671480144 0.0
output 0.009420126353790614 0.008733679968754631
overflow 0.00016922382671480144 0.19105523676270922
overhead 5.640794223826715e-05 0.044451762570833796
own 5.640794223826715e-05 0.0721032939013439
p 0.004399819494584838 0.0
p856 5.640794223826715e-05 0.0
padding 0.0012409747292418773 0.0
page 0.002594765342960289 0.0
pagelanguagecode 5.640794223826715e-05 0.0
pagelanguagedir 5.640794223826715e-05 0.0
pageprop 5.640794223826715e-05 0.0
pages 0.00039485559566787 0.0
pagevariantfallbacks 5.640794223826715e-05 0.0
pairs 5.640794223826715e-05 0.12981161152199053
panel 0.0002256317689530686 0.0
paradigm 0.0001128158844765343 0.017544309650909525
parameter 0.0001128158844765343 0.0
parameters 5.640794223826715e-05 0.0
parametric 5.640794223826715e-05 0.5705448584676129
parametric_polymorphism 5.640794223826715e-05 0.0
parsed 5.640794223826715e-05 0.0
parser 0.009532942238267148 0.0
part 5.640794223826715e-05 0.0
parts 5.640794223826715e-05 0.05358424613410626
pascal 0.0002256317689530686 0.044451762570833796
pascal_ 5.640794223826715e-05 0.0
pass 5.640794223826715e-05 0.044451762570833796
past 5.640794223826715e-05 0.14981227822866008
patroltoken 5.640794223826715e-05 0.0
pattern 0.0001128158844765343 0.008733679968754631
pcache 5.640794223826715e-05 0.0
pdf 0.0001128158844765343 0.0
perl 0.00016922382671480144 0.11020314013361425
permalink 5.640794223826715e-05 0.0
permanent 0.0001128158844765343 0.035401927050916
persian 5.640794223826715e-05 0.0
personal 0.00028203971119133574 0.0
php 0.002256317689530686 0.0
pin 0.0001128158844765343 0.454472687214859
pinnable 0.0006768953068592057 0.0
pinned 0.0005640794223826715 0.0
pl 0.0002256317689530686 0.035401927050916
placeholder 5.640794223826715e-05 0.0
places 0.0005076714801444043 0.035401927050916
plainlinks 0.00016922382671480144 0.0
plane 0.0003384476534296029 0.12981161152199053
platform 0.0001128158844765343 0.0
please 5.640794223826715e-05 0.0
pname 0.0001128158844765343 0.12981161152199053
png 0.002030685920577617 0.0
point 0.00016922382671480144 0.02643325706815543
pointer 5.640794223826715e-05 0.0
policy 0.0001128158844765343 0.0
polish 5.640794223826715e-05 1.8545603704670854
polski 5.640794223826715e-05 0.0
polymorphism 5.640794223826715e-05 0.11020314013361425
pong 5.640794223826715e-05 0.044451762570833796
popups 5.640794223826715e-05 0.0
portal 0.0003384476534296029 0.06280090123903044
portalborder 0.0001128158844765343 0.0
portalbox 0.0004512635379061372 0.0
portalleft 5.640794223826715e-05 0.0
portalright 0.0001128158844765343 0.0
portals 5.640794223826715e-05 0.22314355131420976
portlet 0.001523014440433213 0.0
position 5.640794223826715e-05 0.008733679968754631
possible 5.640794223826715e-05 0.008733679968754631
possibly 5.640794223826715e-05 0.12981161152199053
post 0.0001128158844765343 0.0
postexpandincludesize 5.640794223826715e-05 0.0
powered 5.640794223826715e-05 1.1340142157190256
poweredby_mediawiki_132x47 5.640794223826715e-05 0.0
poweredby_mediawiki_176x62 5.640794223826715e-05 0.0
poweredby_mediawiki_88x31 5.640794223826715e-05 0.0
poweredbyico 5.640794223826715e-05 0.0
powerful 5.640794223826715e-05 0.0
ppvisitednodes 5.640794223826715e-05 0.0
pre 0.00078971119133574 0.02643325706815543
preconnect 5.640794223826715e-05 0.0
predictability 0.00016922382671480144 0.12981161152199053
predictability_in_human 5.640794223826715e-05 0.0
prefetch 0.0001128158844765343 0.0
preprocessor 5.640794223826715e-05 0.0
presentation 5.640794223826715e-05 0.0
preview 5.640794223826715e-05 0.14981227822866008
previous 5.640794223826715e-05 0.008733679968754631
primary 0.00016922382671480144 0.008733679968754631
primary_sources 0.0002256317689530686 0.008733679968754631
primitive 5.640794223826715e-05 0.11020314013361425
primitively 5.640794223826715e-05 0.12981161152199053
principles 0.0001128158844765343 0.0721032939013439
print 0.00039485559566787 0.0
print_export 0.00016922382671480144 0.0
printable 0.00016922382671480144 0.14981227822866008
printfooter 5.640794223826715e-05 0.0
privacy 0.00016922382671480144 0.0
privacy_policy 0.0001128158844765343 0.0
process 0.00016922382671480144 0.0
profit 5.640794223826715e-05 0.0
program 0.0001128158844765343 0.0
programació 5.640794223826715e-05 0.0
programación 5.640794223826715e-05 0.0
programlama 5.640794223826715e-05 0.0
programlama_dili 5.640794223826715e-05 0.0
programmazione 5.640794223826715e-05 0.0
programmiersprache 0.0001128158844765343 0.017544309650909525
programming 0.004512635379061372 0.0
programming_language 0.0036665162454873647 0.008733679968754631
programming_languages 0.0004512635379061372 0.11995931507897897
programming_languages_created_in_2011 5.640794223826715e-05 0.0
programming_paradigm 5.640794223826715e-05 0.0
programming_tool 5.640794223826715e-05 0.0
programovac 0.0001128158844765343 0.0
programovací 0.0001128158844765343 0.0
programowania 5.640794223826715e-05 0.0
programs 5.640794223826715e-05 0.008733679968754631
progressive 0.0005076714801444043 0.0
project 0.0002256317689530686 0.0
projects 0.0001128158844765343 0.06280090123903044
projrammeerschprooch 5.640794223826715e-05 0.0
projrammeerschprooch_ceylon 5.640794223826715e-05 0.0
prolog 0.00016922382671480144 0.008733679968754631
property 0.0006768953068592057 0.008733679968754631
protection 5.640794223826715e-05 0.21233263520999412
provide 5.640794223826715e-05 0.008733679968754631
provided 0.0001128158844765343 0.008733679968754631
pt 0.0003384476534296029 0.02643325706815543
pub 0.0001128158844765343 0.26759531388504365
published 0.0001128158844765343 0.044451762570833796
publisher 0.0001128158844765343 0.41419878807691896
purpose 5.640794223826715e-05 0.0
push 0.00016922382671480144 0.0
pygments 0.0001128158844765343 0.0
python 0.0001128158844765343 0.017544309650909525
python_ 5.640794223826715e-05 0.8131064956389242
q 0.0006768953068592057 0.0
q93482 0.0004512635379061372 0.12981161152199053
query 5.640794223826715e-05 0.0
question 5.640794223826715e-05 0.2340726218464
question_book 0.00039485559566787 0.0
questions 0.0001128158844765343 0.12981161152199053
quick 5.640794223826715e-05 0.0
quiet 0.0003384476534296029 0.0
quot 0.0016922382671480144 0.0
quotes 5.640794223826715e-05 0.19105523676270922
r 0.0002256317689530686 0.0
r1011085734 5.640794223826715e-05 0.0
r1061467846 5.640794223826715e-05 0.0
r1063604349 5.640794223826715e-05 0.0
r1066479718 0.0001128158844765343 0.0
r1097763485 5.640794223826715e-05 0.0
r1129693374 0.0001128158844765343 0.0
r1132942124 5.640794223826715e-05 0.0
r1133582631 0.0010717509025270759 0.0
r_ 5.640794223826715e-05 0.0
random 0.0001128158844765343 0.21233263520999412
randomly 5.640794223826715e-05 0.2340726218464
randompage 5.640794223826715e-05 0.0
raw 5.640794223826715e-05 0.11020314013361425
re 0.0001128158844765343 0.02643325706815543
read 0.0001128158844765343 0.11020314013361425
readability 5.640794223826715e-05 0.11995931507897897
readability_of_source_code 5.640794223826715e-05 0.0
ready 0.0010717509025270759 0.0
real 5.640794223826715e-05 0.0
recent 0.00016922382671480144 0.0721032939013439
recentchanges 0.00016922382671480144 0.0
recentchangeslinked 0.0001128158844765343 0.0
recursion 5.640794223826715e-05 0.0
red 0.0004512635379061372 0.12981161152199053
red_hat 5.640794223826715e-05 0.0
red_hat_software 5.640794223826715e-05 0.0
red_hat_unveils_project_ceylon 5.640794223826715e-05 0.0
redirect 0.0005640794223826715 0.02643325706815543
reduced 5.640794223826715e-05 0.0
reference 0.003440884476534296 0.035401927050916
references 0.0009589350180505415 0.0
referencetooltips 5.640794223826715e-05 0.0
referrer 0.00016922382671480144 0.0
reflection 5.640794223826715e-05 0.0
reflist 0.0009589350180505415 0.0
register 0.00016922382671480144 0.06280090123903044
registered 5.640794223826715e-05 0.0
registration 0.0001128158844765343 0.5705448584676129
regular 0.0001128158844765343 0.11020314013361425
reification 5.640794223826715e-05 1.0560526742493137
reification_ 5.640794223826715e-05 0.0
reified 5.640794223826715e-05 0.12981161152199053
rel 0.003779332129963899 0.0
related 0.0001128158844765343 0.02643325706815543
release 0.0001128158844765343 0.02643325706815543
released 5.640794223826715e-05 0.017544309650909525
reliable 0.0003384476534296029 0.0
relies 5.640794223826715e-05 0.008733679968754631
removal 5.640794223826715e-05 0.14981227822866008
remove 5.640794223826715e-05 0.0
removenulls 0.0001128158844765343 0.12981161152199053
removes 5.640794223826715e-05 0.06280090123903044
rendering 5.640794223826715e-05 0.0
repeat 0.0002256317689530686 0.0721032939013439
replace 5.640794223826715e-05 0.008733679968754631
replacement 0.0001128158844765343 0.11020314013361425
repo 0.00028203971119133574 0.12981161152199053
report 0.0001128158844765343 0.0
repositories 0.0001128158844765343 0.12981161152199053
repository 5.640794223826715e-05 0.02643325706815543
require 5.640794223826715e-05 0.0
research 0.0001128158844765343 0.02643325706815543
reset 5.640794223826715e-05 0.044451762570833796
resourceloaderdynamicstyles 5.640794223826715e-05 0.0
result 5.640794223826715e-05 0.0
retrieved 0.0010717509025270759 0.0
return 0.00016922382671480144 0.0
returnto 0.0002256317689530686 0.0
reverse 0.00016922382671480144 0.0
reversed 0.00016922382671480144 0.12981161152199053
reversed1 5.640794223826715e-05 0.12981161152199053
reversed2 5.640794223826715e-05 0.12981161152199053
reversefunctionreference 5.640794223826715e-05 0.12981161152199053
revision 0.00016922382671480144 0.0
revisions 5.640794223826715e-05 0.6844891178168307
rfr_id 0.0010717509025270759 0.0
rft 0.003384476534296029 0.0
rft_id 0.0010717509025270759 0.0
rft_val_fmt 0.0010717509025270759 0.0
rgba 5.640794223826715e-05 0.0
right 0.00078971119133574 0.0
ripoarisch 5.640794223826715e-05 0.0
rl 5.640794223826715e-05 0.0
rlconf 5.640794223826715e-05 0.0
rlpagemodules 5.640794223826715e-05 0.0
rlq 0.0003384476534296029 0.0
rlstate 5.640794223826715e-05 0.0
robots 5.640794223826715e-05 0.5108256237659907
role 0.0009589350180505415 0.0
roman 0.0002256317689530686 0.37548427589622857
rootpage 5.640794223826715e-05 0.0
row 0.0006204873646209387 0.11020314013361425
rsd 0.0001128158844765343 0.0
ru 0.0002256317689530686 0.8947845266531914
ruby 0.0001128158844765343 0.017544309650909525
ruby_ 5.640794223826715e-05 0.0
run 0.00039485559566787 0.0
runs 5.640794223826715e-05 0.11020314013361425
russian 5.640794223826715e-05 0.540239508972284
rust 0.0001128158844765343 0.017544309650909525
rust_ 5.640794223826715e-05 0.0
s 0.001128158844765343 0.0
sa 0.0001128158844765343 0.0
safe 5.640794223826715e-05 0.11020314013361425
safety 0.0005640794223826715 0.0
sameas 0.0001128158844765343 0.0
saved 5.640794223826715e-05 0.0
scala 0.0001128158844765343 0.0
scala_ 5.640794223826715e-05 0.0
schema 0.0001128158844765343 0.02643325706815543
scholar 0.00016922382671480144 0.0
science 0.00016922382671480144 0.008733679968754631
scope 0.0006204873646209387 0.0721032939013439
scratch 0.0001128158844765343 0.09097177820572679
scratch_ 5.640794223826715e-05 0.0
screen 0.0001128158844765343 0.044451762570833796
scribunto 5.640794223826715e-05 0.044451762570833796
script 0.0008461191335740072 0.14981227822866008
scripts 5.640794223826715e-05 0.10054122922187746
search 0.0017486462093862815 0.0
searchbutton 0.0002256317689530686 0.0
searchform 5.640794223826715e-05 0.0
searchinput 5.640794223826715e-05 0.0
second 5.640794223826715e-05 0.0
secondary 5.640794223826715e-05 0.008733679968754631
seconds 0.00016922382671480144 0.0
section 0.0013537906137184115 0.008733679968754631
see 0.00016922382671480144 0.0
see_also 0.0002256317689530686 0.0
selected 0.0002256317689530686 0.008733679968754631
selector 5.640794223826715e-05 0.0
selflink 5.640794223826715e-05 0.0
semantics 5.640794223826715e-05 0.08149303425118301
sensitive 0.0002256317689530686 0.11020314013361425
sensitive_typing 5.640794223826715e-05 0.0
sentences 5.640794223826715e-05 0.0
sep 0.00016922382671480144 0.12981161152199053
september 5.640794223826715e-05 0.008733679968754631
series 5.640794223826715e-05 0.10054122922187746
set 0.0002256317689530686 0.0
sha1 5.640794223826715e-05 0.0
shadow 0.00016922382671480144 0.26759531388504365
sharealike 5.640794223826715e-05 0.0
sharealike_3 5.640794223826715e-05 0.0
shared 0.0005640794223826715 0.0
sharp 5.640794223826715e-05 0.3141153295199365
shell 0.0001128158844765343 0.11995931507897897
shell_script 5.640794223826715e-05 0.0
ship 5.640794223826715e-05 0.12981161152199053
short 0.0003384476534296029 0.0
short_description 0.0001128158844765343 0.0
short_description_is_different_from_wikidata 5.640794223826715e-05 0.0
show 0.0002256317689530686 0.0
shows 5.640794223826715e-05 0.12981161152199053
sidebar 0.0006204873646209387 0.0
signature 5.640794223826715e-05 0.11020314013361425
similar 0.00016922382671480144 0.008733679968754631
similarly 5.640794223826715e-05 0.008733679968754631
simplesearch 5.640794223826715e-05 0.0
simplifies 0.0001128158844765343 0.008733679968754631
simula 0.00016922382671480144 0.08149303425118301
since 5.640794223826715e-05 0.008733679968754631
single 5.640794223826715e-05 0.0
singleton 5.640794223826715e-05 0.12981161152199053
singletons 5.640794223826715e-05 0.12981161152199053
site 0.00028203971119133574 0.0
sitedir 5.640794223826715e-05 0.0
sitelinks 5.640794223826715e-05 0.0
sitenotice 0.0001128158844765343 0.0
sitesub 5.640794223826715e-05 0.0
sitesupport 5.640794223826715e-05 0.0
situations 5.640794223826715e-05 0.12981161152199053
size 0.0009589350180505415 0.0
sizing 0.00016922382671480144 0.11020314013361425
sk 0.0002256317689530686 0.0
skin 0.00078971119133574 0.8131064956389242
skins 0.0003384476534296029 0.0
slovak 5.640794223826715e-05 0.0
slovenčina 5.640794223826715e-05 0.0
small 0.00039485559566787 0.0
smalltalk 0.0003384476534296029 0.11995931507897897
smile 5.640794223826715e-05 0.12981161152199053
software 0.0009589350180505415 0.017544309650909525
software_design 5.640794223826715e-05 0.0
software_developer 5.640794223826715e-05 0.0
software_license 5.640794223826715e-05 0.0
software_release_life_cycle 5.640794223826715e-05 0.0
software_using_the_apache_license 5.640794223826715e-05 0.0
solid 0.0006768953068592057 0.19105523676270922
some 5.640794223826715e-05 0.0
source 0.0006768953068592057 0.0
source_compilers 5.640794223826715e-05 0.0
source_software 5.640794223826715e-05 0.0
source_software_logo_ 0.0003384476534296029 0.0
sources 0.00016922382671480144 0.0
space 0.00016922382671480144 0.0721032939013439
spacing 0.00016922382671480144 0.0
span 0.06368456678700361 0.044451762570833796
spanish 5.640794223826715e-05 0.3629054936893685
spec 0.00028203971119133574 0.18058393689541388
special 0.0012973826714801444 0.0
specialpages 0.0001128158844765343 0.0
speedy 5.640794223826715e-05 0.0
sql 0.00016922382671480144 0.02643325706815543
src 0.00078971119133574 0.0
srcset 0.0004512635379061372 0.0
sri 0.0001128158844765343 0.12981161152199053
sri_lanka 5.640794223826715e-05 0.0
stable 5.640794223826715e-05 0.017544309650909525
standard 5.640794223826715e-05 0.0
start 0.0001128158844765343 0.0721032939013439
starter 5.640794223826715e-05 0.12981161152199053
startup 0.0001128158844765343 0.0
statement 5.640794223826715e-05 0.0
static 0.0008461191335740072 0.0
static_type_system 5.640794223826715e-05 0.0
statically 0.0001128158844765343 0.017544309650909525
statistics 5.640794223826715e-05 0.0
stats 5.640794223826715e-05 0.0
statslink 5.640794223826715e-05 0.0
status 5.640794223826715e-05 0.0
sticky 0.0001128158844765343 0.0
stopmobileredirecttoggle 5.640794223826715e-05 0.0
stream 0.0002256317689530686 0.12981161152199053
strict 0.0001128158844765343 0.008733679968754631
string 0.001523014440433213 0.0
string_ 5.640794223826715e-05 0.0
strong 0.00016922382671480144 0.008733679968754631
strong_and_weak_typing 5.640794223826715e-05 0.0
strong_typing 5.640794223826715e-05 0.0
strongly 0.0001128158844765343 0.0721032939013439
structure 0.0001128158844765343 0.035401927050916
structured 5.640794223826715e-05 0.035401927050916
style 0.0039485559566787 0.0
styles 0.00078971119133574 0.0
stylesheet 0.0001128158844765343 0.0
subbox 5.640794223826715e-05 0.0
subclasses 5.640794223826715e-05 0.12981161152199053
subgroup 0.00028203971119133574 0.0
subheader 5.640794223826715e-05 0.0
subject 5.640794223826715e-05 0.10054122922187746
sublist 0.0007333032490974729 0.0
submit 0.0001128158844765343 0.0
subscription 0.0001128158844765343 0.0
subsection 5.640794223826715e-05 0.0
subtitle 5.640794223826715e-05 0.0
subtype 5.640794223826715e-05 0.12981161152199053
such 5.640794223826715e-05 0.0
sugar 0.0001128158844765343 0.11995931507897897
suggestededitsession 5.640794223826715e-05 0.0
summary 5.640794223826715e-05 0.14981227822866008
sup 0.002256317689530686 0.0
superclass 5.640794223826715e-05 0.11020314013361425
supertype 5.640794223826715e-05 0.12981161152199053
support 0.00016922382671480144 0.0
supports 0.0002256317689530686 0.008733679968754631
svg 0.0021435018050541517 0.0
swift 0.0001128158844765343 0.11995931507897897
swift_ 5.640794223826715e-05 0.0
switcher 5.640794223826715e-05 0.0
symbol_category_class 0.0003384476534296029 0.0
symbol_list_class 0.0003384476534296029 0.0
syntactic 0.0001128158844765343 0.008733679968754631
syntactic_sugar 5.640794223826715e-05 0.0
syntax 0.00028203971119133574 0.0
system 0.0007333032490974729 0.0
t 0.0006768953068592057 0.02643325706815543
ta 0.0002256317689530686 0.0
tab 0.00028203971119133574 0.19105523676270922
tabindex 0.0001128158844765343 0.0
table 0.0008461191335740072 0.0
tabs 0.0001128158844765343 4.051784947803305
tagline 0.00016922382671480144 0.0
tags 5.640794223826715e-05 0.0
take 5.640794223826715e-05 0.044451762570833796
talk 0.0003384476534296029 0.05358424613410626
tamil 5.640794223826715e-05 0.0
target 0.0010153429602888086 0.0
targetloader 5.640794223826715e-05 0.0
tb 0.00016922382671480144 0.0
tbm 0.0001128158844765343 0.0
tbody 0.0003384476534296029 0.0
tbs 0.00016922382671480144 0.09097177820572679
td 0.002594765342960289 0.0
tea 0.00016922382671480144 0.12981161152199053
telephone 5.640794223826715e-05 0.48225225132193467
template 0.0016358303249097473 0.0
template_talk 5.640794223826715e-05 0.0
templateargumentsize 5.640794223826715e-05 0.0
templatestyles 0.00157942238267148 0.0
terms 0.0001128158844765343 0.0
terms_of_use 5.640794223826715e-05 0.0
tertiary 5.640794223826715e-05 0.008733679968754631
text 0.005358754512635379 0.0
text_of_the_creative_commons_attribution 5.640794223826715e-05 0.0
th 0.0013537906137184115 1.8545603704670854
than 5.640794223826715e-05 0.0
that 0.0003384476534296029 0.0
the 0.004625451263537906 0.0
the_register 5.640794223826715e-05 0.0
theoretical 5.640794223826715e-05 0.10054122922187746
theregister 0.0001128158844765343 1.1340142157190256
this 0.0020870938628158846 0.0
three 5.640794223826715e-05 0.02643325706815543
thumb 0.0009589350180505415 0.0
thumbnail 5.640794223826715e-05 0.0
time 0.0005076714801444043 0.0
timeline 0.0001128158844765343 0.11995931507897897
timeline_of_programming_languages 5.640794223826715e-05 0.0
timestamp 0.0001128158844765343 0.0
timeusage 5.640794223826715e-05 0.0
timingprofile 5.640794223826715e-05 0.0
title 0.015963447653429604 0.0
titlebar 0.0004512635379061372 0.0
titleform 5.640794223826715e-05 0.0
to 0.0032716606498194947 0.0
toc 0.007953519855595668 0.0
tochange 5.640794223826715e-05 0.12981161152199053
toggle 0.0006204873646209387 0.0
toggle_view_mobile 5.640794223826715e-05 0.0
tokens 5.640794223826715e-05 3.6463198396951406
tolerantly 5.640794223826715e-05 0.12981161152199053
tool 5.640794223826715e-05 0.0
toolability 5.640794223826715e-05 0.12981161152199053
toolbar 0.00016922382671480144 0.0
tools 0.0005640794223826715 0.0
top 0.0009589350180505415 0.0
toplevel 5.640794223826715e-05 0.12981161152199053
total 0.00016922382671480144 0.0
touch 0.0001128158844765343 2.4423470353692043
tr 0.003046028880866426 0.08149303425118301
trademark 5.640794223826715e-05 0.0
traditional 5.640794223826715e-05 0.12981161152199053
train 0.0003384476534296029 0.12981161152199053
transclusion 5.640794223826715e-05 0.0
transformstring 0.0001128158844765343 0.12981161152199053
transientcontent 5.640794223826715e-05 0.0
transparent 0.0003384476534296029 0.11020314013361425
triggered 5.640794223826715e-05 0.0
true 0.0013537906137184115 0.0
try 5.640794223826715e-05 0.11995931507897897
ttl 5.640794223826715e-05 0.0
turkish 5.640794223826715e-05 0.0
two 0.0001128158844765343 0.0
type 0.0042870036101083035 0.0
type_inference 0.00028203971119133574 0.12981161152199053
type_safety 5.640794223826715e-05 0.0
type_system 0.00039485559566787 0.06280090123903044
typed 0.0001128158844765343 0.017544309650909525
typeinference 5.640794223826715e-05 0.0
types 0.0008461191335740072 0.0
typescript 0.00016922382671480144 0.11995931507897897
typing 0.00039485559566787 0.008733679968754631
türkçe 5.640794223826715e-05 0.0
u 0.0001128158844765343 0.035401927050916
ui 0.00315884476534296 0.0
uk 0.0003384476534296029 0.09097177820572679
ukrainian 5.640794223826715e-05 1.749199854809259
ul 0.005020306859205776 0.0
uls 0.00028203971119133574 0.0
ultimate 5.640794223826715e-05 0.12981161152199053
under 0.0001128158844765343 0.0
uniform 5.640794223826715e-05 0.12981161152199053
union 0.0002256317689530686 0.017544309650909525
unit 0.00016922382671480144 0.035401927050916
unknown 0.0010717509025270759 0.008733679968754631
unlikely 5.640794223826715e-05 0.12981161152199053
unpin 0.0001128158844765343 0.0
unpinned 0.0001128158844765343 0.0
unshared 5.640794223826715e-05 0.12981161152199053
unstrip 0.0002256317689530686 0.0
updated 0.0001128158844765343 0.08149303425118301
upload 0.0018050541516245488 0.14981227822866008
upper 0.0002256317689530686 0.11020314013361425
url 0.0005640794223826715 0.0721032939013439
us 0.0001128158844765343 0.02643325706815543
usage 0.0002256317689530686 0.0
use 0.00028203971119133574 0.0
used 0.00028203971119133574 0.0
uselang 5.640794223826715e-05 0.0
user 0.0018050541516245488 0.0
useradd 0.0001128158844765343 0.0
userlogin 0.0001128158844765343 0.0
using 0.00028203971119133574 0.0
utc 5.640794223826715e-05 0.0
utf 5.640794223826715e-05 0.21233263520999412
utm_campaign 5.640794223826715e-05 0.0
utm_medium 5.640794223826715e-05 0.0
utm_source 5.640794223826715e-05 0.0
ux 5.640794223826715e-05 0.0
v 5.640794223826715e-05 0.044451762570833796
v2000 0.0001128158844765343 0.12981161152199053
value 0.0009025270758122744 0.0
values 0.00016922382671480144 0.0
var 0.0001128158844765343 0.11020314013361425
variable 0.0001128158844765343 0.0
variant 0.0001128158844765343 0.0
variants 0.0003384476534296029 0.0
vary 5.640794223826715e-05 0.0
ve 5.640794223826715e-05 0.25629575863111026
vector 0.016132671480144405 0.0
vehicle 0.0004512635379061372 0.12981161152199053
verifiability 0.0001128158844765343 0.0
version 0.00016922382671480144 0.0
versions 0.0005076714801444043 0.035401927050916
vertical 0.00016922382671480144 0.19105523676270922
very 0.0001128158844765343 0.0
vevent 5.640794223826715e-05 0.0
view 0.0006204873646209387 0.0
viewport 5.640794223826715e-05 0.0
views 0.00016922382671480144 0.02643325706815543
virtual 0.0003384476534296029 0.0
visible 5.640794223826715e-05 0.044451762570833796
visit 0.0001128158844765343 0.0
visited 5.640794223826715e-05 0.0
visual 0.0002256317689530686 0.0
visual_basic_ 5.640794223826715e-05 0.0
visualeditor 0.0002256317689530686 0.0
vm 5.640794223826715e-05 0.0
void 0.00016922382671480144 0.0
vue 0.0001128158844765343 0.11995931507897897
w 0.0020870938628158846 0.0
walltime 5.640794223826715e-05 0.0
was 0.00016922382671480144 0.0
watchlist 5.640794223826715e-05 0.0
watchtoken 5.640794223826715e-05 0.0
way 0.0001128158844765343 0.008733679968754631
wb 0.0001128158844765343 0.0
wbc 5.640794223826715e-05 0.0
wbr 5.640794223826715e-05 0.0
wc 5.640794223826715e-05 2.4423470353692043
we 5.640794223826715e-05 0.0
weak 5.640794223826715e-05 0.044451762570833796
web 0.00118456678700361 0.0
website 0.0002256317689530686 0.0
weight 0.0003384476534296029 0.7195804376281008
wgaction 5.640794223826715e-05 0.0
wgarticleid 5.640794223826715e-05 0.0
wgbackendresponsetime 5.640794223826715e-05 0.0
wgbreakframes 5.640794223826715e-05 0.0
wgcanonicalnamespace 5.640794223826715e-05 0.0
wgcanonicalspecialpagename 5.640794223826715e-05 0.0
wgcategories 5.640794223826715e-05 0.0
wgcentralauthmobiledomain 5.640794223826715e-05 0.0
wgcspnonce 5.640794223826715e-05 0.0
wgcurrevisionid 5.640794223826715e-05 0.0
wgdefaultdateformat 5.640794223826715e-05 0.0
wgdigittransformtable 5.640794223826715e-05 0.0
wgeditsubmitbuttonlabelpublish 5.640794223826715e-05 0.0
wgflaggedrevsparams 5.640794223826715e-05 0.0
wggestructuredtaskrejectionreasontextinputenabled 5.640794223826715e-05 0.0
wggetopicsmatchmodeenabled 5.640794223826715e-05 0.0
wghostname 5.640794223826715e-05 0.0
wgisarticle 5.640794223826715e-05 0.0
wgisprobablyeditable 5.640794223826715e-05 0.0
wgisredirect 5.640794223826715e-05 0.0
wgmediaviewerenabledbydefault 5.640794223826715e-05 0.0
wgmediavieweronclick 5.640794223826715e-05 0.0
wgmfdisplaywikibasedescriptions 5.640794223826715e-05 0.0
wgmonthnames 5.640794223826715e-05 0.0
wgnamespacenumber 5.640794223826715e-05 0.0
wgnoticeproject 5.640794223826715e-05 0.0
wgpagecontentlanguage 5.640794223826715e-05 0.0
wgpagecontentmodel 5.640794223826715e-05 0.0
wgpagename 5.640794223826715e-05 0.0
wgpageparsereport 5.640794223826715e-05 0.0
wgpopupsflags 5.640794223826715e-05 0.0
wgrelevantarticleid 5.640794223826715e-05 0.0
wgrelevantpageisprobablyeditable 5.640794223826715e-05 0.0
wgrelevantpagename 5.640794223826715e-05 0.0
wgrequestid 5.640794223826715e-05 0.0
wgrestrictionedit 5.640794223826715e-05 0.0
wgrestrictionmove 5.640794223826715e-05 0.0
wgrevisionid 5.640794223826715e-05 0.0
wgseparatortransformtable 5.640794223826715e-05 0.0
wgtitle 5.640794223826715e-05 0.0
wgulscurrentautonym 5.640794223826715e-05 0.0
wgulsiscompactlinksenabled 5.640794223826715e-05 0.0
wgulsislanguageselectorempty 5.640794223826715e-05 0.0
wgulsposition 5.640794223826715e-05 0.0
wgusergroups 5.640794223826715e-05 0.0
wgusername 5.640794223826715e-05 0.0
wgvector2022previewpages 5.640794223826715e-05 0.0
wgvisualeditor 5.640794223826715e-05 0.0
wgwikibaseitemid 5.640794223826715e-05 0.0
wgwmepagelength 5.640794223826715e-05 0.0
wgwmeschemaeditattemptstepoversample 5.640794223826715e-05 0.0
what 0.00016922382671480144 0.0
what_is_ceylon 5.640794223826715e-05 0.0
whatlinkshere 0.0001128158844765343 0.0
when 0.0003384476534296029 0.0
where 0.00016922382671480144 0.0
which 0.0003384476534296029 0.0
while 5.640794223826715e-05 0.017544309650909525
whiley 0.0002256317689530686 0.12981161152199053
whiley_ 0.0001128158844765343 0.0
white 0.00016922382671480144 0.0721032939013439
width 0.0025383574007220217 0.0
wiki 0.01128158844765343 0.0
wikibase 0.0002256317689530686 0.0
wikidata 0.00078971119133574 0.0
wikimedia 0.00315884476534296 0.0
wikimediabadges 5.640794223826715e-05 0.0
wikimediaevents 5.640794223826715e-05 0.0
wikimediafoundation 0.0001128158844765343 0.0
wikipedia 0.007107400722021661 0.0
wikisource 5.640794223826715e-05 3.6463198396951406
wikitext 5.640794223826715e-05 0.0
wildfly 0.0001128158844765343 0.37548427589622857
will 5.640794223826715e-05 0.0
window 0.00016922382671480144 0.11020314013361425
wishes 0.0002256317689530686 0.0721032939013439
with 0.001128158844765343 0.0
without 5.640794223826715e-05 0.02643325706815543
wmf 0.00016922382671480144 0.0
word 0.0002256317689530686 0.044451762570833796
wordmark 0.0001128158844765343 0.0
works 5.640794223826715e-05 0.11020314013361425
world 0.0001128158844765343 0.0
wpformidentifier 5.640794223826715e-05 0.0
wrap 5.640794223826715e-05 0.5108256237659907
write 0.0001128158844765343 0.017544309650909525
written 0.0001128158844765343 0.0
ws 5.640794223826715e-05 0.0
www 0.0009589350180505415 0.0
x 0.00016922382671480144 0.0
xml 0.00016922382671480144 0.14981227822866008
y 0.0001128158844765343 0.008733679968754631
years 0.0001128158844765343 0.017544309650909525
yes 5.640794223826715e-05 0.7936884097818228
you 0.00028203971119133574 0.0
z 0.0001128158844765343 0.11020314013361425
z39 0.0010717509025270759 0.0
z3988 0.0010717509025270759 0.0
čeština 5.640794223826715e-05 0.0
русский 5.640794223826715e-05 0.7375989431307791
українська 5.640794223826715e-05 0.0
עברית 5.640794223826715e-05 0.0
שפת 5.640794223826715e-05 0.0
תכנות 5.640794223826715e-05 0.0
برنامه 5.640794223826715e-05 0.0
سیلان 5.640794223826715e-05 0.0
فارسی 5.640794223826715e-05 0.0
نویسی 5.640794223826715e-05 0.0
க 0.0001128158844765343 0.0
ச 5.640794223826715e-05 0.0
தம 5.640794223826715e-05 0.0
ந 5.640794223826715e-05 0.0
ன 5.640794223826715e-05 0.0
ம 5.640794223826715e-05 0.0
ரல 5.640794223826715e-05 0.0
ல 5.640794223826715e-05 0.0
ழ 0.0001128158844765343 0.06280090123903044
日本語 5.640794223826715e-05 0.0
