0 0.006784683771348358 0.0
00 0.0001559697418700772 0.0
000 0.0001559697418700772 0.0
01 0.0001559697418700772 0.3382128810989969
01803524 0.0001559697418700772 4.74493212836325
02 0.0003119394837401544 0.48225225132193467
02970 0.0001559697418700772 4.74493212836325
03 7.79848709350386e-05 0.44086703515908027
039 0.0003119394837401544 0.0
06 7.79848709350386e-05 0.5254244231871433
078 0.0001559697418700772 4.051784947803305
08 0.0006238789674803088 0.4682660093471948
08t09 0.0001559697418700772 4.74493212836325
09 0.0001559697418700772 0.5860490450035782
0_unported_license 7.79848709350386e-05 0.0
1 0.0039772284176869685 0.0
10 0.000779848709350386 0.0
100 0.0008578335802854246 0.0
1000 7.79848709350386e-05 0.0
10000 7.79848709350386e-05 1.2484245668967697
1000000 0.0001559697418700772 0.0
1033 0.0001559697418700772 4.74493212836325
104 0.0001559697418700772 1.911718784307034
11 0.001013803322155502 0.21233263520999412
113 7.79848709350386e-05 2.26002547857525
1139242778 0.0005458940965452703 4.74493212836325
114 0.00023395461280511582 0.37548427589622857
117 7.79848709350386e-05 0.0
12 0.000389924354675193 0.18058393689541388
125em 0.000389924354675193 0.0
127 7.79848709350386e-05 0.09097177820572679
128 0.0001559697418700772 1.7004096906398272
12px 7.79848709350386e-05 0.09097177820572679
12s5i 7.79848709350386e-05 0.0
13 0.00046790922561023164 0.0
133 7.79848709350386e-05 0.08149303425118301
14 0.0003119394837401544 0.22314355131420976
14t03 0.0001559697418700772 4.74493212836325
15 0.000389924354675193 0.3382128810989969
16 0.000389924354675193 0.2451224580329849
160 7.79848709350386e-05 0.0
165 0.0001559697418700772 2.5477075510270306
18 0.00046790922561023164 0.48225225132193467
180 0.0001559697418700772 0.8947845266531914
1814400 0.0001559697418700772 0.5705448584676129
1em 0.0005458940965452703 0.02643325706815543
1px 0.00023395461280511582 0.2451224580329849
1x1 7.79848709350386e-05 0.0
2 0.0012477579349606176 0.0
20 0.0001559697418700772 0.0
2004 0.0012477579349606176 0.06280090123903044
2007 0.00023395461280511582 0.9382696385929302
2011 7.79848709350386e-05 0.6017974019717174
2014 0.0001559697418700772 0.8947845266531914
2015 0.00023395461280511582 1.0072625100798818
2017 7.79848709350386e-05 0.9837320126696876
2018 0.00023395461280511582 1.0072625100798818
2019 0.0011697730640255791 0.9162907318741551
2021 0.00023395461280511582 0.7746402148111283
2022 0.000389924354675193 0.0
2023 0.00023395461280511582 0.7195804376281008
20230314063514 0.00023395461280511582 4.74493212836325
2097152 0.0003119394837401544 0.0
20a 7.79848709350386e-05 4.74493212836325
20formalized 7.79848709350386e-05 4.74493212836325
20forproperty 7.79848709350386e-05 4.74493212836325
20gql 7.79848709350386e-05 4.74493212836325
20graphs 7.79848709350386e-05 4.74493212836325
20language 7.79848709350386e-05 3.3586377672433594
20new 7.79848709350386e-05 4.74493212836325
20of 7.79848709350386e-05 4.051784947803305
20query 7.79848709350386e-05 4.74493212836325
20semantics 7.79848709350386e-05 4.74493212836325
21 0.000389924354675193 0.3504829736908114
2122 0.0001559697418700772 4.74493212836325
23 0.0001559697418700772 0.48225225132193467
24 0.0001559697418700772 0.5254244231871433
25 0.0001559697418700772 0.3260915205666521
2520a 7.79848709350386e-05 4.74493212836325
2520formalized 7.79848709350386e-05 4.74493212836325
2520forproperty 7.79848709350386e-05 4.74493212836325
2520gql 7.79848709350386e-05 4.74493212836325
2520graphs 7.79848709350386e-05 4.74493212836325
2520language 7.79848709350386e-05 3.6463198396951406
2520new 7.79848709350386e-05 4.74493212836325
2520of 7.79848709350386e-05 4.051784947803305
2520query 7.79848709350386e-05 4.74493212836325
2520semantics 7.79848709350386e-05 4.74493212836325
252fwhw 7.79848709350386e-05 4.74493212836325
253d 0.0001559697418700772 4.74493212836325
255 7.79848709350386e-05 0.09097177820572679
257 0.0001559697418700772 3.1354942159291497
25em 0.000389924354675193 0.035401927050916
26 7.79848709350386e-05 0.0
267 0.0001559697418700772 3.6463198396951406
27 7.79848709350386e-05 0.42744401482693967
278 0.0001559697418700772 3.6463198396951406
28query 0.001559697418700772 4.74493212836325
28query_language 0.0001559697418700772 4.74493212836325
29 0.0019496217733759652 0.22314355131420976
2c 7.79848709350386e-05 0.48225225132193467
2cicon 7.79848709350386e-05 0.0
2cstyles 7.79848709350386e-05 0.0
2cwikimediabadges 7.79848709350386e-05 0.6177977433181585
2em 0.0001559697418700772 0.06280090123903044
2f 0.001793652031505888 0.11020314013361425
2f1 7.79848709350386e-05 2.03688192726104
2f76120 7.79848709350386e-05 4.74493212836325
2f9019 7.79848709350386e-05 4.74493212836325
2fa 7.79848709350386e-05 2.5477075510270306
2fblob 0.00023395461280511582 2.665490586683414
2fblog 7.79848709350386e-05 1.9723434061234688
2fcfp 7.79848709350386e-05 4.74493212836325
2fcip 7.79848709350386e-05 4.74493212836325
2fcip2015 7.79848709350386e-05 4.74493212836325
2fclauses 0.0003119394837401544 4.74493212836325
2fcurrent 0.000389924354675193 4.74493212836325
2fcypher 0.000389924354675193 4.74493212836325
2fdata 0.0001559697418700772 2.953172659135195
2fdocs 0.00046790922561023164 1.5668782980153044
2fen 0.0012477579349606176 0.10054122922187746
2fevents 0.0001559697418700772 3.6463198396951406
2ffile 7.79848709350386e-05 4.051784947803305
2ffirst 7.79848709350386e-05 4.74493212836325
2ffmt 0.0012477579349606176 0.10054122922187746
2fgithub 0.0003119394837401544 1.449095262358921
2fgql 0.0001559697418700772 4.74493212836325
2fhal 0.0001559697418700772 4.051784947803305
2fiec 0.00023395461280511582 2.953172659135195
2fmain 0.0001559697418700772 2.7990219793079367
2fmaster 0.0001559697418700772 2.953172659135195
2fmatch 7.79848709350386e-05 4.74493212836325
2fneo4j 0.00046790922561023164 4.74493212836325
2folofmorra 0.0001559697418700772 4.74493212836325
2fopen 7.79848709350386e-05 3.3586377672433594
2fopencypher 0.0003119394837401544 4.74493212836325
2fpaper 7.79848709350386e-05 4.051784947803305
2fprojects 7.79848709350386e-05 2.1058747987479913
2fproperty 7.79848709350386e-05 4.74493212836325
2fpulse 7.79848709350386e-05 4.74493212836325
2freport 7.79848709350386e-05 4.74493212836325
2fresources 7.79848709350386e-05 2.953172659135195
2freturn 7.79848709350386e-05 4.74493212836325
2fsc 7.79848709350386e-05 3.3586377672433594
2fsrc 7.79848709350386e-05 2.953172659135195
2fstandard 7.79848709350386e-05 2.953172659135195
2fstandardsdevelopment 7.79848709350386e-05 4.74493212836325
2fwhere 7.79848709350386e-05 4.74493212836325
2fwhw 7.79848709350386e-05 4.74493212836325
2fwww 0.0003119394837401544 0.3382128810989969
2px 0.0001559697418700772 0.26759531388504365
2x 0.00023395461280511582 0.0
3 0.0013257428058956562 0.0
3007 0.0001559697418700772 4.74493212836325
308 0.0001559697418700772 3.1354942159291497
30em 7.79848709350386e-05 0.09097177820572679
31 0.0001559697418700772 0.0
3125em 7.79848709350386e-05 0.0
32 0.0001559697418700772 0.26759531388504365
32632 0.0001559697418700772 4.74493212836325
33z 0.0001559697418700772 2.953172659135195
34 0.0001559697418700772 1.1340142157190256
37 0.0001559697418700772 1.0072625100798818
39 0.0006238789674803088 0.3141153295199365
39075 0.0003119394837401544 4.74493212836325
39075_gql 0.0001559697418700772 4.74493212836325
39075_gql_12 0.0001559697418700772 4.74493212836325
3a 0.0014817125477657334 0.11020314013361425
3a3 7.79848709350386e-05 0.09097177820572679
3abook 0.0009358184512204633 0.22314355131420976
3acypher 0.0012477579349606176 4.74493212836325
3ajournal 0.0003119394837401544 0.3260915205666521
3akev 0.0012477579349606176 0.10054122922187746
3amtx 0.0012477579349606176 0.10054122922187746
3aofi 0.0012477579349606176 0.10054122922187746
3asid 0.0012477579349606176 0.10054122922187746
3b 0.0001559697418700772 2.1058747987479913
3d 0.0001559697418700772 1.7004096906398272
3db4cnxk7uqzepzgszh2 7.79848709350386e-05 4.74493212836325
3em 0.0001559697418700772 0.035401927050916
3fc1f31095bc 7.79848709350386e-05 4.74493212836325
3ftrackingid 7.79848709350386e-05 4.74493212836325
3px 7.79848709350386e-05 0.12981161152199053
4 0.0009358184512204633 0.02643325706815543
40 7.79848709350386e-05 0.0
400 0.0001559697418700772 0.0
40px 7.79848709350386e-05 1.1340142157190256
41583056 0.00023395461280511582 4.74493212836325
4390 7.79848709350386e-05 4.051784947803305
441 0.0003119394837401544 3.6463198396951406
46 0.0001559697418700772 1.1895840668738364
49 0.0001559697418700772 0.9607424944449889
4c 7.79848709350386e-05 0.09097177820572679
4em 0.0001559697418700772 0.40112670650956617
5 0.000779848709350386 0.11020314013361425
50 0.0001559697418700772 0.0
500 0.0001559697418700772 0.0
5000000 0.0001559697418700772 0.0
52428800 0.0001559697418700772 0.008733679968754631
5424947 0.0001559697418700772 4.74493212836325
549 0.0001559697418700772 4.74493212836325
55946 0.0001559697418700772 4.74493212836325
565 0.0001559697418700772 4.051784947803305
57 0.0003119394837401544 1.1340142157190256
58z 0.0001559697418700772 3.3586377672433594
5em 0.00046790922561023164 0.0
5x 0.00023395461280511582 0.0
6 0.000389924354675193 0.044451762570833796
60 0.0001559697418700772 0.8131064956389242
65 7.79848709350386e-05 0.05358424613410626
68 0.0001559697418700772 1.1895840668738364
69 0.0001559697418700772 1.2791962255635234
6em 7.79848709350386e-05 0.7195804376281008
7 0.00046790922561023164 0.0
70 0.0001559697418700772 1.449095262358921
720px 7.79848709350386e-05 0.0
7260afa1 7.79848709350386e-05 4.74493212836325
76120 7.79848709350386e-05 4.74493212836325
787 0.0001559697418700772 4.74493212836325
7cext 0.00023395461280511582 0.0
7cjquery 7.79848709350386e-05 0.41419878807691896
7cmediawiki 7.79848709350386e-05 0.0
7cskins 7.79848709350386e-05 0.0
7cwikibase 7.79848709350386e-05 0.0
7em 7.79848709350386e-05 0.41419878807691896
8 0.00046790922561023164 0.0
80 0.00023395461280511582 0.3022808718729337
805 0.0001559697418700772 3.6463198396951406
81 0.0001559697418700772 1.0560526742493137
8125em 7.79848709350386e-05 0.0
82 0.0001559697418700772 0.9162907318741551
83 0.0001559697418700772 0.8131064956389242
84 7.79848709350386e-05 0.7018808605286999
87 0.0001559697418700772 1.0560526742493137
88 0.0017156671605708493 0.0
8d 7.79848709350386e-05 1.6094379124341003
8f 0.0001559697418700772 1.0813704822336037
9 0.000389924354675193 0.11020314013361425
90 0.0001559697418700772 0.08149303425118301
9019 7.79848709350386e-05 4.74493212836325
91 0.0012477579349606176 0.0721032939013439
93 0.0012477579349606176 0.06280090123903044
94 0.0001559697418700772 0.9382696385929302
95 0.0001559697418700772 0.035401927050916
96 7.79848709350386e-05 0.4682660093471948
98 0.00023395461280511582 0.8131064956389242
998 0.0001559697418700772 4.051784947803305
9b 7.79848709350386e-05 2.1058747987479913
9cb6 7.79848709350386e-05 4.74493212836325
9d 0.0001559697418700772 2.7990219793079367
9e 7.79848709350386e-05 1.3109449238781037
9px 0.00023395461280511582 0.09097177820572679
_15 0.0001559697418700772 4.74493212836325
_a_new_query_language_for_property_graphs_formalized 0.0001559697418700772 4.74493212836325
_a_new_query_language_for_property_graphs_formalized_16 0.0001559697418700772 4.74493212836325
_query_language 0.0001559697418700772 4.74493212836325
a 0.03298760040552133 0.0
a0 0.0001559697418700772 0.25629575863111026
a2a9b1 7.79848709350386e-05 0.27902400970866637
a7 7.79848709350386e-05 0.8131064956389242
a8 7.79848709350386e-05 0.6844891178168307
a_semantics_of_gql 0.0003119394837401544 4.74493212836325
aa 0.0001559697418700772 0.0721032939013439
abbr 0.0006238789674803088 0.41419878807691896
abfragesprache 0.0001559697418700772 4.74493212836325
about 0.0007018638384153474 0.0
aboutsite 7.79848709350386e-05 0.0
above 7.79848709350386e-05 0.1599646496926782
abovebelow 0.0003119394837401544 0.44086703515908027
absolute 7.79848709350386e-05 0.0
ac 7.79848709350386e-05 0.9607424944449889
accepted 0.0001559697418700772 2.953172659135195
access 7.79848709350386e-05 0.8131064956389242
accessdate 0.0011697730640255791 0.2451224580329849
accesskey 0.0014817125477657334 0.0
account 0.0003119394837401544 0.0
acm 0.0001559697418700772 1.1895840668738364
across 7.79848709350386e-05 0.0
acted_in 0.0001559697418700772 4.74493212836325
action 0.0018716369024409265 0.0
actions 7.79848709350386e-05 0.0
actor 0.0001559697418700772 2.953172659135195
add 0.00023395461280511582 0.0
addition 7.79848709350386e-05 1.16141318990714
additional 0.0001559697418700772 0.0
address 0.0001559697418700772 0.0
adds 7.79848709350386e-05 1.7004096906398272
adoc 0.0003119394837401544 4.74493212836325
advantages 7.79848709350386e-05 2.7990219793079367
after 0.0014037276768306948 0.0
agree 7.79848709350386e-05 0.0
alastair 0.0001559697418700772 4.74493212836325
alert 0.0003119394837401544 0.0
algorithms 7.79848709350386e-05 1.6538896750049343
align 0.0005458940965452703 0.05358424613410626
all 0.0001559697418700772 0.0
allow 7.79848709350386e-05 1.0313600616589422
allows 7.79848709350386e-05 0.8329091229351039
along 7.79848709350386e-05 1.6094379124341003
alpha 0.00046790922561023164 0.08149303425118301
alpha_ 7.79848709350386e-05 4.74493212836325
already 7.79848709350386e-05 2.1799827709017134
also 0.0006238789674803088 0.19105523676270922
alt 0.0006238789674803088 0.0
alternate 0.00023395461280511582 0.0
always 7.79848709350386e-05 1.6094379124341003
among 0.0001559697418700772 1.5668782980153044
amp 0.011385791156515637 0.0
an 0.0009358184512204633 0.0
analysis 0.0001559697418700772 1.5260563034950492
analytic 7.79848709350386e-05 4.051784947803305
and 0.004835061997972393 0.0
andrés 7.79848709350386e-05 4.74493212836325
annotation 0.0001559697418700772 2.1799827709017134
anon 0.0001559697418700772 0.0
anoncontribs 7.79848709350386e-05 0.0
anontalk 7.79848709350386e-05 0.0
anonymous 7.79848709350386e-05 0.0
another 0.0003119394837401544 0.09097177820572679
any 0.00023395461280511582 0.6844891178168307
api 7.79848709350386e-05 0.0
apple 0.0001559697418700772 0.0
application 0.00046790922561023164 0.0
apply 7.79848709350386e-05 0.0
approach 0.0001559697418700772 1.7004096906398272
approved 7.79848709350386e-05 2.5477075510270306
april 7.79848709350386e-05 0.0
arbitrary 0.0001559697418700772 1.8004931491968095
archives 0.0001559697418700772 2.26002547857525
are 0.0012477579349606176 0.0
argument 7.79848709350386e-05 0.0
aria 0.0024175309989861965 0.0
around 7.79848709350386e-05 1.449095262358921
arrow 7.79848709350386e-05 3.3586377672433594
art 0.00023395461280511582 2.3470368555648795
article 0.0006238789674803088 0.0
articles 0.0003119394837401544 0.0
articles_with_short_description 7.79848709350386e-05 0.454472687214859
as 0.0010917881930905405 0.0
ascii 0.0001559697418700772 2.953172659135195
ascii_art 7.79848709350386e-05 4.74493212836325
aside 7.79848709350386e-05 2.953172659135195
assembled 7.79848709350386e-05 3.3586377672433594
assigning 7.79848709350386e-05 3.1354942159291497
associated 0.0001559697418700772 0.0
async 7.79848709350386e-05 0.0
at 0.00046790922561023164 0.0
atitle 0.0003119394837401544 0.25629575863111026
atom 0.00023395461280511582 0.0
attention 7.79848709350386e-05 2.953172659135195
attributes 0.00023395461280511582 2.1799827709017134
attribution 7.79848709350386e-05 0.0
august 7.79848709350386e-05 0.0
author 0.0001559697418700772 0.0
auto 0.0001559697418700772 0.0
autocapitalize 7.79848709350386e-05 0.0
autocollapse 7.79848709350386e-05 0.9162907318741551
available 0.000389924354675193 0.0
avoid 0.0001559697418700772 0.09097177820572679
away 7.79848709350386e-05 3.3586377672433594
b 0.0026514856117913124 0.0
b4 0.0001559697418700772 0.8329091229351039
b4cnxk7uqzepzgszh2 7.79848709350386e-05 4.74493212836325
b7 7.79848709350386e-05 0.9837320126696876
background 0.0013257428058956562 0.017544309650909525
backlink 0.0012477579349606176 0.08149303425118301
based 0.000389924354675193 0.3504829736908114
bc_ 7.79848709350386e-05 3.3586377672433594
be 0.0005458940965452703 0.06280090123903044
because 0.0001559697418700772 0.0
becoming 7.79848709350386e-05 2.4423470353692043
been 0.00023395461280511582 0.6844891178168307
before 0.0012477579349606176 0.0
began 7.79848709350386e-05 1.8004931491968095
being 7.79848709350386e-05 0.8737311174553593
below 7.79848709350386e-05 0.18058393689541388
benchmark 7.79848709350386e-05 2.7990219793079367
berlin 7.79848709350386e-05 2.7990219793079367
between 0.00023395461280511582 0.7375989431307791
binding 7.79848709350386e-05 2.03688192726104
blob 0.00023395461280511582 2.4423470353692043
block 0.0001559697418700772 0.18058393689541388
blockquote 0.0001559697418700772 2.26002547857525
blog 7.79848709350386e-05 1.377636298376776
bodies 7.79848709350386e-05 3.6463198396951406
body 0.0005458940965452703 0.0
bodycontent 0.0001559697418700772 0.0
bold 7.79848709350386e-05 0.2451224580329849
boolean 7.79848709350386e-05 1.5668782980153044
border 0.001013803322155502 0.0
both 0.0001559697418700772 0.3022808718729337
bottom 0.00023395461280511582 0.05358424613410626
box 0.0011697730640255791 0.0
boxtext 7.79848709350386e-05 0.41419878807691896
bracket 0.0010917881930905405 0.0
brackets 0.00023395461280511582 0.41419878807691896
break 0.00023395461280511582 0.05358424613410626
bridges 0.0001559697418700772 4.74493212836325
british 0.0001559697418700772 2.3470368555648795
browsing 7.79848709350386e-05 0.0
bsi_39075_gql 0.0001559697418700772 4.74493212836325
bsi_39075_gql_13 0.0001559697418700772 4.74493212836325
bsigroup 0.0001559697418700772 4.74493212836325
btitle 0.0009358184512204633 0.22314355131420976
btn 0.00046790922561023164 0.0
built 7.79848709350386e-05 1.0072625100798818
but 0.0001559697418700772 0.3629054936893685
button 0.0028074553536613896 0.0
buttons 7.79848709350386e-05 0.0
by 0.0008578335802854246 0.0
bytes 0.0003119394837401544 0.0
c 0.0001559697418700772 0.0
c1 0.00023395461280511582 1.449095262358921
c13_en 7.79848709350386e-05 0.0
c2 7.79848709350386e-05 1.8545603704670854
ca 0.0006238789674803088 0.0
cache 0.0001559697418700772 0.0
cached 7.79848709350386e-05 0.0
cachereport 7.79848709350386e-05 0.0
cactions 0.00046790922561023164 0.0
called 0.000389924354675193 0.6844891178168307
calls 7.79848709350386e-05 0.0
campaigns 7.79848709350386e-05 0.0
can 0.000779848709350386 0.17022114985986725
canonical 0.0001559697418700772 0.0
capability 7.79848709350386e-05 2.665490586683414
caps 7.79848709350386e-05 0.41419878807691896
categories 0.0003119394837401544 0.02643325706815543
category 0.0011697730640255791 0.0
catlinks 0.00046790922561023164 0.0
cats 7.79848709350386e-05 0.0721032939013439
ccf 7.79848709350386e-05 0.454472687214859
center 0.00046790922561023164 0.017544309650909525
centralauth 0.0001559697418700772 0.0
centralautologin 0.0001559697418700772 0.0
centrality 7.79848709350386e-05 4.74493212836325
centralnotice 0.00023395461280511582 0.0
certain 7.79848709350386e-05 1.749199854809259
cfp 7.79848709350386e-05 4.74493212836325
change 7.79848709350386e-05 0.0
changes 0.0003119394837401544 0.0
charinsert 7.79848709350386e-05 0.0
charset 7.79848709350386e-05 0.0
cheapest 7.79848709350386e-05 4.74493212836325
checkbox 0.0026514856117913124 0.0
child 0.0018716369024409265 0.06280090123903044
cip 7.79848709350386e-05 4.74493212836325
cip2015 7.79848709350386e-05 4.74493212836325
citation 0.0018716369024409265 0.08149303425118301
cite 0.004289167901427123 0.0
cite_note 0.002495515869921235 0.08149303425118301
cite_ref 0.002495515869921235 0.08149303425118301
cite_web 0.0001559697418700772 0.4682660093471948
citethispage 7.79848709350386e-05 0.0
class 0.04265772440146612 0.0
classname 0.00023395461280511582 0.0
clause 0.0006238789674803088 2.3470368555648795
clauses 0.0006238789674803088 2.953172659135195
clear 7.79848709350386e-05 0.11995931507897897
client 0.000389924354675193 0.0
codasyl 0.00023395461280511582 4.051784947803305
code 7.79848709350386e-05 0.035401927050916
coincident 0.0001559697418700772 4.74493212836325
col 7.79848709350386e-05 0.540239508972284
coll 0.0003119394837401544 0.0
collapse 7.79848709350386e-05 0.21233263520999412
collapsed 0.00023395461280511582 0.0
collapses 7.79848709350386e-05 0.0
collapsible 0.0008578335802854246 0.0
color 0.001013803322155502 0.017544309650909525
colspan 7.79848709350386e-05 0.14981227822866008
column 0.00023395461280511582 0.09097177820572679
columns 0.00046790922561023164 0.09097177820572679
com 0.0018716369024409265 0.11995931507897897
combinations 7.79848709350386e-05 2.7990219793079367
committee 7.79848709350386e-05 2.26002547857525
common 0.00023395461280511582 0.8737311174553593
commons 0.000389924354675193 0.0
community 7.79848709350386e-05 0.0
community_portal 7.79848709350386e-05 0.0
compactlinks 7.79848709350386e-05 0.0
complex 7.79848709350386e-05 1.2185716037470886
complications 7.79848709350386e-05 0.0
components 0.0001559697418700772 1.4127276181880462
computers 7.79848709350386e-05 1.0813704822336037
concepts 7.79848709350386e-05 1.486835590341768
conference 0.0001559697418700772 0.9607424944449889
config 0.0001559697418700772 0.0
connected 0.0001559697418700772 3.1354942159291497
connections 7.79848709350386e-05 4.051784947803305
consensus 7.79848709350386e-05 4.051784947803305
constraint 7.79848709350386e-05 1.911718784307034
constraints 7.79848709350386e-05 2.1799827709017134
contact 0.0003119394837401544 0.0
contact_us 0.0001559697418700772 0.0
contactpage 7.79848709350386e-05 0.0
container 0.0011697730640255791 0.0
containing 7.79848709350386e-05 0.0
contains 0.0001559697418700772 1.4127276181880462
content 0.0057708804491928565 0.0
contentinfo 7.79848709350386e-05 0.0
contents 0.001013803322155502 0.0
contentsub 7.79848709350386e-05 0.0
context 0.0001559697418700772 0.0
contextual 7.79848709350386e-05 4.051784947803305
contextual_query_language 7.79848709350386e-05 4.74493212836325
contribute 7.79848709350386e-05 0.0
contributions 7.79848709350386e-05 0.0
contributors 0.0001559697418700772 0.0
controls 0.0003119394837401544 0.0
convenient 7.79848709350386e-05 2.4423470353692043
conversion 7.79848709350386e-05 0.0
cookie 0.000389924354675193 0.0
cookie_statement 7.79848709350386e-05 0.0
cookiestatement 7.79848709350386e-05 0.0
copyright 0.00023395461280511582 0.0
copyrightico 7.79848709350386e-05 0.0
corresponding 7.79848709350386e-05 1.4127276181880462
council 7.79848709350386e-05 2.665490586683414
count 0.0001559697418700772 0.0
counter 0.0003119394837401544 0.27902400970866637
cpu 7.79848709350386e-05 0.0
cputime 7.79848709350386e-05 0.0
cql 7.79848709350386e-05 4.74493212836325
create 0.0007018638384153474 0.0
createaccount 0.0003119394837401544 0.0
created 0.00023395461280511582 0.44086703515908027
creating 0.0001559697418700772 1.449095262358921
creative 7.79848709350386e-05 0.0
creativecommons 0.0001559697418700772 0.0
cross 7.79848709350386e-05 0.0
crossorigin 7.79848709350386e-05 0.0
cs1 0.0023395461280511583 0.09097177820572679
csrftoken 7.79848709350386e-05 0.0
ct 0.0001559697418700772 0.41419878807691896
ctx_ver 0.0012477579349606176 0.10054122922187746
current 0.0007018638384153474 0.0
current_events 7.79848709350386e-05 0.0
currentevents 7.79848709350386e-05 0.0
currently 7.79848709350386e-05 1.749199854809259
cursor 7.79848709350386e-05 0.38822330167365837
cx 0.0001559697418700772 0.0
cypher 0.006628714029478281 4.74493212836325
cypher_ 0.0028074553536613896 4.74493212836325
cypher_query_language 0.0003119394837401544 4.74493212836325
d 7.79848709350386e-05 0.06280090123903044
d33 0.0001559697418700772 0.09097177820572679
d6 7.79848709350386e-05 0.09097177820572679
data 0.005380956094517664 0.0
data_analysis_expressions 7.79848709350386e-05 4.74493212836325
data_mining_extensions 7.79848709350386e-05 4.74493212836325
database 0.0014817125477657334 1.486835590341768
databases 7.79848709350386e-05 2.1799827709017134
datalog 0.00023395461280511582 4.74493212836325
date 0.0001559697418700772 0.08149303425118301
datemodified 0.0001559697418700772 0.0
datepublished 0.0001559697418700772 0.0
datetime 7.79848709350386e-05 4.051784947803305
dax 7.79848709350386e-05 4.74493212836325
dd 0.0012477579349606176 0.22314355131420976
ddf 7.79848709350386e-05 0.454472687214859
de 0.0003119394837401544 0.2905848321097423
december 7.79848709350386e-05 0.0
decimal 7.79848709350386e-05 0.09097177820572679
declarative 0.00046790922561023164 2.1058747987479913
declarative_programming 7.79848709350386e-05 2.5477075510270306
decoration 0.0001559697418700772 0.41419878807691896
deduplicate 0.00046790922561023164 0.017544309650909525
deduplicated 0.0012477579349606176 0.06280090123903044
delete 0.0003119394837401544 0.9162907318741551
deleted 7.79848709350386e-05 2.26002547857525
deleting 7.79848709350386e-05 4.051784947803305
depicted 7.79848709350386e-05 4.74493212836325
depicts 7.79848709350386e-05 4.74493212836325
depth 0.00023395461280511582 0.0
describing 0.0001559697418700772 1.911718784307034
description 0.0006238789674803088 0.0
designed 7.79848709350386e-05 0.3504829736908114
desktoparticletarget 0.00023395461280511582 0.0
detection 7.79848709350386e-05 0.0
deutsch 7.79848709350386e-05 0.5254244231871433
developer 7.79848709350386e-05 0.0
developers 0.0001559697418700772 0.0
different 0.0003119394837401544 0.38822330167365837
differently 7.79848709350386e-05 2.7990219793079367
dir 0.00046790922561023164 0.0
directed 0.0001559697418700772 2.953172659135195
direction 0.0001559697418700772 2.953172659135195
directory 7.79848709350386e-05 2.1799827709017134
disabled 0.0008578335802854246 0.0
disclaimers 0.0001559697418700772 0.0
discrete 7.79848709350386e-05 2.953172659135195
discrete_mathematics 7.79848709350386e-05 4.74493212836325
discuss 0.0001559697418700772 0.0
discussion 0.0001559697418700772 0.0
display 0.000779848709350386 0.0
div 0.015129064961397489 0.0
dl 0.000779848709350386 0.19105523676270922
dmx 7.79848709350386e-05 4.74493212836325
dmy 7.79848709350386e-05 0.0
dns 0.0001559697418700772 0.0
docs 0.00046790922561023164 1.1073459686368643
doctype 7.79848709350386e-05 0.0
document 0.0003119394837401544 0.0
documentelement 0.00023395461280511582 0.0
domain 7.79848709350386e-05 1.377636298376776
donate 0.00023395461280511582 0.0
donating 7.79848709350386e-05 0.0
download 0.0003119394837401544 0.0
downloadaspdf 7.79848709350386e-05 0.0
drawing 7.79848709350386e-05 2.953172659135195
dropdown 0.0019496217733759652 0.0
dt 0.0012477579349606176 0.26759531388504365
duplicates 7.79848709350386e-05 3.6463198396951406
duration 7.79848709350386e-05 4.051784947803305
e 0.00023395461280511582 0.0
e2 0.0001559697418700772 0.7018808605286999
e3 0.00023395461280511582 2.4423470353692043
e5 0.0001559697418700772 1.7004096906398272
e6e6ff 7.79848709350386e-05 0.454472687214859
e8 0.0001559697418700772 1.5260563034950492
each 0.0001559697418700772 0.8531118302526235
easily 7.79848709350386e-05 1.749199854809259
easy 7.79848709350386e-05 1.7004096906398272
ec 0.000389924354675193 1.2185716037470886
echo 7.79848709350386e-05 0.0
ed 7.79848709350386e-05 0.8131064956389242
edge 7.79848709350386e-05 3.1354942159291497
edges 0.00023395461280511582 4.74493212836325
edit 0.0030414099664665055 0.0
editable 7.79848709350386e-05 0.0
edited 7.79848709350386e-05 0.0
editing 7.79848709350386e-05 0.0
editor 0.0001559697418700772 0.0
editors 0.0001559697418700772 0.0
editpage 7.79848709350386e-05 0.0
edits 0.0001559697418700772 0.0
editsection 0.0016376822896358107 0.0
edituri 7.79848709350386e-05 0.0
efficient 0.0001559697418700772 1.8545603704670854
effort 7.79848709350386e-05 2.03688192726104
eindhoven 0.0003119394837401544 4.74493212836325
either 7.79848709350386e-05 1.3437347467010947
element 0.0005458940965452703 0.0
elements 7.79848709350386e-05 1.2791962255635234
ellipsis 0.0001559697418700772 0.0
elt 7.79848709350386e-05 0.0
emerging 7.79848709350386e-05 4.051784947803305
empty 0.0001559697418700772 0.0
emptyportlet 0.0001559697418700772 0.0
en 0.002027606644311004 0.0
enabled 0.0008578335802854246 0.0
enables 7.79848709350386e-05 1.911718784307034
encoded 7.79848709350386e-05 2.7990219793079367
encouraged 0.0003119394837401544 0.0
encyclopedia 0.0001559697418700772 0.0
end 0.0001559697418700772 0.0
endcontent 0.0003119394837401544 4.74493212836325
english 0.00023395461280511582 0.0
enhancements 7.79848709350386e-05 0.0721032939013439
entities 0.0005458940965452703 0.0
entity 0.00046790922561023164 0.0
entityaccesscount 7.79848709350386e-05 0.0
entitypage 0.0001559697418700772 0.0
enwiki 7.79848709350386e-05 0.0
enwikimwclientprefs 7.79848709350386e-05 0.0
err 0.0005458940965452703 2.1799827709017134
error 0.0001559697418700772 0.09097177820572679
es6 7.79848709350386e-05 0.0
esi 0.0001559697418700772 0.0
esitest 7.79848709350386e-05 0.0
even 0.00023395461280511582 0.40112670650956617
event 0.000779848709350386 0.0
eventlogging 0.0001559697418700772 0.0
events 0.00046790922561023164 0.0
evolving 0.0001559697418700772 3.6463198396951406
exact 7.79848709350386e-05 0.0
exactly 7.79848709350386e-05 2.3470368555648795
example 0.0001559697418700772 0.4682660093471948
execution 7.79848709350386e-05 0.9607424944449889
existing 7.79848709350386e-05 1.486835590341768
exists 7.79848709350386e-05 0.0
expand 0.000389924354675193 0.0
expanded 0.000389924354675193 0.008733679968754631
expansion 0.0001559697418700772 0.0
expansiondepth 7.79848709350386e-05 0.0
expensive 0.0001559697418700772 0.0
expensivefunctioncount 7.79848709350386e-05 0.0
expiry 0.0001559697418700772 0.0
export 7.79848709350386e-05 0.0
expressions 0.0001559697418700772 1.4127276181880462
expressive 7.79848709350386e-05 2.7990219793079367
ext 0.002183576386181081 0.0
extensions 7.79848709350386e-05 0.8131064956389242
external 0.0014037276768306948 0.0
extra 7.79848709350386e-05 0.0
f 0.0003119394837401544 0.0
f7f7f7 7.79848709350386e-05 0.454472687214859
fa64 7.79848709350386e-05 4.74493212836325
fa8a495983347898 7.79848709350386e-05 0.0
face 0.0001559697418700772 3.1354942159291497
facilities 7.79848709350386e-05 1.7004096906398272
fallbacksearchbutton 7.79848709350386e-05 0.0
false 0.0009358184512204633 0.0
favicon 7.79848709350386e-05 0.0
fdfdfd 0.00023395461280511582 0.44086703515908027
feature 0.0016376822896358107 0.0
featurename 0.00023395461280511582 0.0
february 0.00023395461280511582 0.0
feed 0.0001559697418700772 0.0
file 0.0003119394837401544 0.0
file_upload_wizard 0.0001559697418700772 0.0
files 7.79848709350386e-05 0.0
fill 7.79848709350386e-05 3.3586377672433594
filter 7.79848709350386e-05 2.665490586683414
filtering 0.00023395461280511582 3.3586377672433594
filters 0.0001559697418700772 3.1354942159291497
find 7.79848709350386e-05 0.6177977433181585
finding 7.79848709350386e-05 3.1354942159291497
finer 7.79848709350386e-05 4.051784947803305
first 0.0014817125477657334 0.0
first_gql_research_implementation_from_olof_morra_at_tu_eindhoven 0.0003119394837401544 4.74493212836325
firstheading 0.00023395461280511582 0.0
firstly 7.79848709350386e-05 4.051784947803305
fit 0.0001559697418700772 2.665490586683414
five 7.79848709350386e-05 1.9723434061234688
fixed 7.79848709350386e-05 1.8545603704670854
float 0.0001559697418700772 0.06280090123903044
floating 7.79848709350386e-05 1.6094379124341003
flush 0.000389924354675193 0.0
focus 7.79848709350386e-05 2.5477075510270306
following 7.79848709350386e-05 0.8131064956389242
font 0.0012477579349606176 0.017544309650909525
footer 0.002027606644311004 0.0
for 0.0038992435467519303 0.0
form 0.00023395461280511582 0.0
formalization 7.79848709350386e-05 4.051784947803305
formalized 0.0001559697418700772 3.3586377672433594
format 0.0003119394837401544 0.0
formats 7.79848709350386e-05 1.911718784307034
formerly 7.79848709350386e-05 1.911718784307034
found 7.79848709350386e-05 1.449095262358921
foundation 0.0007018638384153474 0.0
fr 0.00046790922561023164 0.6177977433181585
framework 7.79848709350386e-05 1.1340142157190256
français 7.79848709350386e-05 0.6844891178168307
free 0.0003119394837401544 0.0
french 7.79848709350386e-05 0.6673946844575306
from 0.0014037276768306948 0.0
full 7.79848709350386e-05 0.044451762570833796
fulltext 7.79848709350386e-05 0.0
function 0.00046790922561023164 0.0
functions 7.79848709350386e-05 0.7018808605286999
fundamental 7.79848709350386e-05 2.5477075510270306
fundraiserredirector 7.79848709350386e-05 0.0
g 0.0001559697418700772 0.0
gadget 0.0003119394837401544 0.0
gehomepagesuggestededitsenabletopics 7.79848709350386e-05 0.0
general_disclaimer 7.79848709350386e-05 0.0
generator 7.79848709350386e-05 0.0
genre 0.0012477579349606176 0.10054122922187746
geoip 7.79848709350386e-05 0.0
german 7.79848709350386e-05 0.5108256237659907
germany 7.79848709350386e-05 1.749199854809259
github 0.0009358184512204633 1.0560526742493137
globalcssjs 0.0001559697418700772 0.0
go 0.000389924354675193 0.0
googpub 0.0001559697418700772 0.0
gql 0.0016376822896358107 4.74493212836325
gql_parser 0.0001559697418700772 4.74493212836325
gql_parser_14 0.0001559697418700772 4.74493212836325
graph 0.0046011073851672775 2.1799827709017134
graph_ 7.79848709350386e-05 4.74493212836325
graph_database 0.0001559697418700772 4.74493212836325
graph_model 0.000389924354675193 4.74493212836325
graph_query_language 0.0001559697418700772 4.74493212836325
graph_theory 0.0001559697418700772 4.74493212836325
graphql 0.00023395461280511582 4.051784947803305
graphs 0.0007018638384153474 3.6463198396951406
gray 7.79848709350386e-05 0.09097177820572679
greek 0.0001559697418700772 0.09097177820572679
green 0.000389924354675193 0.09097177820572679
gremlin 0.0003119394837401544 4.74493212836325
gremlin_ 0.0001559697418700772 4.74493212836325
group 0.0013257428058956562 0.0
growthexperiments 7.79848709350386e-05 0.0
gt 0.0003119394837401544 0.8531118302526235
guidance 7.79848709350386e-05 0.0
guides 7.79848709350386e-05 0.0
h 0.0001559697418700772 0.0
h1 0.0001559697418700772 0.0
h2 0.0009358184512204633 0.0
h3 0.0003119394837401544 0.7195804376281008
hack 0.00046790922561023164 0.0
hal 0.0001559697418700772 2.03688192726104
hand 7.79848709350386e-05 2.26002547857525
has 0.00046790922561023164 0.0
haspopup 0.000389924354675193 0.0
have 0.000389924354675193 0.6340582641899388
head 0.0001559697418700772 0.0
header 0.0019496217733759652 0.0
heading 0.001793652031505888 0.0
headline 0.0007018638384153474 0.0
headquarters 7.79848709350386e-05 3.3586377672433594
height 0.0008578335802854246 0.0
help 0.0005458940965452703 0.0
here 7.79848709350386e-05 0.0
hidden 0.0010917881930905405 0.0
hide 0.0001559697418700772 0.0
hierarchical 7.79848709350386e-05 2.7990219793079367
highest 7.79848709350386e-05 0.0
highlight 0.00046790922561023164 0.6177977433181585
history 0.00046790922561023164 0.0
hlist 0.004679092256102317 0.2905848321097423
hold 7.79848709350386e-05 1.911718784307034
hop 7.79848709350386e-05 4.74493212836325
hor 0.0001559697418700772 0.0
hosted 7.79848709350386e-05 0.0
how 0.0005458940965452703 0.0
however 0.0005458940965452703 0.0
href 0.016376822896358105 0.0
hreflang 0.000389924354675193 0.11020314013361425
html 0.0005458940965452703 0.0
http 0.0003119394837401544 0.0
https 0.004523122514232239 0.0
hub 7.79848709350386e-05 0.0
i 0.0006238789674803088 0.008733679968754631
ico 7.79848709350386e-05 0.0
icon 0.0031973797083365827 0.0
icons 0.0003119394837401544 0.0
id 0.01341339780082664 0.0
idhash 7.79848709350386e-05 0.0
iec 0.0003119394837401544 2.4423470353692043
if 0.0001559697418700772 0.0
image 0.0001559697418700772 0.0
imageobject 0.0001559697418700772 0.0
images 0.0009358184512204633 0.0
img 0.00046790922561023164 0.0
implement 7.79848709350386e-05 0.0
implementation 0.00046790922561023164 0.5705448584676129
implementations 7.79848709350386e-05 0.8531118302526235
implementers 7.79848709350386e-05 3.6463198396951406
improvements 7.79848709350386e-05 0.0
in 0.004133198159557046 0.0
inc 0.0003119394837401544 0.0
include 0.00023395461280511582 0.0
includes 7.79848709350386e-05 1.1340142157190256
increment 7.79848709350386e-05 0.26759531388504365
index 0.002183576386181081 0.0
indicators 7.79848709350386e-05 0.0
info 0.0028854402245964282 0.0
information 0.0007018638384153474 0.0
inherit 0.000779848709350386 0.035401927050916
init 0.00023395461280511582 0.0
inline 0.0018716369024409265 0.035401927050916
inner 0.0003119394837401544 0.0
input 0.001013803322155502 0.0
inside 0.0001559697418700772 0.0721032939013439
instance 7.79848709350386e-05 1.449095262358921
institute 0.0001559697418700772 1.2185716037470886
integer 7.79848709350386e-05 1.4127276181880462
integrated 0.0001559697418700772 1.0560526742493137
intended 7.79848709350386e-05 1.449095262358921
interaction 0.00023395461280511582 0.0
interface 0.0001559697418700772 0.0
interlanguage 0.0011697730640255791 0.0
international 0.00023395461280511582 0.9607424944449889
interwiki 0.000389924354675193 0.11020314013361425
into 0.0003119394837401544 0.48225225132193467
introduction 0.0005458940965452703 0.0
introduction_1 0.0001559697418700772 4.74493212836325
invention 7.79848709350386e-05 3.3586377672433594
ip 0.0001559697418700772 0.0
is 0.0017156671605708493 0.0
is_related_to 7.79848709350386e-05 4.74493212836325
isbl 0.00023395461280511582 4.74493212836325
iso 0.0008578335802854246 2.1799827709017134
it 0.0006238789674803088 0.0
item 0.00499103173984247 0.0
items 7.79848709350386e-05 0.0
its 7.79848709350386e-05 0.25629575863111026
j 0.0001559697418700772 0.0
ja 0.0003119394837401544 0.9162907318741551
january 0.0003119394837401544 0.0
japanese 7.79848709350386e-05 0.9162907318741551
joint 7.79848709350386e-05 2.3470368555648795
jquery 0.00023395461280511582 0.0
js 0.0001559697418700772 0.0
json 0.0001559697418700772 0.0
jtc 0.0001559697418700772 2.7990219793079367
jtitle 0.0003119394837401544 0.3260915205666521
july 7.79848709350386e-05 0.0
jump 0.0001559697418700772 0.0
june 7.79848709350386e-05 0.0
just 7.79848709350386e-05 1.2484245668967697
k 0.000779848709350386 0.0
keep 7.79848709350386e-05 3.3586377672433594
kern 0.0001559697418700772 0.09097177820572679
key 0.0003119394837401544 0.0
keywords 0.000779848709350386 1.8545603704670854
kidman 0.0001559697418700772 4.74493212836325
kind 7.79848709350386e-05 1.9723434061234688
ko 0.0003119394837401544 1.0813704822336037
korean 7.79848709350386e-05 1.0813704822336037
label 0.0038992435467519303 0.0
labela 7.79848709350386e-05 4.74493212836325
labelb 7.79848709350386e-05 4.74493212836325
labeled 7.79848709350386e-05 3.6463198396951406
labelledby 0.0001559697418700772 0.0
labels 0.0006238789674803088 2.3470368555648795
landmark 0.0003119394837401544 0.0
lang 0.001793652031505888 0.0
langage 0.0001559697418700772 1.8004931491968095
langlinks 0.0001559697418700772 0.0
language 0.005692895578257818 0.0
language_integrated_query 0.0001559697418700772 3.3586377672433594
languages 0.001559697418700772 0.0
largely 7.79848709350386e-05 2.1058747987479913
last 0.001013803322155502 0.0
lastmod 7.79848709350386e-05 0.0
lazy 0.0001559697418700772 0.0
ld 0.0001559697418700772 0.0
ldap 7.79848709350386e-05 4.051784947803305
learn 0.000389924354675193 0.0
left 0.0013257428058956562 0.0
less 7.79848709350386e-05 1.8004931491968095
level 0.0006238789674803088 0.0
levels 7.79848709350386e-05 0.0
li 0.02012009670123996 0.0
license 0.0003119394837401544 0.0
licenses 0.0001559697418700772 0.0
lightweight 7.79848709350386e-05 2.665490586683414
lightweight_directory_access_protocol 7.79848709350386e-05 4.051784947803305
like 0.000389924354675193 0.41419878807691896
limit 0.0008578335802854246 0.0
limited 0.00046790922561023164 0.0
limitreport 0.00023395461280511582 0.0
line 0.0003119394837401544 0.10054122922187746
link 0.0039772284176869685 0.0
linked 0.0001559697418700772 0.0
linkedin 0.0001559697418700772 3.3586377672433594
links 0.0012477579349606176 0.0
linq 0.0001559697418700772 3.3586377672433594
list 0.007486547609763706 0.0
listbullet 0.00023395461280511582 0.0
listitem 0.0003119394837401544 0.2905848321097423
lists 0.0001559697418700772 1.1073459686368643
load 0.00023395461280511582 0.0
loaded 7.79848709350386e-05 0.0
loader 7.79848709350386e-05 0.0
loading 0.00023395461280511582 0.0
loc 7.79848709350386e-05 0.0
localdatetime 7.79848709350386e-05 4.74493212836325
localtime 7.79848709350386e-05 4.74493212836325
lock 0.0008578335802854246 0.09097177820572679
log 0.0005458940965452703 0.0
logged 0.0001559697418700772 0.0
login 0.000389924354675193 0.0
logo 0.0006238789674803088 0.0
look 7.79848709350386e-05 1.749199854809259
lower 0.00046790922561023164 0.09097177820572679
lt 7.79848709350386e-05 0.9382696385929302
ltr 0.001013803322155502 0.0
lua 0.0001559697418700772 0.008733679968754631
m 0.0001559697418700772 0.0
made 7.79848709350386e-05 0.0
main 0.0021055915152460424 0.0
main_other 0.0001559697418700772 1.6094379124341003
main_page 0.0001559697418700772 0.0
mainentity 0.0001559697418700772 0.0
mainpage 7.79848709350386e-05 0.0
maint 7.79848709350386e-05 0.09097177820572679
makecollapsible 0.00023395461280511582 0.42744401482693967
makes 7.79848709350386e-05 1.377636298376776
management 0.0003119394837401544 1.0813704822336037
mandatory 0.0003119394837401544 0.0
manual 0.0014037276768306948 1.1340142157190256
many 7.79848709350386e-05 0.6673946844575306
maps 7.79848709350386e-05 2.665490586683414
march 0.0001559697418700772 0.0
margin 0.0014037276768306948 0.017544309650909525
master 0.0001559697418700772 2.26002547857525
match 0.001013803322155502 0.0
match_6 0.0001559697418700772 4.74493212836325
math 0.0001559697418700772 1.911718784307034
mathematics 7.79848709350386e-05 1.8545603704670854
max 0.0001559697418700772 0.0
may 0.0001559697418700772 0.0
mdx 7.79848709350386e-05 4.74493212836325
media 0.0001559697418700772 0.0
mediawiki 0.0007018638384153474 0.0
meet 0.0001559697418700772 2.03688192726104
meeting 0.00023395461280511582 2.5477075510270306
meetings 7.79848709350386e-05 2.953172659135195
members 7.79848709350386e-05 2.03688192726104
memory 7.79848709350386e-05 0.008733679968754631
memusage 7.79848709350386e-05 0.008733679968754631
menu 0.007720502222568822 0.0
merge 7.79848709350386e-05 3.3586377672433594
message 0.0001559697418700772 0.0
meta 0.001013803322155502 0.0
mind 7.79848709350386e-05 2.7990219793079367
mini 0.00023395461280511582 0.41419878807691896
mining 7.79848709350386e-05 4.74493212836325
missing 7.79848709350386e-05 1.9723434061234688
mobile 0.00023395461280511582 0.0
mobileaction 7.79848709350386e-05 0.0
mobileview 7.79848709350386e-05 0.0
model 0.0017156671605708493 0.8737311174553593
modeled 7.79848709350386e-05 4.74493212836325
modeling 7.79848709350386e-05 2.03688192726104
models 0.0001559697418700772 1.8004931491968095
module 7.79848709350386e-05 0.0
modules 0.00023395461280511582 0.0
molecular 7.79848709350386e-05 4.74493212836325
molecular_query_language 7.79848709350386e-05 4.74493212836325
more 0.0014037276768306948 0.0
morra 0.00046790922561023164 4.74493212836325
most 0.0001559697418700772 0.6340582641899388
move 7.79848709350386e-05 0.0
moved 7.79848709350386e-05 0.0
movie 0.0005458940965452703 3.3586377672433594
mql 7.79848709350386e-05 4.74493212836325
ms 7.79848709350386e-05 0.0
multi 7.79848709350386e-05 0.8329091229351039
multidimensional 7.79848709350386e-05 2.953172659135195
multidimensional_expressions 7.79848709350386e-05 4.74493212836325
multitude 7.79848709350386e-05 4.051784947803305
mw 0.031427902986820556 0.0
mw1366 7.79848709350386e-05 3.6463198396951406
mw2393 0.0001559697418700772 4.051784947803305
mycontributions 7.79848709350386e-05 0.0
mytalk 7.79848709350386e-05 0.0
n 0.004133198159557046 0.0
name 0.0025735007408562737 0.0
named 7.79848709350386e-05 1.1073459686368643
namespaces 7.79848709350386e-05 0.0
national 7.79848709350386e-05 0.8947845266531914
natural 7.79848709350386e-05 2.1058747987479913
nav 0.0010917881930905405 0.0
navbar 0.0012477579349606176 0.06280090123903044
navbox 0.0046011073851672775 0.454472687214859
navigation 0.0009358184512204633 0.0
navigationtiming 7.79848709350386e-05 0.0
nearby 7.79848709350386e-05 0.0
need 7.79848709350386e-05 1.377636298376776
needs 7.79848709350386e-05 1.0813704822336037
neo 7.79848709350386e-05 4.051784947803305
neo4j 0.0022615612571161197 4.74493212836325
network 0.0001559697418700772 1.7004096906398272
new 0.0001559697418700772 0.14981227822866008
newpp 7.79848709350386e-05 0.0
news 7.79848709350386e-05 0.5552773863368246
nicole 0.00023395461280511582 4.051784947803305
no 0.0006238789674803088 0.0
node 0.0009358184512204633 0.0
node1 7.79848709350386e-05 4.74493212836325
node2 7.79848709350386e-05 4.74493212836325
nodes 0.0013257428058956562 3.3586377672433594
noexcerpt 7.79848709350386e-05 0.42744401482693967
nofollow 0.0014037276768306948 0.0
noicon 0.000389924354675193 0.0
nojs 7.79848709350386e-05 0.0
nomobile 7.79848709350386e-05 0.4682660093471948
non 7.79848709350386e-05 0.0
none 0.0014817125477657334 0.0
noprint 0.0003119394837401544 0.0
normal 0.000389924354675193 0.0
normalization 7.79848709350386e-05 4.051784947803305
noscript 0.0003119394837401544 0.0
nosnippet 7.79848709350386e-05 0.0
nosql 0.0003119394837401544 4.74493212836325
not 0.000389924354675193 0.0
notice 7.79848709350386e-05 0.0
november 7.79848709350386e-05 0.0
nowrap 0.0013257428058956562 0.05358424613410626
nowraplinks 7.79848709350386e-05 0.454472687214859
np 0.0001559697418700772 4.74493212836325
ns 0.0001559697418700772 0.0
nstab 7.79848709350386e-05 0.0
null 7.79848709350386e-05 0.0
numb 0.0005458940965452703 0.0
number 0.0003119394837401544 0.0
numbers 7.79848709350386e-05 1.16141318990714
nv 0.00023395461280511582 0.3141153295199365
o 0.0010917881930905405 0.0
object 0.0001559697418700772 0.5254244231871433
object_constraint_language 7.79848709350386e-05 2.7990219793079367
object_query_language 7.79848709350386e-05 4.74493212836325
observe 7.79848709350386e-05 3.6463198396951406
ocim 7.79848709350386e-05 4.74493212836325
ocims 7.79848709350386e-05 4.74493212836325
ocl 7.79848709350386e-05 4.74493212836325
october 0.0001559697418700772 0.0
odd 0.00023395461280511582 0.454472687214859
of 0.004211183030492085 0.0
og 0.0001559697418700772 0.0
ol 0.0014817125477657334 0.035401927050916
oldid 0.00023395461280511582 0.0
olof 0.00046790922561023164 4.74493212836325
olofmorra 0.0001559697418700772 4.74493212836325
on 0.0014817125477657334 0.0
one 0.00023395461280511582 0.42744401482693967
only 0.00046790922561023164 0.0
open 0.0001559697418700772 0.7018808605286999
opencypher 0.0010917881930905405 4.74493212836325
opened 7.79848709350386e-05 2.953172659135195
opensearch_desc 7.79848709350386e-05 0.0
opensearchdescription 7.79848709350386e-05 0.0
operate 7.79848709350386e-05 2.7990219793079367
optional 7.79848709350386e-05 1.5668782980153044
options 0.000389924354675193 0.0
oql 7.79848709350386e-05 4.74493212836325
or 0.0008578335802854246 0.0
ordering 7.79848709350386e-05 2.5477075510270306
org 0.005536925836387741 0.0
organization 0.000389924354675193 0.0
organizes 0.0001559697418700772 4.74493212836325
origin 0.000389924354675193 0.0
originally 7.79848709350386e-05 0.9607424944449889
other 0.00046790922561023164 0.0
out 0.00023395461280511582 0.0
outgoing 7.79848709350386e-05 4.74493212836325
output 0.010294002963425095 0.0
outputted 7.79848709350386e-05 4.74493212836325
ouvertes 0.0001559697418700772 4.051784947803305
overflow 0.00023395461280511582 0.0
oʻzbekcha 7.79848709350386e-05 1.749199854809259
p 0.007876471964438898 0.0
padding 0.0014817125477657334 0.017544309650909525
page 0.003587304063011776 0.0
pagelanguagecode 7.79848709350386e-05 0.0
pagelanguagedir 7.79848709350386e-05 0.0
pageprop 7.79848709350386e-05 0.27902400970866637
pages 0.0005458940965452703 0.0
pagetype 0.0001559697418700772 1.16141318990714
pagevariantfallbacks 7.79848709350386e-05 0.0
pairs 0.0001559697418700772 2.4423470353692043
panel 0.0003119394837401544 0.0
paper 0.00023395461280511582 1.6094379124341003
paper_2 0.0001559697418700772 4.051784947803305
parameter 7.79848709350386e-05 1.5668782980153044
parentheses 7.79848709350386e-05 2.5477075510270306
parsed 7.79848709350386e-05 0.0
parser 0.010839897059970367 0.0
part 7.79848709350386e-05 0.7375989431307791
passed 7.79848709350386e-05 1.6094379124341003
past 7.79848709350386e-05 0.0
path 0.0001559697418700772 2.7990219793079367
patroltoken 7.79848709350386e-05 0.0
pattern 0.00046790922561023164 1.6538896750049343
patterns 0.0006238789674803088 1.9723434061234688
pcache 7.79848709350386e-05 0.0
pdf 0.0006238789674803088 0.0
permalink 7.79848709350386e-05 0.0
permanent 0.0001559697418700772 0.0
personal 0.000389924354675193 0.0
php 0.0025735007408562737 0.0
pin 0.0001559697418700772 0.0
pinnable 0.0009358184512204633 0.0
pinned 0.000779848709350386 0.0
place 0.0001559697418700772 0.8737311174553593
placeholder 7.79848709350386e-05 0.0
places 0.0007018638384153474 0.0
plainlinks 7.79848709350386e-05 0.20163734609324613
png 0.000779848709350386 0.0
point 7.79848709350386e-05 0.9162907318741551
policy 0.0001559697418700772 0.0
popular 7.79848709350386e-05 1.5668782980153044
popups 7.79848709350386e-05 0.0
portal 0.00023395461280511582 0.0
portlet 0.0021055915152460424 0.0
position 7.79848709350386e-05 0.0
post 0.0001559697418700772 0.0
postexpandincludesize 7.79848709350386e-05 0.0
power 7.79848709350386e-05 1.449095262358921
powered 7.79848709350386e-05 0.0
poweredby_mediawiki_132x47 7.79848709350386e-05 0.0
poweredby_mediawiki_176x62 7.79848709350386e-05 0.0
poweredby_mediawiki_88x31 7.79848709350386e-05 0.0
poweredbyico 7.79848709350386e-05 0.0
ppvisitednodes 7.79848709350386e-05 0.0
pre 0.00046790922561023164 0.40112670650956617
prefetch 0.0001559697418700772 0.0
preprocessor 7.79848709350386e-05 0.0
preview 7.79848709350386e-05 0.0
print 0.0001559697418700772 0.0
print_export 0.00023395461280511582 0.0
printable 0.00023395461280511582 0.0
printfooter 7.79848709350386e-05 0.0
privacy 0.00023395461280511582 0.0
privacy_policy 0.0001559697418700772 0.0
proceedings 0.0001559697418700772 1.2484245668967697
process 7.79848709350386e-05 0.9162907318741551
processing 0.0001559697418700772 0.8947845266531914
profit 7.79848709350386e-05 0.0
programming 0.0005458940965452703 0.0
programming_language 0.0001559697418700772 0.08149303425118301
programming_languages_created_in_2007 7.79848709350386e-05 3.6463198396951406
progressive 0.00023395461280511582 0.0
project 0.000389924354675193 0.7936884097818228
projects 0.00023395461280511582 0.0
properties 0.0006238789674803088 1.911718784307034
property 0.001559697418700772 0.0
property_graph 7.79848709350386e-05 4.74493212836325
propertykey 7.79848709350386e-05 4.74493212836325
propertyvalue 7.79848709350386e-05 4.74493212836325
proposal 0.0001559697418700772 2.5477075510270306
proposed 7.79848709350386e-05 2.26002547857525
proprietary 7.79848709350386e-05 1.5260563034950492
protocol 7.79848709350386e-05 1.8004931491968095
provide 7.79848709350386e-05 0.9382696385929302
providers 7.79848709350386e-05 4.051784947803305
pt 0.00046790922561023164 0.0
pub 0.0008578335802854246 0.41419878807691896
public 0.0001559697418700772 0.9162907318741551
publicly 7.79848709350386e-05 2.1058747987479913
publisher 0.0001559697418700772 0.0
pulse 7.79848709350386e-05 4.74493212836325
purposes 7.79848709350386e-05 1.9723434061234688
push 0.00023395461280511582 0.0
pygments 0.0001559697418700772 0.6177977433181585
q 0.00023395461280511582 0.0
q16834355 0.0005458940965452703 4.74493212836325
ql 0.00023395461280511582 4.74493212836325
quel 0.0001559697418700772 4.74493212836325
quel_query_languages 7.79848709350386e-05 4.74493212836325
queries 0.00046790922561023164 2.953172659135195
queries_9 0.0001559697418700772 4.74493212836325
query 0.0038212586758168917 1.0813704822336037
query_language 0.0025735007408562737 4.051784947803305
query_languages 0.0006238789674803088 3.6463198396951406
querying 0.0001559697418700772 3.3586377672433594
quick 7.79848709350386e-05 0.0
quiet 0.00046790922561023164 0.0
quote 0.0001559697418700772 2.4423470353692043
quotes 7.79848709350386e-05 0.09097177820572679
r 0.00023395461280511582 0.0
r1011085734 7.79848709350386e-05 0.09097177820572679
r1061467846 7.79848709350386e-05 0.454472687214859
r1063604349 7.79848709350386e-05 0.41419878807691896
r1129693374 0.0001559697418700772 0.2905848321097423
r1133582631 0.0012477579349606176 0.09097177820572679
r996844942 7.79848709350386e-05 2.665490586683414
random 0.0001559697418700772 0.0
randomly 7.79848709350386e-05 0.0
randompage 7.79848709350386e-05 0.0
raw 7.79848709350386e-05 0.0
rdf 0.0003119394837401544 4.051784947803305
re 0.0001559697418700772 0.0
reachability 7.79848709350386e-05 4.74493212836325
read 0.000389924354675193 0.0
ready 0.0014817125477657334 0.0
real 7.79848709350386e-05 0.0
recent 0.0003119394837401544 0.0
recentchanges 0.00023395461280511582 0.0
recentchangeslinked 0.0001559697418700772 0.0
recursion 7.79848709350386e-05 0.0
red 7.79848709350386e-05 0.09097177820572679
redirect 0.000389924354675193 0.008733679968754631
redirected 7.79848709350386e-05 1.749199854809259
redirectedfrom 7.79848709350386e-05 2.03688192726104
reduced 7.79848709350386e-05 0.0
reference 0.0036652889339468145 0.035401927050916
references 0.0008578335802854246 0.008733679968754631
referencetooltips 7.79848709350386e-05 0.0
referrer 0.00023395461280511582 0.0
reflist 0.0011697730640255791 0.09097177820572679
regarding 7.79848709350386e-05 3.1354942159291497
registered 7.79848709350386e-05 0.0
registration 0.0001559697418700772 0.08149303425118301
rel 0.0038992435467519303 0.0
rel1 7.79848709350386e-05 4.74493212836325
related 0.00023395461280511582 0.0
relational 0.0003119394837401544 2.4423470353692043
relational_model 7.79848709350386e-05 4.051784947803305
relationship 0.0007018638384153474 2.5477075510270306
relationship_type 0.0001559697418700772 4.74493212836325
relationships 0.001013803322155502 3.1354942159291497
relevant 7.79848709350386e-05 3.1354942159291497
remove 7.79848709350386e-05 0.9382696385929302
rendering 7.79848709350386e-05 0.0
repeat 0.0003119394837401544 0.0721032939013439
replace 7.79848709350386e-05 0.0
report 0.00023395461280511582 0.0
representation 7.79848709350386e-05 1.8545603704670854
represented 7.79848709350386e-05 1.9723434061234688
representing 0.0001559697418700772 2.3470368555648795
represents 7.79848709350386e-05 2.26002547857525
require 7.79848709350386e-05 0.0
requires 7.79848709350386e-05 1.5668782980153044
research 0.0003119394837401544 0.7018808605286999
reset 7.79848709350386e-05 0.26759531388504365
resource 7.79848709350386e-05 2.5477075510270306
resourceloaderdynamicstyles 7.79848709350386e-05 0.0
resources 7.79848709350386e-05 1.6538896750049343
responsible 7.79848709350386e-05 2.5477075510270306
results 0.00023395461280511582 1.486835590341768
retrieved 0.0012477579349606176 0.0
return 0.000779848709350386 1.1073459686368643
return_8 0.0001559697418700772 4.74493212836325
returning 7.79848709350386e-05 2.7990219793079367
returnto 0.0003119394837401544 0.0
revision 0.00023395461280511582 0.0
revisions 7.79848709350386e-05 0.0
rfr_id 0.0012477579349606176 0.10054122922187746
rft 0.003743273804881853 0.10054122922187746
rft_id 0.0012477579349606176 0.11020314013361425
rft_val_fmt 0.0012477579349606176 0.10054122922187746
rgba 7.79848709350386e-05 0.09097177820572679
right 0.0009358184512204633 0.0
rl 7.79848709350386e-05 0.0
rlconf 7.79848709350386e-05 0.0
rlpagemodules 7.79848709350386e-05 0.0
rlq 0.00046790922561023164 0.0
rlstate 7.79848709350386e-05 0.0
robots 7.79848709350386e-05 0.0
role 0.0011697730640255791 0.0
roles 7.79848709350386e-05 3.6463198396951406
roman 0.0003119394837401544 0.09097177820572679
rootpage 7.79848709350386e-05 0.0
row 0.0003119394837401544 0.12981161152199053
rsd 0.0001559697418700772 0.0
s 0.000389924354675193 0.0
sa 0.0001559697418700772 0.0
sameas 0.0001559697418700772 0.0
sap 7.79848709350386e-05 3.6463198396951406
saved 7.79848709350386e-05 0.0
sc 7.79848709350386e-05 2.3470368555648795
scalar 7.79848709350386e-05 2.953172659135195
schema 0.0001559697418700772 0.0
science 0.0001559697418700772 0.3504829736908114
scope 0.0003119394837401544 0.11995931507897897
screen 0.0001559697418700772 0.0
scribunto 7.79848709350386e-05 0.008733679968754631
script 0.0010917881930905405 0.0
scripts 7.79848709350386e-05 0.0
sdcat 0.0001559697418700772 2.953172659135195
search 0.0022615612571161197 0.0
searchaux 7.79848709350386e-05 0.4682660093471948
searchbutton 0.0003119394837401544 0.0
searchform 7.79848709350386e-05 0.0
searchinput 7.79848709350386e-05 0.0
secondly 7.79848709350386e-05 4.051784947803305
seconds 0.00023395461280511582 0.0
section 0.0010917881930905405 0.0
see 0.00023395461280511582 0.44086703515908027
see_also 0.0003119394837401544 0.6340582641899388
select 7.79848709350386e-05 2.4423470353692043
selected 0.0003119394837401544 0.0
selector 7.79848709350386e-05 0.0
selflink 0.00023395461280511582 0.08149303425118301
semantically 7.79848709350386e-05 4.74493212836325
semantics 0.0001559697418700772 1.2791962255635234
sentences 7.79848709350386e-05 0.0
september 0.000389924354675193 0.0
set 0.0006238789674803088 0.0
sets 7.79848709350386e-05 1.5668782980153044
sha1 7.79848709350386e-05 0.10054122922187746
shadow 0.00023395461280511582 0.5860490450035782
sharealike 7.79848709350386e-05 0.0
sharealike_3 7.79848709350386e-05 0.0
short 0.00046790922561023164 0.42744401482693967
short_description 0.0001559697418700772 0.5860490450035782
short_description_is_different_from_wikidata 7.79848709350386e-05 1.0072625100798818
shortdescription 7.79848709350386e-05 0.4682660093471948
shortest 7.79848709350386e-05 3.6463198396951406
should 7.79848709350386e-05 1.377636298376776
show 0.0003119394837401544 0.0
shown 7.79848709350386e-05 1.7004096906398272
sidebar 0.0008578335802854246 0.0
significant 7.79848709350386e-05 1.377636298376776
similar 0.00023395461280511582 0.9162907318741551
simplesearch 7.79848709350386e-05 0.0
site 0.000389924354675193 0.0
sitedir 7.79848709350386e-05 0.0
sitelinks 7.79848709350386e-05 0.0
sitenotice 0.0001559697418700772 0.0
sitesub 7.79848709350386e-05 0.0
sitesupport 7.79848709350386e-05 0.0
size 0.001013803322155502 0.0
sizing 7.79848709350386e-05 0.25629575863111026
skin 0.00046790922561023164 0.0
skins 0.00046790922561023164 0.0
slightly 7.79848709350386e-05 2.665490586683414
small 0.00023395461280511582 0.0721032939013439
smarts 7.79848709350386e-05 4.74493212836325
smiles 7.79848709350386e-05 4.74493212836325
smiles_arbitrary_target_specification 7.79848709350386e-05 4.74493212836325
solid 0.00023395461280511582 0.2340726218464
some 7.79848709350386e-05 0.5108256237659907
source 0.0001559697418700772 0.49643688631389105
space 0.0001559697418700772 0.11995931507897897
spacing 0.00023395461280511582 0.2905848321097423
span 0.04905248381813928 0.0
sparql 0.00046790922561023164 4.74493212836325
special 0.0017156671605708493 0.0
specialpages 0.0001559697418700772 0.0
specific 0.0001559697418700772 0.9837320126696876
specification 7.79848709350386e-05 1.2484245668967697
specifications 7.79848709350386e-05 2.665490586683414
specified 0.00023395461280511582 1.749199854809259
specifies 7.79848709350386e-05 2.7990219793079367
specify 0.0001559697418700772 1.8545603704670854
specifying 7.79848709350386e-05 2.3470368555648795
sql 0.0012477579349606176 1.377636298376776
src 0.0007018638384153474 0.0
srcset 0.0001559697418700772 0.0
standard 0.0005458940965452703 0.0
standardization 0.0007018638384153474 1.9723434061234688
standardize 7.79848709350386e-05 3.3586377672433594
standardized 0.00023395461280511582 2.1799827709017134
standards 0.000389924354675193 1.4127276181880462
standardsdevelopment 7.79848709350386e-05 4.74493212836325
start 0.00023395461280511582 0.0
startcontent 7.79848709350386e-05 4.74493212836325
startup 0.0001559697418700772 0.0
statement 7.79848709350386e-05 0.0
states 7.79848709350386e-05 1.0072625100798818
static 0.001013803322155502 0.0
statistics 7.79848709350386e-05 0.0
stats 7.79848709350386e-05 0.0
statslink 7.79848709350386e-05 0.0
status 7.79848709350386e-05 0.0
sticky 0.0001559697418700772 0.0
still 7.79848709350386e-05 1.1895840668738364
stopmobileredirecttoggle 7.79848709350386e-05 0.0
storage 0.00023395461280511582 1.449095262358921
string 0.0001559697418700772 1.0313600616589422
structurally 7.79848709350386e-05 4.74493212836325
structured 0.000389924354675193 0.0
structured_storage 7.79848709350386e-05 4.74493212836325
structures 0.0001559697418700772 1.16141318990714
style 0.0044451376432972 0.0
styles 0.0010917881930905405 0.0
stylesheet 0.0001559697418700772 0.0
subgroup 0.000389924354675193 0.454472687214859
subject 7.79848709350386e-05 0.0
sublist 0.0007018638384153474 0.0
submit 0.0001559697418700772 0.0
subscription 0.0001559697418700772 0.09097177820572679
subsection 0.0001559697418700772 0.7195804376281008
subset 0.0001559697418700772 1.9723434061234688
subtitle 7.79848709350386e-05 0.0
such 0.00023395461280511582 0.454472687214859
suggestededitsession 7.79848709350386e-05 0.0
sup 0.002495515869921235 0.0721032939013439
superseded 7.79848709350386e-05 3.1354942159291497
support 7.79848709350386e-05 0.0
supported 7.79848709350386e-05 0.9382696385929302
supports 7.79848709350386e-05 0.8531118302526235
svg 0.00046790922561023164 0.0
switcher 7.79848709350386e-05 0.0
syntax 0.0009358184512204633 0.540239508972284
system 0.0007018638384153474 0.11020314013361425
systems 7.79848709350386e-05 0.454472687214859
t 0.0009358184512204633 0.0
tab 0.000389924354675193 0.0
tabindex 0.0001559697418700772 0.0
table 0.0005458940965452703 0.0
tables 7.79848709350386e-05 2.1799827709017134
tabs 0.0001559697418700772 0.0
tagged 7.79848709350386e-05 2.26002547857525
tagline 0.00023395461280511582 0.0
tags 0.00023395461280511582 0.0
talk 0.00046790922561023164 0.0
target 0.0006238789674803088 0.0
targetloader 7.79848709350386e-05 0.0
taylor 7.79848709350386e-05 3.1354942159291497
tb 0.00023395461280511582 0.0
tbody 0.0001559697418700772 0.044451762570833796
td 0.0009358184512204633 0.044451762570833796
technical 7.79848709350386e-05 1.2185716037470886
technology 0.00046790922561023164 0.7195804376281008
telephone 7.79848709350386e-05 0.0
template 0.0021055915152460424 0.0
template_talk 7.79848709350386e-05 0.41419878807691896
templateargumentsize 7.79848709350386e-05 0.0
templatequote 0.00023395461280511582 2.665490586683414
templatequotecite 7.79848709350386e-05 2.665490586683414
templatestyles 0.0017156671605708493 0.017544309650909525
temporal 7.79848709350386e-05 2.3470368555648795
terms 0.0001559697418700772 0.0
terms_of_use 7.79848709350386e-05 0.0
text 0.004367152772362162 0.0
text_of_the_creative_commons_attribution 7.79848709350386e-05 0.0
th 0.0006238789674803088 0.11995931507897897
than 0.00023395461280511582 0.6340582641899388
that 0.00046790922561023164 0.18058393689541388
the 0.007564532480698744 0.0
their 7.79848709350386e-05 0.7559480817989758
then 7.79848709350386e-05 0.6017974019717174
theory 0.00023395461280511582 1.7004096906398272
there 0.00023395461280511582 0.8737311174553593
these 7.79848709350386e-05 0.6340582641899388
they 0.00023395461280511582 0.7195804376281008
this 0.0022615612571161197 0.0
those 0.00023395461280511582 1.3437347467010947
through 7.79848709350386e-05 0.8531118302526235
thumbnail 7.79848709350386e-05 0.0
time 0.00046790922561023164 0.0
timestamp 0.0001559697418700772 0.0
timeusage 7.79848709350386e-05 0.008733679968754631
timingprofile 7.79848709350386e-05 0.0
title 0.013101458317086485 0.0
titlebar 0.0006238789674803088 0.0
titleform 7.79848709350386e-05 0.0
to 0.0038212586758168917 0.0
toc 0.007954456835373937 0.0
together 0.0001559697418700772 1.8004931491968095
toggle 0.001013803322155502 0.0
toggle_view_mobile 7.79848709350386e-05 0.0
tokens 7.79848709350386e-05 0.0
took 0.0001559697418700772 1.9723434061234688
toolbar 0.00023395461280511582 0.0
tools 0.0007018638384153474 0.0
top 0.0007018638384153474 0.0
total 0.0001559697418700772 0.0
touch 0.0001559697418700772 0.0
towards 7.79848709350386e-05 2.5477075510270306
tr 0.0012477579349606176 0.044451762570833796
trackingid 7.79848709350386e-05 4.74493212836325
trademark 7.79848709350386e-05 0.0
transclusion 7.79848709350386e-05 0.0
transientcontent 7.79848709350386e-05 0.0
transparent 0.000389924354675193 0.06280090123903044
triggered 7.79848709350386e-05 0.0
true 0.0017156671605708493 0.0
ttl 7.79848709350386e-05 0.0
tu 0.0003119394837401544 3.6463198396951406
two 0.00023395461280511582 0.6505875661411494
type 0.0038212586758168917 0.0
type_system 0.0003119394837401544 0.7746402148111283
types 0.0006238789674803088 0.7375989431307791
u 0.0001559697418700772 0.0
ui 0.0046011073851672775 0.0
ul 0.005536925836387741 0.0
uls 0.000389924354675193 0.0
under 7.79848709350386e-05 0.0
undirected 7.79848709350386e-05 4.74493212836325
unique 7.79848709350386e-05 2.1799827709017134
uniquely 7.79848709350386e-05 4.051784947803305
unknown 0.0011697730640255791 0.26759531388504365
unpin 0.0001559697418700772 0.0
unpinned 0.0001559697418700772 0.0
unstrip 0.0003119394837401544 0.0
unwanted 7.79848709350386e-05 3.3586377672433594
up 7.79848709350386e-05 0.8947845266531914
update 7.79848709350386e-05 1.8004931491968095
updating 7.79848709350386e-05 2.953172659135195
upload 0.0007018638384153474 0.0
upon 7.79848709350386e-05 1.9723434061234688
upper 0.0003119394837401544 0.09097177820572679
url 0.0006238789674803088 0.0
us 0.0001559697418700772 0.0
usage 0.0003119394837401544 0.0
use 0.000389924354675193 0.0
used 0.0005458940965452703 0.19105523676270922
uselang 7.79848709350386e-05 0.0
user 0.002183576386181081 0.0
useradd 0.0001559697418700772 0.0
userlogin 0.0001559697418700772 0.0
using 0.00023395461280511582 0.0
utc 7.79848709350386e-05 0.0
utf 7.79848709350386e-05 0.0
utm_campaign 7.79848709350386e-05 0.0
utm_medium 7.79848709350386e-05 0.0
utm_source 7.79848709350386e-05 0.0
ux 7.79848709350386e-05 0.08149303425118301
uz 0.0003119394837401544 1.749199854809259
uzbek 7.79848709350386e-05 1.749199854809259
v 7.79848709350386e-05 0.3382128810989969
value 0.0014817125477657334 0.0
values 7.79848709350386e-05 0.9837320126696876
var 0.0001559697418700772 0.0
variable 0.0001559697418700772 0.9382696385929302
variant 0.0001559697418700772 0.0
variants 0.00046790922561023164 0.0
variety 7.79848709350386e-05 2.1799827709017134
vary 7.79848709350386e-05 0.10054122922187746
ve 7.79848709350386e-05 0.0
vector 0.01996412695936988 0.0
version 0.0001559697418700772 0.0
vertex 0.0001559697418700772 4.051784947803305
vertex_ 7.79848709350386e-05 4.74493212836325
vertices 0.0001559697418700772 4.74493212836325
very 7.79848709350386e-05 0.9607424944449889
view 0.0009358184512204633 0.0
viewport 7.79848709350386e-05 0.0
views 0.00023395461280511582 0.0
visible 7.79848709350386e-05 0.09097177820572679
visit 0.0001559697418700772 0.0
visited 7.79848709350386e-05 0.0
visual 0.0001559697418700772 0.9607424944449889
visualeditor 0.0003119394837401544 0.0
visually 7.79848709350386e-05 4.74493212836325
void 0.0001559697418700772 2.1058747987479913
vote 7.79848709350386e-05 4.74493212836325
vue 0.0001559697418700772 0.0
w 0.00499103173984247 0.0
w3 0.0001559697418700772 2.7990219793079367
w3c 0.0005458940965452703 4.74493212836325
w3c_graph_data_berlin 0.0001559697418700772 4.74493212836325
w3c_graph_data_berlin_11 0.0001559697418700772 4.74493212836325
walldorf 7.79848709350386e-05 4.74493212836325
walltime 7.79848709350386e-05 0.0
was 0.0007018638384153474 0.0
watchlist 7.79848709350386e-05 0.0
watchtoken 7.79848709350386e-05 0.0
way 7.79848709350386e-05 0.8947845266531914
wb 0.0001559697418700772 0.0
wbc 7.79848709350386e-05 0.0
wd 0.0001559697418700772 4.74493212836325
web 0.0014037276768306948 0.09097177820572679
website 7.79848709350386e-05 0.0
weight 0.000389924354675193 0.05358424613410626
wgaction 7.79848709350386e-05 0.0
wgarticleid 7.79848709350386e-05 0.0
wgbackendresponsetime 7.79848709350386e-05 0.0
wgbreakframes 7.79848709350386e-05 0.0
wgcanonicalnamespace 7.79848709350386e-05 0.0
wgcanonicalspecialpagename 7.79848709350386e-05 0.0
wgcategories 7.79848709350386e-05 0.0
wgcentralauthmobiledomain 7.79848709350386e-05 0.0
wgcspnonce 7.79848709350386e-05 0.0
wgcurrevisionid 7.79848709350386e-05 0.0
wgdefaultdateformat 7.79848709350386e-05 0.0
wgdigittransformtable 7.79848709350386e-05 0.0
wgeditsubmitbuttonlabelpublish 7.79848709350386e-05 0.0
wgflaggedrevsparams 7.79848709350386e-05 0.0
wggestructuredtaskrejectionreasontextinputenabled 7.79848709350386e-05 0.0
wggetopicsmatchmodeenabled 7.79848709350386e-05 0.0
wghostname 7.79848709350386e-05 0.0
wginternalredirecttargeturl 7.79848709350386e-05 2.1058747987479913
wgisarticle 7.79848709350386e-05 0.0
wgisprobablyeditable 7.79848709350386e-05 0.0
wgisredirect 7.79848709350386e-05 0.0
wgmediaviewerenabledbydefault 7.79848709350386e-05 0.0
wgmediavieweronclick 7.79848709350386e-05 0.0
wgmfdisplaywikibasedescriptions 7.79848709350386e-05 0.0
wgmonthnames 7.79848709350386e-05 0.0
wgnamespacenumber 7.79848709350386e-05 0.0
wgnoticeproject 7.79848709350386e-05 0.0
wgpagecontentlanguage 7.79848709350386e-05 0.0
wgpagecontentmodel 7.79848709350386e-05 0.0
wgpagename 7.79848709350386e-05 0.0
wgpageparsereport 7.79848709350386e-05 0.0
wgpopupsflags 7.79848709350386e-05 0.0
wgredirectedfrom 7.79848709350386e-05 2.1058747987479913
wgrelevantarticleid 7.79848709350386e-05 0.0
wgrelevantpageisprobablyeditable 7.79848709350386e-05 0.0
wgrelevantpagename 7.79848709350386e-05 0.0
wgrequestid 7.79848709350386e-05 0.0
wgrestrictionedit 7.79848709350386e-05 0.0
wgrestrictionmove 7.79848709350386e-05 0.0
wgrevisionid 7.79848709350386e-05 0.0
wgseparatortransformtable 7.79848709350386e-05 0.0
wgtitle 7.79848709350386e-05 0.0
wgulscurrentautonym 7.79848709350386e-05 0.0
wgulsiscompactlinksenabled 7.79848709350386e-05 0.0
wgulsislanguageselectorempty 7.79848709350386e-05 0.0
wgulsposition 7.79848709350386e-05 0.0
wgusergroups 7.79848709350386e-05 0.0
wgusername 7.79848709350386e-05 0.0
wgvector2022previewpages 7.79848709350386e-05 0.0
wgvisualeditor 7.79848709350386e-05 0.0
wgwikibaseitemid 7.79848709350386e-05 0.0
wgwmepagelength 7.79848709350386e-05 0.0
wgwmeschemaeditattemptstepoversample 7.79848709350386e-05 0.0
what 7.79848709350386e-05 0.0
whatlinkshere 0.0001559697418700772 0.0
when 0.00023395461280511582 0.0
where 0.001013803322155502 0.9382696385929302
where_7 0.0001559697418700772 4.74493212836325
which 0.0003119394837401544 0.3022808718729337
while 7.79848709350386e-05 0.7195804376281008
white 0.0001559697418700772 0.12981161152199053
wider 7.79848709350386e-05 3.3586377672433594
width 0.0019496217733759652 0.0
wiki 0.007720502222568822 0.0
wikibase 0.0003119394837401544 0.0
wikidata 0.0008578335802854246 0.0
wikimedia 0.0026514856117913124 0.0
wikimediabadges 7.79848709350386e-05 0.0
wikimediaevents 7.79848709350386e-05 0.0
wikimediafoundation 0.0001559697418700772 0.0
wikipedia 0.006316774545738126 0.0
wikisource 7.79848709350386e-05 0.09097177820572679
wikitext 7.79848709350386e-05 0.0
will 7.79848709350386e-05 0.9607424944449889
window 0.00023395461280511582 0.0
with 0.0021055915152460424 0.0
without 7.79848709350386e-05 0.9162907318741551
wmf 0.00023395461280511582 0.0
word 0.0003119394837401544 0.05358424613410626
wordmark 0.0001559697418700772 0.0
work 7.79848709350386e-05 0.9607424944449889
working 7.79848709350386e-05 1.1895840668738364
works 7.79848709350386e-05 0.0
workshop 0.00023395461280511582 2.1799827709017134
wpformidentifier 7.79848709350386e-05 0.0
wrap 0.0001559697418700772 0.06280090123903044
writing 7.79848709350386e-05 1.2791962255635234
written 7.79848709350386e-05 0.44086703515908027
ws 0.00023395461280511582 0.09097177820572679
www 0.0010917881930905405 0.0
x 0.00023395461280511582 0.0
xml 0.00023395461280511582 0.0
xpath 0.00023395461280511582 3.3586377672433594
xquery 0.00023395461280511582 4.74493212836325
y 0.0001559697418700772 0.0
yahoo 0.0003119394837401544 2.953172659135195
year 0.0001559697418700772 1.6094379124341003
yearparameter 7.79848709350386e-05 4.74493212836325
yes 7.79848709350386e-05 0.0
yet 7.79848709350386e-05 1.8004931491968095
you 0.0005458940965452703 0.0
yql 0.0001559697418700772 4.74493212836325
z 0.0001559697418700772 0.0
z39 0.0012477579349606176 0.10054122922187746
z3988 0.0012477579349606176 0.10054122922187746
zero 0.0001559697418700772 1.7004096906398272
ўзбекча 7.79848709350386e-05 1.749199854809259
問い合わせ言語 7.79848709350386e-05 4.74493212836325
日本語 7.79848709350386e-05 0.9382696385929302
사이퍼 7.79848709350386e-05 4.74493212836325
질의어 7.79848709350386e-05 4.74493212836325
한국어 7.79848709350386e-05 1.0813704822336037
