0 0.004862700228832952 0.0
00 0.00038138825324180017 0.0
000 0.00038138825324180017 0.0
01 0.00019069412662090009 0.3382128810989969
0167 0.00038138825324180017 4.74493212836325
039 0.00038138825324180017 0.0
03z 0.00019069412662090009 2.953172659135195
066 0.00038138825324180017 4.74493212836325
07 0.00019069412662090009 0.6177977433181585
09 0.00019069412662090009 0.5860490450035782
096 0.00019069412662090009 4.051784947803305
098 0.00019069412662090009 3.6463198396951406
0_unported_license 9.534706331045004e-05 0.0
1 0.006960335621662853 0.0
10 0.0009534706331045003 0.0
100 0.0008581235697940503 0.0
1000 9.534706331045004e-05 0.0
1000000 0.00019069412662090009 0.0
100px 9.534706331045004e-05 0.9837320126696876
102 0.00019069412662090009 1.8004931491968095
108 0.00019069412662090009 2.1799827709017134
1088361 9.534706331045004e-05 4.74493212836325
1088373 0.0002860411899313501 4.74493212836325
10px 0.0006674294431731503 0.454472687214859
11 0.0004767353165522502 0.21233263520999412
1129351303 0.0006674294431731503 4.74493212836325
1145 0.0002860411899313501 1.377636298376776
117 9.534706331045004e-05 0.0
12 0.00038138825324180017 0.18058393689541388
1233 0.00019069412662090009 4.051784947803305
1236 0.00019069412662090009 4.74493212836325
125em 9.534706331045004e-05 0.0
127 9.534706331045004e-05 0.09097177820572679
12px 9.534706331045004e-05 0.09097177820572679
12s5i 9.534706331045004e-05 0.0
12t04 0.00019069412662090009 4.74493212836325
13 9.534706331045004e-05 0.0
133 9.534706331045004e-05 0.08149303425118301
14 0.0002860411899313501 0.22314355131420976
15 0.00038138825324180017 0.3382128810989969
157 0.00019069412662090009 2.3470368555648795
160 0.0011441647597254005 0.0
179375 9.534706331045004e-05 4.74493212836325
17z 0.00019069412662090009 3.3586377672433594
1814400 0.00019069412662090009 0.5705448584676129
1985 0.00019069412662090009 1.4127276181880462
1990s 9.534706331045004e-05 1.911718784307034
1em 0.0004767353165522502 0.02643325706815543
1px 0.0002860411899313501 0.2451224580329849
1x1 9.534706331045004e-05 0.0
2 0.0017162471395881006 0.0
20 0.00019069412662090009 0.0
2003 0.00019069412662090009 0.9837320126696876
2004 0.0004767353165522502 0.06280090123903044
2005 0.0005720823798627002 0.8531118302526235
2011 0.0004767353165522502 0.6017974019717174
2013 0.00038138825324180017 0.6844891178168307
2014 0.00019069412662090009 0.8947845266531914
2017 0.00019069412662090009 0.9837320126696876
2019 9.534706331045004e-05 0.9162907318741551
2022 0.0007627765064836003 0.0
20230314122121 9.534706331045004e-05 4.74493212836325
20230314122122 0.00019069412662090009 4.74493212836325
2037674 9.534706331045004e-05 4.74493212836325
20460 0.00019069412662090009 4.74493212836325
2097152 0.00038138825324180017 0.0
20be 9.534706331045004e-05 4.74493212836325
21 0.0002860411899313501 0.3504829736908114
22 0.0005720823798627002 0.26759531388504365
22clips 0.0005720823798627002 4.74493212836325
238px 9.534706331045004e-05 0.8329091229351039
23px 9.534706331045004e-05 0.5254244231871433
24 9.534706331045004e-05 0.5254244231871433
24t21 0.00019069412662090009 4.74493212836325
251 0.00019069412662090009 4.051784947803305
255 9.534706331045004e-05 0.09097177820572679
25936 0.00019069412662090009 4.74493212836325
25em 0.0002860411899313501 0.035401927050916
26 9.534706331045004e-05 0.0
26cbl 9.534706331045004e-05 4.74493212836325
2706176_clips_expert_system_tool_a_candidate_for_the_diagnostic_system_engine 9.534706331045004e-05 4.74493212836325
2c 0.0013348588863463006 0.48225225132193467
2cicon 9.534706331045004e-05 0.0
2cstyles 9.534706331045004e-05 0.0
2cwikimediabadges 9.534706331045004e-05 0.6177977433181585
2em 0.00019069412662090009 0.06280090123903044
2f 0.00019069412662090009 0.11020314013361425
2f1 9.534706331045004e-05 2.03688192726104
2f10 0.00019069412662090009 0.8737311174553593
2f1088361 0.00019069412662090009 4.74493212836325
2f6e32cf733cd92d98974a96c1d80e3774 9.534706331045004e-05 4.74493212836325
2fbpg 9.534706331045004e-05 4.74493212836325
2fclipsrules 9.534706331045004e-05 4.74493212836325
2fdocumentation 9.534706331045004e-05 2.5477075510270306
2fdwes 0.00019069412662090009 4.74493212836325
2fen 0.0004767353165522502 0.10054122922187746
2ffmt 0.0004767353165522502 0.10054122922187746
2fopenview 9.534706331045004e-05 4.74493212836325
2fsearch 9.534706331045004e-05 4.051784947803305
2fv640 9.534706331045004e-05 4.74493212836325
2px 0.00038138825324180017 0.26759531388504365
2x 0.00038138825324180017 0.0
3 0.0016209000762776506 0.0
30 0.00019069412662090009 0.5705448584676129
30em 9.534706331045004e-05 0.09097177820572679
31 0.00019069412662090009 0.0
3125em 9.534706331045004e-05 0.0
315 0.00038138825324180017 3.6463198396951406
320 0.00019069412662090009 2.665490586683414
34 0.00019069412662090009 1.1340142157190256
36c 9.534706331045004e-05 1.0072625100798818
37 0.0004767353165522502 1.0072625100798818
385 0.00019069412662090009 3.3586377672433594
39 9.534706331045004e-05 0.3141153295199365
399 9.534706331045004e-05 1.3109449238781037
3a 0.0004767353165522502 0.11020314013361425
3a3 9.534706331045004e-05 0.09097177820572679
3abook 0.0002860411899313501 0.22314355131420976
3aclips 0.0004767353165522502 4.74493212836325
3adoi 0.00019069412662090009 0.9382696385929302
3ajournal 0.00019069412662090009 0.3260915205666521
3akev 0.0004767353165522502 0.10054122922187746
3amtx 0.0004767353165522502 0.10054122922187746
3aofi 0.0004767353165522502 0.10054122922187746
3asid 0.0004767353165522502 0.10054122922187746
3cols 9.534706331045004e-05 0.21233263520999412
3d2037674 9.534706331045004e-05 4.74493212836325
3dgscholar 9.534706331045004e-05 4.74493212836325
3em 0.00019069412662090009 0.035401927050916
3feet 9.534706331045004e-05 4.74493212836325
3fpq 9.534706331045004e-05 4.74493212836325
3px 9.534706331045004e-05 0.12981161152199053
4 0.0016209000762776506 0.02643325706815543
40 0.0002860411899313501 0.0
400 0.00019069412662090009 0.0
418603 0.0002860411899313501 4.74493212836325
42 0.00019069412662090009 0.9607424944449889
43 0.00019069412662090009 1.2185716037470886
431 0.00019069412662090009 3.6463198396951406
43d9 9.534706331045004e-05 4.051784947803305
4c 9.534706331045004e-05 0.09097177820572679
4px 0.00019069412662090009 0.8329091229351039
5 0.0009534706331045003 0.11020314013361425
50 0.0004767353165522502 0.0
500 0.00019069412662090009 0.0
5000000 0.00019069412662090009 0.0
5090111 0.00019069412662090009 4.74493212836325
50px 9.534706331045004e-05 1.0072625100798818
512 9.534706331045004e-05 0.6505875661411494
517 0.00019069412662090009 3.6463198396951406
5194 0.0002860411899313501 4.74493212836325
52428800 0.00019069412662090009 0.008733679968754631
527 0.00019069412662090009 3.6463198396951406
52px 9.534706331045004e-05 1.0072625100798818
55 0.0002860411899313501 1.1895840668738364
56 0.00019069412662090009 0.8737311174553593
57 0.00019069412662090009 1.1340142157190256
59593 0.00038138825324180017 4.051784947803305
5em 0.0006674294431731503 0.0
5x 0.00038138825324180017 0.0
6 0.0004767353165522502 0.044451762570833796
6000 9.534706331045004e-05 2.3470368555648795
62 0.00019069412662090009 1.377636298376776
620 0.00019069412662090009 4.051784947803305
635 0.00019069412662090009 3.3586377672433594
65 0.0002860411899313501 0.05358424613410626
66 0.00019069412662090009 1.5668782980153044
68 0.00019069412662090009 1.1895840668738364
6e32cf733cd92d98974a96c1d80e3774 9.534706331045004e-05 4.74493212836325
6em 9.534706331045004e-05 0.7195804376281008
7 0.00019069412662090009 0.0
71 0.00019069412662090009 1.2484245668967697
717 0.00019069412662090009 4.051784947803305
720px 0.00019069412662090009 0.0
743 0.00019069412662090009 4.051784947803305
75 0.00019069412662090009 1.449095262358921
75px 9.534706331045004e-05 1.0072625100798818
76 0.00019069412662090009 1.1895840668738364
7cext 0.0002860411899313501 0.0
7cmediawiki 9.534706331045004e-05 0.0
7cskins 9.534706331045004e-05 0.0
7cwikibase 9.534706331045004e-05 0.0
8 0.0002860411899313501 0.0
81 0.00038138825324180017 1.0560526742493137
8125em 9.534706331045004e-05 0.0
82a4453149f2 9.534706331045004e-05 4.74493212836325
83 0.0002860411899313501 0.8131064956389242
84 9.534706331045004e-05 0.7018808605286999
849 0.00019069412662090009 3.6463198396951406
85 9.534706331045004e-05 0.5705448584676129
88 0.0007627765064836003 0.0
8a 9.534706331045004e-05 0.7375989431307791
9 0.0005720823798627002 0.11020314013361425
90 9.534706331045004e-05 0.08149303425118301
91 0.0006674294431731503 0.0721032939013439
92db 9.534706331045004e-05 4.74493212836325
93 0.0008581235697940503 0.06280090123903044
95 9.534706331045004e-05 0.035401927050916
98 9.534706331045004e-05 0.8131064956389242
99 0.0002860411899313501 0.6505875661411494
9932cc 9.534706331045004e-05 1.0072625100798818
9px 0.0002860411899313501 0.09097177820572679
_antonellagangemi 9.534706331045004e-05 4.74493212836325
_corrado2005 9.534706331045004e-05 4.74493212836325
_francescsantoro 9.534706331045004e-05 4.74493212836325
a 0.03222730739893211 0.0
a2a9b1 0.00019069412662090009 0.27902400970866637
a3 9.534706331045004e-05 1.7004096906398272
a7 9.534706331045004e-05 0.8131064956389242
a8 0.00019069412662090009 0.6844891178168307
a9 9.534706331045004e-05 0.9382696385929302
a9_ 9.534706331045004e-05 1.911718784307034
aa 9.534706331045004e-05 0.0721032939013439
about 0.0008581235697940503 0.0
aboutsite 9.534706331045004e-05 0.0
above 9.534706331045004e-05 0.1599646496926782
absolute 9.534706331045004e-05 0.0
ac 9.534706331045004e-05 0.9607424944449889
acc 9.534706331045004e-05 1.3109449238781037
accessdate 9.534706331045004e-05 0.2451224580329849
accessible 9.534706331045004e-05 1.2484245668967697
accesskey 0.0018115942028985507 0.0
account 0.00038138825324180017 0.0
acm 0.0002860411899313501 1.1895840668738364
acronym 9.534706331045004e-05 2.3470368555648795
across 9.534706331045004e-05 0.0
action 0.002288329519450801 0.0
actions 9.534706331045004e-05 0.0
activation 9.534706331045004e-05 3.1354942159291497
add 9.534706331045004e-05 0.0
adding 9.534706331045004e-05 0.8947845266531914
additional 0.0008581235697940503 0.0
address 0.00019069412662090009 0.0
adds 9.534706331045004e-05 1.7004096906398272
adventures 9.534706331045004e-05 3.3586377672433594
af 9.534706331045004e-05 1.377636298376776
after 0.00019069412662090009 0.0
agenda 9.534706331045004e-05 4.051784947803305
agree 9.534706331045004e-05 0.0
ai 9.534706331045004e-05 2.7990219793079367
alert 0.00038138825324180017 0.0
align 0.00038138825324180017 0.05358424613410626
all 0.0004767353165522502 0.0
all_articles_needing_additional_references 9.534706331045004e-05 1.911718784307034
allows 9.534706331045004e-05 0.8329091229351039
alpha 0.00038138825324180017 0.08149303425118301
also 0.0002860411899313501 0.19105523676270922
alt 0.0008581235697940503 0.0
alternate 0.0002860411899313501 0.0
alternative 9.534706331045004e-05 1.7004096906398272
ambox 0.002955758962623951 1.0072625100798818
amp 0.011346300533943554 0.0
an 0.0005720823798627002 0.0
and 0.0027650648360030513 0.0
anon 0.00019069412662090009 0.0
anoncontribs 9.534706331045004e-05 0.0
anontalk 9.534706331045004e-05 0.0
anonymous 9.534706331045004e-05 0.0
another 9.534706331045004e-05 0.09097177820572679
antonella 0.00019069412662090009 4.74493212836325
api 9.534706331045004e-05 0.0
appeared 9.534706331045004e-05 0.40112670650956617
apple 0.00019069412662090009 0.0
applicable 0.00019069412662090009 2.5477075510270306
application 0.0005720823798627002 0.0
apply 9.534706331045004e-05 0.0
april 9.534706331045004e-05 0.0
ar 0.0004767353165522502 0.6844891178168307
arabic 9.534706331045004e-05 1.16141318990714
archives 0.00019069412662090009 2.26002547857525
are 0.00038138825324180017 0.0
argument 9.534706331045004e-05 0.0
aria 0.002669717772692601 0.0
art 9.534706331045004e-05 2.3470368555648795
article 0.0009534706331045003 0.0
articles 0.0007627765064836003 0.0
articles_needing_additional_references_from_september_2013 9.534706331045004e-05 4.74493212836325
artificia 9.534706331045004e-05 4.74493212836325
artificial 0.00019069412662090009 1.9723434061234688
as 0.0006674294431731503 0.0
as_eq 9.534706331045004e-05 1.377636298376776
assert 0.0002860411899313501 4.74493212836325
asserted 0.0002860411899313501 4.74493212836325
assign 9.534706331045004e-05 2.3470368555648795
associated 0.00019069412662090009 0.0
async 0.00019069412662090009 0.0
at 0.0002860411899313501 0.0
atitle 0.00019069412662090009 0.25629575863111026
atom 0.0002860411899313501 0.0
attribution 9.534706331045004e-05 0.0
au 0.0010488176964149505 0.48225225132193467
aufirst 0.00038138825324180017 0.3629054936893685
august 9.534706331045004e-05 0.0
aulast 0.00038138825324180017 0.3629054936893685
author 0.00019069412662090009 0.0
auto 0.0002860411899313501 0.0
autocapitalize 9.534706331045004e-05 0.0
autostart 9.534706331045004e-05 0.11020314013361425
available 0.00019069412662090009 0.0
avoid 0.00019069412662090009 0.09097177820572679
b 0.0032418001525553013 0.0
b1 9.534706331045004e-05 0.9607424944449889
b32424 0.00019069412662090009 1.0072625100798818
b3_ 9.534706331045004e-05 3.6463198396951406
background 0.0008581235697940503 0.017544309650909525
backlink 0.0004767353165522502 0.08149303425118301
based 0.0004767353165522502 0.3504829736908114
basic 0.00019069412662090009 0.7195804376281008
bdi 0.00038138825324180017 0.7375989431307791
be 0.00038138825324180017 0.06280090123903044
because 9.534706331045004e-05 0.0
been 0.00019069412662090009 0.6844891178168307
before 9.534706331045004e-05 0.0
beginners 9.534706331045004e-05 1.7004096906398272
being 9.534706331045004e-05 0.8737311174553593
below 0.00019069412662090009 0.18058393689541388
bks 0.00019069412662090009 1.377636298376776
bkt 9.534706331045004e-05 1.377636298376776
body 0.0015255530129672007 0.0
bodycontent 0.00019069412662090009 0.0
book 0.00038138825324180017 0.42744401482693967
books 9.534706331045004e-05 0.5552773863368246
booksources 0.00038138825324180017 0.6673946844575306
bootstrap 9.534706331045004e-05 0.10054122922187746
border 0.0016209000762776506 0.0
boston 0.00019069412662090009 3.1354942159291497
both 9.534706331045004e-05 0.3022808718729337
bottom 0.0002860411899313501 0.05358424613410626
box 0.0012395118230358504 0.0
bpg 9.534706331045004e-05 4.74493212836325
br 9.534706331045004e-05 0.42744401482693967
bracket 0.0009534706331045003 0.0
break 0.0002860411899313501 0.05358424613410626
brown 9.534706331045004e-05 3.1354942159291497
browsing 9.534706331045004e-05 0.0
btitle 0.0002860411899313501 0.22314355131420976
btn 0.0004767353165522502 0.0
building 0.0002860411899313501 1.6094379124341003
but 9.534706331045004e-05 0.3629054936893685
button 0.0030511060259344014 0.0
buttons 9.534706331045004e-05 0.0
by 0.0010488176964149505 0.0
bytes 0.00038138825324180017 0.0
c 0.0008581235697940503 0.0
c13_en 9.534706331045004e-05 0.0
c_ 9.534706331045004e-05 0.8329091229351039
ca 0.0007627765064836003 0.0
cache 0.00019069412662090009 0.0
cached 9.534706331045004e-05 0.0
cachereport 9.534706331045004e-05 0.0
cactions 0.0005720823798627002 0.0
called 9.534706331045004e-05 0.6844891178168307
calls 9.534706331045004e-05 0.0
campaigns 9.534706331045004e-05 0.0
can 0.0002860411899313501 0.17022114985986725
candidate 9.534706331045004e-05 3.1354942159291497
canonical 0.00019069412662090009 0.0
caption 0.00019069412662090009 0.21233263520999412
car_problem 0.0013348588863463006 4.74493212836325
case 9.534706331045004e-05 1.0813704822336037
categories 0.00019069412662090009 0.02643325706815543
category 0.0013348588863463006 0.0
catlinks 0.0005720823798627002 0.0
cats 9.534706331045004e-05 0.0721032939013439
causes 9.534706331045004e-05 2.953172659135195
cbl 9.534706331045004e-05 3.6463198396951406
ceased 9.534706331045004e-05 3.6463198396951406
cell 9.534706331045004e-05 0.7195804376281008
center 0.0009534706331045003 0.017544309650909525
centralauth 0.00019069412662090009 0.0
centralautologin 0.00019069412662090009 0.0
centralnotice 0.0002860411899313501 0.0
chaining 0.00019069412662090009 3.6463198396951406
chair 9.534706331045004e-05 3.3586377672433594
challenged 9.534706331045004e-05 1.8004931491968095
change 9.534706331045004e-05 0.0
changes 0.00038138825324180017 0.0
charinsert 9.534706331045004e-05 0.0
charles 0.00019069412662090009 1.5260563034950492
charles_forgy 9.534706331045004e-05 4.74493212836325
charset 9.534706331045004e-05 0.0
checkbox 0.0032418001525553013 0.0
child 9.534706331045004e-05 0.06280090123903044
citation 0.0012395118230358504 0.08149303425118301
citations 0.00019069412662090009 1.2185716037470886
cite 0.002097635392829901 0.0
cite_conference 0.00019069412662090009 2.7990219793079367
cite_note 0.0011441647597254005 0.08149303425118301
cite_ref 0.0013348588863463006 0.08149303425118301
citerefdi_stefano 9.534706331045004e-05 4.74493212836325
citerefgiarratanoriley2005 9.534706331045004e-05 4.74493212836325
citerefgoyaljayasudhapandeydevi2014 9.534706331045004e-05 4.74493212836325
citerefriley2017 9.534706331045004e-05 4.74493212836325
citerefsandeeprakesh2011 9.534706331045004e-05 4.74493212836325
citethispage 9.534706331045004e-05 0.0
class 0.055587337909992374 0.0
classname 0.0002860411899313501 0.0
clear 9.534706331045004e-05 0.11995931507897897
client 0.0005720823798627002 0.0
clips 0.009725400457665904 3.6463198396951406
clips_ 0.0002860411899313501 4.74493212836325
clipseditor 9.534706331045004e-05 4.74493212836325
clipsrules 0.00038138825324180017 4.74493212836325
clisp 0.0002860411899313501 3.1354942159291497
code 0.0005720823798627002 0.035401927050916
codeproject 9.534706331045004e-05 4.74493212836325
coll 0.00038138825324180017 0.0
collapse 0.00019069412662090009 0.21233263520999412
collapsed 0.0002860411899313501 0.0
collapses 9.534706331045004e-05 0.0
collapsible 0.0009534706331045003 0.0
color 0.0009534706331045003 0.017544309650909525
colspan 9.534706331045004e-05 0.14981227822866008
column 0.0002860411899313501 0.09097177820572679
columns 0.0004767353165522502 0.09097177820572679
com 0.0009534706331045003 0.11995931507897897
combines 9.534706331045004e-05 2.1799827709017134
command 0.00019069412662090009 1.2791962255635234
commons 0.0004767353165522502 0.0
community 9.534706331045004e-05 0.0
community_portal 9.534706331045004e-05 0.0
compact 0.00019069412662090009 0.8947845266531914
compactlinks 9.534706331045004e-05 0.0
complete 0.00019069412662090009 1.4127276181880462
complications 9.534706331045004e-05 0.0
concept 9.534706331045004e-05 1.8004931491968095
conditions 9.534706331045004e-05 2.1799827709017134
conference 0.00019069412662090009 0.9607424944449889
config 0.00019069412662090009 0.0
confused 9.534706331045004e-05 1.911718784307034
constraint 0.00019069412662090009 1.911718784307034
constraint_handling_rules 9.534706331045004e-05 4.051784947803305
contact 0.00038138825324180017 0.0
contact_us 0.00019069412662090009 0.0
contactpage 9.534706331045004e-05 0.0
container 0.0014302059496567505 0.0
containing 9.534706331045004e-05 0.0
content 0.006102212051868803 0.0
contentinfo 9.534706331045004e-05 0.0
contents 0.0012395118230358504 0.0
contentsub 9.534706331045004e-05 0.0
context 0.00019069412662090009 0.0
contribute 9.534706331045004e-05 0.0
contributions 9.534706331045004e-05 0.0
contributors 0.00019069412662090009 0.0
controls 0.00019069412662090009 0.0
conversion 9.534706331045004e-05 0.0
cookie 0.0004767353165522502 0.0
cookie_statement 9.534706331045004e-05 0.0
cookiestatement 9.534706331045004e-05 0.0
cool 9.534706331045004e-05 4.051784947803305
copyright 0.0002860411899313501 0.0
copyrightico 9.534706331045004e-05 0.0
corrado 0.00019069412662090009 4.74493212836325
count 0.00019069412662090009 0.0
cpu 9.534706331045004e-05 0.0
cputime 9.534706331045004e-05 0.0
create 0.00038138825324180017 0.0
createaccount 0.00038138825324180017 0.0
created 9.534706331045004e-05 0.44086703515908027
creative 9.534706331045004e-05 0.0
creativecommons 0.00019069412662090009 0.0
cross 9.534706331045004e-05 0.0
crossorigin 9.534706331045004e-05 0.0
cs1 0.0016209000762776506 0.09097177820572679
cs2 0.00019069412662090009 1.8545603704670854
csrftoken 9.534706331045004e-05 0.0
ctx_ver 0.0004767353165522502 0.10054122922187746
current 0.00019069412662090009 0.0
current_events 9.534706331045004e-05 0.0
currentevents 9.534706331045004e-05 0.0
cx 0.00019069412662090009 0.0
d 0.0004767353165522502 0.06280090123903044
d33 0.00019069412662090009 0.09097177820572679
d6 9.534706331045004e-05 0.09097177820572679
d8 0.0009534706331045003 0.7375989431307791
d9 0.00038138825324180017 0.7936884097818228
data 0.0033371472158657514 0.0
date 0.0006674294431731503 0.08149303425118301
datemodified 0.00019069412662090009 0.0
datepublished 0.00019069412662090009 0.0
de 0.00038138825324180017 0.2905848321097423
deals 9.534706331045004e-05 3.3586377672433594
december 0.00019069412662090009 0.0
decimal 9.534706331045004e-05 0.09097177820572679
decision 0.00019069412662090009 2.5477075510270306
decoding 9.534706331045004e-05 0.11020314013361425
deduplicate 0.0004767353165522502 0.017544309650909525
deduplicated 0.00038138825324180017 0.06280090123903044
deffacts 9.534706331045004e-05 4.74493212836325
defining 9.534706331045004e-05 2.1799827709017134
defrule 9.534706331045004e-05 4.74493212836325
deftemplate 9.534706331045004e-05 4.74493212836325
delete 9.534706331045004e-05 0.9162907318741551
depth 0.0002860411899313501 0.0
descendants 0.0007627765064836003 3.6463198396951406
description 9.534706331045004e-05 0.0
desktoparticletarget 0.0002860411899313501 0.0
detection 9.534706331045004e-05 0.0
deutsch 9.534706331045004e-05 0.5254244231871433
developed 9.534706331045004e-05 0.540239508972284
developer 9.534706331045004e-05 0.0
developers 0.00019069412662090009 0.0
development 9.534706331045004e-05 0.38822330167365837
devi 0.00019069412662090009 4.74493212836325
di 0.00019069412662090009 1.8004931491968095
diagnostic 9.534706331045004e-05 4.051784947803305
different 9.534706331045004e-05 0.38822330167365837
dir 0.0004767353165522502 0.0
direction 9.534706331045004e-05 2.953172659135195
disabled 0.0010488176964149505 0.0
disclaimers 0.00019069412662090009 0.0
discuss 9.534706331045004e-05 0.0
discussion 0.00019069412662090009 0.0
display 0.0002860411899313501 0.0
distinct 9.534706331045004e-05 2.26002547857525
distinguish 0.00019069412662090009 2.1058747987479913
distribution 0.00019069412662090009 1.8545603704670854
div 0.017448512585812356 0.0
dmy 9.534706331045004e-05 0.0
dns 0.00019069412662090009 0.0
dobasicsearch 9.534706331045004e-05 1.377636298376776
doctype 9.534706331045004e-05 0.0
document 0.00038138825324180017 0.0
documentation 9.534706331045004e-05 1.2185716037470886
documentelement 0.0002860411899313501 0.0
doi 0.0005720823798627002 0.8131064956389242
doi_ 0.00019069412662090009 0.9162907318741551
doing 9.534706331045004e-05 2.4423470353692043
domain 0.0010488176964149505 1.377636298376776
domain_software_with_source_code 9.534706331045004e-05 4.74493212836325
donate 0.0002860411899313501 0.0
donating 9.534706331045004e-05 0.0
download 0.00038138825324180017 0.0
downloadaspdf 9.534706331045004e-05 0.0
downloads 9.534706331045004e-05 2.5477075510270306
drinking 0.00019069412662090009 4.74493212836325
drools 0.0002860411899313501 4.74493212836325
dropdown 0.002383676582761251 0.0
dutch 9.534706331045004e-05 1.3437347467010947
dwes 9.534706331045004e-05 4.74493212836325
e 0.00019069412662090009 0.0
ea7830c8 9.534706331045004e-05 4.74493212836325
echo 9.534706331045004e-05 0.0
edit 0.002955758962623951 0.0
editable 9.534706331045004e-05 0.0
edited 9.534706331045004e-05 0.0
editing 9.534706331045004e-05 0.0
editor 0.0002860411899313501 0.0
editors 0.00019069412662090009 0.0
editpage 9.534706331045004e-05 0.0
edits 0.00019069412662090009 0.0
editsection 0.0014302059496567505 0.0
edituri 9.534706331045004e-05 0.0
element 0.0006674294431731503 0.0
ellipsis 0.00019069412662090009 0.0
elt 0.00038138825324180017 0.0
empty 0.0004767353165522502 0.0
emptyportlet 0.00019069412662090009 0.0
en 0.0027650648360030513 0.0
enabled 0.0010488176964149505 0.0
encouraged 0.00038138825324180017 0.0
encyclopedia 0.00019069412662090009 0.0
end 9.534706331045004e-05 0.0
engine 0.0004767353165522502 1.2185716037470886
engineering 0.00019069412662090009 1.3109449238781037
english 0.0002860411899313501 0.0
enhancements 9.534706331045004e-05 0.0721032939013439
entities 9.534706331045004e-05 0.0
entity 0.00038138825324180017 0.0
entityaccesscount 9.534706331045004e-05 0.0
entitypage 0.00019069412662090009 0.0
environment 9.534706331045004e-05 0.7375989431307791
enwiki 9.534706331045004e-05 0.0
enwikimwclientprefs 9.534706331045004e-05 0.0
eresye 0.00019069412662090009 4.74493212836325
erlang 0.0002860411899313501 1.8545603704670854
error 0.00019069412662090009 0.09097177820572679
es 0.00038138825324180017 0.6844891178168307
es6 9.534706331045004e-05 0.0
esi 0.00019069412662090009 0.0
esitest 9.534706331045004e-05 0.0
español 9.534706331045004e-05 0.7195804376281008
estonia 0.00019069412662090009 4.74493212836325
event 0.0009534706331045003 0.0
eventlogging 0.00019069412662090009 0.0
events 0.00019069412662090009 0.0
exact 9.534706331045004e-05 0.0
existing 9.534706331045004e-05 1.486835590341768
exists 9.534706331045004e-05 0.0
expand 0.0002860411899313501 0.0
expanded 0.0004767353165522502 0.008733679968754631
expansion 0.00019069412662090009 0.0
expansiondepth 9.534706331045004e-05 0.0
expensive 9.534706331045004e-05 0.0
expensivefunctioncount 9.534706331045004e-05 0.0
expert 0.0016209000762776506 2.5477075510270306
expert_systems 0.0002860411899313501 4.74493212836325
expiry 0.00019069412662090009 0.0
export 9.534706331045004e-05 0.0
ext 0.002669717772692601 0.0
extensions 9.534706331045004e-05 0.8131064956389242
external 0.0019069412662090007 0.0
external_links 0.00038138825324180017 0.19105523676270922
extra 9.534706331045004e-05 0.0
f 0.0014302059496567505 0.0
f28500 9.534706331045004e-05 1.0072625100798818
fa8a495983347898 9.534706331045004e-05 0.0
fact 0.0004767353165522502 1.1340142157190256
facts 0.0012395118230358504 2.953172659135195
facts_and_rules 0.00038138825324180017 4.74493212836325
fallbacksearchbutton 9.534706331045004e-05 0.0
false 0.0011441647597254005 0.0
faulty 0.00019069412662090009 4.74493212836325
favicon 9.534706331045004e-05 0.0
fbfbfb 9.534706331045004e-05 1.0072625100798818
fc3 9.534706331045004e-05 1.0072625100798818
feature 0.002002288329519451 0.0
featurename 0.0002860411899313501 0.0
february 9.534706331045004e-05 0.0
fee7e6 9.534706331045004e-05 1.0072625100798818
feed 0.00019069412662090009 0.0
file 0.0005720823798627002 0.0
file_upload_wizard 0.00019069412662090009 0.0
files 9.534706331045004e-05 0.0
find 9.534706331045004e-05 0.6177977433181585
find_sources_mainspace 0.00019069412662090009 2.7990219793079367
fired 9.534706331045004e-05 4.051784947803305
first 0.00038138825324180017 0.0
firstheading 0.0002860411899313501 0.0
float 9.534706331045004e-05 0.06280090123903044
flush 0.0004767353165522502 0.0
focus 9.534706331045004e-05 2.5477075510270306
font 0.0009534706331045003 0.017544309650909525
footer 0.002479023646071701 0.0
for 0.002860411899313501 0.0
forgy 0.00019069412662090009 4.74493212836325
form 0.0002860411899313501 0.0
format 0.0002860411899313501 0.0
forward 0.00019069412662090009 2.26002547857525
forward_chaining 9.534706331045004e-05 4.051784947803305
foundation 0.0008581235697940503 0.0
founder 9.534706331045004e-05 2.7990219793079367
fr 0.00038138825324180017 0.6177977433181585
francesc 0.00019069412662090009 4.74493212836325
français 9.534706331045004e-05 0.6844891178168307
free 0.0005720823798627002 0.0
freely 9.534706331045004e-05 1.1895840668738364
french 9.534706331045004e-05 0.6673946844575306
from 0.0010488176964149505 0.0
full 0.00019069412662090009 0.044451762570833796
fulltext 9.534706331045004e-05 0.0
function 0.0005720823798627002 0.0
fundraiserredirector 9.534706331045004e-05 0.0
fuzzyclips 0.0002860411899313501 4.74493212836325
g 0.00019069412662090009 0.0
gadget 0.00038138825324180017 0.0
galego 9.534706331045004e-05 1.9723434061234688
galician 9.534706331045004e-05 1.9723434061234688
gangemi 0.00019069412662090009 4.74493212836325
gary 0.00038138825324180017 2.953172659135195
gehomepagesuggestededitsenabletopics 9.534706331045004e-05 0.0
general_disclaimer 9.534706331045004e-05 0.0
generator 9.534706331045004e-05 0.0
genre 0.0004767353165522502 0.10054122922187746
geoip 9.534706331045004e-05 0.0
german 9.534706331045004e-05 0.5108256237659907
giarratano 0.0004767353165522502 4.74493212836325
giarratano_2 0.00038138825324180017 4.74493212836325
github 9.534706331045004e-05 1.0560526742493137
given 9.534706331045004e-05 1.4127276181880462
gl 0.00038138825324180017 1.911718784307034
globalcssjs 0.00019069412662090009 0.0
go 0.00038138825324180017 0.0
google 0.0004767353165522502 0.540239508972284
googpub 0.00019069412662090009 0.0
goyal 0.00019069412662090009 4.74493212836325
gray 9.534706331045004e-05 0.09097177820572679
greek 0.00019069412662090009 0.09097177820572679
green 9.534706331045004e-05 0.09097177820572679
grew 9.534706331045004e-05 2.4423470353692043
group 0.0004767353165522502 0.0
grown 9.534706331045004e-05 4.051784947803305
growthexperiments 9.534706331045004e-05 0.0
gscholar 9.534706331045004e-05 4.74493212836325
gt 0.0007627765064836003 0.8531118302526235
guidance 9.534706331045004e-05 0.0
guide 0.00019069412662090009 1.1340142157190256
guides 9.534706331045004e-05 0.0
h 0.00019069412662090009 0.0
h1 0.00019069412662090009 0.0
h2 0.0011441647597254005 0.0
hack 0.0005720823798627002 0.0
handling 0.00019069412662090009 1.377636298376776
has 0.00019069412662090009 0.0
haspopup 0.0004767353165522502 0.0
hatnote 0.0005720823798627002 1.0560526742493137
have 0.00019069412662090009 0.6340582641899388
having 9.534706331045004e-05 1.749199854809259
head 0.0002860411899313501 0.0
header 0.002479023646071701 0.0
heading 0.0021929824561403508 0.0
headlights 0.0002860411899313501 4.74493212836325
headline 0.0006674294431731503 0.0
height 0.0010488176964149505 0.0
help 0.0011441647597254005 0.0
here 9.534706331045004e-05 0.0
hidden 0.0013348588863463006 0.0
hide 0.00038138825324180017 0.0
highest 9.534706331045004e-05 0.0
highlight 0.00038138825324180017 0.6177977433181585
history 0.0006674294431731503 0.0
hor 0.00019069412662090009 0.0
hosted 9.534706331045004e-05 0.0
how 0.0005720823798627002 0.0
however 0.00038138825324180017 0.0
href 0.016209000762776506 0.0
hreflang 0.0013348588863463006 0.11020314013361425
htm 9.534706331045004e-05 1.2484245668967697
html 0.0004767353165522502 0.0
http 0.0009534706331045003 0.0
https 0.004004576659038902 0.0
hub 9.534706331045004e-05 0.0
i 0.002574370709382151 0.008733679968754631
ico 9.534706331045004e-05 0.0
icon 0.0033371472158657514 0.0
icons 0.00038138825324180017 0.0
id 0.014302059496567507 0.0
identifier 0.0007627765064836003 0.42744401482693967
idhash 9.534706331045004e-05 0.0
if 0.00019069412662090009 0.0
ignition_key 0.00038138825324180017 4.74493212836325
image 0.0006674294431731503 0.0
imageobject 0.00019069412662090009 0.0
imageright 9.534706331045004e-05 0.8329091229351039
images 0.0011441647597254005 0.0
img 0.0006674294431731503 0.0
implement 9.534706331045004e-05 0.0
important 9.534706331045004e-05 0.7018808605286999
improve 9.534706331045004e-05 0.9382696385929302
improvements 9.534706331045004e-05 0.0
in 0.002669717772692601 0.0
inc 0.0002860411899313501 0.0
include 0.0002860411899313501 0.0
incorporates 9.534706331045004e-05 3.6463198396951406
index 0.002669717772692601 0.0
indicators 9.534706331045004e-05 0.0
inference 9.534706331045004e-05 1.9723434061234688
influenced 9.534706331045004e-05 0.454472687214859
info 0.0016209000762776506 0.0
infobox 0.002002288329519451 0.21233263520999412
infobox_programming_language 0.00019069412662090009 0.37548427589622857
information 0.0005720823798627002 0.0
inherit 0.0005720823798627002 0.035401927050916
init 0.0002860411899313501 0.0
initial 0.00019069412662090009 1.377636298376776
inline 0.00038138825324180017 0.035401927050916
inner 0.00019069412662090009 0.0
input 0.0011441647597254005 0.0
inside 0.00019069412662090009 0.0721032939013439
inspired 0.00019069412662090009 1.749199854809259
integrated 9.534706331045004e-05 1.0560526742493137
intelligence 0.00019069412662090009 1.911718784307034
interaction 0.0002860411899313501 0.0
interface 0.00019069412662090009 0.0
interlanguage 0.003146453089244851 0.0
international 0.00019069412662090009 0.9607424944449889
interwiki 0.0013348588863463006 0.11020314013361425
into 0.00019069412662090009 0.48225225132193467
introduction 0.0002860411899313501 0.0
ip 0.00019069412662090009 0.0
is 0.0009534706331045003 0.0
isbn 0.0005720823798627002 0.6673946844575306
isbn_ 0.00019069412662090009 0.6673946844575306
issue 0.00019069412662090009 0.8947845266531914
it 0.0010488176964149505 0.0
italian 9.534706331045004e-05 0.7559480817989758
italiano 9.534706331045004e-05 0.7746402148111283
italic 9.534706331045004e-05 0.5705448584676129
item 0.006769641495041953 0.0
items 9.534706331045004e-05 0.0
its 0.0002860411899313501 0.25629575863111026
itself 9.534706331045004e-05 1.2185716037470886
j 0.00019069412662090009 0.0
ja 0.00038138825324180017 0.9162907318741551
january 9.534706331045004e-05 0.0
japanese 9.534706331045004e-05 0.9162907318741551
java 0.0002860411899313501 0.8947845266531914
java_ 9.534706331045004e-05 1.1073459686368643
jayasudha 0.00019069412662090009 4.74493212836325
jess 0.0002860411899313501 4.74493212836325
jess_ 9.534706331045004e-05 4.74493212836325
johnson 0.00019069412662090009 2.953172659135195
johnson_space_center 9.534706331045004e-05 4.74493212836325
joseph 0.00019069412662090009 2.3470368555648795
jquery 9.534706331045004e-05 0.0
js 0.0002860411899313501 0.0
json 0.00019069412662090009 0.0
jstor 0.00019069412662090009 1.377636298376776
jtitle 0.00019069412662090009 0.3260915205666521
july 0.00019069412662090009 0.0
jump 0.00019069412662090009 0.0
june 9.534706331045004e-05 0.0
k 0.0005720823798627002 0.0
kern 0.00019069412662090009 0.09097177820572679
key 9.534706331045004e-05 0.0
knowledge 0.0004767353165522502 1.7004096906398272
knowledge_representation_languages 9.534706331045004e-05 4.74493212836325
label 0.004767353165522502 0.0
labelledby 9.534706331045004e-05 0.0
lakshmi 0.00019069412662090009 4.74493212836325
landmark 0.00038138825324180017 0.0
lang 0.002860411899313501 0.0
langage 0.00019069412662090009 1.8004931491968095
langlinks 0.00019069412662090009 0.0
language 0.002383676582761251 0.0
languages 0.0010488176964149505 0.0
last 9.534706331045004e-05 0.0
lastmod 9.534706331045004e-05 0.0
later 9.534706331045004e-05 0.8531118302526235
lazy 0.00019069412662090009 0.0
ld 0.00019069412662090009 0.0
lead 9.534706331045004e-05 2.3470368555648795
learn 0.0005720823798627002 0.0
left 0.0016209000762776506 0.0
level 0.0005720823798627002 0.0
levels 9.534706331045004e-05 0.0
li 0.016685736079328755 0.0
license 0.00038138825324180017 0.0
licenses 0.00019069412662090009 0.0
like 9.534706331045004e-05 0.41419878807691896
limit 0.0010488176964149505 0.0
limited 0.0005720823798627002 0.0
limitreport 0.0002860411899313501 0.0
line 9.534706331045004e-05 0.10054122922187746
link 0.0061975591151792525 0.0
linked 9.534706331045004e-05 0.0
links 0.0018115942028985507 0.0
lisp 0.00038138825324180017 1.2185716037470886
lisp_ 9.534706331045004e-05 1.3437347467010947
list 0.008771929824561403 0.0
listbullet 0.0002860411899313501 0.0
listed 9.534706331045004e-05 2.665490586683414
load 0.0002860411899313501 0.0
loaded 9.534706331045004e-05 0.0
loader 9.534706331045004e-05 0.0
loading 0.0002860411899313501 0.0
loc 9.534706331045004e-05 0.0
lock 0.0011441647597254005 0.09097177820572679
log 0.0006674294431731503 0.0
logged 0.00019069412662090009 0.0
logical 9.534706331045004e-05 1.911718784307034
login 0.0004767353165522502 0.0
logo 0.0007627765064836003 0.0
lower 0.0005720823798627002 0.09097177820572679
lt 0.00019069412662090009 0.9382696385929302
ltr 0.0010488176964149505 0.0
lua 0.00019069412662090009 0.008733679968754631
m 0.0005720823798627002 0.0
macedonian 9.534706331045004e-05 3.3586377672433594
machine 9.534706331045004e-05 0.6340582641899388
made 9.534706331045004e-05 0.0
main 0.002383676582761251 0.0
main_page 0.00019069412662090009 0.0
mainentity 0.00019069412662090009 0.0
mainpage 9.534706331045004e-05 0.0
maint 9.534706331045004e-05 0.09097177820572679
maintenance 9.534706331045004e-05 0.9382696385929302
maintenance_template_removal 9.534706331045004e-05 1.0813704822336037
make 9.534706331045004e-05 1.2484245668967697
man 9.534706331045004e-05 2.3470368555648795
mandatory 0.00038138825324180017 0.0
manual 0.00019069412662090009 1.1340142157190256
march 9.534706331045004e-05 0.0
margin 0.0012395118230358504 0.017544309650909525
marriage 9.534706331045004e-05 4.051784947803305
match 9.534706331045004e-05 0.0
material 0.00019069412662090009 1.486835590341768
max 0.00019069412662090009 0.0
may 0.0002860411899313501 0.0
mbox 0.0010488176964149505 1.0072625100798818
media 0.0002860411899313501 0.0
mediawiki 0.0009534706331045003 0.0
memory 9.534706331045004e-05 0.008733679968754631
memusage 9.534706331045004e-05 0.008733679968754631
menu 0.009439359267734555 0.0
message 0.0002860411899313501 0.0
met 9.534706331045004e-05 2.665490586683414
meta 0.0012395118230358504 0.0
metadata 9.534706331045004e-05 0.6017974019717174
mi 0.0004767353165522502 1.0813704822336037
mid 9.534706331045004e-05 2.3470368555648795
min 0.00019069412662090009 0.12981161152199053
minerva 0.0007627765064836003 0.13976194237515863
mk 0.00038138825324180017 3.3586377672433594
mmv 0.00019069412662090009 0.11020314013361425
mobile 0.0002860411899313501 0.0
mobileaction 9.534706331045004e-05 0.0
mobileview 9.534706331045004e-05 0.0
module 9.534706331045004e-05 0.0
modules 0.0002860411899313501 0.0
more 0.0013348588863463006 0.0
more_citations_needed 9.534706331045004e-05 2.03688192726104
most 9.534706331045004e-05 0.6340582641899388
move 0.00019069412662090009 0.0
moved 9.534706331045004e-05 0.0
ms 9.534706331045004e-05 0.0
mw 0.028604118993135013 0.0
mw1405 9.534706331045004e-05 3.3586377672433594
mw1431 0.00019069412662090009 3.6463198396951406
mycontributions 9.534706331045004e-05 0.0
mytalk 9.534706331045004e-05 0.0
n 0.0013348588863463006 0.0
nail 9.534706331045004e-05 4.74493212836325
name 0.004672006102212052 0.0
namespaces 9.534706331045004e-05 0.0
nasa 0.0004767353165522502 3.6463198396951406
nav 0.0013348588863463006 0.0
navbar 9.534706331045004e-05 0.06280090123903044
navigation 0.0011441647597254005 0.0
navigationtiming 9.534706331045004e-05 0.0
nb 0.00019069412662090009 0.8531118302526235
nearby 9.534706331045004e-05 0.0
nederlands 9.534706331045004e-05 1.4127276181880462
needing 0.0005720823798627002 1.5260563034950492
needs 9.534706331045004e-05 1.0813704822336037
net 0.0005720823798627002 0.7195804376281008
networks 0.00019069412662090009 3.1354942159291497
new 0.0006674294431731503 0.14981227822866008
newpp 9.534706331045004e-05 0.0
news 0.00019069412662090009 0.5552773863368246
newspapers 9.534706331045004e-05 1.377636298376776
nl 0.00038138825324180017 1.16141318990714
no 0.0006674294431731503 0.0
node 9.534706331045004e-05 0.0
nofollow 0.0016209000762776506 0.0
noicon 0.0004767353165522502 0.0
nojs 9.534706331045004e-05 0.0
non 9.534706331045004e-05 0.0
none 0.0011441647597254005 0.0
noprint 0.0002860411899313501 0.0
normal 0.0002860411899313501 0.0
noscript 0.00038138825324180017 0.0
nosnippet 9.534706331045004e-05 0.0
not 0.0005720823798627002 0.0
note 9.534706331045004e-05 0.6340582641899388
notice 9.534706331045004e-05 0.0
nov 9.534706331045004e-05 3.3586377672433594
november 9.534706331045004e-05 0.0
novikovag 9.534706331045004e-05 4.74493212836325
nowrap 9.534706331045004e-05 0.05358424613410626
ns 0.00019069412662090009 0.0
nstab 9.534706331045004e-05 0.0
null 9.534706331045004e-05 0.0
numb 0.0004767353165522502 0.0
number 9.534706331045004e-05 0.0
nv 0.012585812356979404 0.3141153295199365
nws 9.534706331045004e-05 1.377636298376776
o 0.00038138825324180017 0.0
object 0.0004767353165522502 0.5254244231871433
october 9.534706331045004e-05 0.0
of 0.0030511060259344014 0.0
official 0.00019069412662090009 0.8737311174553593
official_website 0.00019069412662090009 3.6463198396951406
og 0.00019069412662090009 0.0
ol 0.0002860411899313501 0.035401927050916
oldid 0.0002860411899313501 0.0
on 0.0013348588863463006 0.0
only 0.00038138825324180017 0.0
openl 0.00019069412662090009 4.74493212836325
openl_tablets 9.534706331045004e-05 4.74493212836325
opensearch_desc 9.534706331045004e-05 0.0
opensearchdescription 9.534706331045004e-05 0.0
openview 9.534706331045004e-05 4.74493212836325
ops5 0.0002860411899313501 4.051784947803305
options 0.0004767353165522502 0.0
or 0.00019069412662090009 0.0
org 0.006578947368421052 0.0
organization 0.0004767353165522502 0.0
oriented 0.0002860411899313501 0.6505875661411494
oriented_programming 9.534706331045004e-05 1.0313600616589422
origin 0.0004767353165522502 0.0
original 9.534706331045004e-05 0.3022808718729337
originally 9.534706331045004e-05 0.9607424944449889
origsite 0.00019069412662090009 4.74493212836325
other 0.00019069412662090009 0.0
out 0.00019069412662090009 0.0
output 0.0064836003051106025 0.0
overflow 0.0002860411899313501 0.0
own 9.534706331045004e-05 1.2791962255635234
p 0.014302059496567507 0.0
padding 0.0008581235697940503 0.017544309650909525
page 0.0043859649122807015 0.0
pagelanguagecode 9.534706331045004e-05 0.0
pagelanguagedir 9.534706331045004e-05 0.0
pageprop 9.534706331045004e-05 0.27902400970866637
pages 0.0009534706331045003 0.0
pagevariantfallbacks 9.534706331045004e-05 0.0
pandey 0.00019069412662090009 4.74493212836325
panel 0.00038138825324180017 0.0
paradigm 0.00019069412662090009 0.5705448584676129
paradigms 9.534706331045004e-05 1.8004931491968095
parsed 9.534706331045004e-05 0.0
parser 0.006674294431731503 0.0
past 9.534706331045004e-05 0.0
patroltoken 9.534706331045004e-05 0.0
pcache 9.534706331045004e-05 0.0
pdf 0.0004767353165522502 0.0
permalink 9.534706331045004e-05 0.0
permanent 0.00019069412662090009 0.0
personal 0.0004767353165522502 0.0
photogrammetry 0.00019069412662090009 4.74493212836325
php 0.002955758962623951 0.0
pin 0.00019069412662090009 0.0
pinnable 0.0011441647597254005 0.0
pinned 0.0009534706331045003 0.0
pl 0.00038138825324180017 0.9162907318741551
place 0.00019069412662090009 0.8737311174553593
placeholder 9.534706331045004e-05 0.0
places 0.0008581235697940503 0.0
plainlinks 0.00019069412662090009 0.20163734609324613
please 9.534706331045004e-05 0.9837320126696876
png 0.0012395118230358504 0.0
policy 0.00019069412662090009 0.0
polish 9.534706331045004e-05 0.9837320126696876
polski 9.534706331045004e-05 1.0560526742493137
popups 9.534706331045004e-05 0.0
portal 0.0002860411899313501 0.0
portion 9.534706331045004e-05 3.3586377672433594
portlet 0.002574370709382151 0.0
position 9.534706331045004e-05 0.0
post 0.00019069412662090009 0.0
postexpandincludesize 9.534706331045004e-05 0.0
powered 9.534706331045004e-05 0.0
poweredby_mediawiki_132x47 9.534706331045004e-05 0.0
poweredby_mediawiki_176x62 9.534706331045004e-05 0.0
poweredby_mediawiki_88x31 9.534706331045004e-05 0.0
poweredbyico 9.534706331045004e-05 0.0
pp 9.534706331045004e-05 0.9382696385929302
ppvisitednodes 9.534706331045004e-05 0.0
pq 9.534706331045004e-05 4.74493212836325
pre 0.00038138825324180017 0.40112670650956617
preconnect 9.534706331045004e-05 0.11020314013361425
prefetch 0.00019069412662090009 0.0
preprocessor 9.534706331045004e-05 0.0
presentation 9.534706331045004e-05 0.6177977433181585
preview 9.534706331045004e-05 0.0
principles 0.00019069412662090009 2.26002547857525
print 0.00019069412662090009 0.0
print_export 0.0002860411899313501 0.0
printable 0.0002860411899313501 0.0
printfooter 9.534706331045004e-05 0.0
priority 9.534706331045004e-05 3.6463198396951406
privacy 0.0002860411899313501 0.0
privacy_policy 0.00019069412662090009 0.0
probably 9.534706331045004e-05 2.4423470353692043
procedural 9.534706331045004e-05 1.0813704822336037
proceedings 9.534706331045004e-05 1.2484245668967697
product 0.00019069412662090009 1.4127276181880462
production 9.534706331045004e-05 2.5477075510270306
profit 9.534706331045004e-05 0.0
programming 0.0017162471395881006 0.0
programming_language 0.0006674294431731503 0.08149303425118301
programming_paradigm 9.534706331045004e-05 0.5860490450035782
programs 0.00019069412662090009 0.6340582641899388
progressive 0.0002860411899313501 0.0
project 0.00019069412662090009 0.7936884097818228
projects 0.00019069412662090009 0.0
property 0.0002860411899313501 0.0
proquest 0.00019069412662090009 4.051784947803305
protection 9.534706331045004e-05 0.9162907318741551
proving 9.534706331045004e-05 3.6463198396951406
pt 0.0005720823798627002 0.0
pub 0.00019069412662090009 0.41419878807691896
public 0.0007627765064836003 0.9162907318741551
public_domain_software 9.534706331045004e-05 4.051784947803305
publication 9.534706331045004e-05 2.26002547857525
publisher 0.00019069412662090009 0.0
push 0.0002860411899313501 0.0
pygments 0.00019069412662090009 0.6177977433181585
q 0.0007627765064836003 0.0
q165372 0.0006674294431731503 4.74493212836325
query 9.534706331045004e-05 1.0813704822336037
question_book 0.0006674294431731503 1.3437347467010947
quick 9.534706331045004e-05 0.0
quiet 0.0005720823798627002 0.0
quot 0.00019069412662090009 0.9837320126696876
quotes 9.534706331045004e-05 0.09097177820572679
r 0.0005720823798627002 0.0
r1011085734 9.534706331045004e-05 0.09097177820572679
r1033289096 9.534706331045004e-05 1.0560526742493137
r1066479718 9.534706331045004e-05 0.21233263520999412
r1097763485 9.534706331045004e-05 1.0072625100798818
r1133582631 0.0004767353165522502 0.09097177820572679
rakesh 0.00019069412662090009 4.74493212836325
random 0.00019069412662090009 0.0
randomly 9.534706331045004e-05 0.0
randompage 9.534706331045004e-05 0.0
raw 9.534706331045004e-05 0.0
re 0.00019069412662090009 0.0
read 0.0002860411899313501 0.0
ready 0.0017162471395881006 0.0
real 9.534706331045004e-05 0.0
rebecca 0.00019069412662090009 4.74493212836325
recent 0.0002860411899313501 0.0
recentchanges 0.0002860411899313501 0.0
recentchangeslinked 0.00019069412662090009 0.0
recursion 9.534706331045004e-05 0.0
red 9.534706331045004e-05 0.09097177820572679
redirect 0.0009534706331045003 0.008733679968754631
redirected 9.534706331045004e-05 1.749199854809259
redirectedfrom 9.534706331045004e-05 2.03688192726104
reduced 9.534706331045004e-05 0.0
reference 0.0014302059496567505 0.035401927050916
references 0.0015255530129672007 0.008733679968754631
referencetooltips 9.534706331045004e-05 0.0
referencing 9.534706331045004e-05 1.8004931491968095
referencing_for_beginners 9.534706331045004e-05 1.911718784307034
referrer 0.0002860411899313501 0.0
refimprove 0.0002860411899313501 1.911718784307034
reflist 0.0014302059496567505 0.09097177820572679
registered 9.534706331045004e-05 0.0
registration 0.00019069412662090009 0.08149303425118301
rel 0.0036231884057971015 0.0
related 0.00019069412662090009 0.0
relevancy 9.534706331045004e-05 4.74493212836325
reliable 9.534706331045004e-05 0.8947845266531914
remote 0.00019069412662090009 2.1799827709017134
removal 9.534706331045004e-05 1.0313600616589422
remove 9.534706331045004e-05 0.9382696385929302
removed 9.534706331045004e-05 1.3109449238781037
rendering 9.534706331045004e-05 0.0
repeat 0.00038138825324180017 0.0721032939013439
replace 9.534706331045004e-05 0.0
report 0.00019069412662090009 0.0
representation 0.0002860411899313501 1.8545603704670854
require 9.534706331045004e-05 0.0
researchgate 9.534706331045004e-05 3.3586377672433594
resembles 9.534706331045004e-05 2.3470368555648795
reset 0.00019069412662090009 0.26759531388504365
resourceloaderdynamicstyles 9.534706331045004e-05 0.0
responsibilities 9.534706331045004e-05 4.051784947803305
result 9.534706331045004e-05 0.9837320126696876
retract 0.00019069412662090009 4.74493212836325
retrieved 0.00019069412662090009 0.0
returnto 0.00038138825324180017 0.0
revision 0.0002860411899313501 0.0
revisions 9.534706331045004e-05 0.0
rewritten 9.534706331045004e-05 2.1799827709017134
rfr_id 0.0004767353165522502 0.10054122922187746
rft 0.004672006102212052 0.10054122922187746
rft_id 0.00038138825324180017 0.11020314013361425
rft_val_fmt 0.0004767353165522502 0.10054122922187746
rgba 9.534706331045004e-05 0.09097177820572679
right 0.0008581235697940503 0.0
riley 0.00038138825324180017 3.6463198396951406
rl 9.534706331045004e-05 0.0
rlconf 9.534706331045004e-05 0.0
rlpagemodules 9.534706331045004e-05 0.0
rlq 0.0005720823798627002 0.0
rlstate 9.534706331045004e-05 0.0
ro 0.00038138825324180017 1.5260563034950492
robots 9.534706331045004e-05 0.0
role 0.0015255530129672007 0.0
roman 0.00038138825324180017 0.09097177820572679
romanian 9.534706331045004e-05 1.5260563034950492
română 9.534706331045004e-05 1.5260563034950492
rootpage 9.534706331045004e-05 0.0
row 0.0002860411899313501 0.12981161152199053
rsd 0.00019069412662090009 0.0
ru 0.00038138825324180017 0.6505875661411494
rule 0.00038138825324180017 1.486835590341768
rule1 0.0002860411899313501 4.74493212836325
rules 0.0007627765064836003 1.8545603704670854
run 0.0002860411899313501 0.7018808605286999
russian 9.534706331045004e-05 0.6505875661411494
s 0.0006674294431731503 0.0
sa 0.00019069412662090009 0.0
salience 9.534706331045004e-05 4.74493212836325
sameas 0.00019069412662090009 0.0
sandeep 0.00019069412662090009 4.74493212836325
santoro 0.00019069412662090009 4.051784947803305
sarma 0.00019069412662090009 4.74493212836325
satellite 0.00019069412662090009 4.051784947803305
saved 9.534706331045004e-05 0.0
schema 0.00019069412662090009 0.0
scholar 0.0002860411899313501 1.3109449238781037
science 0.00019069412662090009 0.3504829736908114
sciences 0.00019069412662090009 2.1799827709017134
scope 0.0002860411899313501 0.11995931507897897
screen 0.00019069412662090009 0.0
scribunto 9.534706331045004e-05 0.008733679968754631
script 0.0013348588863463006 0.0
scripts 9.534706331045004e-05 0.0
search 0.0030511060259344014 0.0
searchable 9.534706331045004e-05 1.0560526742493137
searchbutton 0.00038138825324180017 0.0
searchform 9.534706331045004e-05 0.0
searchinput 9.534706331045004e-05 0.0
seconds 0.0002860411899313501 0.0
section 0.0009534706331045003 0.0
see 0.0002860411899313501 0.44086703515908027
see_also 0.00038138825324180017 0.6340582641899388
selected 0.00038138825324180017 0.0
selection 0.00019069412662090009 2.26002547857525
selector 9.534706331045004e-05 0.0
selflink 9.534706331045004e-05 0.08149303425118301
sensing 0.00019069412662090009 4.74493212836325
sentences 9.534706331045004e-05 0.0
september 0.0004767353165522502 0.0
set 0.00038138825324180017 0.0
sha1 9.534706331045004e-05 0.10054122922187746
sharealike 9.534706331045004e-05 0.0
sharealike_3 9.534706331045004e-05 0.0
shell 9.534706331045004e-05 1.4127276181880462
show 0.00038138825324180017 0.0
shown 9.534706331045004e-05 1.7004096906398272
sidebar 0.0010488176964149505 0.0
sigplan 0.0002860411899313501 1.8004931491968095
siliconvalleyone 9.534706331045004e-05 4.74493212836325
simplesearch 9.534706331045004e-05 0.0
site 0.0004767353165522502 0.0
sitedir 9.534706331045004e-05 0.0
sitelinks 9.534706331045004e-05 0.0
sitenotice 0.00019069412662090009 0.0
sitesub 9.534706331045004e-05 0.0
sitesupport 9.534706331045004e-05 0.0
size 0.0009534706331045003 0.0
sizing 9.534706331045004e-05 0.25629575863111026
skin 0.0013348588863463006 0.0
skins 0.0005720823798627002 0.0
slot 0.00019069412662090009 3.6463198396951406
small 0.0004767353165522502 0.0721032939013439
so 9.534706331045004e-05 0.8329091229351039
software 0.0006674294431731503 0.08149303425118301
solid 0.0007627765064836003 0.2340726218464
source 0.0002860411899313501 0.49643688631389105
sourceforge 0.00019069412662090009 2.3470368555648795
sources 0.00019069412662090009 0.6177977433181585
space 0.00019069412662090009 0.11995931507897897
span 0.07036613272311212 0.0
spanish 9.534706331045004e-05 0.7195804376281008
spatial 0.00019069412662090009 4.051784947803305
special 0.002479023646071701 0.0
specialpages 0.00019069412662090009 0.0
specific 0.0002860411899313501 0.9837320126696876
specific_programming_languages 9.534706331045004e-05 2.953172659135195
speedy 9.534706331045004e-05 1.0072625100798818
src 0.0008581235697940503 0.0
srcset 0.0002860411899313501 0.0
standard 9.534706331045004e-05 0.0
start 0.00019069412662090009 0.0
starter 0.00019069412662090009 4.051784947803305
starting 9.534706331045004e-05 2.03688192726104
startup 0.00019069412662090009 0.0
statement 9.534706331045004e-05 0.0
static 0.0012395118230358504 0.0
statistics 9.534706331045004e-05 0.0
stats 9.534706331045004e-05 0.0
statslink 9.534706331045004e-05 0.0
status 0.0014302059496567505 0.0
stefano 0.00019069412662090009 4.74493212836325
sticky 0.00019069412662090009 0.0
stopmobileredirecttoggle 9.534706331045004e-05 0.0
structured 9.534706331045004e-05 0.0
style 0.0030511060259344014 0.0
styles 0.0009534706331045003 0.0
stylesheet 0.00019069412662090009 0.0
subbox 9.534706331045004e-05 0.21233263520999412
subheader 9.534706331045004e-05 0.21233263520999412
subject 9.534706331045004e-05 0.0
sublist 0.0004767353165522502 0.0
submit 0.00019069412662090009 0.0
subscription 0.00019069412662090009 0.09097177820572679
subtitle 9.534706331045004e-05 0.0
suggestededitsession 9.534706331045004e-05 0.0
summary 9.534706331045004e-05 0.19105523676270922
sup 0.002097635392829901 0.0721032939013439
support 0.0002860411899313501 0.0
sv 0.00038138825324180017 1.486835590341768
svenska 9.534706331045004e-05 1.486835590341768
svg 0.0012395118230358504 0.0
swedish 9.534706331045004e-05 1.3437347467010947
switcher 9.534706331045004e-05 0.0
syntax 0.00019069412662090009 0.540239508972284
system 0.0011441647597254005 0.11020314013361425
systems 0.0011441647597254005 0.454472687214859
t 0.0012395118230358504 0.0
tab 0.0004767353165522502 0.0
tabindex 0.00019069412662090009 0.0
table 0.0008581235697940503 0.0
tablets 0.00019069412662090009 3.6463198396951406
tabs 0.00019069412662090009 0.0
tagline 0.0002860411899313501 0.0
tags 9.534706331045004e-05 0.0
talk 0.00038138825324180017 0.0
tallinn 0.00019069412662090009 4.74493212836325
target 0.0015255530129672007 0.0
targetloader 9.534706331045004e-05 0.0
tb 0.0002860411899313501 0.0
tbm 0.00019069412662090009 1.377636298376776
tbody 0.00038138825324180017 0.044451762570833796
tbs 0.0002860411899313501 1.377636298376776
td 0.0011441647597254005 0.044451762570833796
technology 9.534706331045004e-05 0.7195804376281008
telephone 9.534706331045004e-05 0.0
template 0.002097635392829901 0.0
templateargumentsize 9.534706331045004e-05 0.0
templatestyles 0.0008581235697940503 0.017544309650909525
terms 0.00019069412662090009 0.0
terms_of_use 9.534706331045004e-05 0.0
text 0.0037185354691075517 0.0
text_of_the_creative_commons_attribution 9.534706331045004e-05 0.0
th 0.0005720823798627002 0.11995931507897897
that 0.0002860411899313501 0.18058393689541388
the 0.0040999237223493515 0.0
them 9.534706331045004e-05 0.9837320126696876
then 0.00019069412662090009 0.6017974019717174
theorem 9.534706331045004e-05 2.953172659135195
this 0.002288329519450801 0.0
thomson 0.00019069412662090009 3.3586377672433594
three 9.534706331045004e-05 1.16141318990714
thumb 0.0002860411899313501 0.12981161152199053
thumbnail 9.534706331045004e-05 0.0
time 0.0004767353165522502 0.0
timestamp 0.00019069412662090009 0.0
timeusage 9.534706331045004e-05 0.008733679968754631
timingprofile 9.534706331045004e-05 0.0
title 0.013539282990083905 0.0
titlebar 0.0007627765064836003 0.0
titleform 9.534706331045004e-05 0.0
to 0.002955758962623951 0.0
toc 0.007818459191456904 0.0
toggle 0.0008581235697940503 0.0
toggle_view_mobile 9.534706331045004e-05 0.0
tokens 9.534706331045004e-05 0.0
tool 0.0004767353165522502 1.1073459686368643
toolbar 0.0002860411899313501 0.0
tools 0.0008581235697940503 0.0
top 0.0005720823798627002 0.0
total 0.0004767353165522502 0.0
touch 0.00019069412662090009 0.0
tr 0.0009534706331045003 0.044451762570833796
trademark 9.534706331045004e-05 0.0
transclusion 9.534706331045004e-05 0.0
transientcontent 9.534706331045004e-05 0.0
transparent 9.534706331045004e-05 0.06280090123903044
triggered 9.534706331045004e-05 0.0
trouble_shooting 0.00019069412662090009 4.74493212836325
true 0.002097635392829901 0.0
ttl 9.534706331045004e-05 0.0
tutorial 9.534706331045004e-05 1.8545603704670854
two 9.534706331045004e-05 0.6505875661411494
type 0.0032418001525553013 0.0
u 0.00019069412662090009 0.0
ui 0.005053394355453852 0.0
uk 0.00038138825324180017 0.6340582641899388
ukrainian 9.534706331045004e-05 0.8131064956389242
ul 0.004767353165522502 0.0
uls 0.0004767353165522502 0.0
under 9.534706331045004e-05 0.0
unpin 0.00019069412662090009 0.0
unpinned 0.00019069412662090009 0.0
unsourced 9.534706331045004e-05 1.3109449238781037
unstrip 0.00038138825324180017 0.0
until 9.534706331045004e-05 1.2791962255635234
up 0.00019069412662090009 0.8947845266531914
upload 0.0012395118230358504 0.0
upper 0.00038138825324180017 0.09097177820572679
url 0.0008581235697940503 0.0
us 0.00019069412662090009 0.0
usage 0.00038138825324180017 0.0
use 0.0002860411899313501 0.0
used 0.00019069412662090009 0.19105523676270922
uselang 9.534706331045004e-05 0.0
user 0.002669717772692601 0.0
useradd 0.00019069412662090009 0.0
userlogin 0.00019069412662090009 0.0
uses 9.534706331045004e-05 0.7746402148111283
using 9.534706331045004e-05 0.0
utc 9.534706331045004e-05 0.0
utf 9.534706331045004e-05 0.0
utm_campaign 9.534706331045004e-05 0.0
utm_medium 9.534706331045004e-05 0.0
utm_source 9.534706331045004e-05 0.0
ux 9.534706331045004e-05 0.08149303425118301
v640 9.534706331045004e-05 4.74493212836325
value 0.0012395118230358504 0.0
var 0.00019069412662090009 0.0
variant 9.534706331045004e-05 0.0
variants 0.0005720823798627002 0.0
various 9.534706331045004e-05 1.377636298376776
vary 9.534706331045004e-05 0.10054122922187746
ve 9.534706331045004e-05 0.0
vector 0.023073989321128908 0.0
verifiability 0.00019069412662090009 1.2185716037470886
verification 9.534706331045004e-05 1.6538896750049343
version 0.00019069412662090009 0.0
versions 9.534706331045004e-05 1.0813704822336037
vevent 9.534706331045004e-05 0.22314355131420976
view 0.0009534706331045003 0.0
viewport 9.534706331045004e-05 0.0
views 0.0002860411899313501 0.0
visible 9.534706331045004e-05 0.09097177820572679
visit 0.00019069412662090009 0.0
visited 9.534706331045004e-05 0.0
visualeditor 0.00038138825324180017 0.0
vol1 0.00019069412662090009 4.74493212836325
vol1_3 0.00019069412662090009 4.74493212836325
volume 0.00038138825324180017 0.8329091229351039
vue 0.00019069412662090009 0.0
w 0.002955758962623951 0.0
walltime 9.534706331045004e-05 0.0
was 0.0004767353165522502 0.0
watchlist 9.534706331045004e-05 0.0
watchtoken 9.534706331045004e-05 0.0
water 0.0006674294431731503 2.665490586683414
water_4 0.00038138825324180017 4.74493212836325
wb 0.00019069412662090009 0.0
wbc 9.534706331045004e-05 0.0
wc 9.534706331045004e-05 1.3437347467010947
website 0.00038138825324180017 0.0
weight 0.00019069412662090009 0.05358424613410626
were 0.00019069412662090009 0.6844891178168307
wgaction 9.534706331045004e-05 0.0
wgarticleid 9.534706331045004e-05 0.0
wgbackendresponsetime 9.534706331045004e-05 0.0
wgbreakframes 9.534706331045004e-05 0.0
wgcanonicalnamespace 9.534706331045004e-05 0.0
wgcanonicalspecialpagename 9.534706331045004e-05 0.0
wgcategories 9.534706331045004e-05 0.0
wgcentralauthmobiledomain 9.534706331045004e-05 0.0
wgcspnonce 9.534706331045004e-05 0.0
wgcurrevisionid 9.534706331045004e-05 0.0
wgdefaultdateformat 9.534706331045004e-05 0.0
wgdigittransformtable 9.534706331045004e-05 0.0
wgeditsubmitbuttonlabelpublish 9.534706331045004e-05 0.0
wgflaggedrevsparams 9.534706331045004e-05 0.0
wggestructuredtaskrejectionreasontextinputenabled 9.534706331045004e-05 0.0
wggetopicsmatchmodeenabled 9.534706331045004e-05 0.0
wghostname 9.534706331045004e-05 0.0
wginternalredirecttargeturl 9.534706331045004e-05 2.1058747987479913
wgisarticle 9.534706331045004e-05 0.0
wgisprobablyeditable 9.534706331045004e-05 0.0
wgisredirect 9.534706331045004e-05 0.0
wgmediaviewerenabledbydefault 9.534706331045004e-05 0.0
wgmediavieweronclick 9.534706331045004e-05 0.0
wgmfdisplaywikibasedescriptions 9.534706331045004e-05 0.0
wgmonthnames 9.534706331045004e-05 0.0
wgnamespacenumber 9.534706331045004e-05 0.0
wgnoticeproject 9.534706331045004e-05 0.0
wgpagecontentlanguage 9.534706331045004e-05 0.0
wgpagecontentmodel 9.534706331045004e-05 0.0
wgpagename 9.534706331045004e-05 0.0
wgpageparsereport 9.534706331045004e-05 0.0
wgpopupsflags 9.534706331045004e-05 0.0
wgredirectedfrom 9.534706331045004e-05 2.1058747987479913
wgrelevantarticleid 9.534706331045004e-05 0.0
wgrelevantpageisprobablyeditable 9.534706331045004e-05 0.0
wgrelevantpagename 9.534706331045004e-05 0.0
wgrequestid 9.534706331045004e-05 0.0
wgrestrictionedit 9.534706331045004e-05 0.0
wgrestrictionmove 9.534706331045004e-05 0.0
wgrevisionid 9.534706331045004e-05 0.0
wgseparatortransformtable 9.534706331045004e-05 0.0
wgtitle 9.534706331045004e-05 0.0
wgulscurrentautonym 9.534706331045004e-05 0.0
wgulsiscompactlinksenabled 9.534706331045004e-05 0.0
wgulsislanguageselectorempty 9.534706331045004e-05 0.0
wgulsposition 9.534706331045004e-05 0.0
wgusergroups 9.534706331045004e-05 0.0
wgusername 9.534706331045004e-05 0.0
wgvector2022previewpages 9.534706331045004e-05 0.0
wgvisualeditor 9.534706331045004e-05 0.0
wgwikibaseitemid 9.534706331045004e-05 0.0
wgwmepagelength 9.534706331045004e-05 0.0
wgwmeschemaeditattemptstepoversample 9.534706331045004e-05 0.0
what 9.534706331045004e-05 0.0
whatlinkshere 0.00019069412662090009 0.0
when 0.0005720823798627002 0.0
which 9.534706331045004e-05 0.3022808718729337
widely 9.534706331045004e-05 1.6538896750049343
width 0.002383676582761251 0.0
wiki 0.008962623951182304 0.0
wikibase 0.00038138825324180017 0.0
wikidata 0.0007627765064836003 0.0
wikimedia 0.003432494279176201 0.0
wikimediabadges 9.534706331045004e-05 0.0
wikimediaevents 9.534706331045004e-05 0.0
wikimediafoundation 0.00019069412662090009 0.0
wikipedia 0.008199847444698703 0.0
wikisource 9.534706331045004e-05 0.09097177820572679
wikitext 9.534706331045004e-05 0.0
window 0.0002860411899313501 0.0
with 0.0006674294431731503 0.0
wmf 0.0002860411899313501 0.0
wont_start 0.00038138825324180017 4.74493212836325
wood 9.534706331045004e-05 4.74493212836325
word 0.00019069412662090009 0.05358424613410626
wordmark 0.00019069412662090009 0.0
work 0.0002860411899313501 0.9607424944449889
works 9.534706331045004e-05 0.0
workshop 9.534706331045004e-05 2.1799827709017134
would 9.534706331045004e-05 1.1895840668738364
wpformidentifier 9.534706331045004e-05 0.0
wrap 0.00019069412662090009 0.06280090123903044
writing 9.534706331045004e-05 1.2791962255635234
written 0.00019069412662090009 0.44086703515908027
ws 9.534706331045004e-05 0.09097177820572679
www 0.002002288329519451 0.0
x 0.0002860411899313501 0.0
xml 0.0002860411899313501 0.0
y 0.00019069412662090009 0.0
yes 9.534706331045004e-05 0.0
you 0.0004767353165522502 0.0
z 0.00019069412662090009 0.0
z39 0.0004767353165522502 0.10054122922187746
z3988 0.0004767353165522502 0.10054122922187746
македонски 9.534706331045004e-05 3.3586377672433594
русский 9.534706331045004e-05 0.6505875661411494
українська 9.534706331045004e-05 0.8329091229351039
أداة 9.534706331045004e-05 4.74493212836325
العربية 9.534706331045004e-05 1.16141318990714
برمجة 9.534706331045004e-05 2.1058747987479913
كليبس 9.534706331045004e-05 4.74493212836325
日本語 9.534706331045004e-05 0.9382696385929302
