0 0.0031687062937062935 0.0
00 0.00021853146853146853 0.0
000 0.00021853146853146853 0.0
02 0.0003277972027972028 0.48225225132193467
039 0.0008741258741258741 0.0
04 0.00021853146853146853 0.5254244231871433
05 0.00021853146853146853 0.6340582641899388
06 0.00021853146853146853 0.5254244231871433
06t21 0.00021853146853146853 4.74493212836325
081 0.00021853146853146853 3.3586377672433594
0_unported_license 0.00010926573426573427 0.0
1 0.00513548951048951 0.0
10 0.0009833916083916085 0.0
100 0.0007648601398601399 0.0
1000 0.00010926573426573427 0.0
10000 0.00010926573426573427 1.2484245668967697
1000000 0.00021853146853146853 0.0
1091867517 0.0007648601398601399 4.74493212836325
11 0.001638986013986014 0.21233263520999412
117 0.00010926573426573427 0.0
12 0.00021853146853146853 0.18058393689541388
125em 0.00010926573426573427 0.0
127 0.00010926573426573427 0.09097177820572679
12px 0.00010926573426573427 0.09097177820572679
12s5i 0.00010926573426573427 0.0
13 0.00021853146853146853 0.0
133 0.00010926573426573427 0.08149303425118301
135 0.00021853146853146853 2.26002547857525
14 0.00010926573426573427 0.22314355131420976
15 0.0003277972027972028 0.3382128810989969
153 0.00021853146853146853 2.7990219793079367
155 0.00021853146853146853 2.4423470353692043
160 0.00043706293706293706 0.0
172 0.00021853146853146853 2.7990219793079367
1814400 0.00021853146853146853 0.5705448584676129
1972 0.00021853146853146853 2.3470368555648795
1976 0.00010926573426573427 2.7990219793079367
1977 0.00010926573426573427 2.1799827709017134
1978 0.00010926573426573427 1.749199854809259
1981 0.00010926573426573427 2.4423470353692043
1982 0.00010926573426573427 2.1799827709017134
1984 0.00010926573426573427 1.911718784307034
1986 0.00043706293706293706 1.6538896750049343
1987 0.00010926573426573427 1.6538896750049343
1989 0.00010926573426573427 1.749199854809259
1992 0.00010926573426573427 1.6538896750049343
1993 0.00021853146853146853 1.4127276181880462
1994 0.00043706293706293706 1.911718784307034
1997 0.00010926573426573427 1.7004096906398272
1999 0.00010926573426573427 1.377636298376776
1em 0.00043706293706293706 0.02643325706815543
1x1 0.00010926573426573427 0.0
2 0.004261363636363636 0.0
20 0.0003277972027972028 0.0
2001 0.00021853146853146853 1.449095262358921
2004 0.00021853146853146853 0.06280090123903044
2005 0.00010926573426573427 0.8531118302526235
2006 0.00021853146853146853 1.0072625100798818
2022 0.0008741258741258741 0.0
20230314050536 0.0003277972027972028 4.74493212836325
2097152 0.00043706293706293706 0.0
21 0.00010926573426573427 0.3504829736908114
231 0.00021853146853146853 3.1354942159291497
25 0.0003277972027972028 0.3260915205666521
255 0.00010926573426573427 0.09097177820572679
25t15 0.00021853146853146853 4.051784947803305
26 0.00010926573426573427 0.0
2606230 0.00021853146853146853 4.74493212836325
27s_heyday 0.00010926573426573427 4.74493212836325
286 0.00021853146853146853 2.953172659135195
2cicon 0.00010926573426573427 0.0
2cstyles 0.00010926573426573427 0.0
2em 0.00021853146853146853 0.06280090123903044
2fen 0.00021853146853146853 0.10054122922187746
2ffmt 0.00021853146853146853 0.10054122922187746
2x 0.0003277972027972028 0.0
3 0.0009833916083916085 0.0
3000 0.00010926573426573427 2.03688192726104
31 0.00021853146853146853 0.0
3125em 0.00010926573426573427 0.0
313 0.00021853146853146853 4.051784947803305
317 0.00021853146853146853 4.051784947803305
32 0.00010926573426573427 0.26759531388504365
3600 0.00010926573426573427 4.051784947803305
3a3 0.00010926573426573427 0.09097177820572679
3abook 0.00021853146853146853 0.22314355131420976
3acorvision 0.00021853146853146853 4.74493212836325
3akev 0.00021853146853146853 0.10054122922187746
3amtx 0.00021853146853146853 0.10054122922187746
3aofi 0.00021853146853146853 0.10054122922187746
3asid 0.00021853146853146853 0.10054122922187746
3ce2f683 0.00010926573426573427 4.74493212836325
3cols 0.00010926573426573427 0.21233263520999412
3em 0.00010926573426573427 0.035401927050916
3px 0.00010926573426573427 0.12981161152199053
4 0.0006555944055944056 0.02643325706815543
40 0.00010926573426573427 0.0
400 0.00021853146853146853 0.0
4009 0.00021853146853146853 4.74493212836325
4087 0.00021853146853146853 4.74493212836325
42 0.00021853146853146853 0.9607424944449889
44z 0.00021853146853146853 4.74493212836325
45 0.00021853146853146853 1.1895840668738364
473 0.00021853146853146853 3.1354942159291497
48 0.00021853146853146853 0.8531118302526235
4891630 0.0003277972027972028 4.74493212836325
49 0.00021853146853146853 0.9607424944449889
499d 0.00010926573426573427 4.74493212836325
4c 0.00010926573426573427 0.09097177820572679
4gl 0.0006555944055944056 3.6463198396951406
5 0.0006555944055944056 0.11020314013361425
50 0.00043706293706293706 0.0
500 0.00021853146853146853 0.0
5000000 0.00021853146853146853 0.0
51 0.00021853146853146853 1.0313600616589422
51z 0.00021853146853146853 3.6463198396951406
52428800 0.00021853146853146853 0.008733679968754631
571 0.00021853146853146853 3.6463198396951406
5em 0.00010926573426573427 0.0
5x 0.0003277972027972028 0.0
6 0.00043706293706293706 0.044451762570833796
64 0.00043706293706293706 1.1073459686368643
65 0.0003277972027972028 0.05358424613410626
672 0.00021853146853146853 3.3586377672433594
7 0.00043706293706293706 0.0
70 0.00010926573426573427 1.449095262358921
720px 0.00010926573426573427 0.0
73 0.00043706293706293706 1.6538896750049343
757 0.00021853146853146853 3.1354942159291497
79 0.00021853146853146853 1.8545603704670854
7cext 0.00021853146853146853 0.0
7cmediawiki 0.00010926573426573427 0.0
7cskins 0.00010926573426573427 0.0
7cwikibase 0.00010926573426573427 0.0
8 0.00021853146853146853 0.0
80 0.0003277972027972028 0.3022808718729337
811 0.00021853146853146853 4.051784947803305
8125em 0.00010926573426573427 0.0
84122665b47c 0.00010926573426573427 4.74493212836325
88 0.00043706293706293706 0.0
9 0.00010926573426573427 0.11020314013361425
95 0.00010926573426573427 0.035401927050916
98 0.00010926573426573427 0.8131064956389242
99f0 0.00010926573426573427 4.74493212836325
9px 0.0003277972027972028 0.09097177820572679
_dick_company 0.00010926573426573427 4.74493212836325
_tv 0.0003277972027972028 4.74493212836325
a 0.03529283216783217 0.0
a673 0.00010926573426573427 4.74493212836325
aa 0.00010926573426573427 0.0721032939013439
about 0.0009833916083916085 0.0
aboutsite 0.00010926573426573427 0.0
above 0.00010926573426573427 0.1599646496926782
absolute 0.00010926573426573427 0.0
access 0.00010926573426573427 0.8131064956389242
accessed 0.00021853146853146853 2.3470368555648795
accesskey 0.002076048951048951 0.0
account 0.00043706293706293706 0.0
accounts 0.00010926573426573427 4.74493212836325
across 0.00010926573426573427 0.0
action 0.003277972027972028 0.0
actions 0.00010926573426573427 0.0
actually 0.00010926573426573427 2.3470368555648795
add 0.0007648601398601399 0.0
added 0.00010926573426573427 1.0560526742493137
adding 0.00010926573426573427 0.8947845266531914
addition 0.00010926573426573427 1.16141318990714
additional 0.00010926573426573427 0.0
additions 0.00010926573426573427 2.1058747987479913
address 0.00021853146853146853 0.0
adopted 0.00010926573426573427 2.1799827709017134
affect 0.00021853146853146853 3.3586377672433594
after 0.0010926573426573427 0.0
after_generating_the_procedure 0.00043706293706293706 4.74493212836325
ageing 0.00010926573426573427 4.74493212836325
agree 0.00010926573426573427 0.0
alert 0.00043706293706293706 0.0
align 0.00021853146853146853 0.05358424613410626
all 0.00043706293706293706 0.0
allow 0.00010926573426573427 1.0313600616589422
allowed 0.00010926573426573427 1.7004096906398272
allowing 0.00021853146853146853 1.3437347467010947
allows 0.0003277972027972028 0.8329091229351039
alpha 0.00043706293706293706 0.08149303425118301
already 0.00010926573426573427 2.1799827709017134
also 0.00021853146853146853 0.19105523676270922
alt 0.0008741258741258741 0.0
altered 0.00010926573426573427 4.051784947803305
alternate 0.0003277972027972028 0.0
although 0.00010926573426573427 1.1340142157190256
always 0.00010926573426573427 1.6094379124341003
amp 0.008522727272727272 0.0
an 0.0005463286713286714 0.0
analyze 0.00010926573426573427 4.051784947803305
anchored 0.00010926573426573427 4.74493212836325
and 0.005681818181818182 0.0
angeles 0.00010926573426573427 4.051784947803305
anon 0.00021853146853146853 0.0
anoncontribs 0.00010926573426573427 0.0
anontalk 0.00010926573426573427 0.0
anonymous 0.00010926573426573427 0.0
any 0.0005463286713286714 0.6844891178168307
api 0.00010926573426573427 0.0
appeared 0.00010926573426573427 0.40112670650956617
appearing 0.00010926573426573427 3.6463198396951406
apple 0.00021853146853146853 0.0
application 0.0031687062937062935 0.0
application_development 0.0005463286713286714 4.74493212836325
application_parameters 0.00043706293706293706 4.74493212836325
applications 0.0003277972027972028 0.7746402148111283
apply 0.00010926573426573427 0.0
april 0.00010926573426573427 0.0
are 0.0017482517482517483 0.0
argument 0.00010926573426573427 0.0
aria 0.003277972027972028 0.0
around 0.00010926573426573427 1.449095262358921
article 0.0007648601398601399 0.0
articles 0.00010926573426573427 0.0
as 0.002076048951048951 0.0
aspects 0.00021853146853146853 2.26002547857525
assess 0.00010926573426573427 4.74493212836325
associated 0.00021853146853146853 0.0
assumption 0.00010926573426573427 4.74493212836325
async 0.00010926573426573427 0.0
at 0.001201923076923077 0.0
atlanta 0.00010926573426573427 4.051784947803305
atom 0.0003277972027972028 0.0
attempted 0.00010926573426573427 3.6463198396951406
attracted 0.00010926573426573427 3.3586377672433594
attribution 0.00010926573426573427 0.0
attunity 0.00010926573426573427 4.74493212836325
au 0.00010926573426573427 0.48225225132193467
august 0.00010926573426573427 0.0
author 0.00021853146853146853 0.0
auto 0.0003277972027972028 0.0
autocapitalize 0.00010926573426573427 0.0
available 0.00021853146853146853 0.0
away 0.00010926573426573427 3.3586377672433594
b 0.0014204545454545455 0.0
back 0.00010926573426573427 1.5668782980153044
backend 0.00010926573426573427 2.5477075510270306
background 0.0008741258741258741 0.017544309650909525
barker 0.00010926573426573427 4.74493212836325
based 0.00010926573426573427 0.3504829736908114
basic 0.00043706293706293706 0.7195804376281008
batch 0.00010926573426573427 2.953172659135195
bauer 0.00021853146853146853 2.665490586683414
bday 0.00010926573426573427 0.41419878807691896
be 0.0009833916083916085 0.06280090123903044
became 0.0003277972027972028 1.6094379124341003
because 0.00021853146853146853 0.0
become 0.00010926573426573427 1.9723434061234688
before 0.00043706293706293706 0.0
beginning 0.0003277972027972028 1.749199854809259
behind 0.00010926573426573427 2.1058747987479913
below 0.00010926573426573427 0.18058393689541388
berthold 0.00021853146853146853 4.051784947803305
beta 0.00021853146853146853 1.7004096906398272
between 0.0003277972027972028 0.7375989431307791
binding 0.00010926573426573427 2.03688192726104
binds 0.00010926573426573427 3.3586377672433594
birth 0.0003277972027972028 2.953172659135195
bit 0.0005463286713286714 1.2791962255635234
body 0.0015297202797202797 0.0
bodycontent 0.00021853146853146853 0.0
book 0.00043706293706293706 0.42744401482693967
border 0.0003277972027972028 0.0
boston 0.00010926573426573427 3.1354942159291497
both 0.00021853146853146853 0.3022808718729337
bound 0.00010926573426573427 2.665490586683414
box 0.0010926573426573427 0.0
bracket 0.003277972027972028 0.0
break 0.00010926573426573427 0.05358424613410626
brief 0.00010926573426573427 2.665490586683414
brought 0.00010926573426573427 2.953172659135195
browsing 0.00010926573426573427 0.0
btitle 0.00021853146853146853 0.22314355131420976
btn 0.0005463286713286714 0.0
build 0.0003277972027972028 1.8545603704670854
builder 0.0015297202797202797 2.1799827709017134
building 0.00010926573426573427 1.6094379124341003
but 0.0003277972027972028 0.3629054936893685
button 0.003933566433566434 0.0
buttons 0.00010926573426573427 0.0
by 0.002076048951048951 0.0
bytes 0.00043706293706293706 0.0
c 0.00021853146853146853 0.0
c13_en 0.00010926573426573427 0.0
ca 0.0008741258741258741 0.0
cache 0.00021853146853146853 0.0
cached 0.00010926573426573427 0.0
cachereport 0.00010926573426573427 0.0
cactions 0.0006555944055944056 0.0
called 0.0005463286713286714 0.6844891178168307
calling 0.00010926573426573427 1.7004096906398272
calls 0.00010926573426573427 0.0
campaigns 0.00010926573426573427 0.0
can 0.0009833916083916085 0.17022114985986725
canonical 0.00021853146853146853 0.0
capable 0.00010926573426573427 2.26002547857525
caption 0.00021853146853146853 0.21233263520999412
category 0.0005463286713286714 0.0
catlinks 0.00043706293706293706 0.0
cause 0.00010926573426573427 2.26002547857525
causing 0.00021853146853146853 2.953172659135195
cdc 0.00021853146853146853 2.7990219793079367
cdc_3000 0.00010926573426573427 4.051784947803305
center 0.0006555944055944056 0.017544309650909525
centralauth 0.00021853146853146853 0.0
centralautologin 0.00021853146853146853 0.0
centralnotice 0.0003277972027972028 0.0
change 0.00021853146853146853 0.0
changed 0.00021853146853146853 1.7004096906398272
changes 0.0007648601398601399 0.0
charinsert 0.00010926573426573427 0.0
charlotte 0.00010926573426573427 4.051784947803305
charset 0.00010926573426573427 0.0
checkbox 0.003715034965034965 0.0
chicago 0.00010926573426573427 2.953172659135195
child 0.00010926573426573427 0.06280090123903044
citation 0.0010926573426573427 0.08149303425118301
cite 0.0008741258741258741 0.0
cite_book 0.00021853146853146853 1.5668782980153044
citerefstephen_pickett2001 0.00010926573426573427 4.74493212836325
citethispage 0.00010926573426573427 0.0
city 0.00010926573426573427 2.953172659135195
class 0.037587412587412584 0.0
classname 0.0003277972027972028 0.0
clear 0.00010926573426573427 0.11995931507897897
client 0.0006555944055944056 0.0
clients 0.00010926573426573427 2.953172659135195
co 0.00010926573426573427 1.449095262358921
code 0.0007648601398601399 0.035401927050916
coded 0.00010926573426573427 2.1058747987479913
coll 0.00043706293706293706 0.0
collapsed 0.0003277972027972028 0.0
collapses 0.00010926573426573427 0.0
collapsible 0.0010926573426573427 0.0
color 0.0007648601398601399 0.017544309650909525
colspan 0.0003277972027972028 0.14981227822866008
columbia 0.00010926573426573427 3.1354942159291497
com 0.00021853146853146853 0.11995931507897897
command 0.00021853146853146853 1.2791962255635234
commands 0.0003277972027972028 1.8004931491968095
commercial 0.00010926573426573427 1.3109449238781037
commons 0.0005463286713286714 0.0
community 0.00010926573426573427 0.0
community_portal 0.00010926573426573427 0.0
compactlinks 0.00010926573426573427 0.0
companies 0.00021853146853146853 1.911718784307034
company 0.00043706293706293706 1.0072625100798818
compatible 0.00010926573426573427 1.486835590341768
compilable 0.00010926573426573427 4.051784947803305
compilation 0.00010926573426573427 1.7004096906398272
compile 0.00021853146853146853 1.486835590341768
compiled 0.0009833916083916085 1.0813704822336037
compiles 0.00010926573426573427 2.1799827709017134
compiling 0.00021853146853146853 2.03688192726104
complete 0.00010926573426573427 1.4127276181880462
complications 0.00010926573426573427 0.0
component 0.00010926573426573427 1.6538896750049343
components 0.00010926573426573427 1.4127276181880462
computer 0.00010926573426573427 0.12981161152199053
computer_programming 0.00010926573426573427 1.0560526742493137
concerning 0.00010926573426573427 3.6463198396951406
config 0.00021853146853146853 0.0
consider 0.00010926573426573427 2.4423470353692043
consists 0.00021853146853146853 1.911718784307034
consolidate 0.00010926573426573427 4.74493212836325
consolidated 0.00010926573426573427 3.6463198396951406
construct 0.00010926573426573427 2.1799827709017134
contact 0.00043706293706293706 0.0
contact_us 0.00021853146853146853 0.0
contactpage 0.00010926573426573427 0.0
contained 0.00010926573426573427 1.911718784307034
container 0.0015297202797202797 0.0
containing 0.00010926573426573427 0.0
content 0.006555944055944056 0.0
contentinfo 0.00010926573426573427 0.0
contents 0.0014204545454545455 0.0
contentsub 0.00010926573426573427 0.0
context 0.00021853146853146853 0.0
contractors 0.00010926573426573427 3.6463198396951406
contribute 0.00010926573426573427 0.0
contributions 0.00010926573426573427 0.0
contributors 0.00021853146853146853 0.0
control 0.00021853146853146853 0.44086703515908027
controlling 0.00021853146853146853 2.7990219793079367
controls 0.00043706293706293706 0.0
conversion 0.0003277972027972028 0.0
convert 0.00021853146853146853 2.7990219793079367
cookie 0.0005463286713286714 0.0
cookie_statement 0.00010926573426573427 0.0
cookiestatement 0.00010926573426573427 0.0
copyright 0.0003277972027972028 0.0
copyrightico 0.00010926573426573427 0.0
corporation 0.0007648601398601399 1.3437347467010947
cortex 0.0014204545454545455 4.74493212836325
corvision 0.012347027972027972 4.74493212836325
corvision_as_a_legacy_system 0.00043706293706293706 4.74493212836325
corvisionhistory 0.00010926573426573427 4.74493212836325
corvisions 0.00010926573426573427 4.74493212836325
corvison 0.00010926573426573427 4.74493212836325
could 0.00010926573426573427 1.0813704822336037
count 0.00021853146853146853 0.0
course 0.00021853146853146853 1.8545603704670854
cpu 0.00010926573426573427 0.0
cputime 0.00010926573426573427 0.0
craig 0.00010926573426573427 3.1354942159291497
cre 0.00010926573426573427 4.74493212836325
create 0.0005463286713286714 0.0
createaccount 0.00043706293706293706 0.0
created 0.0003277972027972028 0.44086703515908027
creating 0.0003277972027972028 1.449095262358921
creating_a_procedure 0.00043706293706293706 4.74493212836325
creative 0.00010926573426573427 0.0
creativecommons 0.00021853146853146853 0.0
cross 0.00010926573426573427 0.0
crossorigin 0.00010926573426573427 0.0
cs1 0.0015297202797202797 0.09097177820572679
csrftoken 0.00010926573426573427 0.0
csrs 0.00010926573426573427 4.74493212836325
ctx_ver 0.00021853146853146853 0.10054122922187746
current 0.0003277972027972028 0.0
current_events 0.00010926573426573427 0.0
currentevents 0.00010926573426573427 0.0
currently 0.00010926573426573427 1.749199854809259
custom 0.00021853146853146853 1.8004931491968095
cv2vb 0.0006555944055944056 4.74493212836325
cx 0.00021853146853146853 0.0
cycle 0.00010926573426573427 0.6844891178168307
d 0.00010926573426573427 0.06280090123903044
d33 0.00021853146853146853 0.09097177820572679
d6 0.00010926573426573427 0.09097177820572679
data 0.004152097902097902 0.0
data_independence 0.00043706293706293706 4.74493212836325
database 0.00043706293706293706 1.486835590341768
dataset 0.00021853146853146853 3.1354942159291497
datasets 0.0003277972027972028 4.74493212836325
dataviews 0.00010926573426573427 4.74493212836325
date 0.0003277972027972028 0.08149303425118301
dated 0.00010926573426573427 2.26002547857525
datemodified 0.00021853146853146853 0.0
datepublished 0.00021853146853146853 0.0
dcl 0.00010926573426573427 3.3586377672433594
dd 0.0006555944055944056 0.22314355131420976
dec 0.00021853146853146853 2.03688192726104
dec_alpha 0.00021853146853146853 4.051784947803305
december 0.00010926573426573427 0.0
deduplicate 0.00021853146853146853 0.017544309650909525
deduplicated 0.00010926573426573427 0.06280090123903044
def 0.00021853146853146853 2.26002547857525
default 0.00021853146853146853 1.5260563034950492
define 0.00043706293706293706 1.449095262358921
definitions 0.00010926573426573427 1.8004931491968095
deliver 0.00021853146853146853 4.74493212836325
depth 0.0003277972027972028 0.0
description 0.00010926573426573427 0.0
desirable 0.00010926573426573427 3.6463198396951406
desktoparticletarget 0.0003277972027972028 0.0
details 0.00010926573426573427 1.1340142157190256
detection 0.00010926573426573427 0.0
developed 0.00010926573426573427 0.540239508972284
developer 0.0003277972027972028 0.0
developers 0.0008741258741258741 0.0
developing 0.00010926573426573427 2.1058747987479913
development 0.001638986013986014 0.38822330167365837
dfs 0.00010926573426573427 4.74493212836325
diagrammatic 0.0003277972027972028 4.74493212836325
dick 0.00043706293706293706 3.6463198396951406
dictionary 0.00021853146853146853 1.9723434061234688
did 0.00010926573426573427 1.7004096906398272
different 0.00021853146853146853 0.38822330167365837
difficult 0.00021853146853146853 2.26002547857525
digital 0.0007648601398601399 1.3437347467010947
digital_command_language 0.00010926573426573427 4.74493212836325
digital_equipment_corporation 0.00021853146853146853 2.665490586683414
dir 0.0003277972027972028 0.0
disabled 0.001201923076923077 0.0
disclaimers 0.00021853146853146853 0.0
discuss 0.00010926573426573427 0.0
discussion 0.00021853146853146853 0.0
display 0.00043706293706293706 0.0
district 0.00010926573426573427 4.051784947803305
div 0.020104895104895104 0.0
dl 0.0006555944055944056 0.19105523676270922
dmy 0.00010926573426573427 0.0
dns 0.00021853146853146853 0.0
do 0.00021853146853146853 0.8329091229351039
doctype 0.00010926573426573427 0.0
document 0.00043706293706293706 0.0
documentelement 0.0003277972027972028 0.0
doing 0.00021853146853146853 2.4423470353692043
donate 0.0003277972027972028 0.0
donating 0.00010926573426573427 0.0
done 0.00010926573426573427 1.449095262358921
download 0.00043706293706293706 0.0
downloadaspdf 0.00010926573426573427 0.0
dropdown 0.0027316433566433565 0.0
dropped 0.00010926573426573427 2.665490586683414
dt 0.0006555944055944056 0.26759531388504365
dtstart 0.00010926573426573427 0.41419878807691896
during 0.00021853146853146853 1.0560526742493137
e 0.00021853146853146853 0.0
each 0.00010926573426573427 0.8531118302526235
early 0.00010926573426573427 1.2791962255635234
echo 0.00010926573426573427 0.0
eddie 0.00021853146853146853 4.74493212836325
eddie_bauer 0.00010926573426573427 4.74493212836325
edit 0.006228146853146853 0.0
editable 0.00010926573426573427 0.0
edited 0.00010926573426573427 0.0
editing 0.00021853146853146853 0.0
editor 0.00021853146853146853 0.0
editors 0.00021853146853146853 0.0
editpage 0.00010926573426573427 0.0
edits 0.00021853146853146853 0.0
editsection 0.004916958041958042 0.0
edituri 0.00010926573426573427 0.0
edo 0.0003277972027972028 4.74493212836325
eee 0.00010926573426573427 0.48225225132193467
element 0.0007648601398601399 0.0
ellipsis 0.00021853146853146853 0.0
elt 0.00010926573426573427 0.0
empty 0.00010926573426573427 0.0
emptyportlet 0.00021853146853146853 0.0
en 0.002950174825174825 0.0
enabled 0.001201923076923077 0.0
encapsulated 0.00010926573426573427 3.3586377672433594
encouraged 0.00043706293706293706 0.0
encyclopedia 0.00021853146853146853 0.0
end 0.0005463286713286714 0.0
england 0.00021853146853146853 3.3586377672433594
english 0.0003277972027972028 0.0
entirely 0.00010926573426573427 1.9723434061234688
entities 0.00010926573426573427 0.0
entity 0.00043706293706293706 0.0
entityaccesscount 0.00010926573426573427 0.0
entitypage 0.00021853146853146853 0.0
entry 0.00021853146853146853 1.377636298376776
environment 0.00043706293706293706 0.7375989431307791
enwiki 0.00010926573426573427 0.0
enwikimwclientprefs 0.00010926573426573427 0.0
equipment 0.0003277972027972028 2.4423470353692043
error 0.00021853146853146853 0.09097177820572679
es6 0.00010926573426573427 0.0
esi 0.00021853146853146853 0.0
esitest 0.00010926573426573427 0.0
essentially 0.00010926573426573427 2.953172659135195
establishing 0.0003277972027972028 3.6463198396951406
establishing_corvision 0.00043706293706293706 4.74493212836325
event 0.0010926573426573427 0.0
eventlogging 0.00021853146853146853 0.0
events 0.00021853146853146853 0.0
eventually 0.00010926573426573427 2.3470368555648795
exact 0.00010926573426573427 0.0
executable 0.0003277972027972028 1.6538896750049343
executables 0.00010926573426573427 2.7990219793079367
execution 0.00010926573426573427 0.9607424944449889
exist 0.00010926573426573427 0.540239508972284
existing 0.00010926573426573427 1.486835590341768
exists 0.00021853146853146853 0.0
expand 0.0005463286713286714 0.0
expanded 0.0003277972027972028 0.008733679968754631
expansion 0.00021853146853146853 0.0
expansiondepth 0.00010926573426573427 0.0
expensive 0.00010926573426573427 0.0
expensivefunctioncount 0.00010926573426573427 0.0
experienced 0.00010926573426573427 3.1354942159291497
expiry 0.00021853146853146853 0.0
explanation 0.00010926573426573427 2.7990219793079367
export 0.00010926573426573427 0.0
ext 0.0027316433566433565 0.0
extension 0.00010926573426573427 0.7375989431307791
external 0.00021853146853146853 0.0
extiw 0.00021853146853146853 1.2185716037470886
extra 0.00021853146853146853 0.0
f 0.00043706293706293706 0.0
fa8a495983347898 0.00010926573426573427 0.0
facility 0.00010926573426573427 1.9723434061234688
fact 0.00010926573426573427 1.1340142157190256
factory 0.0003277972027972028 3.3586377672433594
fall 0.00010926573426573427 3.6463198396951406
fallbacksearchbutton 0.00010926573426573427 0.0
false 0.0013111888111888112 0.0
favicon 0.00010926573426573427 0.0
favor 0.00010926573426573427 2.26002547857525
feature 0.002403846153846154 0.0
featurename 0.0003277972027972028 0.0
february 0.00021853146853146853 0.0
fee 0.00010926573426573427 4.74493212836325
feed 0.00021853146853146853 0.0
field 0.0005463286713286714 1.749199854809259
field_search 0.00043706293706293706 4.74493212836325
fields 0.00021853146853146853 2.26002547857525
file 0.0009833916083916085 0.0
file_upload_wizard 0.00021853146853146853 0.0
files 0.0009833916083916085 0.0
fill 0.00010926573426573427 3.3586377672433594
finally 0.00010926573426573427 1.8545603704670854
first 0.0005463286713286714 0.0
firstheading 0.0003277972027972028 0.0
five 0.00010926573426573427 1.9723434061234688
float 0.00010926573426573427 0.06280090123903044
flush 0.0005463286713286714 0.0
following 0.0003277972027972028 0.8131064956389242
follows 0.00010926573426573427 1.486835590341768
font 0.0005463286713286714 0.017544309650909525
footer 0.002840909090909091 0.0
for 0.003387237762237762 0.0
form 0.00043706293706293706 0.0
format 0.00021853146853146853 0.0
formed 0.00010926573426573427 2.26002547857525
former 0.00010926573426573427 2.03688192726104
found 0.00010926573426573427 1.449095262358921
foundation 0.0009833916083916085 0.0
founded 0.00010926573426573427 2.7990219793079367
fourth 0.0007648601398601399 2.4423470353692043
franchise 0.00010926573426573427 4.74493212836325
free 0.00043706293706293706 0.0
from 0.001201923076923077 0.0
full 0.0003277972027972028 0.044451762570833796
fulltext 0.00010926573426573427 0.0
function 0.0007648601398601399 0.0
functions 0.00010926573426573427 0.7018808605286999
fundraiserredirector 0.00010926573426573427 0.0
g 0.00021853146853146853 0.0
gadget 0.00043706293706293706 0.0
garden 0.00010926573426573427 4.74493212836325
gehomepagesuggestededitsenabletopics 0.00010926573426573427 0.0
general_disclaimer 0.00010926573426573427 0.0
generate 0.00043706293706293706 1.377636298376776
generated 0.0006555944055944056 1.6538896750049343
generating 0.0003277972027972028 2.953172659135195
generation 0.0008741258741258741 1.486835590341768
generation_programming_languages 0.00010926573426573427 3.3586377672433594
generator 0.00021853146853146853 0.0
genre 0.00021853146853146853 0.10054122922187746
geoip 0.00010926573426573427 0.0
globalcssjs 0.00021853146853146853 0.0
go 0.0003277972027972028 0.0
googpub 0.00021853146853146853 0.0
gray 0.00010926573426573427 0.09097177820572679
green 0.00010926573426573427 0.09097177820572679
group 0.0006555944055944056 0.0
groupings 0.00010926573426573427 4.74493212836325
grove 0.00010926573426573427 4.051784947803305
growth 0.00010926573426573427 3.3586377672433594
growthexperiments 0.00010926573426573427 0.0
guidance 0.00010926573426573427 0.0
guide 0.00021853146853146853 1.1340142157190256
guides 0.00010926573426573427 0.0
guru 0.00010926573426573427 3.3586377672433594
h 0.00021853146853146853 0.0
h1 0.00021853146853146853 0.0
h2 0.0008741258741258741 0.0
h3 0.0026223776223776225 0.7195804376281008
habit 0.00010926573426573427 4.74493212836325
hack 0.0006555944055944056 0.0
had 0.00021853146853146853 1.0313600616589422
hand 0.0003277972027972028 2.26002547857525
handful 0.00010926573426573427 3.6463198396951406
hardcopy 0.00010926573426573427 4.74493212836325
has 0.00021853146853146853 0.0
haspopup 0.0005463286713286714 0.0
have 0.00021853146853146853 0.6340582641899388
head 0.00021853146853146853 0.0
header 0.002950174825174825 0.0
heading 0.0026223776223776225 0.0
headline 0.0018575174825174825 0.0
height 0.0007648601398601399 0.0
help 0.0007648601398601399 0.0
herald 0.00010926573426573427 4.051784947803305
here 0.00010926573426573427 0.0
heyday 0.00043706293706293706 4.74493212836325
hidden 0.0008741258741258741 0.0
hide 0.00021853146853146853 0.0
hif 0.00010926573426573427 4.74493212836325
highest 0.00010926573426573427 0.0
hill 0.00010926573426573427 2.5477075510270306
history 0.0007648601398601399 0.0
hoped 0.00010926573426573427 4.051784947803305
hor 0.00021853146853146853 0.0
hosted 0.00010926573426573427 0.0
how 0.0005463286713286714 0.0
however 0.0005463286713286714 0.0
href 0.015515734265734266 0.0
htm 0.00010926573426573427 1.2484245668967697
html 0.0003277972027972028 0.0
http 0.0006555944055944056 0.0
https 0.0022945804195804195 0.0
hub 0.00010926573426573427 0.0
i 0.0006555944055944056 0.008733679968754631
ias 0.00010926573426573427 3.6463198396951406
ibm 0.0003277972027972028 1.2185716037470886
ibm_pc_compatible 0.00010926573426573427 4.74493212836325
ico 0.00010926573426573427 0.0
icon 0.004479895104895105 0.0
icons 0.00043706293706293706 0.0
id 0.01791958041958042 0.0
idhash 0.00010926573426573427 0.0
if 0.0003277972027972028 0.0
image 0.00021853146853146853 0.0
imageobject 0.00021853146853146853 0.0
images 0.0014204545454545455 0.0
img 0.0006555944055944056 0.0
impact 0.00010926573426573427 2.4423470353692043
implement 0.00010926573426573427 0.0
improvements 0.00010926573426573427 0.0
in 0.004807692307692308 0.0
inc 0.00043706293706293706 0.0
include 0.00021853146853146853 0.0
including 0.00010926573426573427 0.7375989431307791
independence 0.0003277972027972028 4.051784947803305
index 0.003715034965034965 0.0
indicates 0.0003277972027972028 2.4423470353692043
indicators 0.00010926573426573427 0.0
influenced 0.00010926573426573427 0.454472687214859
info 0.0009833916083916085 0.0
infobox 0.0022945804195804195 0.21233263520999412
infobox_programming_language 0.00021853146853146853 0.37548427589622857
infobox_software 0.00021853146853146853 1.0313600616589422
inform 0.0015297202797202797 3.3586377672433594
information 0.0007648601398601399 0.0
inherit 0.0005463286713286714 0.035401927050916
init 0.0003277972027972028 0.0
inline 0.00010926573426573427 0.035401927050916
inner 0.00021853146853146853 0.0
innovative 0.00010926573426573427 3.6463198396951406
input 0.0013111888111888112 0.0
instruct 0.00010926573426573427 4.051784947803305
instructions 0.00010926573426573427 1.7004096906398272
insurance 0.00010926573426573427 2.953172659135195
interaction 0.0003277972027972028 0.0
interface 0.00021853146853146853 0.0
interlanguage 0.0005463286713286714 0.0
international 0.00021853146853146853 0.9607424944449889
into 0.00021853146853146853 0.48225225132193467
introduction 0.0003277972027972028 0.0
investigate 0.00010926573426573427 4.74493212836325
investment 0.00021853146853146853 3.1354942159291497
ios 0.00010926573426573427 2.4423470353692043
ip 0.00021853146853146853 0.0
is 0.0031687062937062935 0.0
isam 0.0003277972027972028 3.6463198396951406
isg 0.0003277972027972028 4.74493212836325
issues 0.00021853146853146853 1.3109449238781037
it 0.0017482517482517483 0.0
item 0.007102272727272727 0.0
items 0.0003277972027972028 0.0
its 0.00010926573426573427 0.25629575863111026
itself 0.00010926573426573427 1.2185716037470886
j 0.00021853146853146853 0.0
january 0.00010926573426573427 0.0
java 0.00021853146853146853 0.8947845266531914
java_ 0.00010926573426573427 1.1073459686368643
jim 0.00010926573426573427 2.5477075510270306
job 0.00010926573426573427 2.03688192726104
jobstream 0.00010926573426573427 4.74493212836325
jquery 0.00010926573426573427 0.0
js 0.00021853146853146853 0.0
json 0.00021853146853146853 0.0
july 0.00010926573426573427 0.0
jump 0.00021853146853146853 0.0
june 0.00021853146853146853 0.0
k 0.00021853146853146853 0.0
keeps 0.0003277972027972028 3.6463198396951406
ken 0.00010926573426573427 3.1354942159291497
kept 0.00010926573426573427 2.7990219793079367
kern 0.00021853146853146853 0.09097177820572679
key 0.0006555944055944056 0.0
keys 0.00021853146853146853 2.665490586683414
known 0.0003277972027972028 1.0813704822336037
label 0.005354020979020979 0.0
labelledby 0.00010926573426573427 0.0
landmark 0.00043706293706293706 0.0
lang 0.0015297202797202797 0.0
langlinks 0.00021853146853146853 0.0
language 0.0018575174825174825 0.0
languages 0.0006555944055944056 0.0
large 0.00010926573426573427 1.2185716037470886
last 0.00021853146853146853 0.0
lastmod 0.00010926573426573427 0.0
latest 0.00010926573426573427 1.6538896750049343
lazy 0.00021853146853146853 0.0
ld 0.00021853146853146853 0.0
learn 0.0005463286713286714 0.0
left 0.0008741258741258741 0.0
legacy 0.0003277972027972028 2.3470368555648795
level 0.0017482517482517483 0.0
levels 0.00010926573426573427 0.0
levitt 0.00010926573426573427 4.74493212836325
li 0.02207167832167832 0.0
library 0.00010926573426573427 0.6340582641899388
license 0.00043706293706293706 0.0
licenses 0.00021853146853146853 0.0
life 0.00010926573426573427 0.6340582641899388
lifecycle 0.0009833916083916085 2.5477075510270306
limit 0.001201923076923077 0.0
limited 0.0006555944055944056 0.0
limitreport 0.0003277972027972028 0.0
line 0.00010926573426573427 0.10054122922187746
link 0.0038243006993006995 0.0
linked 0.00010926573426573427 0.0
links 0.0018575174825174825 0.0
list 0.009943181818181818 0.0
listbullet 0.0003277972027972028 0.0
loa 0.00010926573426573427 4.74493212836325
load 0.00043706293706293706 0.0
loaded 0.0003277972027972028 0.0
loader 0.00010926573426573427 0.0
loading 0.00043706293706293706 0.0
loc 0.00010926573426573427 0.0
lock 0.001201923076923077 0.09097177820572679
log 0.0007648601398601399 0.0
logged 0.00021853146853146853 0.0
logicals 0.00010926573426573427 4.74493212836325
login 0.0005463286713286714 0.0
logo 0.0008741258741258741 0.0
look 0.00010926573426573427 1.749199854809259
los 0.00010926573426573427 3.6463198396951406
lou 0.00010926573426573427 4.74493212836325
lowery 0.0003277972027972028 4.74493212836325
ltd 0.00010926573426573427 2.7990219793079367
ltr 0.0007648601398601399 0.0
lua 0.00021853146853146853 0.008733679968754631
m 0.00021853146853146853 0.0
made 0.00021853146853146853 0.0
main 0.002950174825174825 0.0
main_other 0.00021853146853146853 1.6094379124341003
main_page 0.00021853146853146853 0.0
mainentity 0.00021853146853146853 0.0
mainframe 0.00010926573426573427 2.1058747987479913
mainpage 0.00010926573426573427 0.0
maint 0.00010926573426573427 0.09097177820572679
major 0.00021853146853146853 0.8131064956389242
makes 0.00010926573426573427 1.377636298376776
mandatory 0.00043706293706293706 0.0
manipulated 0.00010926573426573427 3.1354942159291497
march 0.00010926573426573427 0.0
margin 0.0003277972027972028 0.017544309650909525
marked 0.00010926573426573427 2.953172659135195
market 0.00010926573426573427 1.911718784307034
match 0.00010926573426573427 0.0
max 0.00021853146853146853 0.0
may 0.00021853146853146853 0.0
media 0.00021853146853146853 0.0
mediawiki 0.0008741258741258741 0.0
memory 0.00010926573426573427 0.008733679968754631
memusage 0.00010926573426573427 0.008733679968754631
menu 0.01125437062937063 0.0
menus 0.0003277972027972028 3.1354942159291497
message 0.00021853146853146853 0.0
meta 0.0014204545454545455 0.0
michael 0.00010926573426573427 1.3109449238781037
microsoft 0.00010926573426573427 0.8531118302526235
microsoft_visual_basic_ 0.00010926573426573427 4.74493212836325
mike 0.00021853146853146853 1.911718784307034
min 0.00010926573426573427 0.12981161152199053
minerva 0.0007648601398601399 0.13976194237515863
minneapolis 0.00010926573426573427 4.051784947803305
miscellaneous 0.00010926573426573427 2.665490586683414
mobile 0.0003277972027972028 0.0
mobileaction 0.00010926573426573427 0.0
mobileview 0.00010926573426573427 0.0
modeler 0.00010926573426573427 4.74493212836325
module 0.00010926573426573427 0.0
modules 0.0003277972027972028 0.0
moment 0.00010926573426573427 3.6463198396951406
money 0.00021853146853146853 4.051784947803305
more 0.0017482517482517483 0.0
move 0.00010926573426573427 0.0
moved 0.00010926573426573427 0.0
ms 0.00010926573426573427 0.0
multi 0.00010926573426573427 0.8329091229351039
mw 0.029064685314685316 0.0
mw1431 0.00010926573426573427 3.6463198396951406
mw2386 0.00021853146853146853 4.051784947803305
mycontributions 0.00010926573426573427 0.0
mytalk 0.00010926573426573427 0.0
n 0.0015297202797202797 0.0
name 0.003605769230769231 0.0
namespaces 0.00010926573426573427 0.0
nasty 0.00010926573426573427 4.74493212836325
nav 0.0015297202797202797 0.0
navbar 0.00010926573426573427 0.06280090123903044
navigatable 0.00010926573426573427 4.74493212836325
navigation 0.0013111888111888112 0.0
navigationtiming 0.00010926573426573427 0.0
nearby 0.00010926573426573427 0.0
need 0.00021853146853146853 1.377636298376776
net 0.0003277972027972028 0.7195804376281008
never 0.00010926573426573427 2.03688192726104
new 0.0007648601398601399 0.14981227822866008
new_england_telephone_and_telegraph_company 0.00010926573426573427 4.74493212836325
newly 0.00010926573426573427 3.1354942159291497
newpp 0.00010926573426573427 0.0
no 0.0006555944055944056 0.0
node 0.00010926573426573427 0.0
nofollow 0.0003277972027972028 0.0
noicon 0.0005463286713286714 0.0
nojs 0.00010926573426573427 0.0
non 0.00010926573426573427 0.0
none 0.0009833916083916085 0.0
noprint 0.0003277972027972028 0.0
normal 0.00021853146853146853 0.0
noscript 0.00043706293706293706 0.0
nosnippet 0.00010926573426573427 0.0
not 0.0009833916083916085 0.0
notes 0.00021853146853146853 1.2185716037470886
notice 0.00010926573426573427 0.0
november 0.00010926573426573427 0.0
now 0.00021853146853146853 1.0072625100798818
ns 0.00021853146853146853 0.0
nstab 0.00010926573426573427 0.0
null 0.00010926573426573427 0.0
numb 0.001638986013986014 0.0
number 0.00010926573426573427 0.0
o 0.00043706293706293706 0.0
october 0.00021853146853146853 0.0
of 0.006337412587412587 0.0
offering 0.00010926573426573427 2.5477075510270306
offices 0.00010926573426573427 3.3586377672433594
often 0.00010926573426573427 1.486835590341768
og 0.00021853146853146853 0.0
ol 0.00021853146853146853 0.035401927050916
oldid 0.0003277972027972028 0.0
on 0.001201923076923077 0.0
once 0.00010926573426573427 2.03688192726104
one 0.00010926573426573427 0.42744401482693967
only 0.0006555944055944056 0.0
onto 0.00010926573426573427 2.4423470353692043
opensearch_desc 0.00010926573426573427 0.0
opensearchdescription 0.00010926573426573427 0.0
openvms 0.00021853146853146853 3.1354942159291497
opt 0.00010926573426573427 4.74493212836325
option 0.00010926573426573427 2.1058747987479913
options 0.0006555944055944056 0.0
or 0.0003277972027972028 0.0
order 0.00021853146853146853 1.1073459686368643
org 0.005026223776223776 0.0
organiser 0.00010926573426573427 0.9382696385929302
organization 0.0005463286713286714 0.0
origin 0.0005463286713286714 0.0
other 0.00043706293706293706 0.0
out 0.00021853146853146853 0.0
output 0.003387237762237762 0.0
over 0.00010926573426573427 0.9162907318741551
overflow 0.00021853146853146853 0.0
owned 0.00010926573426573427 4.051784947803305
p 0.010598776223776224 0.0
padding 0.00043706293706293706 0.017544309650909525
page 0.004916958041958042 0.0
pagelanguagecode 0.00010926573426573427 0.0
pagelanguagedir 0.00010926573426573427 0.0
pageprop 0.00010926573426573427 0.27902400970866637
pages 0.0007648601398601399 0.0
pagevariantfallbacks 0.00010926573426573427 0.0
panel 0.00043706293706293706 0.0
parameters 0.0009833916083916085 1.2791962255635234
parsed 0.00010926573426573427 0.0
parser 0.003605769230769231 0.0
past 0.00010926573426573427 0.0
patroltoken 0.00010926573426573427 0.0
pc 0.0003277972027972028 1.6094379124341003
pcache 0.00010926573426573427 0.0
pcs 0.00010926573426573427 2.665490586683414
pdf 0.00021853146853146853 0.0
pdp 0.0003277972027972028 2.5477075510270306
perform 0.00010926573426573427 1.5260563034950492
performance 0.00010926573426573427 1.486835590341768
permalink 0.00010926573426573427 0.0
permanent 0.00021853146853146853 0.0
personal 0.0005463286713286714 0.0
phoenix 0.00010926573426573427 3.3586377672433594
php 0.004261363636363636 0.0
pickett 0.00021853146853146853 4.74493212836325
pin 0.00021853146853146853 0.0
pinnable 0.0013111888111888112 0.0
pinned 0.0010926573426573427 0.0
pioneering 0.00010926573426573427 4.051784947803305
place 0.00010926573426573427 0.8737311174553593
placeholder 0.00010926573426573427 0.0
places 0.0009833916083916085 0.0
platform 0.00010926573426573427 0.5552773863368246
png 0.0010926573426573427 0.0
point 0.00010926573426573427 0.9162907318741551
polaroid 0.00021853146853146853 4.74493212836325
polaroid_corporation 0.00010926573426573427 4.74493212836325
policy 0.00021853146853146853 0.0
popularity 0.00010926573426573427 2.26002547857525
popups 0.00010926573426573427 0.0
port 0.00010926573426573427 2.4423470353692043
portal 0.0003277972027972028 0.0
ported 0.00021853146853146853 2.03688192726104
portlet 0.0030594405594405595 0.0
position 0.00010926573426573427 0.0
post 0.00021853146853146853 0.0
postexpandincludesize 0.00010926573426573427 0.0
powered 0.00010926573426573427 0.0
poweredby_mediawiki_132x47 0.00010926573426573427 0.0
poweredby_mediawiki_176x62 0.00010926573426573427 0.0
poweredby_mediawiki_88x31 0.00010926573426573427 0.0
poweredbyico 0.00010926573426573427 0.0
ppvisitednodes 0.00010926573426573427 0.0
precise 0.00010926573426573427 2.03688192726104
prefetch 0.00021853146853146853 0.0
preprocessor 0.00010926573426573427 0.0
presentation 0.00010926573426573427 0.6177977433181585
president 0.00010926573426573427 3.1354942159291497
preview 0.00010926573426573427 0.0
print 0.0003277972027972028 0.0
print_export 0.0003277972027972028 0.0
printable 0.0003277972027972028 0.0
printfooter 0.00010926573426573427 0.0
privacy 0.0003277972027972028 0.0
privacy_policy 0.00021853146853146853 0.0
problem 0.00010926573426573427 1.3109449238781037
procedural 0.00010926573426573427 1.0813704822336037
procedure 0.0027316433566433565 1.6094379124341003
procedures 0.0010926573426573427 1.5668782980153044
procedures_and_processes 0.00043706293706293706 4.74493212836325
process 0.0010926573426573427 0.9162907318741551
processes 0.0003277972027972028 1.8004931491968095
processing 0.00043706293706293706 0.8947845266531914
produce 0.00010926573426573427 1.7004096906398272
produced 0.00021853146853146853 1.9723434061234688
profit 0.00010926573426573427 0.0
program 0.0005463286713286714 0.41419878807691896
programming 0.0008741258741258741 0.0
programming_language 0.00010926573426573427 0.08149303425118301
progressive 0.0003277972027972028 0.0
progressively 0.00021853146853146853 4.051784947803305
projects 0.00021853146853146853 0.0
promoted 0.00010926573426573427 2.953172659135195
property 0.0003277972027972028 0.0
prototyping 0.00010926573426573427 3.1354942159291497
proved 0.00010926573426573427 2.7990219793079367
provide 0.00010926573426573427 0.9382696385929302
provides 0.00010926573426573427 0.9162907318741551
proving 0.00010926573426573427 3.6463198396951406
pt 0.0006555944055944056 0.0
pub 0.00010926573426573427 0.41419878807691896
published 0.00010926573426573427 0.3504829736908114
publisher 0.00021853146853146853 0.0
purchased 0.00010926573426573427 3.1354942159291497
push 0.0003277972027972028 0.0
q 0.0003277972027972028 0.0
q5169369 0.0007648601398601399 4.74493212836325
queries 0.00010926573426573427 2.953172659135195
query 0.0003277972027972028 1.0813704822336037
query_language 0.00010926573426573427 4.051784947803305
queue 0.00010926573426573427 3.1354942159291497
queues 0.00010926573426573427 3.3586377672433594
quick 0.00010926573426573427 0.0
quickly 0.00021853146853146853 2.4423470353692043
quiet 0.0006555944055944056 0.0
quotes 0.00010926573426573427 0.09097177820572679
r 0.00021853146853146853 0.0
r1066479718 0.00010926573426573427 0.21233263520999412
r1133582631 0.00021853146853146853 0.09097177820572679
raleigh 0.00010926573426573427 4.74493212836325
random 0.00021853146853146853 0.0
randomly 0.00010926573426573427 0.0
randompage 0.00010926573426573427 0.0
rapid 0.0003277972027972028 2.665490586683414
rapid_application_development 0.00021853146853146853 3.6463198396951406
rapidly 0.00010926573426573427 4.74493212836325
raw 0.00010926573426573427 0.0
re 0.00021853146853146853 0.0
read 0.0003277972027972028 0.0
ready 0.0017482517482517483 0.0
real 0.00010926573426573427 0.0
rebirth 0.00010926573426573427 4.74493212836325
received 0.00010926573426573427 2.3470368555648795
recent 0.0003277972027972028 0.0
recentchanges 0.0003277972027972028 0.0
recentchangeslinked 0.00021853146853146853 0.0
recognized 0.00010926573426573427 3.1354942159291497
recursion 0.00010926573426573427 0.0
red 0.00010926573426573427 0.09097177820572679
redirect 0.0007648601398601399 0.008733679968754631
reduced 0.00010926573426573427 0.0
references 0.0007648601398601399 0.008733679968754631
referencetooltips 0.00010926573426573427 0.0
referrer 0.0003277972027972028 0.0
refused 0.00010926573426573427 4.051784947803305
registered 0.00010926573426573427 0.0
registration 0.00021853146853146853 0.08149303425118301
rel 0.0021853146853146855 0.0
related 0.00021853146853146853 0.0
relational 0.00021853146853146853 2.4423470353692043
relational_database 0.00010926573426573427 4.74493212836325
relationships 0.00010926573426573427 3.1354942159291497
release 0.0003277972027972028 0.49643688631389105
released 0.0003277972027972028 1.0072625100798818
rendering 0.00010926573426573427 0.0
repeat 0.00043706293706293706 0.0721032939013439
replace 0.00010926573426573427 0.0
replacement 0.00010926573426573427 2.3470368555648795
report 0.0007648601398601399 0.0
reports 0.0006555944055944056 1.9723434061234688
repository 0.00010926573426573427 1.9723434061234688
require 0.00010926573426573427 0.0
required 0.00010926573426573427 1.1895840668738364
resourceloaderdynamicstyles 0.00010926573426573427 0.0
retrieved 0.00010926573426573427 0.0
returnto 0.00043706293706293706 0.0
revision 0.0003277972027972028 0.0
revisions 0.00010926573426573427 0.0
revive 0.00010926573426573427 4.74493212836325
rfr_id 0.00021853146853146853 0.10054122922187746
rft 0.0008741258741258741 0.10054122922187746
rft_val_fmt 0.00021853146853146853 0.10054122922187746
rgba 0.00010926573426573427 0.09097177820572679
right 0.0010926573426573427 0.0
rl 0.00010926573426573427 0.0
rlconf 0.00010926573426573427 0.0
rlpagemodules 0.00010926573426573427 0.0
rlq 0.0006555944055944056 0.0
rlstate 0.00010926573426573427 0.0
robots 0.00010926573426573427 0.0
robust 0.00010926573426573427 2.7990219793079367
role 0.0015297202797202797 0.0
rootpage 0.00010926573426573427 0.0
row 0.00021853146853146853 0.12981161152199053
rpt 0.00010926573426573427 4.74493212836325
rsd 0.00021853146853146853 0.0
rsx 0.00021853146853146853 3.6463198396951406
run 0.00043706293706293706 0.7018808605286999
running 0.00010926573426573427 1.4127276181880462
runs 0.00010926573426573427 1.749199854809259
runtime 0.00010926573426573427 1.1340142157190256
s 0.001201923076923077 0.0
s_heyday 0.00043706293706293706 4.74493212836325
sa 0.00021853146853146853 0.0
sameas 0.00021853146853146853 0.0
santoro 0.00010926573426573427 4.051784947803305
satisfactory 0.00010926573426573427 4.74493212836325
sav 0.0003277972027972028 4.74493212836325
save 0.00010926573426573427 2.3470368555648795
saved 0.00010926573426573427 0.0
saw 0.00010926573426573427 3.3586377672433594
schema 0.00021853146853146853 0.0
scope 0.00021853146853146853 0.11995931507897897
scr 0.00010926573426573427 4.74493212836325
screen 0.0010926573426573427 0.0
screens 0.0005463286713286714 2.953172659135195
scribunto 0.00010926573426573427 0.008733679968754631
script 0.0015297202797202797 0.0
scripts 0.00010926573426573427 0.0
scs 0.00010926573426573427 4.74493212836325
search 0.003605769230769231 0.0
searchbutton 0.00043706293706293706 0.0
searchform 0.00010926573426573427 0.0
searchinput 0.00010926573426573427 0.0
seconds 0.0003277972027972028 0.0
section 0.003277972027972028 0.0
seemed 0.00010926573426573427 4.051784947803305
selected 0.00043706293706293706 0.0
selection 0.00010926573426573427 2.26002547857525
selector 0.00010926573426573427 0.0
selflink 0.00010926573426573427 0.08149303425118301
send 0.00010926573426573427 2.26002547857525
sentences 0.00010926573426573427 0.0
separate 0.00021853146853146853 1.3109449238781037
separately 0.00021853146853146853 2.5477075510270306
september 0.00010926573426573427 0.0
server 0.00021853146853146853 1.3437347467010947
service 0.00010926573426573427 1.9723434061234688
set 0.0005463286713286714 0.0
setting 0.00021853146853146853 2.5477075510270306
sha1 0.00010926573426573427 0.10054122922187746
sharealike 0.00010926573426573427 0.0
sharealike_3 0.00010926573426573427 0.0
sharing 0.0003277972027972028 2.26002547857525
sherm 0.00010926573426573427 4.74493212836325
show 0.00043706293706293706 0.0
side 0.00021853146853146853 1.2791962255635234
sidebar 0.001201923076923077 0.0
significant 0.00021853146853146853 1.377636298376776
simple 0.00021853146853146853 0.6017974019717174
simplesearch 0.00010926573426573427 0.0
since 0.00010926573426573427 0.9162907318741551
sis 0.0003277972027972028 4.74493212836325
site 0.0006555944055944056 0.0
sitedir 0.00010926573426573427 0.0
sitelinks 0.00010926573426573427 0.0
sitenotice 0.00021853146853146853 0.0
sitesub 0.00010926573426573427 0.0
sitesupport 0.00010926573426573427 0.0
size 0.0007648601398601399 0.0
skin 0.0014204545454545455 0.0
skins 0.0006555944055944056 0.0
sloan 0.00010926573426573427 4.74493212836325
small 0.00021853146853146853 0.0721032939013439
so 0.00021853146853146853 0.8329091229351039
software 0.0003277972027972028 0.08149303425118301
software_developer 0.00010926573426573427 0.9382696385929302
software_release_life_cycle 0.00010926573426573427 0.7018808605286999
some 0.00021853146853146853 0.5108256237659907
sort 0.00010926573426573427 1.911718784307034
span 0.030157342657342656 0.0
special 0.002403846153846154 0.0
specialpages 0.00021853146853146853 0.0
specific 0.00010926573426573427 0.9837320126696876
specification 0.0005463286713286714 1.2484245668967697
spend 0.00010926573426573427 4.74493212836325
sql 0.0003277972027972028 1.377636298376776
src 0.0008741258741258741 0.0
srcset 0.00021853146853146853 0.0
stable 0.00010926573426573427 0.7195804376281008
standard 0.0003277972027972028 0.0
start 0.00021853146853146853 0.0
start_date 0.00021853146853146853 4.051784947803305
started 0.00021853146853146853 1.377636298376776
startup 0.00021853146853146853 0.0
state 0.00010926573426573427 1.3437347467010947
statement 0.00010926573426573427 0.0
static 0.0014204545454545455 0.0
statistics 0.00010926573426573427 0.0
stats 0.00010926573426573427 0.0
statslink 0.00010926573426573427 0.0
status 0.0005463286713286714 0.0
status_screen 0.00043706293706293706 4.74493212836325
stayed 0.00010926573426573427 4.74493212836325
step 0.00021853146853146853 1.6094379124341003
stephen 0.00021853146853146853 1.9723434061234688
sticky 0.00021853146853146853 0.0
still 0.00010926573426573427 1.1895840668738364
stopmobileredirecttoggle 0.00010926573426573427 0.0
stopped 0.00010926573426573427 3.1354942159291497
strength 0.00010926573426573427 3.3586377672433594
structure 0.0008741258741258741 1.1073459686368643
structured 0.00010926573426573427 0.0
structures 0.0005463286713286714 1.16141318990714
style 0.0014204545454545455 0.0
styles 0.0008741258741258741 0.0
stylesheet 0.00021853146853146853 0.0
subbox 0.00010926573426573427 0.21233263520999412
subheader 0.00010926573426573427 0.21233263520999412
subject 0.00010926573426573427 0.0
sublist 0.0018575174825174825 0.0
submit 0.00021853146853146853 0.0
subscription 0.00021853146853146853 0.09097177820572679
subsection 0.00021853146853146853 0.7195804376281008
subtitle 0.00010926573426573427 0.0
such 0.00010926573426573427 0.454472687214859
suggestededitsession 0.00010926573426573427 0.0
summary 0.00010926573426573427 0.19105523676270922
support 0.00043706293706293706 0.0
supported 0.00010926573426573427 0.9382696385929302
supporting 0.00010926573426573427 1.8545603704670854
svg 0.0006555944055944056 0.0
switcher 0.00010926573426573427 0.0
system 0.0008741258741258741 0.11020314013361425
systems 0.00043706293706293706 0.454472687214859
t 0.001201923076923077 0.0
tab 0.0005463286713286714 0.0
tabindex 0.00021853146853146853 0.0
table 0.0007648601398601399 0.0
tabs 0.00021853146853146853 0.0
tagline 0.0003277972027972028 0.0
tags 0.00010926573426573427 0.0
takes 0.00010926573426573427 1.7004096906398272
talk 0.00043706293706293706 0.0
target 0.00021853146853146853 0.0
targetloader 0.00010926573426573427 0.0
tasks 0.00021853146853146853 1.749199854809259
tb 0.0003277972027972028 0.0
tbody 0.00021853146853146853 0.044451762570833796
td 0.0008741258741258741 0.044451762570833796
technologies 0.00010926573426573427 1.486835590341768
telegraph 0.00010926573426573427 4.74493212836325
telephone 0.0003277972027972028 0.0
template 0.0017482517482517483 0.0
template_other 0.00021853146853146853 3.3586377672433594
templateargumentsize 0.00010926573426573427 0.0
templatestyles 0.0003277972027972028 0.017544309650909525
temple 0.00010926573426573427 4.74493212836325
tentative 0.00010926573426573427 4.74493212836325
terms 0.00021853146853146853 0.0
terms_of_use 0.00010926573426573427 0.0
tested 0.00010926573426573427 2.7990219793079367
text 0.0026223776223776225 0.0
text_of_the_creative_commons_attribution 0.00010926573426573427 0.0
th 0.0006555944055944056 0.11995931507897897
than 0.00010926573426573427 0.6340582641899388
that 0.0008741258741258741 0.18058393689541388
the 0.01256555944055944 0.0
the_beginning_of_the_end_for_corvision 0.00043706293706293706 4.74493212836325
the_birth_of_corvision 0.00043706293706293706 4.74493212836325
their 0.00010926573426573427 0.7559480817989758
then 0.00021853146853146853 0.6017974019717174
therefore 0.00010926573426573427 1.749199854809259
these 0.0005463286713286714 0.6340582641899388
they 0.0005463286713286714 0.7195804376281008
third 0.00010926573426573427 1.377636298376776
this 0.003605769230769231 0.0
three 0.00010926573426573427 1.16141318990714
throughout 0.00010926573426573427 2.953172659135195
throw 0.00010926573426573427 3.6463198396951406
thumbnail 0.00010926573426573427 0.0
thus 0.00010926573426573427 1.0313600616589422
time 0.0015297202797202797 0.0
timestamp 0.00021853146853146853 0.0
timeusage 0.00010926573426573427 0.008733679968754631
timingprofile 0.00010926573426573427 0.0
title 0.015625 0.0
titlebar 0.0008741258741258741 0.0
titleform 0.00010926573426573427 0.0
to 0.006337412587412587 0.0
toc 0.01791958041958042 0.0
together 0.00021853146853146853 1.8004931491968095
toggle 0.0014204545454545455 0.0
toggle_view_mobile 0.00010926573426573427 0.0
tokens 0.00010926573426573427 0.0
too 0.00010926573426573427 1.6538896750049343
tool 0.0006555944055944056 1.1073459686368643
toolbar 0.0003277972027972028 0.0
tools 0.0010926573426573427 0.0
top 0.00021853146853146853 0.0
total 0.00021853146853146853 0.0
touch 0.00021853146853146853 0.0
tr 0.0010926573426573427 0.044451762570833796
traced 0.00010926573426573427 4.051784947803305
trademark 0.00010926573426573427 0.0
training 0.00021853146853146853 3.1354942159291497
transclusion 0.00010926573426573427 0.0
transientcontent 0.00010926573426573427 0.0
transparent 0.00010926573426573427 0.06280090123903044
triggered 0.00010926573426573427 0.0
true 0.002513111888111888 0.0
trust 0.00010926573426573427 4.051784947803305
ttl 0.00010926573426573427 0.0
two 0.00010926573426573427 0.6505875661411494
type 0.003277972027972028 0.0
types 0.0003277972027972028 0.7375989431307791
u 0.00021853146853146853 0.0
uchill 0.00010926573426573427 4.74493212836325
ui 0.006446678321678322 0.0
ul 0.009833916083916084 0.0
uls 0.0006555944055944056 0.0
under 0.00021853146853146853 0.0
understand 0.00010926573426573427 3.1354942159291497
unix 0.0003277972027972028 1.449095262358921
unpin 0.00021853146853146853 0.0
unpinned 0.00021853146853146853 0.0
unreferenced 0.00010926573426573427 4.74493212836325
unresolved 0.00010926573426573427 4.051784947803305
unstrip 0.00043706293706293706 0.0
up 0.00010926573426573427 0.8947845266531914
updated 0.00010926573426573427 0.41419878807691896
updating 0.00010926573426573427 2.953172659135195
upgrade 0.00010926573426573427 3.1354942159291497
upload 0.0009833916083916085 0.0
upon 0.00010926573426573427 1.9723434061234688
url 0.0008741258741258741 0.0
us 0.00021853146853146853 0.0
usage 0.00043706293706293706 0.0
use 0.0005463286713286714 0.0
used 0.0008741258741258741 0.19105523676270922
useful 0.00010926573426573427 1.5668782980153044
uselang 0.00010926573426573427 0.0
user 0.0031687062937062935 0.0
useradd 0.00021853146853146853 0.0
userlogin 0.00021853146853146853 0.0
users 0.00043706293706293706 0.9382696385929302
using 0.00043706293706293706 0.0
usually 0.00021853146853146853 1.6538896750049343
utc 0.00010926573426573427 0.0
utf 0.00010926573426573427 0.0
utility 0.00010926573426573427 2.1799827709017134
utm_campaign 0.00010926573426573427 0.0
utm_medium 0.00010926573426573427 0.0
utm_source 0.00010926573426573427 0.0
v5 0.00021853146853146853 4.74493212836325
value 0.0014204545454545455 0.0
values 0.00010926573426573427 0.9837320126696876
var 0.00021853146853146853 0.0
variant 0.00010926573426573427 0.0
variants 0.0006555944055944056 0.0
vary 0.00010926573426573427 0.10054122922187746
vax 0.0005463286713286714 2.7990219793079367
ve 0.00010926573426573427 0.0
vector 0.03299825174825175 0.0
version 0.0006555944055944056 0.0
very 0.00021853146853146853 0.9607424944449889
vesting 0.0006555944055944056 4.74493212836325
vevent 0.00010926573426573427 0.22314355131420976
view 0.0009833916083916085 0.0
viewport 0.00010926573426573427 0.0
views 0.0003277972027972028 0.0
visible 0.00010926573426573427 0.09097177820572679
visit 0.00021853146853146853 0.0
visited 0.00010926573426573427 0.0
visual 0.0003277972027972028 0.9607424944449889
visual_basic 0.00010926573426573427 3.3586377672433594
visualeditor 0.00043706293706293706 0.0
vms 0.00043706293706293706 3.1354942159291497
vue 0.00021853146853146853 0.0
w 0.004261363636363636 0.0
walltime 0.00010926573426573427 0.0
warner 0.00010926573426573427 4.051784947803305
was 0.0014204545454545455 0.0
watchlist 0.00010926573426573427 0.0
watchtoken 0.00010926573426573427 0.0
wb 0.00021853146853146853 0.0
wbc 0.00010926573426573427 0.0
web 0.00010926573426573427 0.09097177820572679
website 0.00021853146853146853 0.0
weight 0.00010926573426573427 0.05358424613410626
were 0.00010926573426573427 0.6844891178168307
wgaction 0.00010926573426573427 0.0
wgarticleid 0.00010926573426573427 0.0
wgbackendresponsetime 0.00010926573426573427 0.0
wgbreakframes 0.00010926573426573427 0.0
wgcanonicalnamespace 0.00010926573426573427 0.0
wgcanonicalspecialpagename 0.00010926573426573427 0.0
wgcategories 0.00010926573426573427 0.0
wgcentralauthmobiledomain 0.00010926573426573427 0.0
wgcspnonce 0.00010926573426573427 0.0
wgcurrevisionid 0.00010926573426573427 0.0
wgdefaultdateformat 0.00010926573426573427 0.0
wgdigittransformtable 0.00010926573426573427 0.0
wgeditsubmitbuttonlabelpublish 0.00010926573426573427 0.0
wgflaggedrevsparams 0.00010926573426573427 0.0
wggestructuredtaskrejectionreasontextinputenabled 0.00010926573426573427 0.0
wggetopicsmatchmodeenabled 0.00010926573426573427 0.0
wghostname 0.00010926573426573427 0.0
wgisarticle 0.00010926573426573427 0.0
wgisprobablyeditable 0.00010926573426573427 0.0
wgisredirect 0.00010926573426573427 0.0
wgmediaviewerenabledbydefault 0.00010926573426573427 0.0
wgmediavieweronclick 0.00010926573426573427 0.0
wgmfdisplaywikibasedescriptions 0.00010926573426573427 0.0
wgmonthnames 0.00010926573426573427 0.0
wgnamespacenumber 0.00010926573426573427 0.0
wgnoticeproject 0.00010926573426573427 0.0
wgpagecontentlanguage 0.00010926573426573427 0.0
wgpagecontentmodel 0.00010926573426573427 0.0
wgpagename 0.00010926573426573427 0.0
wgpageparsereport 0.00010926573426573427 0.0
wgpopupsflags 0.00010926573426573427 0.0
wgrelevantarticleid 0.00010926573426573427 0.0
wgrelevantpageisprobablyeditable 0.00010926573426573427 0.0
wgrelevantpagename 0.00010926573426573427 0.0
wgrequestid 0.00010926573426573427 0.0
wgrestrictionedit 0.00010926573426573427 0.0
wgrestrictionmove 0.00010926573426573427 0.0
wgrevisionid 0.00010926573426573427 0.0
wgseparatortransformtable 0.00010926573426573427 0.0
wgtitle 0.00010926573426573427 0.0
wgulscurrentautonym 0.00010926573426573427 0.0
wgulsiscompactlinksenabled 0.00010926573426573427 0.0
wgulsislanguageselectorempty 0.00010926573426573427 0.0
wgulsposition 0.00010926573426573427 0.0
wgusergroups 0.00010926573426573427 0.0
wgusername 0.00010926573426573427 0.0
wgvector2022previewpages 0.00010926573426573427 0.0
wgvisualeditor 0.00010926573426573427 0.0
wgwikibaseitemid 0.00010926573426573427 0.0
wgwmepagelength 0.00010926573426573427 0.0
wgwmeschemaeditattemptstepoversample 0.00010926573426573427 0.0
what 0.00021853146853146853 0.0
whatlinkshere 0.00021853146853146853 0.0
when 0.0005463286713286714 0.0
where 0.00021853146853146853 0.9382696385929302
which 0.0008741258741258741 0.3022808718729337
wide 0.00043706293706293706 2.03688192726104
widely 0.00010926573426573427 1.6538896750049343
width 0.0017482517482517483 0.0
wiki 0.008631993006993006 0.0
wikibase 0.00043706293706293706 0.0
wikidata 0.0008741258741258741 0.0
wikimedia 0.003715034965034965 0.0
wikimediabadges 0.00021853146853146853 0.0
wikimediaevents 0.00010926573426573427 0.0
wikimediafoundation 0.00021853146853146853 0.0
wikipedia 0.006555944055944056 0.0
wikisource 0.00010926573426573427 0.09097177820572679
wikitext 0.00010926573426573427 0.0
wikt 0.0003277972027972028 3.1354942159291497
wiktionary 0.00021853146853146853 2.953172659135195
will 0.00010926573426573427 0.9607424944449889
window 0.0003277972027972028 0.0
with 0.0006555944055944056 0.0
within 0.0003277972027972028 1.0072625100798818
without 0.00010926573426573427 0.9162907318741551
wmf 0.0003277972027972028 0.0
word 0.00021853146853146853 0.05358424613410626
wordmark 0.00021853146853146853 0.0
work 0.00010926573426573427 0.9607424944449889
working 0.00010926573426573427 1.1895840668738364
works 0.00010926573426573427 0.0
wp 0.00010926573426573427 3.3586377672433594
wpformidentifier 0.00010926573426573427 0.0
wrap 0.00010926573426573427 0.06280090123903044
written 0.00010926573426573427 0.44086703515908027
ws 0.00010926573426573427 0.09097177820572679
www 0.0013111888111888112 0.0
x 0.0003277972027972028 0.0
xml 0.0003277972027972028 0.0
y 0.00021853146853146853 0.0
y2k 0.0003277972027972028 3.3586377672433594
yes 0.00010926573426573427 0.0
yet 0.00010926573426573427 1.8004931491968095
york 0.00010926573426573427 2.3470368555648795
you 0.0007648601398601399 0.0
z 0.00021853146853146853 0.0
z39 0.00021853146853146853 0.10054122922187746
z3988 0.00021853146853146853 0.10054122922187746
