0 0.006876451568832825 0.0
00 9.107882872626258e-05 0.0
000 9.107882872626258e-05 0.0
01 9.107882872626258e-05 0.008733679968754631
02 0.00018215765745252516 0.0
03 9.107882872626258e-05 0.017544309650909525
039 0.00018215765745252516 0.22314355131420976
03t13 9.107882872626258e-05 0.0
04 4.553941436313129e-05 0.017544309650909525
05 0.00018215765745252516 0.0
05z 9.107882872626258e-05 0.0
07 9.107882872626258e-05 0.0
08 0.00013661824308939388 0.0
0_unported_license 4.553941436313129e-05 0.0
0x2c 4.553941436313129e-05 0.0
0x3e8 4.553941436313129e-05 0.0
1 0.004827177922491916 0.0
10 0.00027323648617878776 0.0
100 0.0013206430165308074 0.0
1000 9.107882872626258e-05 0.0
1000000 9.107882872626258e-05 0.0
100px 4.553941436313129e-05 0.0
1024 4.553941436313129e-05 1.8004931491968095
103 4.553941436313129e-05 0.14981227822866008
10px 0.000318775900541919 0.0
11 9.107882872626258e-05 0.008733679968754631
112 9.107882872626258e-05 0.0
1131289580 0.000318775900541919 0.0
114 0.00018215765745252516 0.2340726218464
117 4.553941436313129e-05 0.0
12 9.107882872626258e-05 0.008733679968754631
125em 0.00022769707181565646 0.0
127 4.553941436313129e-05 0.11020314013361425
128 9.107882872626258e-05 0.0
12px 9.107882872626258e-05 0.0
12s5i 4.553941436313129e-05 0.0
13 0.00022769707181565646 0.0
133 4.553941436313129e-05 0.008733679968754631
1376 4.553941436313129e-05 0.0
14 4.553941436313129e-05 0.008733679968754631
15 0.00013661824308939388 0.0
150 9.107882872626258e-05 0.0
1590590416 0.00018215765745252516 0.0
16 0.0003643153149050503 0.0
160 0.0005464729723575755 0.2340726218464
16px 9.107882872626258e-05 0.0
17 0.00022769707181565646 0.0
177 9.107882872626258e-05 0.0
18 0.00013661824308939388 0.0
180 9.107882872626258e-05 0.2340726218464
1814400 9.107882872626258e-05 0.0
185 9.107882872626258e-05 0.10054122922187746
18px 4.553941436313129e-05 0.0
19 9.107882872626258e-05 0.0
1em 0.000318775900541919 0.0
1px 0.00027323648617878776 0.0
1x1 4.553941436313129e-05 0.0
2 0.001730497745798989 0.0
20 9.107882872626258e-05 0.0
20000 4.553941436313129e-05 0.0
2002 0.00018215765745252516 0.0
2004 0.000318775900541919 0.06280090123903044
2005 4.553941436313129e-05 0.0
2009 9.107882872626258e-05 0.0
2010 4.553941436313129e-05 0.008733679968754631
2011 9.107882872626258e-05 0.0
2017 0.00018215765745252516 0.0
2019 4.553941436313129e-05 0.0
2020 4.553941436313129e-05 0.0
2022 0.00022769707181565646 0.0
2023 0.00013661824308939388 0.0
20230314045117 0.00013661824308939388 0.0
2097152 0.00018215765745252516 0.0
21 0.00018215765745252516 0.0
2147221892 9.107882872626258e-05 0.0
22 0.0004553941436313129 0.0
222 9.107882872626258e-05 0.0
22common 0.00027323648617878776 0.0
234 9.107882872626258e-05 0.0
238px 4.553941436313129e-05 0.0
23px 0.00013661824308939388 0.0
24px 4.553941436313129e-05 0.0
25 0.00013661824308939388 0.0
255 4.553941436313129e-05 0.044451762570833796
25em 0.0010018671159888885 0.0
26 0.000318775900541919 0.0
26pg 4.553941436313129e-05 0.0
26q 4.553941436313129e-05 0.0
26t05 9.107882872626258e-05 0.0
26threatid 4.553941436313129e-05 0.0
27 9.107882872626258e-05 0.0
28cli 4.553941436313129e-05 0.0
28il 4.553941436313129e-05 0.0
29 0.00018215765745252516 0.0
2b 0.00027323648617878776 0.8531118302526235
2bis 4.553941436313129e-05 0.0
2bplatform 4.553941436313129e-05 0.0
2c 9.107882872626258e-05 0.8531118302526235
2cicon 4.553941436313129e-05 0.0
2cstyles 4.553941436313129e-05 0.0
2cwikimediabadges 4.553941436313129e-05 0.0
2em 9.107882872626258e-05 0.0
2f 0.00027323648617878776 0.0
2f04 4.553941436313129e-05 0.0
2f2010 4.553941436313129e-05 0.0
2fbooks 9.107882872626258e-05 0.0
2fcil 4.553941436313129e-05 0.0
2fcli 4.553941436313129e-05 0.0
2fdocs 4.553941436313129e-05 0.0
2fdotnet 4.553941436313129e-05 0.0
2fecma 9.107882872626258e-05 0.0
2fen 0.0004098547292681816 0.0
2ffiles 4.553941436313129e-05 0.0
2ffmt 0.000318775900541919 0.0
2fmalware 4.553941436313129e-05 0.0
2fmanaged 4.553941436313129e-05 0.0
2fmsil 4.553941436313129e-05 0.0
2fpublications 4.553941436313129e-05 0.0
2fskypecracker 9.107882872626258e-05 0.0
2fstandard 4.553941436313129e-05 0.0
2fthreats 4.553941436313129e-05 0.0
2fvisualcplusdotnet1 4.553941436313129e-05 0.0
2fwdsi 4.553941436313129e-05 0.0
2fwhat 4.553941436313129e-05 0.0
2fwww 0.00018215765745252516 0.0
2px 0.00027323648617878776 0.0
2x 0.000318775900541919 0.0
3 0.0013661824308939387 0.0
30em 4.553941436313129e-05 0.0
31 9.107882872626258e-05 0.008733679968754631
3125em 4.553941436313129e-05 0.0
31px 9.107882872626258e-05 0.0
32 9.107882872626258e-05 0.0
335 0.00027323648617878776 0.0
364 9.107882872626258e-05 0.0
36c 4.553941436313129e-05 0.0
37 0.00018215765745252516 0.0
383 9.107882872626258e-05 0.0
39 0.0004098547292681816 0.035401927050916
399 4.553941436313129e-05 1.1340142157190256
39z 9.107882872626258e-05 0.0
3a 0.000318775900541919 0.09097177820572679
3a3 4.553941436313129e-05 0.0
3abook 0.00027323648617878776 0.0
3acommon 0.000318775900541919 0.0
3ajournal 4.553941436313129e-05 0.0
3akev 0.000318775900541919 0.0
3amsil 9.107882872626258e-05 0.0
3amtx 0.000318775900541919 0.0
3aofi 0.000318775900541919 0.0
3asid 0.000318775900541919 0.0
3d 4.553941436313129e-05 0.20163734609324613
3dcil 4.553941436313129e-05 0.0
3dhacktool 4.553941436313129e-05 0.0
3dpa15 4.553941436313129e-05 0.0
3dvgt1_ujzjm0c 4.553941436313129e-05 0.0
3em 9.107882872626258e-05 0.0
3fid 4.553941436313129e-05 0.0
3fname 4.553941436313129e-05 0.0
3px 9.107882872626258e-05 0.0
4 0.0005464729723575755 0.0
40 4.553941436313129e-05 0.017544309650909525
400 9.107882872626258e-05 0.0
437 9.107882872626258e-05 0.0
44 4.553941436313129e-05 0.0
46004 0.00013661824308939388 0.0
467 9.107882872626258e-05 0.0
477 9.107882872626258e-05 0.0
4a 0.00013661824308939388 0.1599646496926782
4b46 4.553941436313129e-05 0.0
4c 4.553941436313129e-05 4.74493212836325
4em 0.00013661824308939388 0.0
4px 9.107882872626258e-05 0.0
5 0.000637551801083838 0.0
50 0.00013661824308939388 0.0
500 9.107882872626258e-05 0.0
5000000 9.107882872626258e-05 0.0
50px 4.553941436313129e-05 0.0
51 9.107882872626258e-05 0.0
512 4.553941436313129e-05 0.8131064956389242
5189587 9.107882872626258e-05 0.0
52428800 9.107882872626258e-05 0.0
52px 4.553941436313129e-05 0.0
58 9.107882872626258e-05 0.0
59701 9.107882872626258e-05 0.0
5em 0.0004553941436313129 0.0
5x 0.000318775900541919 0.11020314013361425
6 0.0004553941436313129 0.0
64 9.107882872626258e-05 0.0
65 4.553941436313129e-05 0.02643325706815543
667 9.107882872626258e-05 0.0
6em 4.553941436313129e-05 0.0
7 0.00027323648617878776 0.0
719 9.107882872626258e-05 0.0
720px 9.107882872626258e-05 0.0
73045 9.107882872626258e-05 0.0
736 9.107882872626258e-05 0.0
75px 4.553941436313129e-05 0.0
777 9.107882872626258e-05 0.0
79c71875f741 4.553941436313129e-05 0.0
7cext 0.00013661824308939388 0.0
7cjquery 4.553941436313129e-05 0.0
7cmediawiki 4.553941436313129e-05 0.0
7cskins 4.553941436313129e-05 0.0
7cwikibase 4.553941436313129e-05 0.0
7em 4.553941436313129e-05 0.0
8 0.00013661824308939388 0.008733679968754631
80 0.0003643153149050503 0.0
8125em 4.553941436313129e-05 0.0
823 9.107882872626258e-05 0.0
84 0.00018215765745252516 0.02643325706815543
841c 4.553941436313129e-05 0.0
84_ 4.553941436313129e-05 0.0
85 0.00027323648617878776 0.0
86 9.107882872626258e-05 0.017544309650909525
86_ 4.553941436313129e-05 0.0
88 0.0005920123867207067 0.035401927050916
893b 4.553941436313129e-05 0.0
8a 4.553941436313129e-05 0.0
8c 4.553941436313129e-05 0.7195804376281008
8c_ 4.553941436313129e-05 0.0
9 0.0004553941436313129 0.0
90 0.00013661824308939388 0.0
91 0.000318775900541919 0.035401927050916
93 0.0003643153149050503 0.13976194237515863
94 9.107882872626258e-05 0.05358424613410626
95 4.553941436313129e-05 0.09097177820572679
96 0.0004098547292681816 0.0
97 4.553941436313129e-05 0.11020314013361425
978 0.00027323648617878776 0.0
9781590598849 0.00018215765745252516 0.0
99 0.00013661824308939388 0.08149303425118301
9932cc 4.553941436313129e-05 0.0
9a 0.00013661824308939388 0.0
9e 9.107882872626258e-05 0.0
9px 0.00013661824308939388 0.0
_ 4.553941436313129e-05 0.044451762570833796
__stdcall 4.553941436313129e-05 0.0
_c 0.00022769707181565646 0.0
_libraries_and_frameworks 4.553941436313129e-05 0.0
_world 4.553941436313129e-05 0.09097177820572679
a 0.03406348194362221 0.0
a0 9.107882872626258e-05 0.3504829736908114
a2a9b1 0.00013661824308939388 0.0
a2c50530 4.553941436313129e-05 0.0
a4 4.553941436313129e-05 0.0
a7 0.00027323648617878776 0.3504829736908114
a8 0.00027323648617878776 0.0
a9 9.107882872626258e-05 0.0
a9_ 9.107882872626258e-05 0.0
a_sharp_ 4.553941436313129e-05 1.1895840668738364
aa 0.00018215765745252516 0.2340726218464
abbr 0.000637551801083838 0.0
ability 4.553941436313129e-05 0.0
about 0.0005009335579944442 0.0
aboutsite 4.553941436313129e-05 0.0
abovebelow 0.00027323648617878776 0.0
absolute 4.553941436313129e-05 0.035401927050916
acc 4.553941436313129e-05 1.8004931491968095
access 9.107882872626258e-05 0.0
accessdate 0.00018215765745252516 0.0
accesses 4.553941436313129e-05 0.0
accesskey 0.0008652488728994945 0.0
accomplish 4.553941436313129e-05 0.0
account 0.00018215765745252516 0.0
across 4.553941436313129e-05 0.0
action 0.0016849583314358578 0.0
actions 9.107882872626258e-05 0.0
ad 0.00018215765745252516 0.11020314013361425
add 0.0005920123867207067 0.0
adding 4.553941436313129e-05 0.0
additional 0.0003643153149050503 0.0
address 0.00018215765745252516 0.0
adds 4.553941436313129e-05 0.0
ado 0.00013661824308939388 0.0
adorn 4.553941436313129e-05 0.0
af 4.553941436313129e-05 0.0
af_trung_gian_d 4.553941436313129e-05 0.0
after 0.0008197094585363632 0.02643325706815543
again 4.553941436313129e-05 0.0
agree 4.553941436313129e-05 0.0
ahead 0.0005009335579944442 0.0
ajax 9.107882872626258e-05 0.0
alert 0.00018215765745252516 0.11995931507897897
align 0.0003643153149050503 0.0721032939013439
all 0.00022769707181565646 0.0
all_articles_needing_additional_references 4.553941436313129e-05 0.0
allocation 4.553941436313129e-05 0.0721032939013439
allows 9.107882872626258e-05 0.0
alpha 0.00018215765745252516 0.14981227822866008
also 0.0004553941436313129 0.0
alt 0.0005464729723575755 0.0
alternate 0.00013661824308939388 0.14981227822866008
ambox 0.00141172184525707 0.0
amp 0.006284439182112118 0.18058393689541388
an 0.0004098547292681816 0.0
and 0.002550207204335352 0.0
andrew 9.107882872626258e-05 0.0
anon 9.107882872626258e-05 0.0
anoncontribs 4.553941436313129e-05 0.0
anontalk 4.553941436313129e-05 0.0
anonymous 4.553941436313129e-05 0.12981161152199053
another 4.553941436313129e-05 0.0
any 0.00013661824308939388 0.0
aot 0.00018215765745252516 0.0
api 4.553941436313129e-05 0.14981227822866008
apple 9.107882872626258e-05 0.13976194237515863
application 0.0005009335579944442 0.0
application_domain 4.553941436313129e-05 0.0
applications 4.553941436313129e-05 0.0
apply 4.553941436313129e-05 0.0
approach 4.553941436313129e-05 0.0
appropriately 4.553941436313129e-05 0.0
apress 9.107882872626258e-05 0.0
april 9.107882872626258e-05 0.0
ar 0.00022769707181565646 0.5108256237659907
arabic 4.553941436313129e-05 0.0
architecture 9.107882872626258e-05 0.0
are 0.0007741700441732319 0.0
args 9.107882872626258e-05 0.0
argument 0.00013661824308939388 0.0
aria 0.0014572612596202013 0.0
arithmetic 0.00013661824308939388 0.0
article 0.0005464729723575755 0.0
articles 0.0004553941436313129 0.0
articles_needing_additional_references_from_november_2017 4.553941436313129e-05 0.0
articles_with_short_description 4.553941436313129e-05 0.0
as 0.0008197094585363632 0.0
as_eq 4.553941436313129e-05 0.0
asm 4.553941436313129e-05 0.11995931507897897
asp 0.0006830912154469693 0.0
aspx 4.553941436313129e-05 0.0
assembled 4.553941436313129e-05 0.0
assembler 0.00013661824308939388 0.0
assembly 0.000956327701625757 0.0
assembly_ 9.107882872626258e-05 0.0
assembly_languages 4.553941436313129e-05 0.0
associated 9.107882872626258e-05 0.035401927050916
async 0.00022769707181565646 0.37548427589622857
at 0.00027323648617878776 0.0
atitle 4.553941436313129e-05 0.0
atom 0.00013661824308939388 0.11995931507897897
attribute 4.553941436313129e-05 0.0
attributes 9.107882872626258e-05 0.0
attribution 4.553941436313129e-05 0.0
aufirst 9.107882872626258e-05 0.0
august 4.553941436313129e-05 0.035401927050916
aulast 9.107882872626258e-05 0.0
author 9.107882872626258e-05 0.02643325706815543
auto 9.107882872626258e-05 0.035401927050916
autocapitalize 4.553941436313129e-05 0.0
autocollapse 9.107882872626258e-05 0.0
autostart 4.553941436313129e-05 0.0
available 9.107882872626258e-05 0.0
avoid 9.107882872626258e-05 0.19105523676270922
axum 9.107882872626258e-05 0.0
axum_ 4.553941436313129e-05 1.6094379124341003
b 0.0015483400883464639 0.017544309650909525
b0 4.553941436313129e-05 0.3504829736908114
b1 9.107882872626258e-05 0.3504829736908114
b2 4.553941436313129e-05 0.7195804376281008
b3 9.107882872626258e-05 0.0
b32424 9.107882872626258e-05 0.0
b4 0.00013661824308939388 0.0
b4n_ng 4.553941436313129e-05 0.0
b5 4.553941436313129e-05 0.0
b5_ 4.553941436313129e-05 0.0
b7 4.553941436313129e-05 0.3504829736908114
b8 0.00018215765745252516 0.0
b9 4.553941436313129e-05 0.0
b9ng_chung 4.553941436313129e-05 0.0
ba 4.553941436313129e-05 0.0
background 0.0010018671159888885 0.2340726218464
backlink 0.00027323648617878776 0.0
bahasa 4.553941436313129e-05 0.11020314013361425
based 0.00022769707181565646 0.0
basic 0.0005920123867207067 0.0
bb 4.553941436313129e-05 0.0
bdi 0.00018215765745252516 0.0
be 0.000637551801083838 0.0
because 9.107882872626258e-05 0.0
before 0.0006830912154469693 0.017544309650909525
beginners 4.553941436313129e-05 0.09097177820572679
below 4.553941436313129e-05 0.0
benefits 9.107882872626258e-05 0.0
beta 4.553941436313129e-05 0.0
better 4.553941436313129e-05 0.0
binaries 4.553941436313129e-05 0.0
binary 0.00018215765745252516 0.0
bks 9.107882872626258e-05 0.0
bkt 4.553941436313129e-05 0.0
blend 9.107882872626258e-05 0.0
block 9.107882872626258e-05 0.044451762570833796
blt 9.107882872626258e-05 0.0
bock 9.107882872626258e-05 0.0
body 0.0004098547292681816 0.11995931507897897
bodycontent 9.107882872626258e-05 0.0
bold 4.553941436313129e-05 0.21233263520999412
boo 9.107882872626258e-05 0.0
boo_ 4.553941436313129e-05 0.0
book 0.00018215765745252516 0.0721032939013439
books 0.00013661824308939388 0.0
booksources 0.00018215765745252516 0.0
bootstrap 4.553941436313129e-05 0.0
border 0.0015483400883464639 0.7936884097818228
both 4.553941436313129e-05 0.008733679968754631
bottom 0.00018215765745252516 0.12981161152199053
box 0.000956327701625757 0.0
boxtext 4.553941436313129e-05 0.0
br 0.00013661824308939388 0.0
bracket 0.0016394189170727265 0.3141153295199365
brackets 9.107882872626258e-05 0.11995931507897897
brake 4.553941436313129e-05 0.0
branch 4.553941436313129e-05 0.02643325706815543
branch_ 4.553941436313129e-05 0.0
branching 4.553941436313129e-05 0.0
break 0.00013661824308939388 0.19105523676270922
brfalse 4.553941436313129e-05 0.0
browsing 4.553941436313129e-05 0.27902400970866637
btitle 0.00027323648617878776 0.0
btn 0.00027323648617878776 0.0
but 0.00013661824308939388 0.0
button 0.0016394189170727265 0.0
buttons 4.553941436313129e-05 0.0
by 0.0005920123867207067 0.0
byte 4.553941436313129e-05 0.0
bytecode 0.0005920123867207067 0.0
bytecodes 0.00018215765745252516 0.0
bytes 0.00022769707181565646 0.0
c 0.0013661824308939387 0.0
c1 0.0011840247734414134 0.9382696385929302
c13_en 4.553941436313129e-05 0.0
c3 9.107882872626258e-05 0.0
c_intermediate_language 4.553941436313129e-05 0.0
c_sharp_ 9.107882872626258e-05 1.0560526742493137
ca 0.0005464729723575755 0.035401927050916
cache 0.00018215765745252516 0.0
cached 4.553941436313129e-05 0.0
cachereport 4.553941436313129e-05 0.0
cactions 0.00027323648617878776 0.0
call 0.0003643153149050503 0.0
callconvcdecl 4.553941436313129e-05 0.0
callconvstdcall 4.553941436313129e-05 0.0
callconvthiscall 4.553941436313129e-05 0.0
called 0.00022769707181565646 0.0
calli 4.553941436313129e-05 0.0
calls 4.553941436313129e-05 0.0
campaigns 4.553941436313129e-05 0.0
can 0.0004553941436313129 0.0
canonical 9.107882872626258e-05 0.0
cantonese 4.553941436313129e-05 0.0
caps 4.553941436313129e-05 0.0
car 0.0005009335579944442 0.0
catalan 4.553941436313129e-05 0.3629054936893685
català 4.553941436313129e-05 0.0
categories 9.107882872626258e-05 0.0
category 0.0010018671159888885 0.0
catlinks 0.00027323648617878776 0.0
cats 4.553941436313129e-05 0.0
cc163808 4.553941436313129e-05 0.0
ccf 4.553941436313129e-05 1.0560526742493137
cell 4.553941436313129e-05 0.21233263520999412
center 0.0003643153149050503 0.02643325706815543
centralauth 9.107882872626258e-05 0.0
centralautologin 9.107882872626258e-05 0.0
centralnotice 0.00013661824308939388 0.0
challenged 4.553941436313129e-05 0.0
change 4.553941436313129e-05 0.0
changes 0.00018215765745252516 0.02643325706815543
charinsert 4.553941436313129e-05 0.0
charset 4.553941436313129e-05 0.0
checkbox 0.0015483400883464639 0.0
child 0.001092945944715151 0.21233263520999412
chinese 4.553941436313129e-05 0.19105523676270922
chung 4.553941436313129e-05 0.0
cil 0.0024591283756090895 0.0
citation 0.0006830912154469693 0.017544309650909525
citations 9.107882872626258e-05 0.0
cite 0.0012295641878045447 0.0
cite_note 0.0005464729723575755 0.0
cite_ref 0.0005464729723575755 0.0
cite_web 9.107882872626258e-05 0.0
citerefbock2002 4.553941436313129e-05 0.0
citereftroelsen2009 4.553941436313129e-05 0.0
citethispage 4.553941436313129e-05 0.0
class 0.08479438954415046 0.0
classes 0.00022769707181565646 0.0
classname 0.00013661824308939388 0.0
clear 4.553941436313129e-05 0.11020314013361425
cli 0.0018215765745252517 0.0
clickonce 0.00013661824308939388 0.0
client 0.00027323648617878776 0.0
clr 0.00013661824308939388 0.0
clr_profiler 4.553941436313129e-05 0.0
cm 0.00022769707181565646 0.02643325706815543
cobra 9.107882872626258e-05 0.0
cobra_ 4.553941436313129e-05 3.1354942159291497
code 0.001730497745798989 0.0
code_access_security 4.553941436313129e-05 0.0
code_obfuscation 4.553941436313129e-05 0.0
col 9.107882872626258e-05 0.2340726218464
coll 0.00018215765745252516 0.0
collapse 0.00013661824308939388 0.0
collapsed 0.00013661824308939388 0.0
collapses 4.553941436313129e-05 0.0
collapsible 0.0005464729723575755 0.0
color 0.0007286306298101006 0.3629054936893685
colspan 0.00018215765745252516 0.0
column 0.00013661824308939388 0.11020314013361425
columns 0.00022769707181565646 0.11020314013361425
com 0.000956327701625757 0.0
com_interop 4.553941436313129e-05 0.0
come 4.553941436313129e-05 0.0
comes 4.553941436313129e-05 0.0
common 0.002504667789972221 0.0
common_intermediate_language 0.00282344369051414 0.0
common_language_infrastructure 0.0005464729723575755 0.0
common_language_runtime 0.00013661824308939388 0.0
common_type_system 4.553941436313129e-05 1.0560526742493137
commons 0.0006830912154469693 0.0
communication 9.107882872626258e-05 0.0
community 4.553941436313129e-05 0.10054122922187746
community_portal 4.553941436313129e-05 0.0
compact 0.00027323648617878776 0.0
compactlinks 4.553941436313129e-05 0.0
compared 4.553941436313129e-05 0.0
comparison 0.00022769707181565646 0.0
comparison_of_c_sharp_and_java 4.553941436313129e-05 0.0
comparison_of_c_sharp_and_visual_basic_ 4.553941436313129e-05 0.0
comparison_of_the_java_and_ 4.553941436313129e-05 0.0
comparison_of_visual_basic_and_visual_basic_ 4.553941436313129e-05 0.0
compatible 9.107882872626258e-05 0.0
compilation 0.0007286306298101006 0.0
compile 0.00018215765745252516 0.0
compiled 0.00018215765745252516 0.0
compiler 0.000318775900541919 0.0
compilerservices 0.00022769707181565646 0.0
complex 4.553941436313129e-05 0.0
complications 4.553941436313129e-05 0.0
component 9.107882872626258e-05 0.0
component_object_model 4.553941436313129e-05 0.0
components 9.107882872626258e-05 0.0
computational 0.00018215765745252516 0.0
computational_model 0.00022769707181565646 0.0
computer 0.00027323648617878776 0.0
computer_programming 4.553941436313129e-05 1.4127276181880462
computer_science 0.00018215765745252516 0.0
concepts 0.00013661824308939388 0.0
concurrency 4.553941436313129e-05 0.0
config 9.107882872626258e-05 0.0
confused 0.00013661824308939388 0.0
console 0.00013661824308939388 0.0
constructor 0.00013661824308939388 0.0
constructor_ 4.553941436313129e-05 0.0
consumers 4.553941436313129e-05 0.0
contact 0.00018215765745252516 0.0
contact_us 9.107882872626258e-05 0.0
contactpage 4.553941436313129e-05 0.0
container 0.0006830912154469693 0.14981227822866008
containing 4.553941436313129e-05 0.008733679968754631
contains 4.553941436313129e-05 0.0
content 0.003916389635229291 0.0
contentinfo 4.553941436313129e-05 0.0
contents 0.0005920123867207067 0.0
contentsub 4.553941436313129e-05 0.0
context 9.107882872626258e-05 0.017544309650909525
continue 4.553941436313129e-05 0.0
contribute 4.553941436313129e-05 0.0
contributions 4.553941436313129e-05 0.2340726218464
contributors 9.107882872626258e-05 0.017544309650909525
control 4.553941436313129e-05 0.0
controls 0.00018215765745252516 0.0
conversion 0.00018215765745252516 0.0
converted 0.00018215765745252516 0.0
cookie 0.00022769707181565646 0.0
cookie_statement 4.553941436313129e-05 0.0
cookiestatement 4.553941436313129e-05 0.0
copyright 0.00013661824308939388 0.0
copyrightico 4.553941436313129e-05 0.0
core 0.00018215765745252516 0.0
corert 0.00013661824308939388 0.0
corresponding 9.107882872626258e-05 0.0
cost 4.553941436313129e-05 0.0
count 9.107882872626258e-05 0.0
counter 0.00018215765745252516 0.11020314013361425
cpp 0.00013661824308939388 4.74493212836325
cpu 0.00027323648617878776 0.0
cputime 4.553941436313129e-05 0.0
create 0.00022769707181565646 0.0
createaccount 0.00018215765745252516 0.0
created 9.107882872626258e-05 0.0
creating 0.00013661824308939388 0.0
creating_objects 0.00018215765745252516 0.0
creation 4.553941436313129e-05 0.0
creative 4.553941436313129e-05 0.0
creativecommons 9.107882872626258e-05 0.0
creator 4.553941436313129e-05 0.0
cross 0.00018215765745252516 0.0
crossorigin 4.553941436313129e-05 0.0
cs 0.00018215765745252516 0.035401927050916
cs1 0.0009107882872626258 0.017544309650909525
csharp 0.0005009335579944442 1.0560526742493137
csrftoken 4.553941436313129e-05 0.0
ct 9.107882872626258e-05 0.6844891178168307
ctor 0.00018215765745252516 0.0
ctx_ver 0.000318775900541919 0.0
current 9.107882872626258e-05 0.08149303425118301
current_events 4.553941436313129e-05 0.0
currentevents 4.553941436313129e-05 0.0
cursor 4.553941436313129e-05 0.5860490450035782
customized 4.553941436313129e-05 0.0
cx 9.107882872626258e-05 0.0
czech 4.553941436313129e-05 0.11020314013361425
d 0.00018215765745252516 0.017544309650909525
d33 9.107882872626258e-05 0.0
d6 4.553941436313129e-05 0.0
d8 0.0008197094585363632 0.0
d9 0.0005009335579944442 0.0
da 0.00022769707181565646 0.3141153295199365
danish 4.553941436313129e-05 1.5668782980153044
dansk 4.553941436313129e-05 1.5668782980153044
data 0.002413588961245958 0.0
data_structure 4.553941436313129e-05 0.0
date 0.00018215765745252516 0.02643325706815543
datemodified 9.107882872626258e-05 0.0
datepublished 9.107882872626258e-05 0.0
db 0.00022769707181565646 0.6505875661411494
dd 0.0007286306298101006 0.035401927050916
ddf 4.553941436313129e-05 0.0
de 0.00018215765745252516 0.017544309650909525
december 4.553941436313129e-05 0.02643325706815543
decimal 4.553941436313129e-05 0.11020314013361425
declared 9.107882872626258e-05 0.0
decoding 0.00018215765745252516 0.21233263520999412
decompile 4.553941436313129e-05 0.0
decompiler 9.107882872626258e-05 0.21233263520999412
decompilers 4.553941436313129e-05 0.0
decoration 9.107882872626258e-05 0.0
deduplicate 0.000318775900541919 0.0
deduplicated 0.0005920123867207067 0.0
defender 0.00018215765745252516 0.0
defender_4 9.107882872626258e-05 0.0
defined 9.107882872626258e-05 0.0
definitions 4.553941436313129e-05 0.0
delegate 9.107882872626258e-05 0.0
delegate_ 4.553941436313129e-05 0.0
delete 4.553941436313129e-05 0.0721032939013439
dependency 4.553941436313129e-05 0.0
depending 4.553941436313129e-05 0.0
depth 0.00013661824308939388 0.0
description 0.0004098547292681816 0.0
designed 4.553941436313129e-05 0.0
desktoparticletarget 0.00013661824308939388 0.0
detection 4.553941436313129e-05 0.10054122922187746
deutsch 4.553941436313129e-05 0.0
developer 4.553941436313129e-05 0.02643325706815543
developers 9.107882872626258e-05 0.0
development 4.553941436313129e-05 0.017544309650909525
difference 4.553941436313129e-05 0.0
different 0.000318775900541919 0.0
dir 0.0008197094585363632 0.4682660093471948
directly 4.553941436313129e-05 0.0
disabled 0.0005009335579944442 0.11020314013361425
disassembled 4.553941436313129e-05 0.0
disassembler 4.553941436313129e-05 0.0
disclaimers 9.107882872626258e-05 0.0
discover 4.553941436313129e-05 0.0
discuss 0.00013661824308939388 0.05358424613410626
discussion 9.107882872626258e-05 0.26759531388504365
display 0.0005009335579944442 0.0
distribute 4.553941436313129e-05 0.0
div 0.013707363723302519 0.0
dl 0.0004553941436313129 0.22314355131420976
dll 4.553941436313129e-05 0.0
dmy 4.553941436313129e-05 0.08149303425118301
dns 9.107882872626258e-05 0.540239508972284
do 0.00013661824308939388 0.0
dobasicsearch 4.553941436313129e-05 0.0
docs 4.553941436313129e-05 0.10054122922187746
doctype 4.553941436313129e-05 0.0
document 0.00018215765745252516 0.09097177820572679
documentelement 0.00013661824308939388 0.0
does 9.107882872626258e-05 0.0
domain 0.00013661824308939388 0.0
donate 0.00013661824308939388 0.0
donating 4.553941436313129e-05 0.0
dotfuscator 0.00013661824308939388 0.0
dotgnu 0.00027323648617878776 0.0
dotnet 4.553941436313129e-05 1.0560526742493137
dotpeek 4.553941436313129e-05 0.0
download 0.00018215765745252516 0.0
downloadaspdf 4.553941436313129e-05 0.0
dropdown 0.0011384853590782824 0.0
dt 0.0007286306298101006 0.0
due 4.553941436313129e-05 0.0
dup 4.553941436313129e-05 0.0
during 0.00018215765745252516 0.0
dynamic 0.00022769707181565646 0.0
dynamic_language_runtime 4.553941436313129e-05 0.0
dynamic_memory_allocation 4.553941436313129e-05 0.0
dùng 4.553941436313129e-05 0.0
e 0.00022769707181565646 0.0
e1 4.553941436313129e-05 0.0
e4 0.00013661824308939388 0.0
e5 4.553941436313129e-05 0.0
e6e6ff 4.553941436313129e-05 0.0
e7 9.107882872626258e-05 0.0
e8 0.00027323648617878776 0.0
e9 0.00027323648617878776 0.0
ea 9.107882872626258e-05 1.911718784307034
easily 4.553941436313129e-05 0.0
easy 4.553941436313129e-05 0.0
eax 0.00022769707181565646 0.0
ec 0.00013661824308939388 0.0
echo 4.553941436313129e-05 0.0
ecma 0.0005009335579944442 0.0
ed 4.553941436313129e-05 0.008733679968754631
edit 0.003460995491597978 0.0
editable 4.553941436313129e-05 0.49643688631389105
edited 4.553941436313129e-05 0.0
editing 4.553941436313129e-05 0.11020314013361425
editor 9.107882872626258e-05 0.044451762570833796
editors 9.107882872626258e-05 0.0
editpage 4.553941436313129e-05 0.0
edits 9.107882872626258e-05 0.0
editsection 0.0024591283756090895 0.0
edituri 4.553941436313129e-05 0.0
edx 0.00018215765745252516 0.0
either 4.553941436313129e-05 0.0
element 0.000318775900541919 0.0
eliminates 9.107882872626258e-05 0.0
ellipsis 9.107882872626258e-05 0.2340726218464
elt 0.00018215765745252516 0.0
empty 0.00027323648617878776 0.008733679968754631
emptyportlet 9.107882872626258e-05 0.0
en 0.002003734231977777 0.0
enabled 0.0005009335579944442 0.008733679968754631
enables 4.553941436313129e-05 0.0
encouraged 0.00018215765745252516 1.5668782980153044
encyclopedia 0.00018215765745252516 0.0
end 9.107882872626258e-05 0.0
engineering 4.553941436313129e-05 0.0
english 0.00013661824308939388 0.0
enhancements 4.553941436313129e-05 0.0
enough 4.553941436313129e-05 0.0
entities 4.553941436313129e-05 0.0
entity 0.00027323648617878776 0.0
entity_framework 4.553941436313129e-05 0.0
entityaccesscount 4.553941436313129e-05 0.0
entitypage 9.107882872626258e-05 0.0
entrypoint 9.107882872626258e-05 0.0
environment 0.00022769707181565646 0.0
environments 4.553941436313129e-05 0.0
enwiki 4.553941436313129e-05 0.0
enwikimwclientprefs 4.553941436313129e-05 0.0
err 9.107882872626258e-05 0.0
error 9.107882872626258e-05 0.11020314013361425
es 0.00018215765745252516 1.8545603704670854
es6 4.553941436313129e-05 0.0
esi 9.107882872626258e-05 0.7195804376281008
esitest 4.553941436313129e-05 0.0
español 4.553941436313129e-05 0.0
even 0.0003643153149050503 0.11020314013361425
event 0.0004553941436313129 0.0
eventlogging 9.107882872626258e-05 0.0
events 9.107882872626258e-05 0.11020314013361425
every 9.107882872626258e-05 0.0
exact 4.553941436313129e-05 0.0
examines 4.553941436313129e-05 0.0
example 0.0003643153149050503 0.0
exception 4.553941436313129e-05 0.06280090123903044
exception_handling 4.553941436313129e-05 4.74493212836325
exceptions 9.107882872626258e-05 0.0
exe 4.553941436313129e-05 0.0
executable 0.000318775900541919 0.0
execute 4.553941436313129e-05 0.0
executed 9.107882872626258e-05 0.0
executes 4.553941436313129e-05 0.0
execution 0.0008197094585363632 0.0
exists 4.553941436313129e-05 0.0
expand 0.00022769707181565646 0.0
expanded 0.0005009335579944442 0.0
expansion 9.107882872626258e-05 0.0
expansiondepth 4.553941436313129e-05 0.0
expensive 4.553941436313129e-05 0.0
expensivefunctioncount 4.553941436313129e-05 0.0
expiry 9.107882872626258e-05 0.0
export 4.553941436313129e-05 0.0
express 9.107882872626258e-05 0.0
ext 0.001275103602167676 0.0
extending 4.553941436313129e-05 0.0
extensibility 9.107882872626258e-05 0.0
extensible 9.107882872626258e-05 0.0
extensible_application_markup_language 4.553941436313129e-05 0.0
extensions 0.00018215765745252516 0.0
extern 4.553941436313129e-05 0.0
external 0.000956327701625757 0.0
external_links 0.00018215765745252516 0.0
extiw 9.107882872626258e-05 0.0
extra 9.107882872626258e-05 0.0
f 0.00027323648617878776 0.0
f28500 4.553941436313129e-05 0.0
f7f7f7 4.553941436313129e-05 0.0
f_sharp_ 4.553941436313129e-05 0.0
fa 0.00018215765745252516 1.8004931491968095
fa8a495983347898 4.553941436313129e-05 0.0
fallbacksearchbutton 4.553941436313129e-05 0.0
false 0.0005464729723575755 0.0
faster 4.553941436313129e-05 0.0
favicon 4.553941436313129e-05 0.0
fbfbfb 4.553941436313129e-05 0.0
fc3 4.553941436313129e-05 0.0
fcl 4.553941436313129e-05 0.0
fdfdfd 0.00013661824308939388 0.0
feature 0.0010018671159888885 0.0
featurename 0.00013661824308939388 0.0
features 4.553941436313129e-05 0.0
february 4.553941436313129e-05 0.017544309650909525
fee7e6 4.553941436313129e-05 0.0
feed 9.107882872626258e-05 0.19105523676270922
fields 9.107882872626258e-05 0.0
file 0.000637551801083838 0.0
file_upload_wizard 9.107882872626258e-05 0.0
files 0.00018215765745252516 0.0
find 4.553941436313129e-05 0.0
first 0.0006830912154469693 0.0
firstheading 0.00013661824308939388 0.0
float 9.107882872626258e-05 0.06280090123903044
flush 0.00022769707181565646 0.0
following 0.00013661824308939388 0.0
follows 4.553941436313129e-05 0.0
font 0.0009107882872626258 0.14981227822866008
foo 0.00018215765745252516 0.0
footer 0.0011840247734414134 0.0
for 0.0011840247734414134 0.0
form 0.00022769707181565646 0.0
format 0.00013661824308939388 0.035401927050916
formerly 4.553941436313129e-05 0.0
forms 0.00018215765745252516 0.0
foundation 0.0008652488728994945 0.0
fr 0.00018215765745252516 0.09097177820572679
framework 0.001275103602167676 0.0
framework_class_library 4.553941436313129e-05 0.0
frameworks 9.107882872626258e-05 0.0
français 4.553941436313129e-05 1.16141318990714
free 0.00018215765745252516 0.0
french 4.553941436313129e-05 0.09097177820572679
from 0.000637551801083838 0.0
full 4.553941436313129e-05 0.044451762570833796
fulltext 4.553941436313129e-05 0.0
function 0.0003643153149050503 0.0
functions 4.553941436313129e-05 0.0
fundraiserredirector 4.553941436313129e-05 0.0
further 0.00013661824308939388 0.0
further_reading 0.00018215765745252516 0.0
g 0.00013661824308939388 0.0
gadget 0.00018215765745252516 0.0
gehomepagesuggestededitsenabletopics 4.553941436313129e-05 0.0
general 0.00018215765745252516 0.0
general_disclaimer 4.553941436313129e-05 0.0
general_information 0.00018215765745252516 0.0
generate 4.553941436313129e-05 0.0
generated 4.553941436313129e-05 0.0
generation 0.000318775900541919 0.0
generator 0.00022769707181565646 0.0
genre 0.000318775900541919 0.0
geoip 4.553941436313129e-05 0.0
german 4.553941436313129e-05 0.017544309650909525
gian 4.553941436313129e-05 0.3141153295199365
global 0.00013661824308939388 0.0
global_assembly_cache 4.553941436313129e-05 0.0
globalcssjs 9.107882872626258e-05 0.0
go 0.00022769707181565646 0.0
google 0.000318775900541919 0.10054122922187746
googpub 9.107882872626258e-05 0.0
goto 4.553941436313129e-05 0.0
gradually 4.553941436313129e-05 0.0
gray 4.553941436313129e-05 1.449095262358921
greek 9.107882872626258e-05 0.3141153295199365
green 4.553941436313129e-05 0.08149303425118301
group 0.0020948130607040395 0.05358424613410626
groups 4.553941436313129e-05 0.0
growthexperiments 4.553941436313129e-05 0.0
gt 9.107882872626258e-05 0.2340726218464
guidance 4.553941436313129e-05 0.2340726218464
guides 4.553941436313129e-05 4.74493212836325
h 9.107882872626258e-05 0.035401927050916
h1 9.107882872626258e-05 1.2484245668967697
h2 0.001092945944715151 1.2484245668967697
h3 0.0003643153149050503 0.0
h4 0.00027323648617878776 0.0
hack 0.00027323648617878776 0.0
hacktool 0.00013661824308939388 0.0
handles 4.553941436313129e-05 0.0
handling 4.553941436313129e-05 0.06280090123903044
has 0.00013661824308939388 0.0
haspopup 0.00022769707181565646 0.0
hatnote 0.0003643153149050503 0.0
he 0.00018215765745252516 0.044451762570833796
head 0.00013661824308939388 0.0
header 0.0011384853590782824 0.0
heading 0.0010474065303520198 0.0
headline 0.0009107882872626258 0.0
hebrew 4.553941436313129e-05 0.0
height 0.0008652488728994945 0.0
hello 0.0003643153149050503 0.0
hello_world 4.553941436313129e-05 0.017544309650909525
help 0.0005464729723575755 0.0
here 4.553941436313129e-05 0.008733679968754631
hidden 0.000637551801083838 0.0
hide 0.00018215765745252516 0.0
hidebysig 4.553941436313129e-05 0.0
high 4.553941436313129e-05 0.0
highest 4.553941436313129e-05 0.0
highlight 0.0013661824308939387 3.1354942159291497
history 0.0004098547292681816 0.0
hlist 0.0027323648617878773 0.0
hood 9.107882872626258e-05 0.0
hor 9.107882872626258e-05 0.0
hosted 4.553941436313129e-05 0.0721032939013439
how 0.000318775900541919 0.0
however 0.00022769707181565646 0.0
href 0.016804043899995447 0.0
hreflang 0.0011384853590782824 0.0
htm 4.553941436313129e-05 0.3141153295199365
html 0.0004098547292681816 0.06280090123903044
http 0.0003643153149050503 0.017544309650909525
https 0.0027779042761510086 0.0
hu 0.00018215765745252516 0.37548427589622857
hub 4.553941436313129e-05 0.2451224580329849
hungarian 4.553941436313129e-05 0.0
i 0.0011384853590782824 0.0
i4 0.0008652488728994945 0.0
ico 4.553941436313129e-05 0.0
icon 0.001867115988888383 0.0
icons 0.00018215765745252516 0.0
id 0.008880185800810602 0.0
identifier 0.00018215765745252516 0.044451762570833796
identity 9.107882872626258e-05 0.0
ides 4.553941436313129e-05 0.0
idhash 4.553941436313129e-05 0.0
if 0.00013661824308939388 0.0
il 0.00022769707181565646 0.0
il_0000 4.553941436313129e-05 0.0
il_0001 4.553941436313129e-05 0.0
il_0002 4.553941436313129e-05 0.0
il_0004 0.00013661824308939388 0.0
il_0005 4.553941436313129e-05 0.0
il_0006 4.553941436313129e-05 0.0
il_0007 4.553941436313129e-05 0.0
il_0008 0.00013661824308939388 0.0
il_000a 4.553941436313129e-05 0.0
il_000b 4.553941436313129e-05 0.0
il_000c 4.553941436313129e-05 0.0
il_000d 4.553941436313129e-05 0.0
il_000e 4.553941436313129e-05 0.0
il_0010 4.553941436313129e-05 0.0
il_0011 9.107882872626258e-05 0.0
il_0015 4.553941436313129e-05 0.0
il_0016 4.553941436313129e-05 0.0
il_0018 4.553941436313129e-05 0.0
il_0019 4.553941436313129e-05 0.0
il_001a 4.553941436313129e-05 0.0
il_001b 0.00013661824308939388 0.0
il_001c 4.553941436313129e-05 0.0
il_001d 4.553941436313129e-05 0.0
il_001f 9.107882872626258e-05 0.0
il_0022 4.553941436313129e-05 0.0
ilasm 0.00027323648617878776 0.0
ildasm 4.553941436313129e-05 0.0
illegal 4.553941436313129e-05 0.0
image 0.0005009335579944442 0.0
imageobject 9.107882872626258e-05 0.0
imageright 4.553941436313129e-05 0.0
images 0.0005464729723575755 0.0
img 0.0004553941436313129 0.0
immediately 4.553941436313129e-05 0.0
implement 4.553941436313129e-05 0.05358424613410626
implementation 0.00018215765745252516 0.0
implementations 9.107882872626258e-05 0.0
important 4.553941436313129e-05 0.008733679968754631
improve 4.553941436313129e-05 0.0
improvements 4.553941436313129e-05 0.08149303425118301
in 0.0028689831048772712 0.0
inc 0.00013661824308939388 0.0
include 9.107882872626258e-05 0.0
increment 4.553941436313129e-05 0.06280090123903044
independent 0.00013661824308939388 0.0
index 0.0018215765745252517 0.0
indicators 4.553941436313129e-05 0.454472687214859
indirection 4.553941436313129e-05 0.0
indonesia 4.553941436313129e-05 0.0
indonesian 4.553941436313129e-05 0.0
info 0.0008652488728994945 0.044451762570833796
information 0.0003643153149050503 0.0
infrastructure 0.0008197094585363632 0.0
inherit 0.0005009335579944442 0.11020314013361425
init 0.00018215765745252516 0.0
inline 0.000956327701625757 0.05358424613410626
inner 0.00022769707181565646 0.0
input 0.0005464729723575755 0.0
inside 0.00013661824308939388 0.0
instance 0.0006830912154469693 0.0
instance_ 4.553941436313129e-05 0.0
instance_classes 0.00018215765745252516 0.0
instances 4.553941436313129e-05 0.0
instead 4.553941436313129e-05 0.0
instruction 0.0003643153149050503 0.0
instruction_ 4.553941436313129e-05 0.0
instructions 0.0010474065303520198 0.0
int 0.0005009335579944442 0.0
int32 0.0007286306298101006 0.0
integrated 0.00013661824308939388 0.0
integrated_development_environment 4.553941436313129e-05 0.0
interaction 0.00013661824308939388 0.0
interface 9.107882872626258e-05 0.0
interfaces 4.553941436313129e-05 0.0
interlanguage 0.002504667789972221 0.0
intermediate 0.0027779042761510086 0.0
intermediate_language 9.107882872626258e-05 0.0
international 0.00013661824308939388 0.08149303425118301
interop 9.107882872626258e-05 0.0
interviewcity 9.107882872626258e-05 0.0
interwiki 0.0011384853590782824 0.0
into 0.0004553941436313129 0.0
introduction 0.00013661824308939388 0.11020314013361425
invocation 0.00013661824308939388 0.0
invoked 9.107882872626258e-05 0.0
invoking 0.00013661824308939388 0.0
invoking_instance_methods 0.00018215765745252516 0.0
involves 4.553941436313129e-05 0.0
ip 9.107882872626258e-05 0.3141153295199365
ironpython 0.00013661824308939388 0.0
ironruby 0.00013661824308939388 0.0
ironscheme 0.00013661824308939388 0.0
is 0.002140352475067171 0.0
isbn 0.00027323648617878776 0.0
isbn_ 9.107882872626258e-05 0.0
isconst 9.107882872626258e-05 0.0
it 0.000956327701625757 0.0
italian 4.553941436313129e-05 0.3629054936893685
italiano 4.553941436313129e-05 0.0
italic 4.553941436313129e-05 0.3141153295199365
item 0.004645020265039391 0.0
items 9.107882872626258e-05 0.0
its 4.553941436313129e-05 0.0
j 0.0003643153149050503 0.0
ja 0.00018215765745252516 0.3141153295199365
january 9.107882872626258e-05 0.0
japanese 4.553941436313129e-05 0.2340726218464
jason 9.107882872626258e-05 0.0
java 0.0004098547292681816 0.0
java_bytecode 9.107882872626258e-05 0.0
jetbrains 9.107882872626258e-05 0.19105523676270922
jit 0.00022769707181565646 0.0
jquery 0.00013661824308939388 0.0
js 0.00013661824308939388 0.0
jscript 9.107882872626258e-05 0.0
jscript_ 4.553941436313129e-05 0.0
json 9.107882872626258e-05 0.11995931507897897
jstor 9.107882872626258e-05 0.0
jtitle 4.553941436313129e-05 0.0
july 4.553941436313129e-05 0.008733679968754631
jump 9.107882872626258e-05 0.0
june 4.553941436313129e-05 0.017544309650909525
just 0.0007286306298101006 0.0
k 0.002049273646340908 0.0
kept 4.553941436313129e-05 0.0
kern 9.107882872626258e-05 0.0
key 4.553941436313129e-05 0.0
known 9.107882872626258e-05 0.0
ko 0.00018215765745252516 0.0
korean 4.553941436313129e-05 0.540239508972284
kr 4.553941436313129e-05 0.2451224580329849
kt 0.0008652488728994945 0.9162907318741551
label 0.002140352475067171 0.0
labelledby 0.00013661824308939388 0.0
landmark 0.00018215765745252516 0.0
lang 0.002504667789972221 0.0
langlinks 9.107882872626258e-05 0.0
language 0.005191493237396967 0.0
language_integrated_query 4.553941436313129e-05 0.0
languageilmsilcil 9.107882872626258e-05 0.0
languages 0.0007286306298101006 0.0
last 0.0005920123867207067 0.0
lastmod 4.553941436313129e-05 0.0
latter 4.553941436313129e-05 0.0
lazy 9.107882872626258e-05 0.008733679968754631
ld 9.107882872626258e-05 0.7195804376281008
ldarg 9.107882872626258e-05 0.0
ldarga 4.553941436313129e-05 0.0
ldc 0.0006830912154469693 0.0
ldind 0.00013661824308939388 0.0
ldloc 0.000637551801083838 0.0
ldloca 0.00018215765745252516 0.0
ldstr 4.553941436313129e-05 0.0
learn 0.00027323648617878776 0.0
least 4.553941436313129e-05 0.0
left 0.0011384853590782824 0.0
level 0.000956327701625757 0.0
levels 4.553941436313129e-05 0.0
li 0.022405391866660594 0.0
libraries 0.00018215765745252516 0.0
library 0.00013661824308939388 0.0
license 0.00022769707181565646 0.0
licenses 9.107882872626258e-05 0.12981161152199053
like 0.00027323648617878776 0.0
limit 0.0005009335579944442 0.0
limited 0.00027323648617878776 0.008733679968754631
limitreport 0.00013661824308939388 0.0
line 0.00018215765745252516 0.008733679968754631
link 0.00496379616558131 0.08149303425118301
linked 4.553941436313129e-05 0.0721032939013439
links 0.0008652488728994945 0.0
linq 4.553941436313129e-05 0.0
list 0.00847033107154242 0.0
list_of_ 4.553941436313129e-05 0.0
list_of_cil_instructions 0.00013661824308939388 0.0
list_of_cli_languages 0.00013661824308939388 0.0
listbullet 0.00013661824308939388 0.0
listitem 0.00018215765745252516 0.0
llvm 0.00013661824308939388 0.0
load 0.0004098547292681816 0.0
loaded 4.553941436313129e-05 0.0
loader 4.553941436313129e-05 0.035401927050916
loading 0.00013661824308939388 0.0
loc 4.553941436313129e-05 0.0
local 0.00018215765745252516 0.0
locals 9.107882872626258e-05 0.0
locations 4.553941436313129e-05 0.0
lock 0.0005009335579944442 0.11020314013361425
log 0.000318775900541919 0.0
logged 9.107882872626258e-05 0.0
login 0.00022769707181565646 0.3141153295199365
logo 0.000637551801083838 0.0
look 4.553941436313129e-05 0.0
looks 0.00013661824308939388 0.0
lower 0.00027323648617878776 0.044451762570833796
lt 9.107882872626258e-05 0.20163734609324613
ltr 0.0016849583314358578 0.0
lua 9.107882872626258e-05 0.0
m 0.00141172184525707 0.08149303425118301
machine 0.00013661824308939388 0.0
made 4.553941436313129e-05 0.035401927050916
magazine 9.107882872626258e-05 0.0
magyar 4.553941436313129e-05 0.0
main 0.0013206430165308074 0.0
main_page 9.107882872626258e-05 0.0
mainentity 9.107882872626258e-05 0.0
mainpage 4.553941436313129e-05 0.0
maint 4.553941436313129e-05 0.09097177820572679
maintenance 4.553941436313129e-05 0.008733679968754631
maintenance_template_removal 4.553941436313129e-05 0.0
major 4.553941436313129e-05 0.008733679968754631
make 4.553941436313129e-05 0.0
makecollapsible 0.00013661824308939388 0.0
makes 4.553941436313129e-05 0.0
malware 4.553941436313129e-05 4.051784947803305
managed 0.0006830912154469693 0.0
managed_extensibility_framework 4.553941436313129e-05 0.0
management 4.553941436313129e-05 0.0
mandatory 0.00018215765745252516 0.2340726218464
manifest 9.107882872626258e-05 0.0
manifest_ 4.553941436313129e-05 0.0
manipulation 0.00013661824308939388 0.0
many 4.553941436313129e-05 0.0
march 4.553941436313129e-05 0.017544309650909525
margin 0.0010474065303520198 0.0
markup 9.107882872626258e-05 0.0
match 4.553941436313129e-05 0.008733679968754631
material 4.553941436313129e-05 0.0
max 9.107882872626258e-05 0.11020314013361425
maxstack 0.00018215765745252516 0.0
may 0.00027323648617878776 0.0
mbox 0.0005009335579944442 0.0
meaningful 4.553941436313129e-05 0.0
means 4.553941436313129e-05 0.0
media 0.00013661824308939388 0.11995931507897897
mediawiki 0.0004098547292681816 0.0
members 9.107882872626258e-05 0.0
memory 0.00013661824308939388 0.0
memusage 4.553941436313129e-05 0.0
menu 0.004508402021949998 0.0
message 0.00013661824308939388 0.0
meta 0.0005920123867207067 0.09097177820572679
metadata 0.0008197094585363632 0.0
metadata_ 9.107882872626258e-05 0.0
meth 0.00013661824308939388 0.0
method 0.0006830912154469693 0.0
method_ 4.553941436313129e-05 0.0
methods 0.0003643153149050503 0.0
mf 0.0011840247734414134 0.0
mh 4.553941436313129e-05 0.0
mi 0.0005009335579944442 0.11020314013361425
micro 0.00018215765745252516 0.0
microsoft 0.001092945944715151 0.0
microsoft_ 4.553941436313129e-05 0.0
microsoft_blend 4.553941436313129e-05 0.0
microsoft_intermediate_language 4.553941436313129e-05 0.0
microsoft_silverlight 4.553941436313129e-05 0.0
microsoft_small_basic 4.553941436313129e-05 0.0
microsoft_visual_studio 4.553941436313129e-05 0.0
microsoft_visual_studio_express 4.553941436313129e-05 0.0
microsoft_windows 4.553941436313129e-05 0.0
microsoft_xna 4.553941436313129e-05 0.0
min 4.553941436313129e-05 0.11020314013361425
minerva 4.553941436313129e-05 0.0
mini 0.00018215765745252516 0.20163734609324613
misc 4.553941436313129e-05 0.0
mmv 9.107882872626258e-05 0.0
mobile 0.00013661824308939388 0.0
mobileaction 4.553941436313129e-05 0.0
mobileview 4.553941436313129e-05 0.0
model 0.00027323648617878776 0.0
modopt 0.00022769707181565646 0.0
module 4.553941436313129e-05 0.044451762570833796
modules 0.00013661824308939388 0.0721032939013439
monitor 9.107882872626258e-05 0.0
monitor_ 4.553941436313129e-05 0.0
mono 0.0003643153149050503 0.0
mono_ 0.00018215765745252516 0.0
monodevelop 0.00013661824308939388 0.0
more 0.0006830912154469693 0.0
more_citations_needed 4.553941436313129e-05 0.17022114985986725
most 4.553941436313129e-05 0.0
move 0.00022769707181565646 0.0
moved 4.553941436313129e-05 0.0
ms 4.553941436313129e-05 0.0
mscorlib 0.0003643153149050503 0.0
msdn 9.107882872626258e-05 0.0
msil 0.00027323648617878776 0.0
mvc 9.107882872626258e-05 0.0
mw 0.024545744341727765 0.0
mw2380 4.553941436313129e-05 0.0
mw2415 9.107882872626258e-05 0.0
mycar 0.00018215765745252516 0.0
mycontributions 4.553941436313129e-05 0.0
mytalk 4.553941436313129e-05 0.0
n 0.01407167903820757 0.08149303425118301
name 0.0014572612596202013 0.0
namespaces 4.553941436313129e-05 0.21233263520999412
native 0.0004098547292681816 0.0
native_code 4.553941436313129e-05 0.0
native_image_generator 9.107882872626258e-05 0.0
natively 4.553941436313129e-05 0.0
nav 0.000637551801083838 0.7018808605286999
navbar 0.0008197094585363632 0.20163734609324613
navbox 0.005829045038480805 0.0
navigation 0.0007286306298101006 0.0
navigationtiming 4.553941436313129e-05 0.0
nc 0.00013661824308939388 0.9382696385929302
near 4.553941436313129e-05 0.0
nearby 4.553941436313129e-05 0.0
need 4.553941436313129e-05 0.0
needed 9.107882872626258e-05 0.0
needing 0.00027323648617878776 0.0
needs 9.107882872626258e-05 0.0
nemerle 0.00013661824308939388 0.0
net 0.0038708502208661595 0.0
net_ajax 4.553941436313129e-05 0.0
net_compact_framework 9.107882872626258e-05 0.0
net_compiler_platform 4.553941436313129e-05 0.0
net_core 4.553941436313129e-05 0.0
net_dynamic_data 4.553941436313129e-05 0.0
net_foundation 4.553941436313129e-05 0.0
net_framework 0.00027323648617878776 0.0
net_framework_version_history 9.107882872626258e-05 0.0
net_libraries_and_frameworks 4.553941436313129e-05 0.0
net_micro_framework 9.107882872626258e-05 0.0
net_mvc 4.553941436313129e-05 0.0
net_platforms 4.553941436313129e-05 0.0
net_razor 4.553941436313129e-05 0.0
net_reflector 9.107882872626258e-05 0.0
net_remoting 4.553941436313129e-05 0.0
net_strategy 4.553941436313129e-05 0.0
net_strategy_ 4.553941436313129e-05 0.0
net_web_forms 4.553941436313129e-05 0.0
new 0.0005920123867207067 0.0
newobj 9.107882872626258e-05 0.0
newpp 4.553941436313129e-05 0.0
news 4.553941436313129e-05 0.0
newspapers 4.553941436313129e-05 0.0
nf 0.00013661824308939388 2.4423470353692043
ng 4.553941436313129e-05 0.19105523676270922
ngen 0.00013661824308939388 0.0
ngôn 4.553941436313129e-05 0.0
ngữ 4.553941436313129e-05 0.0
nl 0.001275103602167676 0.0721032939013439
no 0.0004098547292681816 0.0
node 4.553941436313129e-05 0.0
noexcerpt 4.553941436313129e-05 0.0
nofollow 0.0007286306298101006 0.0
noicon 0.00022769707181565646 0.0
nojs 4.553941436313129e-05 0.0
nomobile 4.553941436313129e-05 0.0
non 4.553941436313129e-05 0.0
none 0.0014572612596202013 0.21233263520999412
noprint 0.00018215765745252516 0.37548427589622857
normal 0.00027323648617878776 0.008733679968754631
noscript 0.00018215765745252516 0.0
nosnippet 4.553941436313129e-05 0.0
not 0.0005009335579944442 0.0
notable 4.553941436313129e-05 0.0
note 0.00013661824308939388 0.11020314013361425
notice 4.553941436313129e-05 0.11020314013361425
november 0.00027323648617878776 0.0
noviewer 0.00013661824308939388 0.0
now 4.553941436313129e-05 0.0
nowrap 0.00027323648617878776 0.035401927050916
nowraplinks 0.00022769707181565646 0.0
ns 9.107882872626258e-05 0.19105523676270922
nstab 4.553941436313129e-05 0.0
null 4.553941436313129e-05 0.0
numb 0.0008197094585363632 0.0
number 9.107882872626258e-05 0.0
numbers 4.553941436313129e-05 0.0
nv 0.00027323648617878776 0.0
nws 4.553941436313129e-05 0.0
o 0.0011840247734414134 0.035401927050916
obfuscate 4.553941436313129e-05 0.0
obfuscated 4.553941436313129e-05 0.19105523676270922
obfuscated_code 4.553941436313129e-05 0.0
obfuscation 4.553941436313129e-05 0.21233263520999412
obfuscators 4.553941436313129e-05 0.21233263520999412
object 0.000956327701625757 0.0
object_file 4.553941436313129e-05 0.0
objects 0.00018215765745252516 0.0
october 4.553941436313129e-05 0.02643325706815543
odd 0.0005464729723575755 0.11995931507897897
of 0.003142219591056059 0.0
officially 4.553941436313129e-05 0.0
og 9.107882872626258e-05 0.0
ol 0.000956327701625757 0.0
oldid 0.00013661824308939388 0.0
omitting 0.00018215765745252516 0.0
on 0.0007286306298101006 0.0
one 9.107882872626258e-05 0.0
only 0.00022769707181565646 0.0
onto 0.00013661824308939388 0.0
opcodes 4.553941436313129e-05 0.0
opensearch_desc 4.553941436313129e-05 0.0
opensearchdescription 4.553941436313129e-05 0.0
operand 4.553941436313129e-05 0.0
operands 4.553941436313129e-05 0.0
optimization 4.553941436313129e-05 0.0
option 9.107882872626258e-05 0.0
options 0.00022769707181565646 0.0
or 0.0004098547292681816 0.0
org 0.004371783778860604 0.0
organization 0.00022769707181565646 0.0
organizations 4.553941436313129e-05 0.0
oriented 0.0004098547292681816 0.0
oriented_concepts 0.00018215765745252516 0.0
oriented_programming 4.553941436313129e-05 0.2340726218464
origin 0.00022769707181565646 0.11020314013361425
originally 4.553941436313129e-05 0.0
other 0.00027323648617878776 0.0
out 9.107882872626258e-05 0.0
outer 9.107882872626258e-05 0.0
output 0.007013069811922219 0.008733679968754631
overflow 0.00013661824308939388 0.19105523676270922
oxygene 9.107882872626258e-05 0.0
oxygene_ 4.553941436313129e-05 0.0
p 0.01689512272872171 0.0
pa15 4.553941436313129e-05 0.0
padding 0.002550207204335352 0.0
page 0.002140352475067171 0.0
pagelanguagecode 4.553941436313129e-05 0.0
pagelanguagedir 4.553941436313129e-05 0.0
pageprop 4.553941436313129e-05 0.0
pages 0.0003643153149050503 0.0
pagetype 9.107882872626258e-05 0.0
pagevariantfallbacks 4.553941436313129e-05 0.0
panel 0.00018215765745252516 0.0
parallel 9.107882872626258e-05 0.0
parallel_extensions 4.553941436313129e-05 0.0
param 0.00022769707181565646 0.0
parameter 4.553941436313129e-05 0.0
parameters 4.553941436313129e-05 0.0
parsed 4.553941436313129e-05 0.0
parser 0.0071041486406484815 0.0
part 4.553941436313129e-05 0.0
passed 4.553941436313129e-05 0.0
past 4.553941436313129e-05 0.14981227822866008
patroltoken 4.553941436313129e-05 0.0
pcache 4.553941436313129e-05 0.0
pdf 0.00022769707181565646 0.0
pe 4.553941436313129e-05 0.0
performance 4.553941436313129e-05 0.0
performed 4.553941436313129e-05 0.0
performs 4.553941436313129e-05 0.0
permalink 4.553941436313129e-05 0.0
permanent 9.107882872626258e-05 0.035401927050916
persian 4.553941436313129e-05 0.0
personal 0.00022769707181565646 0.0
pg 4.553941436313129e-05 0.3382128810989969
phalanger 9.107882872626258e-05 0.0
phalanger_ 4.553941436313129e-05 0.0
php 0.002049273646340908 0.0
pin 9.107882872626258e-05 0.454472687214859
pinnable 0.0005464729723575755 0.0
pinned 0.0004553941436313129 0.0
pl 0.00018215765745252516 0.035401927050916
placeholder 4.553941436313129e-05 0.0
places 0.0004098547292681816 0.035401927050916
plainlinks 0.00018215765745252516 0.0
platform 0.0004553941436313129 0.0
platform_invocation_services 4.553941436313129e-05 0.0
platforms 0.00013661824308939388 0.0
please 4.553941436313129e-05 0.0
png 0.0010018671159888885 0.0
pointer 0.00013661824308939388 0.0
pointer_instructions_ 0.00022769707181565646 0.0
pointers 9.107882872626258e-05 0.0
policy 9.107882872626258e-05 0.0
polish 4.553941436313129e-05 1.8545603704670854
polski 4.553941436313129e-05 0.0
pop 0.00018215765745252516 0.0
popped 9.107882872626258e-05 0.0
popups 4.553941436313129e-05 0.0
portability 4.553941436313129e-05 0.0
portable 9.107882872626258e-05 0.0
portable_executable 4.553941436313129e-05 0.0
portal 0.00013661824308939388 0.06280090123903044
portlet 0.0012295641878045447 0.0
portuguese 4.553941436313129e-05 0.540239508972284
português 4.553941436313129e-05 0.8329091229351039
position 4.553941436313129e-05 0.008733679968754631
post 9.107882872626258e-05 0.0
postexpandincludesize 4.553941436313129e-05 0.0
powered 4.553941436313129e-05 1.1340142157190256
poweredby_mediawiki_132x47 4.553941436313129e-05 0.0
poweredby_mediawiki_176x62 4.553941436313129e-05 0.0
poweredby_mediawiki_88x31 4.553941436313129e-05 0.0
poweredbyico 4.553941436313129e-05 0.0
powerful 9.107882872626258e-05 0.0
powershell 0.00013661824308939388 0.0
ppvisitednodes 4.553941436313129e-05 0.0
pre 0.0013661824308939387 0.02643325706815543
preconnect 4.553941436313129e-05 0.0
prefetch 9.107882872626258e-05 0.0
preprocessor 4.553941436313129e-05 0.0
presentation 0.00013661824308939388 0.0
preview 4.553941436313129e-05 0.14981227822866008
print 9.107882872626258e-05 0.0
print_export 0.00013661824308939388 0.0
printable 0.00013661824308939388 0.14981227822866008
printfooter 4.553941436313129e-05 0.0
privacy 0.00013661824308939388 0.0
privacy_policy 9.107882872626258e-05 0.0
private 4.553941436313129e-05 0.0
process 0.00013661824308939388 0.0
processor 9.107882872626258e-05 0.0
profiler 9.107882872626258e-05 0.0
profit 4.553941436313129e-05 0.0
program 0.00013661824308939388 0.0
programming 0.0010018671159888885 0.0
programming_language 0.0004098547292681816 0.008733679968754631
progressive 0.00013661824308939388 0.0
project 9.107882872626258e-05 0.0
projects 9.107882872626258e-05 0.06280090123903044
property 0.00013661824308939388 0.008733679968754631
protection 4.553941436313129e-05 0.21233263520999412
provides 4.553941436313129e-05 0.0
providing 4.553941436313129e-05 0.0
pt 0.0004553941436313129 0.02643325706815543
ptr 0.0004098547292681816 0.0
ptra 0.00018215765745252516 0.0
pub 9.107882872626258e-05 0.26759531388504365
public 0.0004098547292681816 0.0
publications 9.107882872626258e-05 0.044451762570833796
publisher 9.107882872626258e-05 0.41419878807691896
purpose 4.553941436313129e-05 0.0
push 0.000318775900541919 0.0
pushed 9.107882872626258e-05 0.0
pygments 9.107882872626258e-05 0.0
q 0.0005920123867207067 0.0
q263544 0.000318775900541919 0.0
q_sharp 4.553941436313129e-05 0.0
query 0.00013661824308939388 0.0
question_book 0.000318775900541919 0.0
quick 4.553941436313129e-05 0.0
quiet 0.00027323648617878776 0.0
quot 0.00018215765745252516 0.0
quotes 4.553941436313129e-05 0.19105523676270922
r 0.00013661824308939388 0.0
r1011085734 4.553941436313129e-05 0.0
r1033289096 0.00013661824308939388 0.0
r1061467846 9.107882872626258e-05 0.0
r1063604349 9.107882872626258e-05 0.0
r1097763485 4.553941436313129e-05 0.0
r1129693374 0.00018215765745252516 0.0
r1133582631 0.000318775900541919 0.0
random 9.107882872626258e-05 0.21233263520999412
randomly 4.553941436313129e-05 0.2340726218464
randompage 4.553941436313129e-05 0.0
rather 4.553941436313129e-05 0.0
raw 4.553941436313129e-05 0.11020314013361425
razor 9.107882872626258e-05 0.0
re 9.107882872626258e-05 0.02643325706815543
read 9.107882872626258e-05 0.11020314013361425
readable 4.553941436313129e-05 0.0
reading 0.00022769707181565646 0.0
ready 0.0008652488728994945 0.0
real 4.553941436313129e-05 0.0
recent 0.00013661824308939388 0.0721032939013439
recentchanges 0.00013661824308939388 0.0
recentchangeslinked 9.107882872626258e-05 0.0
records 4.553941436313129e-05 0.0
recursion 4.553941436313129e-05 0.0
red 4.553941436313129e-05 0.12981161152199053
redgate 9.107882872626258e-05 0.0
redirect 0.0013206430165308074 0.02643325706815543
reduced 4.553941436313129e-05 0.0
refer 4.553941436313129e-05 0.0
reference 0.0007286306298101006 0.035401927050916
references 0.0007286306298101006 0.0
referencetooltips 4.553941436313129e-05 0.0
referencing 4.553941436313129e-05 0.0721032939013439
referencing_for_beginners 4.553941436313129e-05 0.0
referrer 0.00013661824308939388 0.0
refimprove 0.00013661824308939388 0.0
reflection 9.107882872626258e-05 0.0
reflection_ 4.553941436313129e-05 0.0
reflector 0.00018215765745252516 0.0
reflist 0.0006830912154469693 0.0
registered 4.553941436313129e-05 0.0
registers 0.00013661824308939388 0.0
registration 9.107882872626258e-05 0.5705448584676129
rel 0.0020948130607040395 0.0
related 9.107882872626258e-05 0.02643325706815543
releases 4.553941436313129e-05 0.0
reliability 4.553941436313129e-05 0.0
reliable 4.553941436313129e-05 0.0
rem 4.553941436313129e-05 0.0
remoting 9.107882872626258e-05 0.0
removal 4.553941436313129e-05 0.14981227822866008
remove 4.553941436313129e-05 0.0
removed 4.553941436313129e-05 0.0
removing 4.553941436313129e-05 0.0
rendered 4.553941436313129e-05 0.0
rendering 4.553941436313129e-05 0.0
repeat 0.00018215765745252516 0.0721032939013439
replace 4.553941436313129e-05 0.008733679968754631
report 9.107882872626258e-05 0.0
representation 9.107882872626258e-05 0.0
representing 4.553941436313129e-05 0.0
require 9.107882872626258e-05 0.0
required 4.553941436313129e-05 0.0
reset 4.553941436313129e-05 0.044451762570833796
reside 4.553941436313129e-05 0.0
resourceloaderdynamicstyles 4.553941436313129e-05 0.0
result 0.00013661824308939388 0.0
resulting 4.553941436313129e-05 0.0
results 4.553941436313129e-05 0.0
ret 0.00018215765745252516 0.0
retrieved 0.00027323648617878776 0.0
return 9.107882872626258e-05 0.0
returnto 0.00018215765745252516 0.0
reverse 4.553941436313129e-05 0.0
revision 0.00013661824308939388 0.0
revisions 4.553941436313129e-05 0.6844891178168307
revs 4.553941436313129e-05 0.0
rfr_id 0.000318775900541919 0.0
rft 0.0011840247734414134 0.0
rft_id 0.00027323648617878776 0.0
rft_val_fmt 0.000318775900541919 0.0
rgba 4.553941436313129e-05 0.0
right 0.0005464729723575755 0.0
rl 4.553941436313129e-05 0.0
rlconf 4.553941436313129e-05 0.0
rlpagemodules 4.553941436313129e-05 0.0
rlq 0.00027323648617878776 0.0
rlstate 4.553941436313129e-05 0.0
ro 0.00018215765745252516 0.0
robots 4.553941436313129e-05 0.5108256237659907
role 0.0009107882872626258 0.0
roman 0.00018215765745252516 0.37548427589622857
romanian 4.553941436313129e-05 0.0
română 4.553941436313129e-05 0.0
rootpage 4.553941436313129e-05 0.0
roughly 4.553941436313129e-05 0.0
row 0.0008197094585363632 0.11020314013361425
rsd 9.107882872626258e-05 0.0
rtspecialname 4.553941436313129e-05 0.0
ru 0.00018215765745252516 0.8947845266531914
run 9.107882872626258e-05 0.0
runnable 4.553941436313129e-05 0.0
runtime 0.0009107882872626258 0.0
runtimes 4.553941436313129e-05 0.0
russian 4.553941436313129e-05 0.540239508972284
s 0.0008652488728994945 0.0
sa 9.107882872626258e-05 0.0
safety 0.00013661824308939388 0.0
same 4.553941436313129e-05 0.0
sameas 9.107882872626258e-05 0.0
saved 4.553941436313129e-05 0.0
scala 9.107882872626258e-05 0.0
scala_ 4.553941436313129e-05 0.0
schema 9.107882872626258e-05 0.02643325706815543
scholar 0.00013661824308939388 0.0
science 0.00018215765745252516 0.008733679968754631
scope 0.0009107882872626258 0.0721032939013439
screen 9.107882872626258e-05 0.044451762570833796
scribunto 4.553941436313129e-05 0.044451762570833796
script 0.000637551801083838 0.14981227822866008
scripts 4.553941436313129e-05 0.10054122922187746
search 0.00141172184525707 0.0
searchable 0.00013661824308939388 0.0
searchaux 4.553941436313129e-05 0.0
searchbutton 0.00018215765745252516 0.0
searchform 4.553941436313129e-05 0.0
searchinput 4.553941436313129e-05 0.0
second 4.553941436313129e-05 0.0
seconds 0.00013661824308939388 0.0
section 0.0016394189170727265 0.008733679968754631
security 0.00013661824308939388 0.0
see 0.00018215765745252516 0.0
see_also 0.00018215765745252516 0.0
selected 0.00018215765745252516 0.008733679968754631
selector 4.553941436313129e-05 0.0
selflink 0.00013661824308939388 0.0
sentences 4.553941436313129e-05 0.0
september 4.553941436313129e-05 0.008733679968754631
services 0.00018215765745252516 0.0
set 0.00027323648617878776 0.0
several 4.553941436313129e-05 0.0
sha1 4.553941436313129e-05 0.0
shadow 0.00027323648617878776 0.26759531388504365
sharealike 4.553941436313129e-05 0.0
sharealike_3 4.553941436313129e-05 0.0
shared 4.553941436313129e-05 0.0
sharp 0.0003643153149050503 0.3141153295199365
sharpdevelop 0.00013661824308939388 0.0
shipped 4.553941436313129e-05 0.0
short 0.00027323648617878776 0.0
short_description 9.107882872626258e-05 0.0
short_description_is_different_from_wikidata 4.553941436313129e-05 0.0
shortdescription 4.553941436313129e-05 0.0
show 0.00018215765745252516 0.0
sidebar 0.0005009335579944442 0.0
silverlight 9.107882872626258e-05 0.0
simplesearch 4.553941436313129e-05 0.0
single 9.107882872626258e-05 0.0
site 0.00022769707181565646 0.0
sitedir 4.553941436313129e-05 0.0
sitelinks 4.553941436313129e-05 0.0
sitenotice 9.107882872626258e-05 0.0
sitesub 4.553941436313129e-05 0.0
sitesupport 4.553941436313129e-05 0.0
size 0.0007286306298101006 0.0
sizing 9.107882872626258e-05 0.11020314013361425
skin 0.000318775900541919 0.8131064956389242
skins 0.00027323648617878776 0.0
skypecracker 9.107882872626258e-05 0.0
sl 0.00018215765745252516 0.0
slovenian 4.553941436313129e-05 0.540239508972284
slovenščina 4.553941436313129e-05 0.0
small 0.0004553941436313129 0.0
smartassembly 4.553941436313129e-05 0.0
so 9.107882872626258e-05 0.0
software 0.00027323648617878776 0.017544309650909525
solid 0.0005009335579944442 0.19105523676270922
some 0.00013661824308939388 0.0
source 0.00013661824308939388 0.0
source_code 4.553941436313129e-05 0.0
sources 9.107882872626258e-05 0.0
space 9.107882872626258e-05 0.0721032939013439
spacing 0.000318775900541919 0.0
span 0.13584407304522064 0.044451762570833796
spanish 4.553941436313129e-05 0.3629054936893685
special 0.0012295641878045447 0.0
specialname 4.553941436313129e-05 0.0
specialpages 9.107882872626258e-05 0.0
specific 9.107882872626258e-05 0.0
specification 9.107882872626258e-05 0.0
specify 4.553941436313129e-05 0.0
speed 4.553941436313129e-05 0.0
speedy 4.553941436313129e-05 0.0
src 0.0005464729723575755 0.0
srcset 0.00027323648617878776 0.0
st 9.107882872626258e-05 0.017544309650909525
stack 0.0007741700441732319 0.0
stack_ 4.553941436313129e-05 0.0
stack_machine 4.553941436313129e-05 0.0
standard 0.00022769707181565646 0.0
standard_libraries_ 4.553941436313129e-05 0.0
standardization 4.553941436313129e-05 0.0
standards 0.00013661824308939388 0.0
start 9.107882872626258e-05 0.0721032939013439
startup 9.107882872626258e-05 0.0
statement 4.553941436313129e-05 0.0
statements 4.553941436313129e-05 0.0
static 0.0009107882872626258 0.0
statistics 4.553941436313129e-05 0.0
stats 4.553941436313129e-05 0.0
statslink 4.553941436313129e-05 0.0
status 4.553941436313129e-05 0.0
stdcall 4.553941436313129e-05 0.0
step 4.553941436313129e-05 0.0
sticky 9.107882872626258e-05 0.0
still 4.553941436313129e-05 0.0
stind 0.00013661824308939388 0.0
stloc 0.0005464729723575755 0.0
stopmobileredirecttoggle 4.553941436313129e-05 0.0
store 9.107882872626258e-05 0.0
stored 0.00018215765745252516 0.0
strategy 9.107882872626258e-05 0.0
string 0.00018215765745252516 0.0
structure 4.553941436313129e-05 0.035401927050916
structured 4.553941436313129e-05 0.035401927050916
studio 0.00027323648617878776 0.0
style 0.005237032651760098 0.0
styles 0.0006830912154469693 0.0
stylesheet 9.107882872626258e-05 0.0
subgroup 0.0003643153149050503 0.0
subject 4.553941436313129e-05 0.10054122922187746
sublist 0.0009107882872626258 0.0
submit 9.107882872626258e-05 0.0
subroutine 9.107882872626258e-05 0.11020314013361425
subscription 9.107882872626258e-05 0.0
subsection 9.107882872626258e-05 0.0
subtitle 4.553941436313129e-05 0.0
such 0.00022769707181565646 0.0
suggestededitsession 4.553941436313129e-05 0.0
sup 0.0005464729723575755 0.0
support 9.107882872626258e-05 0.0
supporting 4.553941436313129e-05 0.0
sv 0.00018215765745252516 0.3141153295199365
svenska 4.553941436313129e-05 0.0
svg 0.00141172184525707 0.0
swedish 4.553941436313129e-05 0.02643325706815543
switcher 4.553941436313129e-05 0.0
symbol_category_class 0.00027323648617878776 0.0
symbol_list_class 0.00027323648617878776 0.0
synchronization 9.107882872626258e-05 0.11020314013361425
syntax 4.553941436313129e-05 0.0
system 0.0005009335579944442 0.0
t 0.0005920123867207067 0.02643325706815543
tab 0.00022769707181565646 0.19105523676270922
tabindex 9.107882872626258e-05 0.0
table 0.0007741700441732319 0.0
tables 4.553941436313129e-05 0.0
tabs 9.107882872626258e-05 4.051784947803305
tagline 0.00013661824308939388 0.0
tags 4.553941436313129e-05 0.0
talk 0.0003643153149050503 0.05358424613410626
target 0.0013206430165308074 0.0
targetloader 4.553941436313129e-05 0.0
tasks 4.553941436313129e-05 0.0
tb 0.00013661824308939388 0.0
tbm 9.107882872626258e-05 0.0
tbody 0.0005464729723575755 0.0
tbs 0.00013661824308939388 0.09097177820572679
td 0.0022769707181565647 0.0
telephone 4.553941436313129e-05 0.48225225132193467
template 0.0016394189170727265 0.0
template_talk 9.107882872626258e-05 0.0
templateargumentsize 4.553941436313129e-05 0.0
templatestyles 0.0009107882872626258 0.0
terms 0.00013661824308939388 0.0
terms_of_use 4.553941436313129e-05 0.0
test_pointer_operations 0.00013661824308939388 0.0
text 0.0027779042761510086 0.0
text_of_the_creative_commons_attribution 4.553941436313129e-05 0.0
th 0.0018215765745252517 1.8545603704670854
than 9.107882872626258e-05 0.0
that 0.0005920123867207067 0.0
the 0.004827177922491916 0.0
them 4.553941436313129e-05 0.0
then 0.00013661824308939388 0.0
theory 4.553941436313129e-05 0.0
there 0.00018215765745252516 0.0
these 4.553941436313129e-05 0.0
this 0.002049273646340908 0.0
those 4.553941436313129e-05 0.0
threatid 4.553941436313129e-05 0.0
threats 4.553941436313129e-05 0.0
through 4.553941436313129e-05 0.0
throwing 4.553941436313129e-05 0.0
thumb 0.0005464729723575755 0.0
thumbnail 4.553941436313129e-05 0.0
time 0.0009107882872626258 0.0
time_compilation 0.0005464729723575755 0.0
timestamp 9.107882872626258e-05 0.0
timeusage 4.553941436313129e-05 0.0
timingprofile 4.553941436313129e-05 0.0
title 0.01580217678400656 0.0
titlebar 0.0003643153149050503 0.0
titleform 4.553941436313129e-05 0.0
tiếng 4.553941436313129e-05 0.0
to 0.002185891889430302 0.0
toc 0.008925725215173734 0.0
toggle 0.0005920123867207067 0.0
toggle_view_mobile 4.553941436313129e-05 0.0
tokens 4.553941436313129e-05 3.6463198396951406
tool 4.553941436313129e-05 0.0
toolbar 0.00013661824308939388 0.0
tools 0.0005464729723575755 0.0
top 0.0005464729723575755 0.0
total 9.107882872626258e-05 0.0
touch 9.107882872626258e-05 2.4423470353692043
tr 0.0026412860330616147 0.08149303425118301
trademark 4.553941436313129e-05 0.0
trait 4.553941436313129e-05 0.0
transclusion 4.553941436313129e-05 0.0
transfer 4.553941436313129e-05 0.0
transientcontent 4.553941436313129e-05 0.0
translated 4.553941436313129e-05 0.0
transparent 0.0004098547292681816 0.11020314013361425
triggered 4.553941436313129e-05 0.0
troelsen 9.107882872626258e-05 0.0
true 0.0010018671159888885 0.0
trung 4.553941436313129e-05 0.0
ttl 4.553941436313129e-05 0.0
turkish 4.553941436313129e-05 0.0
turning 4.553941436313129e-05 0.0
turnleft 4.553941436313129e-05 0.0
turnright 4.553941436313129e-05 0.0
two 0.00018215765745252516 0.0
type 0.001867115988888383 0.0
type_conversion 4.553941436313129e-05 0.0
type_safety 4.553941436313129e-05 0.0
types 0.00013661824308939388 0.0
typically 4.553941436313129e-05 0.0
türkçe 4.553941436313129e-05 0.0
u 9.107882872626258e-05 0.035401927050916
ui 0.002686825447424746 0.0
uk 0.00018215765745252516 0.09097177820572679
ukrainian 4.553941436313129e-05 1.749199854809259
ul 0.006421057425201512 0.0
uls 0.00022769707181565646 0.0
under 0.00013661824308939388 0.0
unknown 0.00022769707181565646 0.008733679968754631
unmanaged 0.00013661824308939388 0.0
unpin 9.107882872626258e-05 0.0
unpinned 9.107882872626258e-05 0.0
unsafe 4.553941436313129e-05 0.0
unsourced 4.553941436313129e-05 0.0
unstrip 0.00018215765745252516 0.0
up 4.553941436313129e-05 0.0
upload 0.0010018671159888885 0.14981227822866008
upon 4.553941436313129e-05 0.0
upper 0.00018215765745252516 0.11020314013361425
url 0.0003643153149050503 0.0721032939013439
us 0.000318775900541919 0.02643325706815543
usage 0.00018215765745252516 0.0
use 0.00022769707181565646 0.0
used 9.107882872626258e-05 0.0
uselang 4.553941436313129e-05 0.0
user 0.0012295641878045447 0.0
useradd 9.107882872626258e-05 0.0
userlogin 9.107882872626258e-05 0.0
using 9.107882872626258e-05 0.0
utc 4.553941436313129e-05 0.0
utf 4.553941436313129e-05 0.21233263520999412
utility 4.553941436313129e-05 0.0
utm_campaign 4.553941436313129e-05 0.0
utm_medium 4.553941436313129e-05 0.0
utm_source 4.553941436313129e-05 0.0
ux 4.553941436313129e-05 0.0
v 9.107882872626258e-05 0.044451762570833796
v_0 4.553941436313129e-05 0.0
v_1 9.107882872626258e-05 0.0
value 0.000637551801083838 0.0
values 4.553941436313129e-05 0.0
valuetype 0.00018215765745252516 0.0
var 9.107882872626258e-05 0.11020314013361425
variable 0.00013661824308939388 0.0
variant 9.107882872626258e-05 0.0
variants 0.00027323648617878776 0.0
various 4.553941436313129e-05 0.0
vary 4.553941436313129e-05 0.0
ve 4.553941436313129e-05 0.25629575863111026
vector 0.014936927911107064 0.0
verifiability 9.107882872626258e-05 0.0
verification 9.107882872626258e-05 0.0
verified 4.553941436313129e-05 0.0
version 0.00022769707181565646 0.0
very 4.553941436313129e-05 0.0
vgt1_ujzjm0c 4.553941436313129e-05 0.0
vi 0.00018215765745252516 0.044451762570833796
vietnamese 4.553941436313129e-05 0.0
view 0.0005920123867207067 0.0
viewport 4.553941436313129e-05 0.0
views 0.00013661824308939388 0.02643325706815543
violations 4.553941436313129e-05 0.0
virtual 0.00027323648617878776 0.0
virtual_execution_system 4.553941436313129e-05 0.0
virtual_machine 4.553941436313129e-05 0.0
virus 4.553941436313129e-05 0.0
visible 4.553941436313129e-05 0.044451762570833796
visit 9.107882872626258e-05 0.0
visited 4.553941436313129e-05 0.0
visual 0.0006830912154469693 0.0
visual_basic_ 9.107882872626258e-05 0.0
visual_j_sharp 4.553941436313129e-05 0.0
visualcplusdotnet 0.00018215765745252516 0.0
visualcplusdotnet1 4.553941436313129e-05 0.0
visualeditor 0.00018215765745252516 0.0
visualstudio 4.553941436313129e-05 0.37548427589622857
việt 4.553941436313129e-05 1.2185716037470886
vm 4.553941436313129e-05 0.0
vmt 4.553941436313129e-05 0.0
void 0.0007741700441732319 0.0
vtentry 4.553941436313129e-05 0.0
vue 9.107882872626258e-05 0.11995931507897897
w 0.024090350198096452 0.0
walltime 4.553941436313129e-05 0.0
was 0.00013661824308939388 0.0
watchlist 4.553941436313129e-05 0.0
watchtoken 4.553941436313129e-05 0.0
ways 4.553941436313129e-05 0.0
wb 9.107882872626258e-05 0.0
wbc 4.553941436313129e-05 0.0
wc 4.553941436313129e-05 2.4423470353692043
wcf 0.00013661824308939388 0.0
wcf_data_services 4.553941436313129e-05 0.0
wdsi 4.553941436313129e-05 0.0
we 4.553941436313129e-05 0.0
web 0.000318775900541919 0.0
website 9.107882872626258e-05 0.0
weight 0.00022769707181565646 0.7195804376281008
wf 4.553941436313129e-05 0.0
wgaction 4.553941436313129e-05 0.0
wgarticleid 4.553941436313129e-05 0.0
wgbackendresponsetime 4.553941436313129e-05 0.0
wgbreakframes 4.553941436313129e-05 0.0
wgcanonicalnamespace 4.553941436313129e-05 0.0
wgcanonicalspecialpagename 4.553941436313129e-05 0.0
wgcategories 4.553941436313129e-05 0.0
wgcentralauthmobiledomain 4.553941436313129e-05 0.0
wgcspnonce 4.553941436313129e-05 0.0
wgcurrevisionid 4.553941436313129e-05 0.0
wgdefaultdateformat 4.553941436313129e-05 0.0
wgdigittransformtable 4.553941436313129e-05 0.0
wgeditsubmitbuttonlabelpublish 4.553941436313129e-05 0.0
wgflaggedrevsparams 4.553941436313129e-05 0.0
wggestructuredtaskrejectionreasontextinputenabled 4.553941436313129e-05 0.0
wggetopicsmatchmodeenabled 4.553941436313129e-05 0.0
wghostname 4.553941436313129e-05 0.0
wgisarticle 4.553941436313129e-05 0.0
wgisprobablyeditable 4.553941436313129e-05 0.0
wgisredirect 4.553941436313129e-05 0.0
wgmediaviewerenabledbydefault 4.553941436313129e-05 0.0
wgmediavieweronclick 4.553941436313129e-05 0.0
wgmfdisplaywikibasedescriptions 4.553941436313129e-05 0.0
wgmonthnames 4.553941436313129e-05 0.0
wgnamespacenumber 4.553941436313129e-05 0.0
wgnoticeproject 4.553941436313129e-05 0.0
wgpagecontentlanguage 4.553941436313129e-05 0.0
wgpagecontentmodel 4.553941436313129e-05 0.0
wgpagename 4.553941436313129e-05 0.0
wgpageparsereport 4.553941436313129e-05 0.0
wgpopupsflags 4.553941436313129e-05 0.0
wgrelevantarticleid 4.553941436313129e-05 0.0
wgrelevantpageisprobablyeditable 4.553941436313129e-05 0.0
wgrelevantpagename 4.553941436313129e-05 0.0
wgrequestid 4.553941436313129e-05 0.0
wgrestrictionedit 4.553941436313129e-05 0.0
wgrestrictionmove 4.553941436313129e-05 0.0
wgrevisionid 4.553941436313129e-05 0.0
wgseparatortransformtable 4.553941436313129e-05 0.0
wgtitle 4.553941436313129e-05 0.0
wgulscurrentautonym 4.553941436313129e-05 0.0
wgulsiscompactlinksenabled 4.553941436313129e-05 0.0
wgulsislanguageselectorempty 4.553941436313129e-05 0.0
wgulsposition 4.553941436313129e-05 0.0
wgusergroups 4.553941436313129e-05 0.0
wgusername 4.553941436313129e-05 0.0
wgvector2022previewpages 4.553941436313129e-05 0.0
wgvisualeditor 4.553941436313129e-05 0.0
wgwikibaseitemid 4.553941436313129e-05 0.0
wgwmepagelength 4.553941436313129e-05 0.0
wgwmeschemaeditattemptstepoversample 4.553941436313129e-05 0.0
what 0.00018215765745252516 0.0
whatlinkshere 9.107882872626258e-05 0.0
when 0.0004098547292681816 0.0
where 9.107882872626258e-05 0.0
which 0.00022769707181565646 0.0
white 9.107882872626258e-05 0.0721032939013439
width 0.0030966801766929277 0.0
wif 4.553941436313129e-05 0.0
wiki 0.011749168905687873 0.0
wikibase 0.00018215765745252516 0.0
wikibooks 9.107882872626258e-05 0.14981227822866008
wikidata 0.0005009335579944442 0.0
wikimedia 0.002185891889430302 0.0
wikimediabadges 4.553941436313129e-05 0.0
wikimediaevents 4.553941436313129e-05 0.0
wikimediafoundation 9.107882872626258e-05 0.0
wikipedia 0.005054874994307573 0.0
wikisource 4.553941436313129e-05 3.6463198396951406
wikitext 4.553941436313129e-05 0.0
will 4.553941436313129e-05 0.0
window 0.00013661824308939388 0.11020314013361425
windows 0.000637551801083838 0.0
windows_communication_foundation 4.553941436313129e-05 0.0
windows_defender 4.553941436313129e-05 0.0
windows_forms 4.553941436313129e-05 0.0
windows_identity_foundation 4.553941436313129e-05 0.0
windows_presentation_foundation 4.553941436313129e-05 0.0
windows_workflow_foundation 4.553941436313129e-05 0.0
winforms 4.553941436313129e-05 0.0
with 0.0015938795027095952 0.0
within 9.107882872626258e-05 0.0
wmf 0.00013661824308939388 0.0
word 0.00018215765745252516 0.044451762570833796
wordmark 9.107882872626258e-05 0.0
workflow 9.107882872626258e-05 0.0
works 4.553941436313129e-05 0.11020314013361425
world 0.00027323648617878776 0.0
would 4.553941436313129e-05 0.0
wpf 4.553941436313129e-05 0.0
wpformidentifier 4.553941436313129e-05 0.0
wrap 9.107882872626258e-05 0.5108256237659907
writeline 0.00013661824308939388 0.0
written 4.553941436313129e-05 0.0
ws 4.553941436313129e-05 0.0
www 0.0010474065303520198 0.0
x 0.00018215765745252516 0.0
x86 0.00018215765745252516 0.0
x86_assembly_language 4.553941436313129e-05 0.0
x86_registers 4.553941436313129e-05 0.0
xamarin 0.00022769707181565646 0.0
xamarin_studio 4.553941436313129e-05 0.0
xaml 4.553941436313129e-05 0.0
xamlpad 0.00013661824308939388 0.0
xml 0.00013661824308939388 0.14981227822866008
xna 0.00018215765745252516 0.0
xna_framework 4.553941436313129e-05 0.0
xsharp 9.107882872626258e-05 0.8531118302526235
y 9.107882872626258e-05 0.008733679968754631
yes 4.553941436313129e-05 0.7936884097818228
you 0.00027323648617878776 0.0
your 4.553941436313129e-05 0.0
yourcar 9.107882872626258e-05 0.0
yue 0.00018215765745252516 0.0
z 9.107882872626258e-05 0.11020314013361425
z39 0.000318775900541919 0.0
z3988 0.000318775900541919 0.0
zh 0.00027323648617878776 1.3109449238781037
čeština 4.553941436313129e-05 0.0
русский 4.553941436313129e-05 0.7375989431307791
українська 4.553941436313129e-05 0.0
עברית 4.553941436313129e-05 0.0
العامة 4.553941436313129e-05 0.0
العربية 4.553941436313129e-05 0.0
اللغة 4.553941436313129e-05 0.0
الوسيطة 4.553941436313129e-05 0.0
زبان 4.553941436313129e-05 0.0
فارسی 4.553941436313129e-05 0.0
مشترک 4.553941436313129e-05 0.0
میانی 4.553941436313129e-05 0.0
中文 4.553941436313129e-05 0.0
共通中間言語 4.553941436313129e-05 0.0
日本語 4.553941436313129e-05 0.0
粵語 4.553941436313129e-05 0.6177977433181585
通用中間語言 4.553941436313129e-05 0.0
通用中间语言 4.553941436313129e-05 0.0
공통 4.553941436313129e-05 0.0
언어 4.553941436313129e-05 0.0
중간 4.553941436313129e-05 0.0
한국어 4.553941436313129e-05 0.0
