0 0.006533575317604356 0.0
00 0.0003629764065335753 0.0
000 0.00014519056261343014 0.0
01 7.259528130671507e-05 0.008733679968754631
02 0.00014519056261343014 0.0
03 0.00014519056261343014 0.017544309650909525
0346 0.0002903811252268603 1.5668782980153044
0360 0.0002903811252268603 1.5668782980153044
039 0.0002903811252268603 0.22314355131420976
04 7.259528130671507e-05 0.017544309650909525
049 0.00014519056261343014 0.12981161152199053
05 0.0002903811252268603 0.0
0717116676 0.0002903811252268603 1.5668782980153044
08 0.0006533575317604356 0.0
0878 0.00021778584392014518 1.5668782980153044
0907876908 0.0002903811252268603 1.5668782980153044
09t04 0.00014519056261343014 0.0
0_unported_license 7.259528130671507e-05 0.0
1 0.004500907441016334 0.0
10 0.001379310344827586 0.0
100 0.001088929219600726 0.0
1000 0.00014519056261343014 0.0
10000 7.259528130671507e-05 0.008733679968754631
1000000 0.00014519056261343014 0.0
100px 7.259528130671507e-05 0.0
1016 0.00043557168784029036 0.10054122922187746
10392 0.00014519056261343014 1.5668782980153044
107 0.00014519056261343014 0.08149303425118301
10px 0.0005807622504537206 0.0
11 0.0011615245009074411 0.008733679968754631
1138340598 0.0005081669691470055 1.5668782980153044
117 7.259528130671507e-05 0.0
11_ibm_pc 0.0002903811252268603 0.0
11_ibm_pc_5 0.00043557168784029036 0.0
12 0.0002903811252268603 0.008733679968754631
1200 0.0002903811252268603 1.5668782980153044
125em 0.00014519056261343014 0.0
127 7.259528130671507e-05 0.11020314013361425
128 0.00014519056261343014 0.0
12px 7.259528130671507e-05 0.0
12s5i 7.259528130671507e-05 0.0
13 7.259528130671507e-05 0.0
1315 0.00043557168784029036 0.5705448584676129
132_1_update_on_comal_a_superbasic 7.259528130671507e-05 0.0
133 7.259528130671507e-05 0.008733679968754631
14 0.00021778584392014518 0.008733679968754631
15 0.0002903811252268603 0.0
15px 7.259528130671507e-05 0.0
16 0.00014519056261343014 0.0
160 0.0015970961887477313 0.2340726218464
16bitwindos 0.00021778584392014518 0.0
179 0.00014519056261343014 0.2340726218464
17t11 0.00014519056261343014 0.0
1814400 0.00014519056261343014 0.0
19 0.0002903811252268603 0.0
192 0.00014519056261343014 0.08149303425118301
1972 7.259528130671507e-05 0.08149303425118301
1973 0.00021778584392014518 0.02643325706815543
1974 0.00014519056261343014 0.2340726218464
1975 0.00021778584392014518 0.08149303425118301
197700 0.00021778584392014518 1.5668782980153044
1978 7.259528130671507e-05 0.035401927050916
1980 0.00014519056261343014 0.20163734609324613
1980s 7.259528130671507e-05 0.02643325706815543
1982 0.0002903811252268603 0.02643325706815543
1983 0.0003629764065335753 0.044451762570833796
1984 0.0006533575317604356 0.02643325706815543
1985 7.259528130671507e-05 0.02643325706815543
1986 0.00014519056261343014 0.02643325706815543
1987 0.00021778584392014518 0.08149303425118301
1990 0.0002903811252268603 0.02643325706815543
1992 0.00014519056261343014 0.02643325706815543
1em 0.0005081669691470055 0.0
1f3262ee 7.259528130671507e-05 1.5668782980153044
1px 0.00043557168784029036 0.0
1x1 7.259528130671507e-05 0.0
2 0.0018148820326678765 0.0
20 0.0007259528130671506 0.0
2003 0.00014519056261343014 0.02643325706815543
2004 0.0009437386569872958 0.06280090123903044
2013 0.0002903811252268603 0.017544309650909525
2016 7.259528130671507e-05 0.017544309650909525
2017 0.00021778584392014518 0.0
2018 0.0002903811252268603 0.09097177820572679
2020 0.0006533575317604356 0.0
2021 7.259528130671507e-05 0.008733679968754631
2022 0.0003629764065335753 0.0
2023 0.00021778584392014518 0.0
20230314215754 7.259528130671507e-05 1.5668782980153044
20230314215755 0.00014519056261343014 1.5668782980153044
207 0.00014519056261343014 0.12981161152199053
2097152 0.0002903811252268603 0.0
20px 7.259528130671507e-05 0.0
21 0.00014519056261343014 0.0
2134 0.00021778584392014518 1.5668782980153044
22 0.00043557168784029036 0.0
228 0.00014519056261343014 0.2340726218464
22comal 0.00043557168784029036 0.0
238px 7.259528130671507e-05 0.0
23page 7.259528130671507e-05 0.0
23px 7.259528130671507e-05 0.0
24 0.0005081669691470055 0.008733679968754631
247 0.00014519056261343014 0.25629575863111026
25 0.00043557168784029036 0.0
251x 0.00043557168784029036 1.5668782980153044
255 7.259528130671507e-05 0.044451762570833796
25em 0.0003629764065335753 0.0
26 0.00021778584392014518 0.0
27s 7.259528130671507e-05 0.0
27sullivan 7.259528130671507e-05 0.0
28 0.00014519056261343014 0.017544309650909525
288 0.00014519056261343014 0.2340726218464
2882 0.00014519056261343014 0.0
2887 0.00014519056261343014 0.0
29 0.00014519056261343014 0.0
2925 0.00014519056261343014 1.5668782980153044
2982 0.00014519056261343014 1.5668782980153044
2990011 0.00014519056261343014 0.0
2990031 0.00014519056261343014 0.0
2c 0.0003629764065335753 0.8531118302526235
2cicon 7.259528130671507e-05 0.0
2cstyles 7.259528130671507e-05 0.0
2cwikimediabadges 7.259528130671507e-05 0.0
2em 0.00014519056261343014 0.0
2f 0.0007259528130671506 0.0
2f0346 0.00014519056261343014 0.0
2f0360 0.00014519056261343014 0.0
2f10 0.00014519056261343014 0.0
2f10392 0.00021778584392014518 0.0
2f2134 0.00014519056261343014 0.0
2f2up 7.259528130671507e-05 0.0
2farchive 0.0005081669691470055 0.0
2fcomal_today_issue_24 7.259528130671507e-05 0.0
2fcomal_today_issue_25 0.00021778584392014518 0.0
2fd 7.259528130671507e-05 0.0
2fd5 7.259528130671507e-05 0.0
2fdatamuseum 7.259528130671507e-05 0.0
2fdetails 0.00014519056261343014 0.0
2fdownload 0.0002903811252268603 0.0
2fdspace 0.00014519056261343014 0.0
2fen 0.0009437386569872958 0.0
2ffmt 0.0009437386569872958 0.0
2ffoundations 7.259528130671507e-05 0.0
2fhandle 7.259528130671507e-05 0.0
2fimages 7.259528130671507e-05 0.0
2finfoworld 7.259528130671507e-05 0.0
2fkr_comal80_kernel_syntax_and_semantics_apr_1985 7.259528130671507e-05 0.0
2fmode 7.259528130671507e-05 0.0
2fn31 7.259528130671507e-05 0.0
2fstream 7.259528130671507e-05 0.0
2funi 7.259528130671507e-05 0.0
2fw 7.259528130671507e-05 0.0
2px 0.00043557168784029036 0.0
2up 7.259528130671507e-05 1.911718784307034
2x 0.0003629764065335753 0.0
3 0.0015245009074410162 0.0
30 0.00014519056261343014 0.035401927050916
300 7.259528130671507e-05 0.017544309650909525
30em 7.259528130671507e-05 0.0
31 0.00014519056261343014 0.008733679968754631
3125em 7.259528130671507e-05 0.0
32 0.00014519056261343014 0.0
33 0.00014519056261343014 0.008733679968754631
35 0.00014519056261343014 0.02643325706815543
352 0.00014519056261343014 0.2340726218464
36c 7.259528130671507e-05 0.0
373 0.00014519056261343014 1.1340142157190256
376 0.00014519056261343014 1.5668782980153044
380 0.00014519056261343014 0.2340726218464
39 0.0002903811252268603 0.035401927050916
399 7.259528130671507e-05 1.1340142157190256
39z 0.00014519056261343014 0.0
3a 0.0006533575317604356 0.09097177820572679
3a3 7.259528130671507e-05 0.0
3abook 0.0003629764065335753 0.0
3acomal 0.0009437386569872958 0.0
3adissertation 7.259528130671507e-05 0.0
3adoi 0.00014519056261343014 0.0
3ahdl 7.259528130671507e-05 0.0
3ajournal 0.0005081669691470055 0.0
3akev 0.0009437386569872958 0.0
3amtx 0.0009437386569872958 0.0
3aofi 0.0009437386569872958 0.0
3asid 0.0009437386569872958 0.0
3cols 7.259528130671507e-05 0.0
3em 0.00014519056261343014 0.0
3px 0.00014519056261343014 0.0
4 0.0007259528130671506 0.0
40 0.00021778584392014518 0.017544309650909525
400 0.00014519056261343014 0.0
40022 0.00021778584392014518 1.5668782980153044
410 0.00014519056261343014 0.7195804376281008
416 0.00021778584392014518 0.2905848321097423
43326 0.00014519056261343014 1.5668782980153044
435 0.00021778584392014518 0.37548427589622857
438 0.00014519056261343014 0.2340726218464
45e1 7.259528130671507e-05 1.5668782980153044
46 0.00043557168784029036 0.10054122922187746
46z 0.00014519056261343014 0.0
487 0.00014519056261343014 1.5668782980153044
488 0.00014519056261343014 0.49643688631389105
49 0.00014519056261343014 0.008733679968754631
4c 7.259528130671507e-05 4.74493212836325
4dcf 7.259528130671507e-05 1.5668782980153044
4px 0.00014519056261343014 0.0
5 0.0008711433756805807 0.0
50 0.00021778584392014518 0.0
500 0.00014519056261343014 0.0
5000000 0.00014519056261343014 0.0
50px 7.259528130671507e-05 0.0
51 0.0002903811252268603 0.0
512 7.259528130671507e-05 0.8131064956389242
52 0.00014519056261343014 0.0721032939013439
52428800 0.00014519056261343014 0.0
52777 0.00014519056261343014 1.5668782980153044
52px 7.259528130671507e-05 0.0
53 0.00014519056261343014 0.008733679968754631
56 0.00014519056261343014 0.02643325706815543
5em 0.0005807622504537206 0.0
5x 0.0003629764065335753 0.11020314013361425
6 0.001016333938294011 0.0
62e20630e727 7.259528130671507e-05 1.5668782980153044
635 0.00014519056261343014 0.0721032939013439
64 0.00014519056261343014 0.0
65 7.259528130671507e-05 0.02643325706815543
66 0.00014519056261343014 0.08149303425118301
7 0.0008711433756805807 0.0
72 0.00014519056261343014 0.02643325706815543
720px 0.00014519056261343014 0.0
740 0.00014519056261343014 0.21233263520999412
75 7.259528130671507e-05 0.035401927050916
75px 7.259528130671507e-05 0.0
78 0.00014519056261343014 0.017544309650909525
7cext 0.00021778584392014518 0.0
7cmediawiki 7.259528130671507e-05 0.0
7cskins 7.259528130671507e-05 0.0
7cwikibase 7.259528130671507e-05 0.0
8 0.0014519056261343012 0.008733679968754631
80 0.0002903811252268603 0.0
81 7.259528130671507e-05 0.008733679968754631
8125em 7.259528130671507e-05 0.0
82 7.259528130671507e-05 0.017544309650909525
8215868 0.00014519056261343014 1.5668782980153044
83 7.259528130671507e-05 0.1599646496926782
8359 0.00021778584392014518 1.5668782980153044
84 7.259528130671507e-05 0.02643325706815543
84_ 7.259528130671507e-05 0.0
85 0.00014519056261343014 0.0
85312 0.00043557168784029036 1.5668782980153044
86 0.00021778584392014518 0.017544309650909525
87 0.00021778584392014518 0.008733679968754631
88 0.0013067150635208712 0.035401927050916
8a 0.00021778584392014518 0.0
9 0.0006533575317604356 0.0
90 7.259528130671507e-05 0.0
90011 7.259528130671507e-05 1.5668782980153044
90031 7.259528130671507e-05 1.5668782980153044
91 0.0014519056261343012 0.035401927050916
920607 0.00021778584392014518 1.5668782980153044
928411 0.00021778584392014518 1.5668782980153044
93 0.0012341197822141562 0.13976194237515863
94adding 7.259528130671507e-05 0.0
95 0.00021778584392014518 0.09097177820572679
960 0.00014519056261343014 0.5705448584676129
978 0.0005807622504537206 0.0
98 7.259528130671507e-05 0.017544309650909525
987007284728905171 7.259528130671507e-05 0.0
99 0.00021778584392014518 0.08149303425118301
9932cc 7.259528130671507e-05 0.0
99zyk 7.259528130671507e-05 0.0
9px 0.00021778584392014518 0.0
_ 7.259528130671507e-05 0.044451762570833796
_semantics 0.00014519056261343014 0.0
_semantics_1 0.00014519056261343014 0.0
a 0.04217785843920145 0.0
a0 0.00014519056261343014 0.3504829736908114
a2a9b1 0.00021778584392014518 0.0
a5a0 7.259528130671507e-05 1.5668782980153044
a7 7.259528130671507e-05 0.3504829736908114
a8 7.259528130671507e-05 0.0
a9 7.259528130671507e-05 0.0
a9_ 7.259528130671507e-05 0.0
aa 7.259528130671507e-05 0.2340726218464
able 7.259528130671507e-05 0.008733679968754631
about 0.0006533575317604356 0.0
aboutsite 7.259528130671507e-05 0.0
above 0.00014519056261343014 0.008733679968754631
abovebelow 0.0002903811252268603 0.0
absolute 7.259528130671507e-05 0.035401927050916
ac 0.00021778584392014518 2.665490586683414
acc 7.259528130671507e-05 1.8004931491968095
accessdate 0.0006533575317604356 0.0
accesskey 0.001379310344827586 0.0
account 0.0002903811252268603 0.0
acorn 0.0002903811252268603 0.0721032939013439
acorn_electron 7.259528130671507e-05 0.0
acornsoft 0.0003629764065335753 1.5668782980153044
acquired 7.259528130671507e-05 0.02643325706815543
across 7.259528130671507e-05 0.0
action 0.002177858439201452 0.0
actions 7.259528130671507e-05 0.0
actively 7.259528130671507e-05 0.06280090123903044
adapt 7.259528130671507e-05 0.02643325706815543
add 7.259528130671507e-05 0.0
added 7.259528130671507e-05 0.02643325706815543
adding 0.00021778584392014518 0.0
additional 0.0005807622504537206 0.0
additions 7.259528130671507e-05 0.08149303425118301
address 0.00014519056261343014 0.0
after 0.0012341197822141562 0.02643325706815543
again 7.259528130671507e-05 0.0
agree 7.259528130671507e-05 0.0
alert 0.0002903811252268603 0.11995931507897897
algol 0.00021778584392014518 0.044451762570833796
algorithmic 0.00014519056261343014 0.18058393689541388
align 0.0007259528130671506 0.0721032939013439
all 0.0007985480943738657 0.0
all_articles_needing_additional_references 7.259528130671507e-05 0.0
all_articles_that_may_contain_original_research 7.259528130671507e-05 0.0
all_articles_with_unsourced_statements 7.259528130671507e-05 0.0
alpha 0.0002903811252268603 0.14981227822866008
also 0.00021778584392014518 0.0
alt 0.0007259528130671506 0.0
alternate 0.00021778584392014518 0.14981227822866008
alternative 7.259528130671507e-05 0.06280090123903044
ambox 0.002250453720508167 0.0
amiga 0.00021778584392014518 0.09097177820572679
among 7.259528130671507e-05 0.008733679968754631
amp 0.014954627949183303 0.18058393689541388
an 0.0008711433756805807 0.0
and 0.003484573502722323 0.0
anon 0.00014519056261343014 0.0
anoncontribs 7.259528130671507e-05 0.0
anontalk 7.259528130671507e-05 0.0
anonymous 7.259528130671507e-05 0.12981161152199053
another 0.00014519056261343014 0.0
any 7.259528130671507e-05 0.0
api 7.259528130671507e-05 0.14981227822866008
appeared 7.259528130671507e-05 0.044451762570833796
apple 0.00043557168784029036 0.13976194237515863
apple_computer 7.259528130671507e-05 0.0
apple_ii 7.259528130671507e-05 0.0
application 0.00043557168784029036 0.0
apply 7.259528130671507e-05 0.0
april 0.00014519056261343014 0.0
ar 0.0003629764065335753 0.5108256237659907
arabic 7.259528130671507e-05 0.0
archive 0.0009437386569872958 0.044451762570833796
are 0.0003629764065335753 0.0
argument 7.259528130671507e-05 0.0
aria 0.002105263157894737 0.0
arm 7.259528130671507e-05 0.0721032939013439
around 0.00021778584392014518 0.035401927050916
article 0.0011615245009074411 0.0
articles 0.002032667876588022 0.0
articles_needing_additional_references_from_january_2013 7.259528130671507e-05 0.0
articles_that_may_contain_original_research_from_august_2020 7.259528130671507e-05 0.0
articles_with_j9u_identifiers 7.259528130671507e-05 0.0
articles_with_lccn_identifiers 7.259528130671507e-05 0.0
articles_with_short_description 7.259528130671507e-05 0.0
articles_with_unsourced_statements_from_september_2018 7.259528130671507e-05 0.0
as 0.0009437386569872958 0.0
as_eq 7.259528130671507e-05 0.0
associated 0.00014519056261343014 0.035401927050916
async 0.00021778584392014518 0.37548427589622857
at 0.0005081669691470055 0.0
atarimagazines 7.259528130671507e-05 0.0
atherton 7.259528130671507e-05 1.5668782980153044
atitle 0.0005081669691470055 0.0
atom 0.00021778584392014518 0.11995931507897897
attracting 7.259528130671507e-05 1.5668782980153044
attribution 7.259528130671507e-05 0.0
au 0.00021778584392014518 0.37548427589622857
aufirst 0.0007259528130671506 0.0
august 0.0005081669691470055 0.035401927050916
aulast 0.0007259528130671506 0.0
author 0.00014519056261343014 0.02643325706815543
authorities 7.259528130671507e-05 0.0
authority 0.00021778584392014518 0.008733679968754631
authority_control 0.00021778584392014518 0.008733679968754631
auto 0.0002903811252268603 0.035401927050916
autocapitalize 7.259528130671507e-05 0.0
autostart 7.259528130671507e-05 0.0
availability 0.0005081669691470055 0.11020314013361425
available 0.0005081669691470055 0.0
avoid 0.00014519056261343014 0.19105523676270922
b 0.0038475499092558985 0.017544309650909525
b1 7.259528130671507e-05 0.3504829736908114
b32424 0.00014519056261343014 0.0
b8rge 7.259528130671507e-05 0.0
ba 7.259528130671507e-05 0.0
back 7.259528130671507e-05 0.0721032939013439
background 0.0012341197822141562 0.2340726218464
backlink 0.0007985480943738657 0.0
bain 0.00014519056261343014 1.5668782980153044
based 7.259528130671507e-05 0.0
basic 0.0017422867513611614 0.0
basic_programming_language 7.259528130671507e-05 0.0
bbc 0.0005807622504537206 1.3109449238781037
bbc_basic 7.259528130671507e-05 0.0
bbc_micro 0.00014519056261343014 0.0
bdi 0.0002903811252268603 0.0
be 0.0003629764065335753 0.0
became 7.259528130671507e-05 0.02643325706815543
because 7.259528130671507e-05 0.0
becoming 7.259528130671507e-05 0.017544309650909525
been 0.00014519056261343014 0.008733679968754631
before 0.001016333938294011 0.017544309650909525
began 7.259528130671507e-05 0.017544309650909525
begin 7.259528130671507e-05 0.08149303425118301
beginners 7.259528130671507e-05 0.09097177820572679
beginning 0.0003629764065335753 0.035401927050916
below 7.259528130671507e-05 0.0
benedict 0.00021778584392014518 1.5668782980153044
benefit 7.259528130671507e-05 0.22314355131420976
between 7.259528130671507e-05 0.017544309650909525
bit 0.0002903811252268603 0.035401927050916
bks 0.00014519056261343014 0.0
bkt 7.259528130671507e-05 0.0
block 7.259528130671507e-05 0.044451762570833796
body 0.0011615245009074411 0.11995931507897897
bodycontent 0.00014519056261343014 0.0
bokmål 0.00014519056261343014 0.8737311174553593
bold 7.259528130671507e-05 0.21233263520999412
book 0.0005081669691470055 0.0721032939013439
books 7.259528130671507e-05 0.0
booksources 0.0011615245009074411 0.0
bootstrap 7.259528130671507e-05 0.0
border 0.0017422867513611614 0.7936884097818228
both 0.00014519056261343014 0.008733679968754631
bottom 0.00014519056261343014 0.12981161152199053
box 0.001088929219600726 0.0
br 7.259528130671507e-05 0.0
bracket 0.0011615245009074411 0.3141153295199365
brady 0.0002903811252268603 0.19105523676270922
brady_8 0.00014519056261343014 0.0
bramer 0.00014519056261343014 1.5668782980153044
break 0.00021778584392014518 0.19105523676270922
browsing 7.259528130671507e-05 0.27902400970866637
btitle 0.0003629764065335753 0.0
btn 0.00043557168784029036 0.0
burkhard 0.00014519056261343014 1.5668782980153044
but 0.00021778584392014518 0.0
button 0.0023230490018148822 0.0
buttons 7.259528130671507e-05 0.0
by 0.0014519056261343012 0.0
bytes 0.0002903811252268603 0.0
børge 0.00043557168784029036 1.5668782980153044
c 0.00021778584392014518 0.0
c13_en 7.259528130671507e-05 0.0
c3 7.259528130671507e-05 0.0
c4 7.259528130671507e-05 0.27902400970866637
ca 0.0005807622504537206 0.035401927050916
cache 0.00014519056261343014 0.0
cached 7.259528130671507e-05 0.0
cachereport 7.259528130671507e-05 0.0
cactions 0.00043557168784029036 0.0
called 7.259528130671507e-05 0.0
calls 7.259528130671507e-05 0.0
campaigns 7.259528130671507e-05 0.0
canonical 0.00014519056261343014 0.0
capable 7.259528130671507e-05 0.044451762570833796
caption 0.00014519056261343014 0.0
catalog_lookup_link 0.00014519056261343014 0.0721032939013439
categories 0.00014519056261343014 0.0
category 0.0024682395644283124 0.0
catlinks 0.00043557168784029036 0.0
cats 7.259528130671507e-05 0.0
ccf 7.259528130671507e-05 1.0560526742493137
cell 7.259528130671507e-05 0.21233263520999412
center 0.0007259528130671506 0.02643325706815543
centralauth 0.00014519056261343014 0.0
centralautologin 0.00014519056261343014 0.0
centralnotice 0.00021778584392014518 0.0
challenged 7.259528130671507e-05 0.0
change 7.259528130671507e-05 0.0
changes 0.0002903811252268603 0.02643325706815543
characteristics 7.259528130671507e-05 0.10054122922187746
charinsert 7.259528130671507e-05 0.0
charset 7.259528130671507e-05 0.0
checkbox 0.0024682395644283124 0.0
chichester 0.00014519056261343014 1.5668782980153044
child 0.0018148820326678765 0.21233263520999412
christensen 0.0015970961887477313 0.3141153295199365
citation 0.0016696914700544464 0.017544309650909525
citation_needed 7.259528130671507e-05 0.48225225132193467
citations 0.00014519056261343014 0.0
cite 0.0031941923774954626 0.0
cite_note 0.0018874773139745916 0.0
cite_ref 0.002177858439201452 0.0
cite_web 0.00014519056261343014 0.0
citerefbainlindsay 7.259528130671507e-05 0.0
citerefbrady1986 7.259528130671507e-05 0.0
citerefbramer1982 7.259528130671507e-05 0.0
citerefchristensen 7.259528130671507e-05 0.0
citerefkelly1984 7.259528130671507e-05 0.0
citerefleuschner1987 7.259528130671507e-05 0.0
citereflundyo 7.259528130671507e-05 0.0
citerefmoynihan1983 7.259528130671507e-05 0.0
citerefryan 7.259528130671507e-05 0.0
citerefthorntonchristensen1984 7.259528130671507e-05 0.0
citethispage 7.259528130671507e-05 0.0
claim 7.259528130671507e-05 0.13976194237515863
class 0.03361161524500907 0.0
classname 0.00021778584392014518 0.0
clear 0.00014519056261343014 0.11020314013361425
client 0.00043557168784029036 0.0
code 0.00014519056261343014 0.0
coll 0.0002903811252268603 0.0
collapse 0.00014519056261343014 0.0
collapsed 0.00021778584392014518 0.0
collapses 7.259528130671507e-05 0.0
collapsible 0.0007259528130671506 0.0
college 7.259528130671507e-05 0.10054122922187746
color 0.0012341197822141562 0.3629054936893685
colspan 0.00021778584392014518 0.0
column 0.00021778584392014518 0.11020314013361425
columns 0.00043557168784029036 0.11020314013361425
com 0.0005081669691470055 0.0
comal 0.009509981851179673 1.5668782980153044
comal_ 7.259528130671507e-05 0.0
comal_2nd 0.00014519056261343014 0.0
comal_handbook_1983_reston_publishing 7.259528130671507e-05 0.0
comal_kernel_syntax_ 0.0002903811252268603 0.0
comal_reference_guide 7.259528130671507e-05 0.0
comal_today_issue_24 7.259528130671507e-05 0.0
comal_today_issue_25 0.00021778584392014518 0.0
comet 0.00014519056261343014 0.1599646496926782
comet_ 7.259528130671507e-05 0.0
comfortably 7.259528130671507e-05 1.5668782980153044
commercial 7.259528130671507e-05 0.044451762570833796
commodore 0.0007259528130671506 0.09097177820572679
commodore_128 7.259528130671507e-05 0.0
commodore_64 7.259528130671507e-05 0.0
commodore_international 7.259528130671507e-05 0.0
commodore_pet 0.00014519056261343014 0.0
common 0.0006533575317604356 0.0
common_comal_definition_and_tests 0.00014519056261343014 0.0
common_comal_definition_and_tests_2 0.00014519056261343014 0.0
commons 0.0003629764065335753 0.0
community 7.259528130671507e-05 0.10054122922187746
community_portal 7.259528130671507e-05 0.0
compact 0.00014519056261343014 0.0
compactlinks 7.259528130671507e-05 0.0
company 0.00014519056261343014 0.02643325706815543
compared 7.259528130671507e-05 0.0
compatible 0.00014519056261343014 0.0
compatible_keywords 0.00014519056261343014 0.0
compatible_keywords_3 0.00014519056261343014 0.0
compis 0.0006533575317604356 1.5668782980153044
complete 7.259528130671507e-05 0.008733679968754631
compliant 7.259528130671507e-05 0.10054122922187746
complications 7.259528130671507e-05 0.0
compute 7.259528130671507e-05 0.044451762570833796
computer 0.001088929219600726 0.0
computer_science 7.259528130671507e-05 0.0
computers 0.0003629764065335753 0.02643325706815543
computing 0.00021778584392014518 0.008733679968754631
concept 7.259528130671507e-05 0.035401927050916
condition 7.259528130671507e-05 0.008733679968754631
conditions 7.259528130671507e-05 0.008733679968754631
config 0.00014519056261343014 0.0
conjection 7.259528130671507e-05 1.5668782980153044
contact 0.0002903811252268603 0.0
contact_us 0.00014519056261343014 0.0
contactpage 7.259528130671507e-05 0.0
contain 0.00043557168784029036 0.035401927050916
container 0.001088929219600726 0.14981227822866008
containing 7.259528130671507e-05 0.008733679968754631
contains 0.00014519056261343014 0.0
content 0.0052994555353902 0.0
contentinfo 7.259528130671507e-05 0.0
contents 0.0009437386569872958 0.0
contentsub 7.259528130671507e-05 0.0
context 0.00014519056261343014 0.017544309650909525
continue 7.259528130671507e-05 0.0
contract 7.259528130671507e-05 0.02643325706815543
contribute 7.259528130671507e-05 0.0
contributions 7.259528130671507e-05 0.2340726218464
contributors 0.00014519056261343014 0.017544309650909525
control 0.0003629764065335753 0.0
controls 0.00014519056261343014 0.0
conversion 7.259528130671507e-05 0.0
cookie 0.0003629764065335753 0.0
cookie_statement 7.259528130671507e-05 0.0
cookiestatement 7.259528130671507e-05 0.0
copyright 0.00021778584392014518 0.0
copyrightico 7.259528130671507e-05 0.0
corresponded 7.259528130671507e-05 1.5668782980153044
costs 7.259528130671507e-05 0.1599646496926782
could 7.259528130671507e-05 0.044451762570833796
count 0.00014519056261343014 0.0
counter 0.0002903811252268603 0.11020314013361425
course 0.00021778584392014518 0.2340726218464
coverage 0.00014519056261343014 0.05358424613410626
cp 0.0006533575317604356 0.035401927050916
cpu 7.259528130671507e-05 0.0
cputime 7.259528130671507e-05 0.0
create 0.0002903811252268603 0.0
createaccount 0.0002903811252268603 0.0
created 0.0003629764065335753 0.0
creative 7.259528130671507e-05 0.0
creativecommons 0.00014519056261343014 0.0
creator 7.259528130671507e-05 0.0
critiques 7.259528130671507e-05 1.5668782980153044
cross 7.259528130671507e-05 0.0
crossorigin 7.259528130671507e-05 0.0
cs1 0.0018874773139745916 0.017544309650909525
csrftoken 7.259528130671507e-05 0.0
ctx_ver 0.0009437386569872958 0.0
current 0.00014519056261343014 0.08149303425118301
current_events 7.259528130671507e-05 0.0
currentevents 7.259528130671507e-05 0.0
cx 0.00014519056261343014 0.0
d 0.0002903811252268603 0.017544309650909525
d33 0.00014519056261343014 0.0
d5 7.259528130671507e-05 0.0
d6 7.259528130671507e-05 0.0
d8 0.0005081669691470055 0.0
d9 0.00043557168784029036 0.0
da 0.0002903811252268603 0.3141153295199365
danish 0.0003629764065335753 1.5668782980153044
dansk 0.00021778584392014518 1.5668782980153044
data 0.004137931034482759 0.0
data_general_extended_basic 7.259528130671507e-05 0.0
data_general_nova 7.259528130671507e-05 0.0
datahistorisk 0.00014519056261343014 1.5668782980153044
datamuseum 7.259528130671507e-05 0.0
date 0.0007259528130671506 0.02643325706815543
datemodified 0.00014519056261343014 0.0
datepublished 0.00014519056261343014 0.0
david 0.00014519056261343014 0.017544309650909525
dd 0.0017422867513611614 0.035401927050916
ddf 7.259528130671507e-05 0.0
de 0.0002903811252268603 0.017544309650909525
december 7.259528130671507e-05 0.02643325706815543
decimal 7.259528130671507e-05 0.11020314013361425
decoding 0.00014519056261343014 0.21233263520999412
deduplicate 0.00043557168784029036 0.0
deduplicated 0.0013067150635208712 0.0
defined 7.259528130671507e-05 0.0
definition 0.0002903811252268603 0.008733679968754631
definitive 7.259528130671507e-05 0.7936884097818228
delete 7.259528130671507e-05 0.0721032939013439
denmark 0.00043557168784029036 1.5668782980153044
depth 0.00021778584392014518 0.0
description 0.0005807622504537206 0.0
design 0.0008711433756805807 0.035401927050916
designed 7.259528130671507e-05 0.0
desktop 0.00014519056261343014 0.14981227822866008
desktop_pc 7.259528130671507e-05 0.0
desktoparticletarget 0.00021778584392014518 0.0
details 0.00043557168784029036 0.11020314013361425
detection 7.259528130671507e-05 0.10054122922187746
deutsch 7.259528130671507e-05 0.0
develop 7.259528130671507e-05 0.035401927050916
developed 0.00021778584392014518 0.017544309650909525
developer 7.259528130671507e-05 0.02643325706815543
developers 0.00014519056261343014 0.0
developing 7.259528130671507e-05 0.19105523676270922
development 0.00014519056261343014 0.017544309650909525
did 7.259528130671507e-05 0.044451762570833796
different 0.00021778584392014518 0.0
difficult 7.259528130671507e-05 0.044451762570833796
dir 0.0005081669691470055 0.4682660093471948
directly 7.259528130671507e-05 0.0
disabled 0.0007985480943738657 0.11020314013361425
discipline 7.259528130671507e-05 0.06280090123903044
disclaimers 0.00014519056261343014 0.0
discuss 7.259528130671507e-05 0.05358424613410626
discussion 0.00014519056261343014 0.26759531388504365
display 0.0005807622504537206 0.0
div 0.014373865698729582 0.0
dk 0.00014519056261343014 0.0
dl 0.0013067150635208712 0.22314355131420976
dmy 7.259528130671507e-05 0.08149303425118301
dns 0.00014519056261343014 0.540239508972284
do 7.259528130671507e-05 0.0
dobasicsearch 7.259528130671507e-05 0.0
doctype 7.259528130671507e-05 0.0
document 0.0002903811252268603 0.09097177820572679
documentelement 0.00021778584392014518 0.0
does 0.00014519056261343014 0.0
doi 0.00043557168784029036 0.008733679968754631
doi_ 0.00014519056261343014 0.0
domain 0.00021778584392014518 0.0
donate 0.00021778584392014518 0.0
donating 7.259528130671507e-05 0.0
dos 0.00043557168784029036 0.13976194237515863
dosbox 0.00021778584392014518 1.5668782980153044
download 0.0005807622504537206 0.0
downloadaspdf 7.259528130671507e-05 0.0
dropdown 0.0018148820326678765 0.0
dspace 0.00014519056261343014 0.0
dt 0.0011615245009074411 0.0
dublin 0.0002903811252268603 1.5668782980153044
dutch 7.259528130671507e-05 0.13976194237515863
e 0.00014519056261343014 0.0
e2 7.259528130671507e-05 1.911718784307034
e6e6ff 7.259528130671507e-05 0.0
early 7.259528130671507e-05 0.02643325706815543
easy 7.259528130671507e-05 0.0
echo 7.259528130671507e-05 0.0
ed 0.00021778584392014518 0.008733679968754631
edit 0.0031941923774954626 0.0
editable 7.259528130671507e-05 0.49643688631389105
edited 7.259528130671507e-05 0.0
editing 0.00014519056261343014 0.11020314013361425
edition 7.259528130671507e-05 0.044451762570833796
editor 0.00014519056261343014 0.044451762570833796
editors 0.00014519056261343014 0.0
editpage 7.259528130671507e-05 0.0
edits 0.00014519056261343014 0.0
editsection 0.0017422867513611614 0.0
edituri 7.259528130671507e-05 0.0
education 0.00021778584392014518 0.08149303425118301
educational 0.0005807622504537206 0.08149303425118301
educational_programming_languages 7.259528130671507e-05 0.0
eee 7.259528130671507e-05 0.0
electron 0.0002903811252268603 1.0560526742493137
element 0.0005081669691470055 0.0
elements 0.00021778584392014518 0.008733679968754631
ellipsis 0.00014519056261343014 0.2340726218464
elt 0.0002903811252268603 0.0
empty 0.00043557168784029036 0.008733679968754631
emptyportlet 0.00014519056261343014 0.0
en 0.0023230490018148822 0.0
enabled 0.0007985480943738657 0.008733679968754631
encouraged 0.0003629764065335753 1.5668782980153044
encyclopedia 0.00014519056261343014 0.0
end 7.259528130671507e-05 0.0
endfor 7.259528130671507e-05 1.5668782980153044
endif 7.259528130671507e-05 0.41419878807691896
english 0.00021778584392014518 0.0
enhanced 7.259528130671507e-05 0.11020314013361425
enhancements 7.259528130671507e-05 0.0
entities 7.259528130671507e-05 0.0
entity 0.0002903811252268603 0.0
entityaccesscount 7.259528130671507e-05 0.0
entitypage 0.00014519056261343014 0.0
environment 7.259528130671507e-05 0.0
enwiki 7.259528130671507e-05 0.0
enwikimwclientprefs 7.259528130671507e-05 0.0
error 0.00014519056261343014 0.11020314013361425
errors 0.00021778584392014518 0.06280090123903044
es 0.0002903811252268603 1.8545603704670854
es6 7.259528130671507e-05 0.0
esi 0.00014519056261343014 0.7195804376281008
esitest 7.259528130671507e-05 0.0
español 7.259528130671507e-05 0.0
even 7.259528130671507e-05 0.11020314013361425
event 0.0007259528130671506 0.0
eventlogging 0.00014519056261343014 0.0
events 0.00014519056261343014 0.11020314013361425
evers 7.259528130671507e-05 1.5668782980153044
evolved 7.259528130671507e-05 0.11020314013361425
exact 7.259528130671507e-05 0.0
examples 0.0006533575317604356 0.008733679968754631
exist 0.00014519056261343014 0.0721032939013439
exists 7.259528130671507e-05 0.0
expand 0.00021778584392014518 0.0
expanded 0.0005807622504537206 0.0
expansion 0.00014519056261343014 0.0
expansiondepth 7.259528130671507e-05 0.0
expectation 7.259528130671507e-05 1.5668782980153044
expected 7.259528130671507e-05 0.044451762570833796
expensive 7.259528130671507e-05 0.0
expensivefunctioncount 7.259528130671507e-05 0.0
experimenting 7.259528130671507e-05 1.0813704822336037
expiry 0.00014519056261343014 0.0
export 7.259528130671507e-05 0.0
ext 0.002032667876588022 0.0
extended 0.00014519056261343014 0.035401927050916
extension 7.259528130671507e-05 0.008733679968754631
extensions 7.259528130671507e-05 0.0
external 0.002395644283121597 0.0
external_links 0.0002903811252268603 0.0
extra 7.259528130671507e-05 0.0
f 0.0003629764065335753 0.0
f28500 7.259528130671507e-05 0.0
f7f7f7 7.259528130671507e-05 0.0
fa8a495983347898 7.259528130671507e-05 0.0
fact 7.259528130671507e-05 0.008733679968754631
fallbacksearchbutton 7.259528130671507e-05 0.0
false 0.0008711433756805807 0.0
favicon 7.259528130671507e-05 0.0
favourite 0.00014519056261343014 1.5668782980153044
fbfbfb 7.259528130671507e-05 0.0
fc3 7.259528130671507e-05 0.0
fdfdfd 0.00021778584392014518 0.0
feature 0.0015245009074410162 0.0
featurename 0.00021778584392014518 0.0
february 0.00021778584392014518 0.017544309650909525
fee7e6 7.259528130671507e-05 0.0
feed 0.00014519056261343014 0.19105523676270922
few 7.259528130671507e-05 0.06280090123903044
file 0.0005807622504537206 0.0
file_upload_wizard 0.00014519056261343014 0.0
files 7.259528130671507e-05 0.0
find 0.00014519056261343014 0.0
find_code 7.259528130671507e-05 0.0
firm 7.259528130671507e-05 0.27902400970866637
firms 7.259528130671507e-05 0.19105523676270922
first 0.0014519056261343012 0.0
firstheading 0.00021778584392014518 0.0
five 7.259528130671507e-05 0.02643325706815543
float 0.00014519056261343014 0.06280090123903044
flow 7.259528130671507e-05 0.035401927050916
flush 0.0003629764065335753 0.0
font 0.0009437386569872958 0.14981227822866008
footer 0.0018874773139745916 0.0
for 0.002177858439201452 0.0
forening 0.00014519056261343014 1.5668782980153044
fork 7.259528130671507e-05 0.02643325706815543
form 0.00021778584392014518 0.0
formal 7.259528130671507e-05 0.08149303425118301
format 0.00021778584392014518 0.035401927050916
found 7.259528130671507e-05 0.11020314013361425
foundation 0.0006533575317604356 0.0
foundations 0.00021778584392014518 0.008733679968754631
free 0.0003629764065335753 0.0
from 0.0015245009074410162 0.0
frustrated 7.259528130671507e-05 0.2340726218464
full 0.00021778584392014518 0.044451762570833796
fulltext 7.259528130671507e-05 0.0
func 7.259528130671507e-05 0.044451762570833796
function 0.00043557168784029036 0.0
fundraiserredirector 7.259528130671507e-05 0.0
further 0.0002903811252268603 0.0
further_reading 0.0002903811252268603 0.0
g 0.00014519056261343014 0.0
ga 0.0002903811252268603 2.1799827709017134
gadget 0.0002903811252268603 0.0
gaeilge 7.259528130671507e-05 0.0
gehomepagesuggestededitsenabletopics 7.259528130671507e-05 0.0
general 0.0002903811252268603 0.0
general_disclaimer 7.259528130671507e-05 0.0
generator 7.259528130671507e-05 0.0
genre 0.0008711433756805807 0.0
geoip 7.259528130671507e-05 0.0
german 7.259528130671507e-05 0.017544309650909525
gill 0.00014519056261343014 0.7195804376281008
github 7.259528130671507e-05 0.017544309650909525
globalcssjs 0.00014519056261343014 0.0
go 0.0003629764065335753 0.0
google 0.0003629764065335753 0.10054122922187746
googpub 0.00014519056261343014 0.0
gordon 7.259528130671507e-05 1.5668782980153044
goto 0.00021778584392014518 0.0
gov 7.259528130671507e-05 0.2340726218464
graphics 0.00014519056261343014 0.044451762570833796
gray 7.259528130671507e-05 1.449095262358921
greek 0.00014519056261343014 0.3141153295199365
green 7.259528130671507e-05 0.08149303425118301
group 0.001088929219600726 0.05358424613410626
groups 7.259528130671507e-05 0.0
growthexperiments 7.259528130671507e-05 0.0
grundy 0.00014519056261343014 1.5668782980153044
grundy_newbrain 7.259528130671507e-05 0.0
guidance 7.259528130671507e-05 0.2340726218464
guide 7.259528130671507e-05 0.09097177820572679
guides 7.259528130671507e-05 4.74493212836325
h 0.00014519056261343014 0.035401927050916
h1 0.00014519056261343014 1.2484245668967697
h2 0.0013067150635208712 1.2484245668967697
hack 0.00043557168784029036 0.0
had 0.0005081669691470055 0.02643325706815543
handbook 7.259528130671507e-05 0.13976194237515863
handed 7.259528130671507e-05 0.19105523676270922
handle 0.00014519056261343014 0.09097177820572679
has 0.00014519056261343014 0.0
haspopup 0.0003629764065335753 0.0
hdl 0.00021778584392014518 0.19105523676270922
hdl_ 7.259528130671507e-05 0.0
he 0.0003629764065335753 0.044451762570833796
head 0.00021778584392014518 0.0
header 0.0019600725952813067 0.0
heading 0.0016696914700544464 0.0
headline 0.0007259528130671506 0.0
height 0.001016333938294011 0.0
hello 0.00014519056261343014 0.0
help 0.001016333938294011 0.0
here 7.259528130671507e-05 0.008733679968754631
hidden 0.001016333938294011 0.0
hide 0.0002903811252268603 0.0
high 7.259528130671507e-05 0.0
highest 7.259528130671507e-05 0.0
highlight 0.0002903811252268603 3.1354942159291497
highlighting 0.00021778584392014518 0.2340726218464
him 7.259528130671507e-05 0.3141153295199365
hindsight 7.259528130671507e-05 1.5668782980153044
his 7.259528130671507e-05 0.044451762570833796
history 0.0009437386569872958 0.0
hlist 0.004137931034482759 0.0
home 0.00014519056261343014 0.008733679968754631
home_computer 7.259528130671507e-05 0.0
hor 0.00014519056261343014 0.0
horwood 0.00014519056261343014 0.7195804376281008
hosted 7.259528130671507e-05 0.0721032939013439
how 0.00043557168784029036 0.0
however 0.0003629764065335753 0.0
href 0.021851179673321234 0.0
hreflang 0.0007985480943738657 0.0
html 0.0003629764065335753 0.06280090123903044
http 0.0006533575317604356 0.017544309650909525
https 0.004355716878402904 0.0
hub 7.259528130671507e-05 0.2451224580329849
i 0.005226860254083485 0.0
ibm 0.0002903811252268603 0.02643325706815543
ibm_pc 7.259528130671507e-05 0.0
ico 7.259528130671507e-05 0.0
icon 0.002540834845735027 0.0
icons 0.0002903811252268603 0.0
id 0.012994555353901996 0.0
identifier 0.0018874773139745916 0.044451762570833796
identifiers 0.0005081669691470055 0.008733679968754631
idhash 7.259528130671507e-05 0.0
if 0.00021778584392014518 0.0
ii 0.00014519056261343014 0.19105523676270922
il 7.259528130671507e-05 0.0
image 0.0005807622504537206 0.0
imageobject 0.00014519056261343014 0.0
imageright 7.259528130671507e-05 0.0
images 0.0009437386569872958 0.0
img 0.0005807622504537206 0.0
implement 7.259528130671507e-05 0.05358424613410626
implementation 0.0003629764065335753 0.0
implementations 0.00014519056261343014 0.0
important 7.259528130671507e-05 0.008733679968754631
impressed 7.259528130671507e-05 0.2340726218464
improve 7.259528130671507e-05 0.0
improvements 7.259528130671507e-05 0.08149303425118301
in 0.003411978221415608 0.0
inc 0.00021778584392014518 0.0
include 0.00014519056261343014 0.0
including 7.259528130671507e-05 0.008733679968754631
increment 7.259528130671507e-05 0.06280090123903044
index 0.002177858439201452 0.0
indicators 7.259528130671507e-05 0.454472687214859
industrial 7.259528130671507e-05 0.10054122922187746
influenced 7.259528130671507e-05 0.008733679968754631
info 0.0024682395644283124 0.044451762570833796
infobox 0.0016696914700544464 0.008733679968754631
infobox_programming_language 0.00014519056261343014 0.008733679968754631
information 0.00021778584392014518 0.0
infoworld 0.00021778584392014518 0.11995931507897897
inherit 0.0005081669691470055 0.11020314013361425
init 0.00021778584392014518 0.0
inline 0.0018874773139745916 0.05358424613410626
inner 0.0002903811252268603 0.0
input 0.0011615245009074411 0.0
inside 0.00014519056261343014 0.0
insisted 7.259528130671507e-05 1.5668782980153044
inspired 7.259528130671507e-05 0.017544309650909525
inst 7.259528130671507e-05 0.0
instructions 7.259528130671507e-05 0.0
interaction 0.00021778584392014518 0.0
interactive 0.00014519056261343014 0.11020314013361425
interest 7.259528130671507e-05 0.044451762570833796
interface 0.00014519056261343014 0.0
interlanguage 0.0019600725952813067 0.0
internal 7.259528130671507e-05 0.035401927050916
international 7.259528130671507e-05 0.08149303425118301
internet 0.00014519056261343014 0.14981227822866008
interwiki 0.0007985480943738657 0.0
into 7.259528130671507e-05 0.0
introduce 7.259528130671507e-05 0.26759531388504365
introduced 7.259528130671507e-05 0.06280090123903044
introduction 0.00021778584392014518 0.11020314013361425
ip 0.00014519056261343014 0.3141153295199365
ireland 0.00043557168784029036 0.02643325706815543
irish 0.00014519056261343014 0.2340726218464
is 0.0009437386569872958 0.0
isbn 0.0014519056261343012 0.0
isbn_ 0.0005807622504537206 0.0
israel 7.259528130671507e-05 0.11020314013361425
issn 0.0005807622504537206 0.008733679968754631
issn_ 0.00014519056261343014 0.0
issue 0.0005081669691470055 0.14981227822866008
issue54 7.259528130671507e-05 0.0
it 0.0012341197822141562 0.0
italian 7.259528130671507e-05 0.3629054936893685
italiano 7.259528130671507e-05 0.0
item 0.005372050816696915 0.0
items 7.259528130671507e-05 0.0
its 7.259528130671507e-05 0.0
j 0.00021778584392014518 0.0
j9u 0.00021778584392014518 0.11020314013361425
january 0.0007259528130671506 0.0
jim 7.259528130671507e-05 0.2451224580329849
john 0.00014519056261343014 0.08149303425118301
josvisser 7.259528130671507e-05 0.0
journal 0.0005081669691470055 0.008733679968754631
jquery 7.259528130671507e-05 0.0
js 0.00021778584392014518 0.0
json 0.00014519056261343014 0.11995931507897897
jspui 0.00014519056261343014 0.0
jstor 0.00014519056261343014 0.0
jtitle 0.0005081669691470055 0.0
july 7.259528130671507e-05 0.008733679968754631
jump 0.00014519056261343014 0.0
june 7.259528130671507e-05 0.017544309650909525
język 7.259528130671507e-05 0.0
k 0.00014519056261343014 0.0
kelly 0.0002903811252268603 0.7195804376281008
kelly_9 0.00014519056261343014 0.0
kern 0.00014519056261343014 0.0
kernel 0.00021778584392014518 0.11020314013361425
kevin 0.00014519056261343014 1.1340142157190256
key 7.259528130671507e-05 0.0
keyword 0.00014519056261343014 0.017544309650909525
keyword_syntax_and_examples 0.00014519056261343014 0.0
keyword_syntax_and_examples_4 0.00014519056261343014 0.0
keywords 0.00014519056261343014 0.11020314013361425
kingdom 7.259528130671507e-05 0.48225225132193467
kjaer 7.259528130671507e-05 1.5668782980153044
kr_comal80_kernel_syntax_and_semantics_apr_1985 7.259528130671507e-05 0.0
label 0.003774954627949183 0.0
labelledby 7.259528130671507e-05 0.0
lacked 7.259528130671507e-05 0.02643325706815543
landmark 0.0002903811252268603 0.0
lang 0.0018874773139745916 0.0
langlinks 0.00014519056261343014 0.0
language 0.0028312159709618875 0.0
languages 0.0014519056261343012 0.0
last 0.0009437386569872958 0.0
lastmod 7.259528130671507e-05 0.0
later 7.259528130671507e-05 0.017544309650909525
latter 7.259528130671507e-05 0.0
lazy 0.00014519056261343014 0.008733679968754631
lboro 0.00014519056261343014 0.0
lccn 0.00021778584392014518 0.11020314013361425
ld 0.00014519056261343014 0.7195804376281008
lead 7.259528130671507e-05 0.008733679968754631
learn 0.00043557168784029036 0.0
least 7.259528130671507e-05 0.0
led 7.259528130671507e-05 0.06280090123903044
left 0.0015245009074410162 0.0
leicester 7.259528130671507e-05 1.5668782980153044
len 0.00021778584392014518 0.11020314013361425
leuschner 0.00014519056261343014 1.5668782980153044
level 0.0006533575317604356 0.0
levels 7.259528130671507e-05 0.0
li 0.019963702359346643 0.0
license 0.0002903811252268603 0.0
licenses 0.00014519056261343014 0.12981161152199053
like 0.00014519056261343014 0.0
limit 0.0007985480943738657 0.0
limited 0.00043557168784029036 0.008733679968754631
limitreport 0.00021778584392014518 0.0
lindsay 0.00021778584392014518 1.5668782980153044
line 0.0005081669691470055 0.008733679968754631
line_number 7.259528130671507e-05 0.0
link 0.0054446460980036296 0.08149303425118301
linked 7.259528130671507e-05 0.0721032939013439
links 0.001379310344827586 0.0
linux 0.00021778584392014518 0.017544309650909525
list 0.0074773139745916515 0.0
listbullet 0.00021778584392014518 0.0
listitem 0.0002903811252268603 0.0
load 0.00021778584392014518 0.0
loaded 7.259528130671507e-05 0.0
loader 7.259528130671507e-05 0.035401927050916
loading 0.00021778584392014518 0.0
loc 0.00014519056261343014 0.0
local_base 7.259528130671507e-05 0.0
locally 7.259528130671507e-05 0.11020314013361425
lock 0.0007985480943738657 0.11020314013361425
log 0.0005081669691470055 0.0
logged 0.00014519056261343014 0.0
login 0.0003629764065335753 0.3141153295199365
logo 0.0007259528130671506 0.0
logo_ 7.259528130671507e-05 0.0
look 7.259528130671507e-05 0.0
looks 7.259528130671507e-05 0.0
loop 7.259528130671507e-05 0.035401927050916
loops 7.259528130671507e-05 0.21233263520999412
loughborough 0.00021778584392014518 1.5668782980153044
low 7.259528130671507e-05 0.06280090123903044
lower 0.00043557168784029036 0.044451762570833796
ltr 0.0015245009074410162 0.0
lua 0.00014519056261343014 0.0
lundy 0.0002903811252268603 1.5668782980153044
lundyosullivan1990 0.00021778584392014518 0.0
lundyosullivan1990_10 0.0002903811252268603 0.0
løfstedt 0.0002903811252268603 1.5668782980153044
m 0.0009437386569872958 0.08149303425118301
mac 0.00014519056261343014 0.14981227822866008
mac_os_x 7.259528130671507e-05 0.0
machine 0.00021778584392014518 0.0
machine_language 7.259528130671507e-05 0.0
machines 7.259528130671507e-05 0.10054122922187746
macmillan 0.00014519056261343014 1.5668782980153044
made 0.00014519056261343014 0.035401927050916
mail 7.259528130671507e-05 0.26759531388504365
main 0.0018148820326678765 0.0
main_page 0.00014519056261343014 0.0
mainentity 0.00014519056261343014 0.0
mainly 7.259528130671507e-05 0.06280090123903044
mainpage 7.259528130671507e-05 0.0
maint 7.259528130671507e-05 0.09097177820572679
maintain 7.259528130671507e-05 0.11020314013361425
maintenance 7.259528130671507e-05 0.008733679968754631
maintenance_template_removal 7.259528130671507e-05 0.0
mandatory 0.0002903811252268603 0.2340726218464
manual 0.00014519056261343014 0.035401927050916
manufactured 7.259528130671507e-05 0.7195804376281008
many 7.259528130671507e-05 0.0
march 7.259528130671507e-05 0.017544309650909525
margin 0.0012341197822141562 0.0
mark 7.259528130671507e-05 0.035401927050916
match 7.259528130671507e-05 0.008733679968754631
matched 7.259528130671507e-05 0.38822330167365837
material 0.00014519056261343014 0.0
mathematics 7.259528130671507e-05 0.08149303425118301
max 0.00014519056261343014 0.11020314013361425
may 0.0007259528130671506 0.0
mbox 0.0007985480943738657 0.0
meant 7.259528130671507e-05 0.14981227822866008
media 0.00021778584392014518 0.11995931507897897
mediawiki 0.0006533575317604356 0.0
memory 7.259528130671507e-05 0.0
memusage 7.259528130671507e-05 0.0
menu 0.007186932849364791 0.0
message 0.00021778584392014518 0.0
met 7.259528130671507e-05 0.2340726218464
meta 0.0009437386569872958 0.09097177820572679
metadata 7.259528130671507e-05 0.0
michael 0.0002903811252268603 0.008733679968754631
micro 0.0002903811252268603 0.0
microcomputer 0.00043557168784029036 0.3141153295199365
microcomputers 7.259528130671507e-05 0.19105523676270922
min 0.00014519056261343014 0.11020314013361425
minerva 0.0005807622504537206 0.0
minicomputer 7.259528130671507e-05 1.5668782980153044
mixture 7.259528130671507e-05 0.0721032939013439
mmv 0.00014519056261343014 0.0
mobile 0.00021778584392014518 0.0
mobileaction 7.259528130671507e-05 0.0
mobileview 7.259528130671507e-05 0.0
mode 7.259528130671507e-05 0.11020314013361425
module 7.259528130671507e-05 0.044451762570833796
modules 0.00021778584392014518 0.0721032939013439
mogens 7.259528130671507e-05 1.5668782980153044
months 0.00014519056261343014 0.11020314013361425
more 0.001016333938294011 0.0
more_citations_needed 0.00021778584392014518 0.17022114985986725
move 0.00014519056261343014 0.0
moved 7.259528130671507e-05 0.0
moynihan 0.0002903811252268603 1.5668782980153044
moynihan_7 0.00014519056261343014 0.0
ms 0.0005081669691470055 0.0
multi 7.259528130671507e-05 0.10054122922187746
mw 0.032667876588021776 0.0
mw1454 0.00014519056261343014 0.9382696385929302
mw1477 7.259528130671507e-05 0.0
mycontributions 7.259528130671507e-05 0.0
mytalk 7.259528130671507e-05 0.0
n 0.001016333938294011 0.08149303425118301
n31 7.259528130671507e-05 0.0
name 0.002395644283121597 0.0
named 7.259528130671507e-05 0.008733679968754631
namespaces 7.259528130671507e-05 0.21233263520999412
national 7.259528130671507e-05 0.008733679968754631
nav 0.001016333938294011 0.7018808605286999
navbar 0.00021778584392014518 0.20163734609324613
navbox 0.003557168784029038 0.0
navigation 0.0008711433756805807 0.0
navigationtiming 7.259528130671507e-05 0.0
nb 0.00014519056261343014 0.19105523676270922
near 7.259528130671507e-05 0.0
nearby 7.259528130671507e-05 0.0
necessary 7.259528130671507e-05 0.0721032939013439
nederlands 7.259528130671507e-05 0.0
needed 0.00014519056261343014 0.0
needing 0.00043557168784029036 0.0
needs 0.00014519056261343014 0.0
net 7.259528130671507e-05 0.0
neutral 7.259528130671507e-05 0.10054122922187746
never 7.259528130671507e-05 0.10054122922187746
new 0.0007985480943738657 0.0
newbrain 0.00014519056261343014 1.5668782980153044
newpp 7.259528130671507e-05 0.0
news 7.259528130671507e-05 0.0
newspapers 7.259528130671507e-05 0.0
next 7.259528130671507e-05 0.008733679968754631
niklaus 0.00014519056261343014 0.08149303425118301
niklaus_wirth 7.259528130671507e-05 0.0
nl 0.0003629764065335753 0.0721032939013439
nli 7.259528130671507e-05 0.0
nlx10 7.259528130671507e-05 0.0
nmr 0.00014519056261343014 1.5668782980153044
no 0.0006533575317604356 0.0
no_original_research 7.259528130671507e-05 0.0
node 7.259528130671507e-05 0.0
noexcerpt 7.259528130671507e-05 0.0
nofollow 0.002177858439201452 0.0
noicon 0.0003629764065335753 0.0
nojs 7.259528130671507e-05 0.0
nomobile 7.259528130671507e-05 0.0
non 7.259528130671507e-05 0.0
none 0.001088929219600726 0.21233263520999412
noprint 0.0005081669691470055 0.37548427589622857
normal 0.0002903811252268603 0.008733679968754631
normally 7.259528130671507e-05 0.044451762570833796
norsk 7.259528130671507e-05 0.8737311174553593
norwegian 7.259528130671507e-05 0.0
noscript 0.0002903811252268603 0.0
nosnippet 7.259528130671507e-05 0.0
not 0.0005807622504537206 0.0
note 7.259528130671507e-05 0.11020314013361425
notice 7.259528130671507e-05 0.11020314013361425
nova 0.0003629764065335753 0.3260915205666521
november 0.0002903811252268603 0.0
now 7.259528130671507e-05 0.0
nowrap 0.0009437386569872958 0.035401927050916
nowraplinks 7.259528130671507e-05 0.0
ns 0.00014519056261343014 0.19105523676270922
nstab 7.259528130671507e-05 0.0
null 7.259528130671507e-05 0.0
numb 0.0005807622504537206 0.0
number 0.00043557168784029036 0.0
numbers 7.259528130671507e-05 0.0
nws 7.259528130671507e-05 0.0
o 0.0005807622504537206 0.035401927050916
october 7.259528130671507e-05 0.02643325706815543
odd 0.00014519056261343014 0.11995931507897897
of 0.0031215970961887478 0.0
og 0.00014519056261343014 0.0
ol 0.001379310344827586 0.0
oldid 0.00021778584392014518 0.0
on 0.0015245009074410162 0.0
one 7.259528130671507e-05 0.0
only 0.00043557168784029036 0.0
ontario 7.259528130671507e-05 0.3141153295199365
oojs_ui_icon_edit 0.00043557168784029036 0.0
opencomal 0.00021778584392014518 1.5668782980153044
opensearch_desc 7.259528130671507e-05 0.0
opensearchdescription 7.259528130671507e-05 0.0
options 0.0003629764065335753 0.0
or 0.00014519056261343014 0.0
org 0.007186932849364791 0.0
organization 0.0003629764065335753 0.0
origin 0.0003629764065335753 0.11020314013361425
original 0.0006533575317604356 0.02643325706815543
originally 0.00014519056261343014 0.0
os 0.0003629764065335753 0.02643325706815543
other 0.00014519056261343014 0.0
out 0.0002903811252268603 0.0
output 0.010961887477313975 0.008733679968754631
over 0.00021778584392014518 0.008733679968754631
overflow 0.00021778584392014518 0.19105523676270922
p 0.004210526315789474 0.0
packaged 7.259528130671507e-05 0.7936884097818228
padding 0.001088929219600726 0.0
page 0.003629764065335753 0.0
pagelanguagecode 7.259528130671507e-05 0.0
pagelanguagedir 7.259528130671507e-05 0.0
pageprop 7.259528130671507e-05 0.0
pages 0.0012341197822141562 0.0
pages_with_syntax_highlighting_errors 7.259528130671507e-05 0.0
pagevariantfallbacks 7.259528130671507e-05 0.0
panel 0.0002903811252268603 0.0
paper 0.00014519056261343014 0.06280090123903044
paper_tape 7.259528130671507e-05 0.0
paradigm 0.00014519056261343014 0.017544309650909525
parsed 7.259528130671507e-05 0.0
parser 0.010889292196007259 0.0
pascal 0.0005807622504537206 0.044451762570833796
pascal_ 0.00021778584392014518 0.0
past 7.259528130671507e-05 0.14981227822866008
patroltoken 7.259528130671507e-05 0.0
paul 0.00021778584392014518 0.19105523676270922
pc 0.0005081669691470055 0.044451762570833796
pcache 7.259528130671507e-05 0.0
pdf 0.0003629764065335753 0.0
permalink 7.259528130671507e-05 0.0
permanent 0.00014519056261343014 0.035401927050916
personal 0.0003629764065335753 0.0
pet 0.0003629764065335753 1.5668782980153044
php 0.0026134301270417425 0.0
pick 7.259528130671507e-05 0.02643325706815543
pin 0.00014519056261343014 0.454472687214859
pinnable 0.0008711433756805807 0.0
pinned 0.0007259528130671506 0.0
pl 0.0002903811252268603 0.035401927050916
place 0.00014519056261343014 0.09097177820572679
placeholder 7.259528130671507e-05 0.0
places 0.0006533575317604356 0.035401927050916
plainlinks 0.00014519056261343014 0.0
please 7.259528130671507e-05 0.0
png 0.0011615245009074411 0.0
poldy 7.259528130671507e-05 0.0
policy 0.00014519056261343014 0.0
polish 7.259528130671507e-05 1.8545603704670854
polski 7.259528130671507e-05 0.0
popular 7.259528130671507e-05 0.09097177820572679
popups 7.259528130671507e-05 0.0
portal 0.00021778584392014518 0.06280090123903044
ported 7.259528130671507e-05 0.044451762570833796
porting 0.00014519056261343014 0.044451762570833796
portlet 0.0019600725952813067 0.0
position 7.259528130671507e-05 0.008733679968754631
possibly 7.259528130671507e-05 0.12981161152199053
post 0.00014519056261343014 0.0
postexpandincludesize 7.259528130671507e-05 0.0
powered 7.259528130671507e-05 1.1340142157190256
poweredby_mediawiki_132x47 7.259528130671507e-05 0.0
poweredby_mediawiki_176x62 7.259528130671507e-05 0.0
poweredby_mediawiki_88x31 7.259528130671507e-05 0.0
poweredbyico 7.259528130671507e-05 0.0
ppvisitednodes 7.259528130671507e-05 0.0
pre 0.0005807622504537206 0.02643325706815543
preconnect 7.259528130671507e-05 0.0
prefetch 0.00014519056261343014 0.0
preprocessor 7.259528130671507e-05 0.0
presentation 7.259528130671507e-05 0.0
prevalent 7.259528130671507e-05 1.5668782980153044
preview 7.259528130671507e-05 0.14981227822866008
previously 7.259528130671507e-05 0.044451762570833796
print 0.00043557168784029036 0.0
print_export 0.00021778584392014518 0.0
printable 0.00021778584392014518 0.14981227822866008
printfooter 7.259528130671507e-05 0.0
privacy 0.00021778584392014518 0.0
privacy_policy 0.00014519056261343014 0.0
procedural 0.00021778584392014518 0.044451762570833796
procedural_programming_languages 7.259528130671507e-05 0.0
produced 7.259528130671507e-05 0.044451762570833796
profit 7.259528130671507e-05 0.0
program 7.259528130671507e-05 0.0
programming 0.003484573502722323 0.0
programming_language 0.00043557168784029036 0.008733679968754631
programming_languages 7.259528130671507e-05 0.11995931507897897
programming_languages_created_in_1973 7.259528130671507e-05 0.0
programming_paradigm 7.259528130671507e-05 0.0
progressive 0.0006533575317604356 0.0
projects 0.00014519056261343014 0.06280090123903044
proof 7.259528130671507e-05 0.3629054936893685
property 0.00021778584392014518 0.008733679968754631
protection 7.259528130671507e-05 0.21233263520999412
pt 0.00043557168784029036 0.02643325706815543
pub 0.0003629764065335753 0.26759531388504365
public 0.00021778584392014518 0.0
public_domain_software 7.259528130671507e-05 0.0
publisher 0.00014519056261343014 0.41419878807691896
publishing 7.259528130671507e-05 0.1599646496926782
purchased 7.259528130671507e-05 0.02643325706815543
purely 7.259528130671507e-05 0.008733679968754631
purposes 7.259528130671507e-05 0.035401927050916
push 0.00021778584392014518 0.0
pygments 0.00014519056261343014 0.0
q 0.0005807622504537206 0.0
q1023991 0.0005807622504537206 1.5668782980153044
quality 7.259528130671507e-05 0.06280090123903044
query 7.259528130671507e-05 0.0
question_book 0.0005081669691470055 0.0
quick 7.259528130671507e-05 0.0
quickly 7.259528130671507e-05 0.017544309650909525
quiet 0.00043557168784029036 0.0
quotes 7.259528130671507e-05 0.19105523676270922
r 0.0005081669691470055 0.0
r1011085734 7.259528130671507e-05 0.0
r1061467846 7.259528130671507e-05 0.0
r1066479718 7.259528130671507e-05 0.0
r1097763485 7.259528130671507e-05 0.0
r1129693374 7.259528130671507e-05 0.0
r1133582631 0.001379310344827586 0.0
random 0.00014519056261343014 0.21233263520999412
randomly 7.259528130671507e-05 0.2340726218464
randompage 7.259528130671507e-05 0.0
rather 7.259528130671507e-05 0.0
raw 7.259528130671507e-05 0.11020314013361425
re 0.00014519056261343014 0.02643325706815543
read 0.0002903811252268603 0.11020314013361425
reading 0.00021778584392014518 0.0
ready 0.0014519056261343012 0.0
real 7.259528130671507e-05 0.0
reasonably 7.259528130671507e-05 1.5668782980153044
received 7.259528130671507e-05 0.044451762570833796
recent 0.00021778584392014518 0.0721032939013439
recentchanges 0.00021778584392014518 0.0
recentchangeslinked 0.00014519056261343014 0.0
records 7.259528130671507e-05 0.0
recursion 7.259528130671507e-05 0.0
red 7.259528130671507e-05 0.12981161152199053
redirect 0.002250453720508167 0.02643325706815543
redlink 0.00014519056261343014 0.0
reduced 7.259528130671507e-05 0.0
reference 0.0026860254083484573 0.035401927050916
references 0.0013067150635208712 0.0
referencetooltips 7.259528130671507e-05 0.0
referencing 7.259528130671507e-05 0.0721032939013439
referencing_for_beginners 7.259528130671507e-05 0.0
referrer 0.00021778584392014518 0.0
refimprove 7.259528130671507e-05 0.0
reflist 0.001088929219600726 0.0
registered 7.259528130671507e-05 0.0
registration 0.00014519056261343014 0.5705448584676129
rel 0.004718693284936479 0.0
related 0.00014519056261343014 0.02643325706815543
release 0.00021778584392014518 0.02643325706815543
released 0.00021778584392014518 0.017544309650909525
releases 7.259528130671507e-05 0.0
reliable 0.00014519056261343014 0.0
removal 7.259528130671507e-05 0.14981227822866008
remove 7.259528130671507e-05 0.0
removed 7.259528130671507e-05 0.0
rendering 7.259528130671507e-05 0.0
repeat 0.0002903811252268603 0.0721032939013439
replace 7.259528130671507e-05 0.008733679968754631
report 0.00014519056261343014 0.0
request 7.259528130671507e-05 0.14981227822866008
require 7.259528130671507e-05 0.0
required 7.259528130671507e-05 0.0
research 0.0006533575317604356 0.02643325706815543
reset 7.259528130671507e-05 0.044451762570833796
resourceloaderdynamicstyles 7.259528130671507e-05 0.0
reston 0.00014519056261343014 1.5668782980153044
retained 7.259528130671507e-05 0.7195804376281008
retrieved 0.0007259528130671506 0.0
returnto 0.0002903811252268603 0.0
revision 0.00021778584392014518 0.0
revisions 7.259528130671507e-05 0.6844891178168307
rfr_id 0.0009437386569872958 0.0
rft 0.006751361161524501 0.0
rft_id 0.0008711433756805807 0.0
rft_val_fmt 0.0009437386569872958 0.0
rgba 7.259528130671507e-05 0.0
richard 0.00014519056261343014 0.08149303425118301
right 0.0007985480943738657 0.0
rl 7.259528130671507e-05 0.0
rlconf 7.259528130671507e-05 0.0
rlpagemodules 7.259528130671507e-05 0.0
rlq 0.00043557168784029036 0.0
rlstate 7.259528130671507e-05 0.0
robots 7.259528130671507e-05 0.5108256237659907
role 0.0011615245009074411 0.0
roman 0.0002903811252268603 0.37548427589622857
rootpage 7.259528130671507e-05 0.0
rory 0.0002903811252268603 1.5668782980153044
row 0.0003629764065335753 0.11020314013361425
roy 0.0002903811252268603 0.2340726218464
rsd 0.00014519056261343014 0.0
run 0.0002903811252268603 0.0
running 0.00014519056261343014 0.02643325706815543
ryan 0.00014519056261343014 0.11995931507897897
s 0.00043557168784029036 0.0
sa 0.00014519056261343014 0.0
same 7.259528130671507e-05 0.0
sameas 0.00014519056261343014 0.0
saved 7.259528130671507e-05 0.0
sbd 0.00014519056261343014 1.5668782980153044
scandis 0.00021778584392014518 1.5668782980153044
schema 0.00014519056261343014 0.02643325706815543
scholar 0.00021778584392014518 0.0
school 0.00014519056261343014 0.19105523676270922
schools 0.0002903811252268603 0.2340726218464
science 0.00014519056261343014 0.008733679968754631
scientist 7.259528130671507e-05 0.2340726218464
scope 0.0003629764065335753 0.0721032939013439
screen 0.00014519056261343014 0.044451762570833796
scribunto 7.259528130671507e-05 0.044451762570833796
script 0.001016333938294011 0.14981227822866008
scripts 7.259528130671507e-05 0.10054122922187746
search 0.002250453720508167 0.0
searchaux 7.259528130671507e-05 0.0
searchbutton 0.0002903811252268603 0.0
searchform 7.259528130671507e-05 0.0
searchinput 7.259528130671507e-05 0.0
second 0.00014519056261343014 0.0
secondary 7.259528130671507e-05 0.008733679968754631
seconds 0.00021778584392014518 0.0
section 0.0011615245009074411 0.008733679968754631
sector 7.259528130671507e-05 0.2340726218464
see 0.00021778584392014518 0.0
see_also 0.0002903811252268603 0.0
selected 0.0002903811252268603 0.008733679968754631
selector 7.259528130671507e-05 0.0
selflink 7.259528130671507e-05 0.0
semantics 0.00021778584392014518 0.08149303425118301
seminal 7.259528130671507e-05 0.0721032939013439
sentences 7.259528130671507e-05 0.0
september 0.00043557168784029036 0.008733679968754631
set 0.00021778584392014518 0.0
sh85028784 7.259528130671507e-05 0.0
sha1 7.259528130671507e-05 0.0
sharealike 7.259528130671507e-05 0.0
sharealike_3 7.259528130671507e-05 0.0
shell 0.00014519056261343014 0.11995931507897897
shell_ 7.259528130671507e-05 0.0
shigley 7.259528130671507e-05 1.5668782980153044
short 0.0005081669691470055 0.0
short_description 0.00014519056261343014 0.0
short_description_is_different_from_wikidata 7.259528130671507e-05 0.0
shortdescription 7.259528130671507e-05 0.0
show 0.0002903811252268603 0.0
sidebar 0.0007985480943738657 0.0
simplesearch 7.259528130671507e-05 0.0
site 0.0003629764065335753 0.0
sitedir 7.259528130671507e-05 0.0
sitelinks 7.259528130671507e-05 0.0
sitenotice 0.00014519056261343014 0.0
sitesub 7.259528130671507e-05 0.0
sitesupport 7.259528130671507e-05 0.0
six 0.00014519056261343014 0.18058393689541388
size 0.0008711433756805807 0.0
sizing 0.00014519056261343014 0.11020314013361425
skin 0.001016333938294011 0.8131064956389242
skins 0.00043557168784029036 0.0
small 0.0003629764065335753 0.0
so 7.259528130671507e-05 0.0
software 0.0003629764065335753 0.017544309650909525
software_design 7.259528130671507e-05 0.0
solid 0.0007985480943738657 0.19105523676270922
some 0.00014519056261343014 0.0
sources 0.00021778584392014518 0.0
space 0.0002903811252268603 0.0721032939013439
spacing 7.259528130671507e-05 0.0
span 0.025117967332123414 0.044451762570833796
spanish 7.259528130671507e-05 0.3629054936893685
special 0.002758620689655172 0.0
specialpages 0.00014519056261343014 0.0
spectrum 0.00014519056261343014 0.7195804376281008
speedy 7.259528130671507e-05 0.0
src 0.0007259528130671506 0.0
srcset 0.0002903811252268603 0.0
standard 0.00014519056261343014 0.0
standardised 7.259528130671507e-05 0.48225225132193467
standards 0.00014519056261343014 0.0
start 0.00014519056261343014 0.0721032939013439
started 7.259528130671507e-05 0.02643325706815543
startup 0.00014519056261343014 0.0
statement 7.259528130671507e-05 0.0
statements 0.0005807622504537206 0.0
states 7.259528130671507e-05 0.035401927050916
static 0.0009437386569872958 0.0
statistics 7.259528130671507e-05 0.0
stats 7.259528130671507e-05 0.0
statslink 7.259528130671507e-05 0.0
status 7.259528130671507e-05 0.0
stepped 7.259528130671507e-05 1.1340142157190256
sticky 0.00014519056261343014 0.0
still 7.259528130671507e-05 0.0
stopmobileredirecttoggle 7.259528130671507e-05 0.0
story 0.00014519056261343014 0.017544309650909525
stream 7.259528130671507e-05 0.12981161152199053
strong 7.259528130671507e-05 0.008733679968754631
strongly 0.00014519056261343014 0.0721032939013439
struct 0.00014519056261343014 0.11020314013361425
structs 7.259528130671507e-05 0.11020314013361425
structure 0.00014519056261343014 0.035401927050916
structured 0.0012341197822141562 0.035401927050916
structured_basic 7.259528130671507e-05 0.0
structured_programming 0.00021778584392014518 0.0
structured_programming_languages 7.259528130671507e-05 0.0
structuring 0.00014519056261343014 0.13976194237515863
students 0.00021778584392014518 0.10054122922187746
studies 0.0002903811252268603 0.044451762570833796
style 0.004210526315789474 0.0
styles 0.0008711433756805807 0.0
stylesheet 0.00014519056261343014 0.0
subbox 7.259528130671507e-05 0.0
subgroup 0.0003629764065335753 0.0
subheader 7.259528130671507e-05 0.0
subject 0.00021778584392014518 0.10054122922187746
subjects 7.259528130671507e-05 0.3141153295199365
sublist 0.0005807622504537206 0.0
submit 0.00014519056261343014 0.0
subroutine 0.00014519056261343014 0.11020314013361425
subroutines 7.259528130671507e-05 0.11020314013361425
subscription 0.00014519056261343014 0.0
subsequently 0.00021778584392014518 0.0721032939013439
subsidiary 7.259528130671507e-05 1.0560526742493137
subtitle 7.259528130671507e-05 0.0
such 0.0002903811252268603 0.0
suggestededitsession 7.259528130671507e-05 0.0
sullivan 0.00021778584392014518 0.2340726218464
sullivan1990 7.259528130671507e-05 0.0
summary 7.259528130671507e-05 0.14981227822866008
sup 0.003484573502722323 0.0
supplied 0.00014519056261343014 0.19105523676270922
supply 7.259528130671507e-05 0.1599646496926782
support 7.259528130671507e-05 0.0
supported 7.259528130671507e-05 0.06280090123903044
supports 7.259528130671507e-05 0.008733679968754631
sv 0.0002903811252268603 0.3141153295199365
svenska 7.259528130671507e-05 0.0
svg 0.001379310344827586 0.0
swedish 0.00021778584392014518 0.02643325706815543
switcher 7.259528130671507e-05 0.0
syntax 0.0005807622504537206 0.0
system 0.00043557168784029036 0.0
systematic 0.00014519056261343014 1.5668782980153044
systematic_programming 7.259528130671507e-05 0.0
t 0.0007985480943738657 0.02643325706815543
tab 0.0003629764065335753 0.19105523676270922
tabindex 0.00014519056261343014 0.0
table 0.0007985480943738657 0.0
tabs 0.00014519056261343014 4.051784947803305
tag 7.259528130671507e-05 0.02643325706815543
tagline 0.00021778584392014518 0.0
tags 7.259528130671507e-05 0.0
taken 7.259528130671507e-05 0.10054122922187746
talk 0.0002903811252268603 0.05358424613410626
tape 0.00014519056261343014 0.035401927050916
target 0.0009437386569872958 0.0
targetloader 7.259528130671507e-05 0.0
taught 0.00014519056261343014 0.2340726218464
tb 0.00021778584392014518 0.0
tbm 0.00014519056261343014 0.0
tbody 0.00043557168784029036 0.0
tbs 0.00021778584392014518 0.09097177820572679
td 0.0017422867513611614 0.0
teach 0.00021778584392014518 0.2340726218464
teacher 7.259528130671507e-05 0.540239508972284
technology 0.00014519056261343014 0.017544309650909525
telecoms 7.259528130671507e-05 1.5668782980153044
telenova 0.00021778584392014518 1.5668782980153044
telephone 7.259528130671507e-05 0.48225225132193467
template 0.0018148820326678765 0.0
templateargumentsize 7.259528130671507e-05 0.0
templatestyles 0.0017422867513611614 0.0
terms 0.00014519056261343014 0.0
terms_of_use 7.259528130671507e-05 0.0
tests 0.00014519056261343014 0.26759531388504365
text 0.00500907441016334 0.0
text_of_the_creative_commons_attribution 7.259528130671507e-05 0.0
textbook 7.259528130671507e-05 0.2340726218464
textbooks 7.259528130671507e-05 0.19105523676270922
th 0.0008711433756805807 1.8545603704670854
than 7.259528130671507e-05 0.0
that 0.0011615245009074411 0.0
the 0.00573502722323049 0.0
the_amazing_adventures_of_captain_comal_book_6 7.259528130671507e-05 0.0
the_story_of_comal 0.00021778584392014518 0.0
the_story_of_comal_6 0.0002903811252268603 0.0
their 7.259528130671507e-05 0.008733679968754631
themselves 7.259528130671507e-05 0.0721032939013439
then 0.00014519056261343014 0.0
therefore 0.00014519056261343014 0.19105523676270922
thesis 0.00014519056261343014 0.2905848321097423
they 0.00014519056261343014 0.008733679968754631
thing 0.00014519056261343014 0.044451762570833796
this 0.002250453720508167 0.0
thomas 0.0002903811252268603 0.06280090123903044
thornton 0.0003629764065335753 1.5668782980153044
thornton_11 0.00014519056261343014 0.0
thumb 0.00043557168784029036 0.0
thumbnail 7.259528130671507e-05 0.0
thus 0.00014519056261343014 0.008733679968754631
tiki 0.00014519056261343014 1.5668782980153044
tiki_100 7.259528130671507e-05 0.0
time 0.0006533575317604356 0.0
timestamp 0.00014519056261343014 0.0
timeusage 7.259528130671507e-05 0.0
timingprofile 7.259528130671507e-05 0.0
title 0.017713248638838476 0.0
titlebar 0.0005807622504537206 0.0
titleform 7.259528130671507e-05 0.0
to 0.004065335753176044 0.0
toc 0.007912885662431942 0.0
today 0.0005807622504537206 0.02643325706815543
toggle 0.0006533575317604356 0.0
toggle_view_mobile 7.259528130671507e-05 0.0
tokens 7.259528130671507e-05 3.6463198396951406
toolbar 0.00021778584392014518 0.0
tools 0.0006533575317604356 0.0
top 0.0007259528130671506 0.0
toronto 0.00014519056261343014 0.3382128810989969
total 0.00014519056261343014 0.0
touch 0.00014519056261343014 2.4423470353692043
tr 0.0018874773139745916 0.08149303425118301
trademark 7.259528130671507e-05 0.0
transclusion 7.259528130671507e-05 0.0
transientcontent 7.259528130671507e-05 0.0
transparent 0.00021778584392014518 0.11020314013361425
triggered 7.259528130671507e-05 0.0
true 0.0015970961887477313 0.0
ttl 7.259528130671507e-05 0.0
turtle 0.00014519056261343014 1.5668782980153044
turtle_graphics 7.259528130671507e-05 0.0
two 7.259528130671507e-05 0.0
type 0.002540834845735027 0.0
type_system 7.259528130671507e-05 0.06280090123903044
typed 7.259528130671507e-05 0.017544309650909525
typed_programming_language 7.259528130671507e-05 0.0
typing 7.259528130671507e-05 0.008733679968754631
u 0.00014519056261343014 0.035401927050916
ui 0.0038475499092558985 0.0
uid 0.00021778584392014518 0.0
uk 0.0005081669691470055 0.09097177820572679
ukrainian 7.259528130671507e-05 1.749199854809259
ul 0.005807622504537205 0.0
uli 7.259528130671507e-05 3.3586377672433594
uls 0.0003629764065335753 0.0
under 0.00014519056261343014 0.0
uni 0.00014519056261343014 0.17022114985986725
unicomal 0.0003629764065335753 1.5668782980153044
unicomal_3 0.0007259528130671506 0.0
united 0.00014519056261343014 0.035401927050916
university 0.00021778584392014518 0.08149303425118301
unix 0.00043557168784029036 0.02643325706815543
unknown 0.00014519056261343014 0.008733679968754631
unpin 0.00014519056261343014 0.0
unpinned 0.00014519056261343014 0.0
unsourced 0.0005081669691470055 0.0
unstrip 0.0002903811252268603 0.0
unstructured 7.259528130671507e-05 0.2340726218464
unsuccessful 7.259528130671507e-05 1.5668782980153044
up 7.259528130671507e-05 0.0
upload 0.0011615245009074411 0.14981227822866008
upper 0.0002903811252268603 0.11020314013361425
url 0.0005807622504537206 0.0721032939013439
us 0.00021778584392014518 0.02643325706815543
usa 7.259528130671507e-05 0.10054122922187746
usable 7.259528130671507e-05 0.017544309650909525
usage 0.0002903811252268603 0.0
use 0.0005807622504537206 0.0
used 0.00021778584392014518 0.0
uselang 7.259528130671507e-05 0.0
user 0.0019600725952813067 0.0
useradd 0.00014519056261343014 0.0
userlogin 0.00014519056261343014 0.0
users 0.00014519056261343014 0.0721032939013439
using 7.259528130671507e-05 0.0
utc 7.259528130671507e-05 0.0
utf 7.259528130671507e-05 0.21233263520999412
utm_campaign 7.259528130671507e-05 0.0
utm_medium 7.259528130671507e-05 0.0
utm_source 7.259528130671507e-05 0.0
ux 7.259528130671507e-05 0.0
va 7.259528130671507e-05 0.2340726218464
value 0.0009437386569872958 0.0
var 0.00014519056261343014 0.11020314013361425
variables 7.259528130671507e-05 0.008733679968754631
variant 7.259528130671507e-05 0.0
variants 0.00043557168784029036 0.0
vary 7.259528130671507e-05 0.0
ve 7.259528130671507e-05 0.25629575863111026
vector 0.01909255898366606 0.0
vendor 7.259528130671507e-05 0.14981227822866008
verifiability 0.00014519056261343014 0.0
verification 7.259528130671507e-05 0.0
version 0.00043557168784029036 0.0
versions 0.00021778584392014518 0.035401927050916
vertical 7.259528130671507e-05 0.19105523676270922
very 7.259528130671507e-05 0.0
vevent 7.259528130671507e-05 0.0
view 0.0006533575317604356 0.0
viewport 7.259528130671507e-05 0.0
views 0.00021778584392014518 0.02643325706815543
visible 7.259528130671507e-05 0.044451762570833796
visit 0.00014519056261343014 0.0
visited 7.259528130671507e-05 0.0
visualeditor 0.0002903811252268603 0.0
volume 0.00021778584392014518 0.08149303425118301
vue 0.00014519056261343014 0.11995931507897897
w 0.0026134301270417425 0.0
walltime 7.259528130671507e-05 0.0
warwick 7.259528130671507e-05 1.5668782980153044
was 0.0016696914700544464 0.0
watchlist 7.259528130671507e-05 0.0
watchtoken 7.259528130671507e-05 0.0
way 7.259528130671507e-05 0.008733679968754631
wb 0.00014519056261343014 0.0
wbc 7.259528130671507e-05 0.0
wc 7.259528130671507e-05 2.4423470353692043
web 0.00014519056261343014 0.0
website 7.259528130671507e-05 0.0
weight 0.0002903811252268603 0.7195804376281008
well 0.00014519056261343014 0.008733679968754631
were 0.0002903811252268603 0.02643325706815543
wgaction 7.259528130671507e-05 0.0
wgarticleid 7.259528130671507e-05 0.0
wgbackendresponsetime 7.259528130671507e-05 0.0
wgbreakframes 7.259528130671507e-05 0.0
wgcanonicalnamespace 7.259528130671507e-05 0.0
wgcanonicalspecialpagename 7.259528130671507e-05 0.0
wgcategories 7.259528130671507e-05 0.0
wgcentralauthmobiledomain 7.259528130671507e-05 0.0
wgcspnonce 7.259528130671507e-05 0.0
wgcurrevisionid 7.259528130671507e-05 0.0
wgdefaultdateformat 7.259528130671507e-05 0.0
wgdigittransformtable 7.259528130671507e-05 0.0
wgeditsubmitbuttonlabelpublish 7.259528130671507e-05 0.0
wgflaggedrevsparams 7.259528130671507e-05 0.0
wggestructuredtaskrejectionreasontextinputenabled 7.259528130671507e-05 0.0
wggetopicsmatchmodeenabled 7.259528130671507e-05 0.0
wghostname 7.259528130671507e-05 0.0
wgisarticle 7.259528130671507e-05 0.0
wgisprobablyeditable 7.259528130671507e-05 0.0
wgisredirect 7.259528130671507e-05 0.0
wgmediaviewerenabledbydefault 7.259528130671507e-05 0.0
wgmediavieweronclick 7.259528130671507e-05 0.0
wgmfdisplaywikibasedescriptions 7.259528130671507e-05 0.0
wgmonthnames 7.259528130671507e-05 0.0
wgnamespacenumber 7.259528130671507e-05 0.0
wgnoticeproject 7.259528130671507e-05 0.0
wgpagecontentlanguage 7.259528130671507e-05 0.0
wgpagecontentmodel 7.259528130671507e-05 0.0
wgpagename 7.259528130671507e-05 0.0
wgpageparsereport 7.259528130671507e-05 0.0
wgpopupsflags 7.259528130671507e-05 0.0
wgrelevantarticleid 7.259528130671507e-05 0.0
wgrelevantpageisprobablyeditable 7.259528130671507e-05 0.0
wgrelevantpagename 7.259528130671507e-05 0.0
wgrequestid 7.259528130671507e-05 0.0
wgrestrictionedit 7.259528130671507e-05 0.0
wgrestrictionmove 7.259528130671507e-05 0.0
wgrevisionid 7.259528130671507e-05 0.0
wgseparatortransformtable 7.259528130671507e-05 0.0
wgtitle 7.259528130671507e-05 0.0
wgulscurrentautonym 7.259528130671507e-05 0.0
wgulsiscompactlinksenabled 7.259528130671507e-05 0.0
wgulsislanguageselectorempty 7.259528130671507e-05 0.0
wgulsposition 7.259528130671507e-05 0.0
wgusergroups 7.259528130671507e-05 0.0
wgusername 7.259528130671507e-05 0.0
wgvector2022previewpages 7.259528130671507e-05 0.0
wgvisualeditor 7.259528130671507e-05 0.0
wgwikibaseitemid 7.259528130671507e-05 0.0
wgwmepagelength 7.259528130671507e-05 0.0
wgwmeschemaeditattemptstepoversample 7.259528130671507e-05 0.0
what 0.0002903811252268603 0.0
whatlinkshere 0.00014519056261343014 0.0
when 0.0003629764065335753 0.0
where 7.259528130671507e-05 0.0
which 0.0006533575317604356 0.0
white 0.0002903811252268603 0.0721032939013439
who 0.00021778584392014518 0.09097177820572679
whom 7.259528130671507e-05 0.26759531388504365
width 0.0023230490018148822 0.0
wiki 0.012558983666061707 0.0
wikibase 0.0002903811252268603 0.0
wikidata 0.001016333938294011 0.0
wikimedia 0.0028312159709618875 0.0
wikimediabadges 7.259528130671507e-05 0.0
wikimediaevents 7.259528130671507e-05 0.0
wikimediafoundation 0.00014519056261343014 0.0
wikipedia 0.007186932849364791 0.0
wikisource 7.259528130671507e-05 3.6463198396951406
wikitext 7.259528130671507e-05 0.0
win32 0.00021778584392014518 0.27902400970866637
window 0.00021778584392014518 0.11020314013361425
windows 0.0002903811252268603 0.0
windows_xp 0.00014519056261343014 0.0
wirth 0.00014519056261343014 0.08149303425118301
with 0.0029038112522686023 0.0
without 7.259528130671507e-05 0.02643325706815543
wmf 0.00021778584392014518 0.0
won 7.259528130671507e-05 0.4682660093471948
word 0.00014519056261343014 0.044451762570833796
wordmark 0.00014519056261343014 0.0
workbook 7.259528130671507e-05 0.26759531388504365
worked 7.259528130671507e-05 0.044451762570833796
works 7.259528130671507e-05 0.11020314013361425
world 0.00014519056261343014 0.0
worldcat 0.00014519056261343014 0.3260915205666521
worried 7.259528130671507e-05 1.5668782980153044
would 0.00043557168784029036 0.0
wpformidentifier 7.259528130671507e-05 0.0
wrap 0.00014519056261343014 0.5108256237659907
write 0.00014519056261343014 0.017544309650909525
written 0.00021778584392014518 0.0
wrote 7.259528130671507e-05 0.044451762570833796
ws 7.259528130671507e-05 0.0
www 0.0014519056261343012 0.0
x 0.001016333938294011 0.0
xml 0.00021778584392014518 0.14981227822866008
xp 0.0002903811252268603 0.454472687214859
y 0.00014519056261343014 0.008733679968754631
yes 7.259528130671507e-05 0.7936884097818228
you 0.0003629764065335753 0.0
your 0.00014519056261343014 0.0
z 0.00014519056261343014 0.11020314013361425
z39 0.0009437386569872958 0.0
z3988 0.0009437386569872958 0.0
z80 0.00014519056261343014 0.48225225132193467
zilog 0.00014519056261343014 0.48225225132193467
zilog_z80 7.259528130671507e-05 0.0
zx 0.00014519056261343014 0.7195804376281008
zx_spectrum 7.259528130671507e-05 0.0
українська 7.259528130671507e-05 0.0
العربية 7.259528130671507e-05 0.0
برمجة 7.259528130671507e-05 0.0
كومال 7.259528130671507e-05 0.0
لغة 7.259528130671507e-05 0.0
