0 0.0035915854284248334 0.0
00 0.0002052334530528476 0.0
000 0.0002052334530528476 0.0
001 0.0003078501795792714 0.10054122922187746
00124828 0.0001026167265264238 2.1799827709017134
01 0.0001026167265264238 0.008733679968754631
011 0.0002052334530528476 2.1799827709017134
02 0.0003078501795792714 0.0
03 0.0002052334530528476 0.017544309650909525
039 0.0004104669061056952 0.22314355131420976
0405 0.0001026167265264238 0.0
05 0.0003078501795792714 0.0
06z 0.0002052334530528476 0.0
073 0.0002052334530528476 0.11995931507897897
09 0.000513083632632119 0.09097177820572679
0_unported_license 0.0001026167265264238 0.0
0px 0.0001026167265264238 0.0
1 0.005233453052847614 0.0
10 0.0015392508978963571 0.0
100 0.0008209338122113904 0.0
1000 0.0001026167265264238 0.0
1000000 0.0002052334530528476 0.0
1016 0.0003078501795792714 0.10054122922187746
10px 0.0002052334530528476 0.0
11 0.0007183170856849666 0.008733679968754631
1109 0.0003078501795792714 0.13976194237515863
1129765470 0.0007183170856849666 2.1799827709017134
117 0.0001026167265264238 0.0
12 0.0006157003591585428 0.008733679968754631
123 0.0001026167265264238 0.12981161152199053
124 0.0002052334530528476 0.2340726218464
125em 0.0001026167265264238 0.0
127 0.0003078501795792714 0.11020314013361425
12px 0.0001026167265264238 0.0
12s5i 0.0001026167265264238 0.0
13 0.0003078501795792714 0.0
133 0.0001026167265264238 0.008733679968754631
14 0.0004104669061056952 0.008733679968754631
141 0.0002052334530528476 0.044451762570833796
15 0.0003078501795792714 0.0
1584504501 0.0004104669061056952 2.1799827709017134
15px 0.0002052334530528476 0.0
16 0.0002052334530528476 0.0
160 0.0008209338122113904 0.2340726218464
1608 0.0001026167265264238 0.0
17 0.0001026167265264238 0.0
1704 0.0002052334530528476 2.1799827709017134
171 0.0002052334530528476 0.18058393689541388
178 0.0002052334530528476 0.2340726218464
17m 0.0001026167265264238 2.1799827709017134
17m40s 0.0001026167265264238 0.0
1814400 0.0002052334530528476 0.0
19 0.0002052334530528476 0.0
199 0.0002052334530528476 0.21233263520999412
1e7a432d 0.0001026167265264238 2.1799827709017134
1em 0.0004104669061056952 0.0
1x1 0.0001026167265264238 0.0
2 0.002668034889687019 0.0
20 0.0006157003591585428 0.0
2003 0.0001026167265264238 0.02643325706815543
2004 0.0009235505387378142 0.06280090123903044
2005 0.0002052334530528476 0.0
2006 0.0002052334530528476 0.008733679968754631
2009 0.0007183170856849666 0.0
2010 0.0004104669061056952 0.008733679968754631
2011 0.0003078501795792714 0.0
2012 0.0002052334530528476 0.0721032939013439
2013 0.0002052334530528476 0.017544309650909525
2014 0.0002052334530528476 0.017544309650909525
2019 0.0008209338122113904 0.0
2021 0.0001026167265264238 0.008733679968754631
2022 0.001026167265264238 0.0
20230314061415 0.0003078501795792714 2.1799827709017134
2097152 0.0004104669061056952 0.0
20px 0.0002052334530528476 0.0
212 0.0002052334530528476 0.5552773863368246
2241 0.0002052334530528476 2.1799827709017134
23 0.0004104669061056952 0.02643325706815543
244 0.0002052334530528476 2.1799827709017134
25 0.0004104669061056952 0.0
255 0.0001026167265264238 0.044451762570833796
25em 0.0001026167265264238 0.0
26 0.0001026167265264238 0.0
265 0.0002052334530528476 1.1073459686368643
26attribute_id 0.0001026167265264238 0.0
26file_no 0.0001026167265264238 0.0
26item_id 0.0001026167265264238 0.0
26item_no 0.0001026167265264238 0.0
26t 0.0001026167265264238 0.0
27 0.0007183170856849666 0.0
2763 0.0004104669061056952 2.1799827709017134
27hoole_ 0.0001026167265264238 0.0
27s_gold 0.0001026167265264238 0.0
27t01 0.0002052334530528476 0.0
28 0.0002052334530528476 0.017544309650909525
282 0.0002052334530528476 0.2340726218464
29 0.0002052334530528476 0.0
2b 0.0007183170856849666 0.8531118302526235
2b_classes 0.0001026167265264238 0.0
2c 0.0006157003591585428 0.8531118302526235
2cicon 0.0001026167265264238 0.0
2cstyles 0.0001026167265264238 0.0
2em 0.0002052334530528476 0.0
2f 0.0008209338122113904 0.0
2f00124828 0.0002052334530528476 0.0
2f0405 0.0001026167265264238 0.0
2f10 0.0002052334530528476 0.0
2f1608 0.0001026167265264238 0.0
2f2241 0.0001026167265264238 0.0
2faccu 0.0001026167265264238 0.0
2falife 0.0002052334530528476 0.0
2fangelcode 0.0001026167265264238 0.0
2fangelscript 0.0002052334530528476 0.0
2fanimation 0.0001026167265264238 0.0
2fcp2010_weinbub_1 0.0001026167265264238 0.0
2fen 0.0009235505387378142 0.0
2ffmt 0.0009235505387378142 0.0
2fgithub 0.0001026167265264238 0.0
2fgraphics 0.0001026167265264238 0.0
2fhazelight 0.0001026167265264238 0.0
2fib_2010 0.0001026167265264238 0.0
2findex 0.0002052334530528476 0.0
2fj 0.0002052334530528476 0.0
2fjournals 0.0001026167265264238 0.0
2flehre 0.0001026167265264238 0.0
2fpdf 0.0001026167265264238 0.0
2fshowcases 0.0001026167265264238 0.0
2ftsukuba 0.0001026167265264238 0.0
2funrealengine 0.0002052334530528476 0.0
2fusers 0.0001026167265264238 0.0
2fwatch 0.0001026167265264238 0.0
2fwww 0.0002052334530528476 0.0
2x 0.000513083632632119 0.0
3 0.0015392508978963571 0.0
30 0.0002052334530528476 0.035401927050916
30185 0.0002052334530528476 2.1799827709017134
30466 0.0002052334530528476 2.1799827709017134
30em 0.0001026167265264238 0.0
31 0.0002052334530528476 0.008733679968754631
3125em 0.0001026167265264238 0.0
31t12 0.0002052334530528476 0.0
32 0.0003078501795792714 0.0
3244 0.0002052334530528476 2.1799827709017134
328 0.0002052334530528476 0.22314355131420976
33 0.000513083632632119 0.008733679968754631
33964 0.0001026167265264238 0.0
36 0.0001026167265264238 0.02643325706815543
37 0.0002052334530528476 0.0
375 0.0002052334530528476 1.0560526742493137
38 0.0006157003591585428 0.035401927050916
39 0.0002052334530528476 0.035401927050916
39538319 0.0003078501795792714 2.1799827709017134
3a 0.0008209338122113904 0.09097177820572679
3a3 0.0001026167265264238 0.0
3aangelscript 0.0009235505387378142 0.0
3abook 0.000513083632632119 0.0
3adoi 0.0002052334530528476 0.0
3ahdl 0.0001026167265264238 0.0
3ajournal 0.0004104669061056952 0.0
3akev 0.0009235505387378142 0.0
3amtx 0.0009235505387378142 0.0
3aofi 0.0009235505387378142 0.0
3asid 0.0009235505387378142 0.0
3cols 0.0001026167265264238 0.0
3d 0.0001026167265264238 0.20163734609324613
3d1 0.0002052334530528476 0.0
3d17 0.0001026167265264238 0.0
3d17m40s 0.0001026167265264238 0.0
3d33964 0.0001026167265264238 0.0
3d99t 0.0001026167265264238 0.0
3drepository_action_common_download 0.0001026167265264238 0.0
3em 0.0002052334530528476 0.0
3faction 0.0001026167265264238 0.0
3fv 0.0001026167265264238 0.0
3px 0.0001026167265264238 0.0
4 0.001128783991790662 0.0
40 0.0001026167265264238 0.017544309650909525
400 0.0002052334530528476 0.0
40s 0.0001026167265264238 2.1799827709017134
4244 0.0004104669061056952 1.4127276181880462
439 0.0002052334530528476 0.540239508972284
46z 0.0002052334530528476 0.0
48 0.0002052334530528476 0.008733679968754631
4937709 0.0003078501795792714 2.1799827709017134
4ac4 0.0001026167265264238 2.1799827709017134
4c 0.0001026167265264238 4.74493212836325
4fb45f410e00 0.0001026167265264238 2.1799827709017134
5 0.004515135967162648 0.0
50 0.0002052334530528476 0.0
500 0.0002052334530528476 0.0
5000000 0.0002052334530528476 0.0
52428800 0.0002052334530528476 0.0
56 0.0002052334530528476 0.02643325706815543
59 0.0001026167265264238 0.044451762570833796
5em 0.0002052334530528476 0.0
5x 0.000513083632632119 0.11020314013361425
6 0.001026167265264238 0.0
60 0.0002052334530528476 0.035401927050916
625 0.0002052334530528476 0.7936884097818228
63 0.0002052334530528476 0.017544309650909525
65 0.0001026167265264238 0.02643325706815543
6543579 0.0002052334530528476 2.1799827709017134
7 0.0009235505387378142 0.0
70 0.0002052334530528476 0.044451762570833796
7000 0.0001026167265264238 0.3504829736908114
71 0.0002052334530528476 0.05358424613410626
720px 0.0001026167265264238 0.0
733 0.0002052334530528476 0.19105523676270922
77 0.0002052334530528476 0.08149303425118301
7cext 0.0003078501795792714 0.0
7cmediawiki 0.0001026167265264238 0.0
7cskins 0.0001026167265264238 0.0
7cwikibase 0.0001026167265264238 0.0
7neeh8s 0.0002052334530528476 0.0
8 0.0016418676244227808 0.008733679968754631
8125em 0.0001026167265264238 0.0
86 0.0001026167265264238 0.017544309650909525
88 0.001128783991790662 0.035401927050916
8a 0.0006157003591585428 0.0
9 0.000513083632632119 0.0
90 0.0001026167265264238 0.0
91 0.002668034889687019 0.035401927050916
93 0.002668034889687019 0.13976194237515863
95 0.0001026167265264238 0.09097177820572679
96 0.0002052334530528476 0.0
978 0.0004104669061056952 0.0
996 0.0002052334530528476 0.37548427589622857
99t 0.0001026167265264238 0.0
9b1f 0.0001026167265264238 0.008733679968754631
9cf5 0.0001026167265264238 2.1799827709017134
9px 0.0003078501795792714 0.0
_mark_of_chaos 0.0001026167265264238 0.0
_overture 0.0001026167265264238 0.0
_requiem 0.0001026167265264238 0.0
_the_dark_descent 0.0001026167265264238 0.0
_the_owls_of_ga 0.0001026167265264238 0.0
a 0.04658799384299641 0.0
a4rn 0.0001026167265264238 0.0
aa 0.0001026167265264238 0.2340726218464
about 0.0009235505387378142 0.0
aboutsite 0.0001026167265264238 0.0
above 0.0001026167265264238 0.008733679968754631
absolute 0.0001026167265264238 0.035401927050916
ac 0.0004104669061056952 2.665490586683414
accessdate 0.000513083632632119 0.0
accessible 0.0001026167265264238 0.0721032939013439
accesskey 0.0019497178040020523 0.0
account 0.0004104669061056952 0.0
accu 0.0003078501795792714 2.1799827709017134
achieved 0.0001026167265264238 0.2340726218464
across 0.0001026167265264238 0.0
action 0.0019497178040020523 0.0
actions 0.0001026167265264238 0.0
add 0.0001026167265264238 0.0
addition 0.0001026167265264238 0.044451762570833796
additional 0.0001026167265264238 0.0
address 0.0002052334530528476 0.0
after 0.0002052334530528476 0.02643325706815543
agents 0.0001026167265264238 0.10054122922187746
ago 0.0001026167265264238 0.017544309650909525
agree 0.0001026167265264238 0.0
alert 0.0004104669061056952 0.11995931507897897
alife 0.0002052334530528476 2.1799827709017134
align 0.0004104669061056952 0.0721032939013439
all 0.0006157003591585428 0.0
all_articles_with_failed_verification 0.0001026167265264238 0.0
allows 0.0001026167265264238 0.0
alpha 0.0004104669061056952 0.14981227822866008
also 0.0001026167265264238 0.0
alt 0.001026167265264238 0.0
alternate 0.0003078501795792714 0.14981227822866008
amnesia 0.0003078501795792714 2.1799827709017134
amp 0.013340174448435094 0.18058393689541388
amy 0.0002052334530528476 1.1340142157190256
amy_ 0.0001026167265264238 0.0
an 0.0006157003591585428 0.0
and 0.0015392508978963571 0.0
andreas 0.0001026167265264238 0.26759531388504365
angelcode 0.0006157003591585428 2.1799827709017134
angelscript 0.007388404309902514 2.1799827709017134
animal 0.0002052334530528476 1.911718784307034
animation 0.0002052334530528476 0.21233263520999412
anon 0.0002052334530528476 0.0
anoncontribs 0.0001026167265264238 0.0
anontalk 0.0001026167265264238 0.0
anonymous 0.0001026167265264238 0.12981161152199053
another 0.0001026167265264238 0.0
anton 0.0002052334530528476 2.1799827709017134
any 0.0001026167265264238 0.0
api 0.0001026167265264238 0.14981227822866008
appeared 0.0001026167265264238 0.044451762570833796
apple 0.0002052334530528476 0.13976194237515863
application 0.0006157003591585428 0.0
applications 0.0003078501795792714 0.0
apply 0.0001026167265264238 0.0
april 0.0009235505387378142 0.0
are 0.0006157003591585428 0.0
argument 0.0001026167265264238 0.0
aria 0.0028732683427398664 0.0
arthur 0.0002052334530528476 0.3141153295199365
article 0.0008209338122113904 0.0
articles 0.001026167265264238 0.0
articles_with_failed_verification_from_april_2019 0.0001026167265264238 0.0
articles_with_short_description 0.0001026167265264238 0.0
artificial 0.0002052334530528476 0.20163734609324613
as 0.0007183170856849666 0.0
associated 0.0002052334530528476 0.035401927050916
async 0.0003078501795792714 0.37548427589622857
at 0.001026167265264238 0.0
atitle 0.000513083632632119 0.0
atom 0.0003078501795792714 0.11995931507897897
attribute_id 0.0001026167265264238 0.0
attribution 0.0001026167265264238 0.0
au 0.0006157003591585428 0.37548427589622857
audio 0.0001026167265264238 0.21233263520999412
aufirst 0.0006157003591585428 0.0
august 0.0001026167265264238 0.035401927050916
aulast 0.0006157003591585428 0.0
author 0.0002052334530528476 0.02643325706815543
auto 0.0003078501795792714 0.035401927050916
autocapitalize 0.0001026167265264238 0.0
autostart 0.0001026167265264238 0.0
available 0.0002052334530528476 0.0
avoid 0.0002052334530528476 0.19105523676270922
b 0.005643919958953309 0.017544309650909525
background 0.0008209338122113904 0.2340726218464
backlink 0.0009235505387378142 0.0
bday 0.0001026167265264238 0.0
bdi 0.0004104669061056952 0.0
be 0.0004104669061056952 0.0
because 0.0001026167265264238 0.0
before 0.0001026167265264238 0.017544309650909525
behavioral 0.0001026167265264238 0.5108256237659907
being 0.0001026167265264238 0.008733679968754631
below 0.0001026167265264238 0.0
binding 0.0002052334530528476 0.008733679968754631
blindmindstudios 0.0001026167265264238 0.0
body 0.0015392508978963571 0.11995931507897897
bodycontent 0.0002052334530528476 0.0
book 0.0002052334530528476 0.0721032939013439
booksources 0.0004104669061056952 0.0
bootstrap 0.0001026167265264238 0.0
border 0.0003078501795792714 0.7936884097818228
bottom 0.0002052334530528476 0.12981161152199053
box 0.001026167265264238 0.0
bracket 0.0004104669061056952 0.3141153295199365
brandoff 0.0002052334530528476 2.1799827709017134
brandoffsayama2009 0.0002052334530528476 0.0
brandoffsayama2009_9 0.0002052334530528476 0.0
break 0.0003078501795792714 0.19105523676270922
browsing 0.0001026167265264238 0.27902400970866637
btitle 0.000513083632632119 0.0
btn 0.0006157003591585428 0.0
but 0.0001026167265264238 0.0
button 0.0032837352488455616 0.0
buttons 0.0001026167265264238 0.0
by 0.0009235505387378142 0.0
bytes 0.0004104669061056952 0.0
c 0.0019497178040020523 0.0
c13_en 0.0001026167265264238 0.0
c3 0.0001026167265264238 0.0
ca 0.0008209338122113904 0.035401927050916
cache 0.0002052334530528476 0.0
cached 0.0001026167265264238 0.0
cachereport 0.0001026167265264238 0.0
cactions 0.0006157003591585428 0.0
called 0.0001026167265264238 0.0
calls 0.0001026167265264238 0.0
campaigns 0.0001026167265264238 0.0
can 0.0002052334530528476 0.0
canonical 0.0002052334530528476 0.0
caption 0.0002052334530528476 0.0
cards 0.0002052334530528476 0.21233263520999412
categories 0.0002052334530528476 0.0
category 0.0016418676244227808 0.0
catlinks 0.0006157003591585428 0.0
cats 0.0001026167265264238 0.0
center 0.0006157003591585428 0.02643325706815543
centralauth 0.0002052334530528476 0.0
centralautologin 0.0002052334530528476 0.0
centralnotice 0.0003078501795792714 0.0
change 0.0001026167265264238 0.0
changes 0.0004104669061056952 0.02643325706815543
chaos 0.0002052334530528476 0.26759531388504365
charinsert 0.0001026167265264238 0.0
charles 0.0002052334530528476 0.08149303425118301
charset 0.0001026167265264238 0.0
checkbox 0.0034889687018984095 0.0
child 0.0001026167265264238 0.21233263520999412
citation 0.0018471010774756284 0.017544309650909525
cite 0.0034889687018984095 0.0
cite_note 0.0034889687018984095 0.0
cite_ref 0.00513083632632119 0.0
cite_web 0.0002052334530528476 0.0
citerefbrandoffsayama2009 0.0001026167265264238 0.0
citerefdickheiser2006 0.0001026167265264238 0.0
citerefgolodetz2010 0.0001026167265264238 0.0
citerefnishimorikuno2012 0.0001026167265264238 0.0
citereforsvärnriehlrosen2014 0.0001026167265264238 0.0
citerefweinbubruppselberherr2010 0.0001026167265264238 0.0
citethispage 0.0001026167265264238 0.0
class 0.03499230374551052 0.0
class_ 0.0001026167265264238 0.0
classes 0.0002052334530528476 0.0
classname 0.0003078501795792714 0.0
clear 0.0001026167265264238 0.11020314013361425
client 0.000513083632632119 0.0
closely 0.0001026167265264238 0.044451762570833796
co 0.0002052334530528476 0.02643325706815543
code 0.0001026167265264238 0.0
coll 0.0004104669061056952 0.0
collapsed 0.0003078501795792714 0.0
collapses 0.0001026167265264238 0.0
collapsible 0.001026167265264238 0.0
collected 0.0001026167265264238 1.0560526742493137
color 0.0007183170856849666 0.3629054936893685
colspan 0.000513083632632119 0.0
column 0.0003078501795792714 0.11020314013361425
columns 0.000513083632632119 0.11020314013361425
com 0.001026167265264238 0.0
commons 0.000513083632632119 0.0
community 0.0001026167265264238 0.10054122922187746
community_portal 0.0001026167265264238 0.0
compactlinks 0.0001026167265264238 0.0
compiled 0.0002052334530528476 0.0
compiler 0.0004104669061056952 0.0
complications 0.0001026167265264238 0.0
computer 0.0003078501795792714 0.0
computer_programming 0.0003078501795792714 1.4127276181880462
computing 0.0006157003591585428 0.008733679968754631
conference 0.0002052334530528476 0.10054122922187746
config 0.0002052334530528476 0.0
constructor 0.0001026167265264238 0.0
constructor_ 0.0001026167265264238 0.0
constructors 0.0001026167265264238 0.008733679968754631
contact 0.0004104669061056952 0.0
contact_us 0.0002052334530528476 0.0
contactpage 0.0001026167265264238 0.0
container 0.0014366341713699332 0.14981227822866008
containing 0.0001026167265264238 0.008733679968754631
content 0.0061570035915854285 0.0
contentinfo 0.0001026167265264238 0.0
contents 0.0013340174448435095 0.0
contentsub 0.0001026167265264238 0.0
context 0.0002052334530528476 0.017544309650909525
contribute 0.0001026167265264238 0.0
contributions 0.0001026167265264238 0.2340726218464
contributors 0.0002052334530528476 0.017544309650909525
control 0.0002052334530528476 0.0
controls 0.0002052334530528476 0.0
conversion 0.0001026167265264238 0.0
cookie 0.000513083632632119 0.0
cookie_statement 0.0001026167265264238 0.0
cookiestatement 0.0001026167265264238 0.0
copyright 0.0003078501795792714 0.0
copyrightico 0.0001026167265264238 0.0
count 0.0002052334530528476 0.0
counting 0.0002052334530528476 0.7936884097818228
cp2010_weinbub_1 0.0001026167265264238 0.0
cpu 0.0001026167265264238 0.0
cputime 0.0001026167265264238 0.0
create 0.0004104669061056952 0.0
createaccount 0.0004104669061056952 0.0
creative 0.0001026167265264238 0.0
creativecommons 0.0002052334530528476 0.0
cross 0.0004104669061056952 0.0
crossorigin 0.0001026167265264238 0.0
cs1 0.002770651616213443 0.017544309650909525
cs1_german 0.0001026167265264238 0.0
csrftoken 0.0001026167265264238 0.0
ctx_ver 0.0009235505387378142 0.0
cultural 0.0002052334530528476 2.03688192726104
current 0.0002052334530528476 0.08149303425118301
current_events 0.0001026167265264238 0.0
currentevents 0.0001026167265264238 0.0
cx 0.0002052334530528476 0.0
cycle 0.0001026167265264238 0.8737311174553593
d 0.0002052334530528476 0.017544309650909525
d33 0.0002052334530528476 0.0
d6 0.0001026167265264238 0.0
dark 0.0002052334530528476 2.1799827709017134
data 0.004617752693689072 0.0
date 0.0007183170856849666 0.02643325706815543
datemodified 0.0002052334530528476 0.0
datepublished 0.0002052334530528476 0.0
david 0.0002052334530528476 0.017544309650909525
de 0.001026167265264238 0.017544309650909525
december 0.0002052334530528476 0.02643325706815543
decimal 0.0001026167265264238 0.11020314013361425
declare 0.0001026167265264238 0.044451762570833796
decoding 0.0002052334530528476 0.21233263520999412
deduplicate 0.0003078501795792714 0.0
deduplicated 0.0009235505387378142 0.0
depth 0.0003078501795792714 0.0
descent 0.0002052334530528476 0.0721032939013439
description 0.0007183170856849666 0.0
design 0.0001026167265264238 0.035401927050916
desktoparticletarget 0.0003078501795792714 0.0
destructor 0.0001026167265264238 4.74493212836325
destructor_ 0.0001026167265264238 0.0
destructors 0.0001026167265264238 0.27902400970866637
detection 0.0001026167265264238 0.10054122922187746
deutsch 0.0001026167265264238 0.0
developer 0.0003078501795792714 0.02643325706815543
developers 0.0002052334530528476 0.0
development 0.0002052334530528476 0.017544309650909525
dickheiser 0.0002052334530528476 2.1799827709017134
differences 0.0001026167265264238 0.044451762570833796
different 0.0003078501795792714 0.0
dir 0.0003078501795792714 0.4682660093471948
disabled 0.001128783991790662 0.11020314013361425
discipline 0.0001026167265264238 0.06280090123903044
disclaimers 0.0002052334530528476 0.0
discuss 0.0001026167265264238 0.05358424613410626
discussion 0.0002052334530528476 0.26759531388504365
display 0.0006157003591585428 0.0
div 0.0172396100564392 0.0
dmy 0.0001026167265264238 0.08149303425118301
dns 0.0002052334530528476 0.540239508972284
doctype 0.0001026167265264238 0.0
document 0.0004104669061056952 0.09097177820572679
documentelement 0.0003078501795792714 0.0
does 0.0002052334530528476 0.0
doi 0.0006157003591585428 0.008733679968754631
doi_ 0.0002052334530528476 0.0
don 0.0001026167265264238 0.2340726218464
don_schechter 0.0001026167265264238 0.0
donate 0.0003078501795792714 0.0
donating 0.0001026167265264238 0.0
download 0.0004104669061056952 0.0
downloadaspdf 0.0001026167265264238 0.0
dropdown 0.002565418163160595 0.0
dtstart 0.0001026167265264238 0.0
dustforce 0.0003078501795792714 2.1799827709017134
e 0.0003078501795792714 0.0
easing 0.0001026167265264238 0.2340726218464
echo 0.0001026167265264238 0.0
eclipse 0.0002052334530528476 0.11020314013361425
eclipse_ 0.0001026167265264238 0.0
edit 0.002668034889687019 0.0
editable 0.0001026167265264238 0.49643688631389105
edited 0.0001026167265264238 0.0
editing 0.0001026167265264238 0.11020314013361425
editor 0.0002052334530528476 0.044451762570833796
editors 0.0002052334530528476 0.0
editpage 0.0001026167265264238 0.0
edits 0.0002052334530528476 0.0
editsection 0.0006157003591585428 0.0
edituri 0.0001026167265264238 0.0
eee 0.0001026167265264238 0.0
element 0.0007183170856849666 0.0
ellipsis 0.0002052334530528476 0.2340726218464
elt 0.0001026167265264238 0.0
embed 0.0001026167265264238 0.26759531388504365
empty 0.0001026167265264238 0.008733679968754631
emptyportlet 0.0002052334530528476 0.0
en 0.003181118522319138 0.0
enabled 0.001128783991790662 0.008733679968754631
encouraged 0.0004104669061056952 1.5668782980153044
encyclopedia 0.0002052334530528476 0.0
end 0.0001026167265264238 0.0
engine 0.0002052334530528476 0.02643325706815543
english 0.0003078501795792714 0.0
enhancements 0.0001026167265264238 0.0
entcom 0.0003078501795792714 2.1799827709017134
entertainment 0.0002052334530528476 0.3260915205666521
entities 0.0001026167265264238 0.0
entity 0.0004104669061056952 0.0
entityaccesscount 0.0001026167265264238 0.0
entitypage 0.0002052334530528476 0.0
environment 0.0001026167265264238 0.0
enwiki 0.0001026167265264238 0.0
enwikimwclientprefs 0.0001026167265264238 0.0
episode 0.0002052334530528476 0.8131064956389242
error 0.0002052334530528476 0.11020314013361425
es6 0.0001026167265264238 0.0
esi 0.0002052334530528476 0.7195804376281008
esitest 0.0001026167265264238 0.0
event 0.001026167265264238 0.0
eventlogging 0.0002052334530528476 0.0
events 0.0002052334530528476 0.11020314013361425
exact 0.0001026167265264238 0.0
example 0.0001026167265264238 0.0
exist 0.0001026167265264238 0.0721032939013439
exists 0.0001026167265264238 0.0
expand 0.0003078501795792714 0.0
expanded 0.0002052334530528476 0.0
expansion 0.0002052334530528476 0.0
expansiondepth 0.0001026167265264238 0.0
expensive 0.0001026167265264238 0.0
expensivefunctioncount 0.0001026167265264238 0.0
expiry 0.0002052334530528476 0.0
export 0.0001026167265264238 0.0
ext 0.002770651616213443 0.0
external 0.0016418676244227808 0.0
external_links 0.0004104669061056952 0.0
extra 0.0001026167265264238 0.0
f 0.000513083632632119 0.0
fa8a495983347898 0.0001026167265264238 0.0
failed 0.0008209338122113904 0.13976194237515863
failed_verification 0.0002052334530528476 2.1799827709017134
fallbacksearchbutton 0.0001026167265264238 0.0
false 0.0012314007183170856 0.0
favicon 0.0001026167265264238 0.0
feature 0.0021549512570549 0.0
featurename 0.0003078501795792714 0.0
features 0.0001026167265264238 0.0
february 0.0002052334530528476 0.017544309650909525
feed 0.0002052334530528476 0.19105523676270922
file 0.0007183170856849666 0.0
file_no 0.0001026167265264238 0.0
file_upload_wizard 0.0002052334530528476 0.0
files 0.0001026167265264238 0.0
first 0.0002052334530528476 0.0
firstheading 0.0003078501795792714 0.0
fix 0.0002052334530528476 0.008733679968754631
float 0.0001026167265264238 0.06280090123903044
flush 0.000513083632632119 0.0
follows 0.0001026167265264238 0.0
font 0.0007183170856849666 0.14981227822866008
footer 0.002668034889687019 0.0
for 0.0016418676244227808 0.0
foreign 0.0001026167265264238 0.26759531388504365
form 0.0003078501795792714 0.0
format 0.0003078501795792714 0.035401927050916
foundation 0.0009235505387378142 0.0
free 0.000513083632632119 0.0
freely 0.0001026167265264238 0.1599646496926782
from 0.0012314007183170856 0.0
full 0.0004104669061056952 0.044451762570833796
fulltext 0.0001026167265264238 0.0
function 0.0007183170856849666 0.0
functionality 0.0001026167265264238 0.11020314013361425
functions 0.0002052334530528476 0.0
fundraiserredirector 0.0001026167265264238 0.0
g 0.0003078501795792714 0.0
ga 0.0002052334530528476 2.1799827709017134
gadget 0.0004104669061056952 0.0
game 0.0013340174448435095 0.11995931507897897
games 0.0002052334530528476 0.044451762570833796
garbage 0.0001026167265264238 0.017544309650909525
geany 0.0003078501795792714 0.19105523676270922
gehomepagesuggestededitsenabletopics 0.0001026167265264238 0.0
gekkeiju 0.0002052334530528476 2.1799827709017134
gekkeiju_online 0.0001026167265264238 0.0
gems 0.0002052334530528476 0.7936884097818228
general_disclaimer 0.0001026167265264238 0.0
generator 0.0001026167265264238 0.0
genre 0.0009235505387378142 0.0
geoip 0.0001026167265264238 0.0
german 0.000513083632632119 0.017544309650909525
github 0.0007183170856849666 0.017544309650909525
globalcssjs 0.0002052334530528476 0.0
go 0.000513083632632119 0.0
gold 0.0002052334530528476 0.27902400970866637
golodetz 0.0002052334530528476 2.1799827709017134
good 0.0002052334530528476 0.017544309650909525
googpub 0.0002052334530528476 0.0
graphics 0.0001026167265264238 0.044451762570833796
gray 0.0001026167265264238 1.449095262358921
greek 0.0002052334530528476 0.3141153295199365
green 0.0001026167265264238 0.08149303425118301
group 0.0004104669061056952 0.05358424613410626
growthexperiments 0.0001026167265264238 0.0
guardians 0.0002052334530528476 1.0313600616589422
guidance 0.0001026167265264238 0.2340726218464
guides 0.0001026167265264238 4.74493212836325
h 0.0003078501795792714 0.035401927050916
h1 0.0002052334530528476 1.2484245668967697
h2 0.0006157003591585428 1.2484245668967697
hack 0.0006157003591585428 0.0
handle 0.0002052334530528476 0.09097177820572679
handle_ 0.0001026167265264238 0.0
handles 0.0001026167265264238 0.0
has 0.0001026167265264238 0.0
haspopup 0.000513083632632119 0.0
hazelight 0.000513083632632119 2.1799827709017134
hazelight_studios 0.0001026167265264238 0.0
hdl 0.0003078501795792714 0.19105523676270922
hdl_ 0.0001026167265264238 0.0
head 0.0003078501795792714 0.0
header 0.002770651616213443 0.0
heading 0.0023601847101077478 0.0
headline 0.0004104669061056952 0.0
height 0.001128783991790662 0.0
help 0.0007183170856849666 0.0
here 0.0001026167265264238 0.008733679968754631
hidden 0.0013340174448435095 0.0
hide 0.0002052334530528476 0.0
highest 0.0001026167265264238 0.0
hiroki 0.0002052334530528476 2.1799827709017134
history 0.0006157003591585428 0.0
hoole 0.0002052334530528476 2.1799827709017134
hor 0.0002052334530528476 0.0
hosted 0.0001026167265264238 0.0721032939013439
how 0.000513083632632119 0.0
however 0.0004104669061056952 0.0
href 0.02432016418676244 0.0
hreflang 0.0004104669061056952 0.0
html 0.000513083632632119 0.06280090123903044
http 0.0014366341713699332 0.017544309650909525
https 0.0035915854284248334 0.0
hub 0.0001026167265264238 0.2451224580329849
i 0.009543355566957413 0.0
ib_2010 0.0001026167265264238 0.0
ico 0.0001026167265264238 0.0
icon 0.0035915854284248334 0.0
icons 0.0004104669061056952 0.0
id 0.016829143150333504 0.0
ide 0.0001026167265264238 0.02643325706815543
identifier 0.001026167265264238 0.044451762570833796
idhash 0.0001026167265264238 0.0
ieee 0.0006157003591585428 0.10054122922187746
if 0.0002052334530528476 0.0
image 0.0002052334530528476 0.0
imageobject 0.0002052334530528476 0.0
images 0.0012314007183170856 0.0
img 0.0008209338122113904 0.0
imperative 0.0002052334530528476 0.08149303425118301
imperative_programming 0.0001026167265264238 0.0
implement 0.0001026167265264238 0.05358424613410626
impossible 0.0001026167265264238 0.2340726218464
improvements 0.0001026167265264238 0.08149303425118301
in 0.002770651616213443 0.0
inc 0.0003078501795792714 0.0
include 0.0002052334530528476 0.0
including 0.0002052334530528476 0.008733679968754631
index 0.0024628014366341712 0.0
indicators 0.0001026167265264238 0.454472687214859
influenced 0.0001026167265264238 0.008733679968754631
info 0.002668034889687019 0.044451762570833796
infobox 0.0034889687018984095 0.008733679968754631
infobox_programming_language 0.0002052334530528476 0.008733679968754631
infobox_software 0.0002052334530528476 0.017544309650909525
information 0.0003078501795792714 0.0
inherit 0.0006157003591585428 0.11020314013361425
inheritance 0.0007183170856849666 0.11020314013361425
inheritance_ 0.0001026167265264238 0.0
init 0.0003078501795792714 0.0
inline 0.001026167265264238 0.05358424613410626
inner 0.0002052334530528476 0.0
input 0.0014366341713699332 0.0
inside 0.0002052334530528476 0.0
integrates 0.0001026167265264238 0.37548427589622857
integration 0.0001026167265264238 0.008733679968754631
interaction 0.0003078501795792714 0.0
interactive 0.0003078501795792714 0.11020314013361425
interface 0.0002052334530528476 0.0
interfaces 0.0002052334530528476 0.0
interlanguage 0.0013340174448435095 0.0
interwiki 0.0004104669061056952 0.0
into 0.0001026167265264238 0.0
introduction 0.0003078501795792714 0.11020314013361425
ip 0.0002052334530528476 0.3141153295199365
is 0.001128783991790662 0.0
isbn 0.0006157003591585428 0.0
isbn_ 0.0002052334530528476 0.0
issue 0.0001026167265264238 0.14981227822866008
it 0.001026167265264238 0.0
it_takes_two_ 0.0001026167265264238 0.0
item 0.005643919958953309 0.0
item_id 0.0001026167265264238 0.0
item_no 0.0001026167265264238 0.0
items 0.0001026167265264238 0.0
its 0.0002052334530528476 0.0
iue 0.0002052334530528476 0.0
j 0.0004104669061056952 0.0
jackrabbit 0.0002052334530528476 0.6505875661411494
january 0.0001026167265264238 0.0
jazz 0.0002052334530528476 2.1799827709017134
jazz_jackrabbit_2 0.0001026167265264238 0.0
jit 0.0002052334530528476 0.0
join 0.0002052334530528476 0.11020314013361425
josef 0.0002052334530528476 0.49643688631389105
josh 0.0002052334530528476 0.11995931507897897
journal 0.0001026167265264238 0.008733679968754631
journals 0.0001026167265264238 1.486835590341768
jp 0.0002052334530528476 0.4682660093471948
jquery 0.0001026167265264238 0.0
js 0.0002052334530528476 0.0
json 0.0002052334530528476 0.11995931507897897
jtitle 0.0004104669061056952 0.0
july 0.0001026167265264238 0.008733679968754631
jump 0.0002052334530528476 0.0
june 0.0001026167265264238 0.017544309650909525
jönsson 0.0001026167265264238 0.0
k 0.0003078501795792714 0.0
karl 0.0002052334530528476 0.5108256237659907
kern 0.0002052334530528476 0.0
key 0.0001026167265264238 0.0
king 0.0002052334530528476 0.12981161152199053
king_arthur 0.0001026167265264238 0.0
kuno 0.0002052334530528476 2.1799827709017134
l 0.0001026167265264238 0.008733679968754631
label 0.005643919958953309 0.0
labelledby 0.0001026167265264238 0.0
landmark 0.0004104669061056952 0.0
lang 0.002052334530528476 0.0
langlinks 0.0002052334530528476 0.0
language 0.002668034889687019 0.0
language_sources_ 0.0001026167265264238 0.0
languages 0.0007183170856849666 0.0
last 0.0001026167265264238 0.0
lastmod 0.0001026167265264238 0.0
lazy 0.0002052334530528476 0.008733679968754631
ld 0.0002052334530528476 0.7195804376281008
learn 0.000513083632632119 0.0
left 0.0007183170856849666 0.0
legend 0.0002052334530528476 0.37548427589622857
legend_of_the_guardians 0.0001026167265264238 0.0
lehre 0.0001026167265264238 0.0
level 0.0003078501795792714 0.0
levels 0.0001026167265264238 0.0
li 0.015700359158542843 0.0
license 0.001128783991790662 0.0
licenses 0.0002052334530528476 0.12981161152199053
life 0.0003078501795792714 0.02643325706815543
limit 0.001128783991790662 0.0
limited 0.0006157003591585428 0.008733679968754631
limitreport 0.0003078501795792714 0.0
link 0.0038994356080041047 0.08149303425118301
linked 0.0001026167265264238 0.0721032939013439
links 0.0019497178040020523 0.0
list 0.009338122113904567 0.0
list_5 0.0034889687018984095 0.0
listbullet 0.0003078501795792714 0.0
load 0.0003078501795792714 0.0
loaded 0.0001026167265264238 0.0
loader 0.0001026167265264238 0.035401927050916
loading 0.0003078501795792714 0.0
loc 0.0001026167265264238 0.0
lock 0.0012314007183170856 0.11020314013361425
log 0.0007183170856849666 0.0
logged 0.0002052334530528476 0.0
login 0.000513083632632119 0.3141153295199365
logo 0.0008209338122113904 0.0
lower 0.0006157003591585428 0.044451762570833796
ltr 0.0019497178040020523 0.0
lua 0.0002052334530528476 0.0
lukas 0.0002052334530528476 2.1799827709017134
m 0.0003078501795792714 0.08149303425118301
made 0.0001026167265264238 0.035401927050916
main 0.002565418163160595 0.0
main_page 0.0002052334530528476 0.0
mainentity 0.0002052334530528476 0.0
mainpage 0.0001026167265264238 0.0
maint 0.0001026167265264238 0.09097177820572679
maintains 0.0001026167265264238 0.3504829736908114
mandatory 0.0004104669061056952 0.2340726218464
march 0.0001026167265264238 0.017544309650909525
margin 0.0008209338122113904 0.0
mark 0.0002052334530528476 0.035401927050916
match 0.0001026167265264238 0.008733679968754631
material 0.0001026167265264238 0.0
max 0.0002052334530528476 0.11020314013361425
may 0.0004104669061056952 0.0
mechanism 0.0002052334530528476 0.008733679968754631
media 0.0004104669061056952 0.11995931507897897
mediawiki 0.0007183170856849666 0.0
memory 0.0001026167265264238 0.0
memusage 0.0001026167265264238 0.0
menu 0.010159055926115957 0.0
message 0.0002052334530528476 0.0
meta 0.0012314007183170856 0.09097177820572679
method 0.0001026167265264238 0.0
method_ 0.0001026167265264238 0.0
methods 0.0002052334530528476 0.0
michael 0.0002052334530528476 0.008733679968754631
min 0.0001026167265264238 0.11020314013361425
minerva 0.0007183170856849666 0.0
mmv 0.0002052334530528476 0.0
mobile 0.0003078501795792714 0.0
mobileaction 0.0001026167265264238 0.0
mobileview 0.0001026167265264238 0.0
module 0.0001026167265264238 0.044451762570833796
modules 0.0003078501795792714 0.0721032939013439
months 0.0001026167265264238 0.11020314013361425
mora 0.0002052334530528476 2.1799827709017134
more 0.0014366341713699332 0.0
move 0.0001026167265264238 0.0
moved 0.0001026167265264238 0.0
ms 0.0001026167265264238 0.0
multi 0.0003078501795792714 0.10054122922187746
multiple 0.000513083632632119 0.035401927050916
multiple_inheritance 0.0002052334530528476 0.0
mw 0.026269881990764493 0.0
mw2305 0.0001026167265264238 0.0
mw2409 0.0002052334530528476 2.1799827709017134
mycontributions 0.0001026167265264238 0.0
mytalk 0.0001026167265264238 0.0
n 0.0015392508978963571 0.08149303425118301
name 0.003181118522319138 0.0
namespaces 0.0001026167265264238 0.21233263520999412
nav 0.0014366341713699332 0.7018808605286999
navbar 0.0001026167265264238 0.20163734609324613
navigation 0.001128783991790662 0.0
navigationtiming 0.0001026167265264238 0.0
near 0.0001026167265264238 0.0
nearby 0.0001026167265264238 0.0
net 0.0001026167265264238 0.0
netbeans 0.0003078501795792714 0.19105523676270922
new 0.0001026167265264238 0.0
newest 0.0001026167265264238 0.26759531388504365
newpp 0.0001026167265264238 0.0
nii 0.0002052334530528476 0.0
nishimori 0.0002052334530528476 2.1799827709017134
no 0.0007183170856849666 0.0
node 0.0001026167265264238 0.0
noexcerpt 0.0001026167265264238 0.0
nofollow 0.0014366341713699332 0.0
noicon 0.000513083632632119 0.0
nojs 0.0001026167265264238 0.0
nomobile 0.0001026167265264238 0.0
non 0.0001026167265264238 0.0
none 0.001128783991790662 0.21233263520999412
noprint 0.0007183170856849666 0.37548427589622857
normal 0.0002052334530528476 0.008733679968754631
noscript 0.0004104669061056952 0.0
nosnippet 0.0001026167265264238 0.0
not 0.0006157003591585428 0.0
notice 0.0001026167265264238 0.11020314013361425
november 0.0002052334530528476 0.0
nowrap 0.0007183170856849666 0.035401927050916
ns 0.0002052334530528476 0.19105523676270922
nstab 0.0001026167265264238 0.0
null 0.0001026167265264238 0.0
numb 0.0002052334530528476 0.0
number 0.0001026167265264238 0.0
o 0.000513083632632119 0.035401927050916
object 0.001128783991790662 0.0
october 0.0001026167265264238 0.02643325706815543
of 0.0033863519753719856 0.0
official 0.005541303232426886 0.017544309650909525
official_url 0.0002052334530528476 2.1799827709017134
og 0.0002052334530528476 0.0
ol 0.0003078501795792714 0.0
oldid 0.0003078501795792714 0.0
on 0.001128783991790662 0.0
online 0.0002052334530528476 0.11020314013361425
only 0.0004104669061056952 0.0
oojs_ui_icon_edit 0.0012314007183170856 0.0
op 0.0003078501795792714 0.02643325706815543
opensearch_desc 0.0001026167265264238 0.0
opensearchdescription 0.0001026167265264238 0.0
operating 0.0001026167265264238 0.035401927050916
operating_system 0.0001026167265264238 0.540239508972284
operator 0.0001026167265264238 0.008733679968754631
operator_overloading 0.0001026167265264238 0.0
operators 0.0001026167265264238 0.008733679968754631
options 0.000513083632632119 0.0
or 0.0002052334530528476 0.0
org 0.006977937403796819 0.0
organiser 0.0001026167265264238 0.0
organization 0.000513083632632119 0.0
orientation 0.0001026167265264238 0.11020314013361425
oriented 0.0007183170856849666 0.0
oriented_programming 0.0004104669061056952 0.2340726218464
origin 0.000513083632632119 0.11020314013361425
orsv 0.0001026167265264238 0.0
orsvärn 0.0001026167265264238 2.1799827709017134
os 0.0001026167265264238 0.02643325706815543
other 0.0001026167265264238 0.0
out 0.0002052334530528476 0.0
output 0.004412519240636224 0.008733679968754631
outside 0.0001026167265264238 0.11020314013361425
overflow 0.0002052334530528476 0.19105523676270922
overgrowth 0.0004104669061056952 2.1799827709017134
overgrowth_ 0.0001026167265264238 0.0
overloaded 0.0001026167265264238 1.0560526742493137
overloading 0.0001026167265264238 0.008733679968754631
overture 0.0002052334530528476 2.1799827709017134
owls 0.0002052334530528476 2.1799827709017134
oʻzbekcha 0.0001026167265264238 1.3437347467010947
p 0.004207285787583376 0.0
p856 0.0002052334530528476 0.0
padding 0.0004104669061056952 0.0
page 0.0048229861467419186 0.0
pagelanguagecode 0.0001026167265264238 0.0
pagelanguagedir 0.0001026167265264238 0.0
pages 0.0009235505387378142 0.0
pagevariantfallbacks 0.0001026167265264238 0.0
panel 0.0004104669061056952 0.0
paradigm 0.000513083632632119 0.017544309650909525
parsed 0.0001026167265264238 0.0
parser 0.004617752693689072 0.0
past 0.0001026167265264238 0.14981227822866008
patroltoken 0.0001026167265264238 0.0
pcache 0.0001026167265264238 0.0
pdf 0.0006157003591585428 0.0
penumbra 0.0006157003591585428 2.1799827709017134
permalink 0.0001026167265264238 0.0
permanent 0.0002052334530528476 0.035401927050916
personal 0.000513083632632119 0.0
php 0.003181118522319138 0.0
pin 0.0002052334530528476 0.454472687214859
pinnable 0.0012314007183170856 0.0
pinned 0.001026167265264238 0.0
placeholder 0.0001026167265264238 0.0
places 0.0009235505387378142 0.035401927050916
platform 0.0003078501795792714 0.0
plugin 0.0002052334530528476 0.11995931507897897
plus 0.0001026167265264238 0.09097177820572679
png 0.0016418676244227808 0.0
pointers 0.0001026167265264238 0.0
policy 0.0002052334530528476 0.0
popups 0.0001026167265264238 0.0
portal 0.0003078501795792714 0.06280090123903044
portlet 0.002770651616213443 0.0
portuguese 0.0001026167265264238 0.540239508972284
português 0.0001026167265264238 0.8329091229351039
position 0.0001026167265264238 0.008733679968754631
post 0.0002052334530528476 0.0
postexpandincludesize 0.0001026167265264238 0.0
powered 0.0001026167265264238 1.1340142157190256
poweredby_mediawiki_132x47 0.0001026167265264238 0.0
poweredby_mediawiki_176x62 0.0001026167265264238 0.0
poweredby_mediawiki_88x31 0.0001026167265264238 0.0
poweredbyico 0.0001026167265264238 0.0
pp 0.0001026167265264238 0.044451762570833796
ppvisitednodes 0.0001026167265264238 0.0
preconnect 0.0001026167265264238 0.0
prefetch 0.0002052334530528476 0.0
preprocessor 0.0001026167265264238 0.0
preview 0.0001026167265264238 0.14981227822866008
print 0.0002052334530528476 0.0
print_export 0.0003078501795792714 0.0
printable 0.0003078501795792714 0.14981227822866008
printfooter 0.0001026167265264238 0.0
privacy 0.0003078501795792714 0.0
privacy_policy 0.0002052334530528476 0.0
procedural 0.0002052334530528476 0.044451762570833796
procedural_programming 0.0001026167265264238 0.0
process 0.0002052334530528476 0.0
profit 0.0001026167265264238 0.0
program 0.0002052334530528476 0.0
programming 0.0016418676244227808 0.0
programming_paradigm 0.0001026167265264238 0.0
progressive 0.0015392508978963571 0.0
projects 0.0002052334530528476 0.06280090123903044
prop 0.0001026167265264238 0.0
properties 0.0001026167265264238 0.11020314013361425
property 0.0003078501795792714 0.008733679968754631
property_ 0.0001026167265264238 0.0
proxy 0.0001026167265264238 0.14981227822866008
pt 0.001026167265264238 0.02643325706815543
pub 0.0002052334530528476 0.26759531388504365
published 0.0001026167265264238 0.044451762570833796
publisher 0.0002052334530528476 0.41419878807691896
puddle 0.0002052334530528476 2.1799827709017134
puddle_ 0.0001026167265264238 0.0
push 0.0003078501795792714 0.0
q 0.0004104669061056952 0.0
q2366 0.0009235505387378142 2.1799827709017134
quick 0.0001026167265264238 0.0
quiet 0.0006157003591585428 0.0
quotes 0.0001026167265264238 0.19105523676270922
r 0.0002052334530528476 0.0
r1011085734 0.0001026167265264238 0.0
r1066479718 0.0002052334530528476 0.0
r1133582631 0.0009235505387378142 0.0
race 0.0002052334530528476 0.18058393689541388
random 0.0002052334530528476 0.21233263520999412
randomly 0.0001026167265264238 0.2340726218464
randompage 0.0001026167265264238 0.0
raw 0.0001026167265264238 0.11020314013361425
re 0.0002052334530528476 0.02643325706815543
read 0.0002052334530528476 0.11020314013361425
ready 0.0017444843509492047 0.0
real 0.0001026167265264238 0.0
recent 0.0003078501795792714 0.0721032939013439
recentchanges 0.0003078501795792714 0.0
recentchangeslinked 0.0002052334530528476 0.0
recursion 0.0001026167265264238 0.0
red 0.0001026167265264238 0.12981161152199053
redirect 0.001026167265264238 0.02643325706815543
redlink 0.0001026167265264238 0.0
reduced 0.0001026167265264238 0.0
reference 0.004207285787583376 0.035401927050916
reference_counting 0.0001026167265264238 0.0
references 0.001026167265264238 0.0
referencetooltips 0.0001026167265264238 0.0
referrer 0.0003078501795792714 0.0
reflist 0.0015392508978963571 0.0
registered 0.0002052334530528476 0.0
registration 0.0002052334530528476 0.5705448584676129
rel 0.004104669061056952 0.0
related 0.0002052334530528476 0.02643325706815543
release 0.0002052334530528476 0.02643325706815543
rendering 0.0001026167265264238 0.0
repeat 0.0004104669061056952 0.0721032939013439
replace 0.0001026167265264238 0.008733679968754631
repo 0.0002052334530528476 0.12981161152199053
report 0.0002052334530528476 0.0
repository_action_common_download 0.0001026167265264238 0.0
requiem 0.0002052334530528476 2.1799827709017134
require 0.0001026167265264238 0.0
required 0.0001026167265264238 0.0
resourceloaderdynamicstyles 0.0001026167265264238 0.0
retrieved 0.0006157003591585428 0.0
returnto 0.0004104669061056952 0.0
revision 0.0003078501795792714 0.0
revisions 0.0001026167265264238 0.6844891178168307
rfid 0.0002052334530528476 2.1799827709017134
rfr_id 0.0009235505387378142 0.0
rft 0.005849153412006157 0.0
rft_id 0.001026167265264238 0.0
rft_val_fmt 0.0009235505387378142 0.0
rgba 0.0001026167265264238 0.0
riehl 0.0002052334530528476 2.1799827709017134
right 0.0009235505387378142 0.0
rigs 0.0002052334530528476 2.1799827709017134
rigs_of_rods 0.0001026167265264238 0.0
river 0.0002052334530528476 2.1799827709017134
rl 0.0001026167265264238 0.0
rlconf 0.0001026167265264238 0.0
rlpagemodules 0.0001026167265264238 0.0
rlq 0.0006157003591585428 0.0
rlstate 0.0001026167265264238 0.0
robotic 0.0003078501795792714 1.1340142157190256
robotics 0.0003078501795792714 0.21233263520999412
robots 0.0001026167265264238 0.5108256237659907
rods 0.0002052334530528476 2.1799827709017134
role 0.0014366341713699332 0.0
roman 0.0004104669061056952 0.37548427589622857
rootpage 0.0001026167265264238 0.0
rosen 0.0002052334530528476 2.1799827709017134
row 0.0008209338122113904 0.11020314013361425
rsd 0.0002052334530528476 0.0
ru 0.0004104669061056952 0.8947845266531914
ruler 0.0002052334530528476 2.1799827709017134
rules 0.0001026167265264238 0.008733679968754631
rupp 0.0002052334530528476 2.1799827709017134
russian 0.0001026167265264238 0.540239508972284
s 0.0006157003591585428 0.0
sa 0.0002052334530528476 0.0
sameas 0.0002052334530528476 0.0
saved 0.0001026167265264238 0.0
sayama 0.0002052334530528476 2.1799827709017134
schechter 0.0001026167265264238 0.0
schema 0.0002052334530528476 0.02643325706815543
scientific 0.0002052334530528476 0.02643325706815543
scope 0.0008209338122113904 0.0721032939013439
screen 0.0002052334530528476 0.044451762570833796
scribunto 0.0001026167265264238 0.044451762570833796
script 0.0014366341713699332 0.14981227822866008
scripting 0.001128783991790662 0.017544309650909525
scripting_language 0.0002052334530528476 0.0
scripting_languages 0.0001026167265264238 0.0
scripts 0.0001026167265264238 0.10054122922187746
search 0.002770651616213443 0.0
searchaux 0.0001026167265264238 0.0
searchbutton 0.0004104669061056952 0.0
searchform 0.0001026167265264238 0.0
searchinput 0.0001026167265264238 0.0
seconds 0.0003078501795792714 0.0
section 0.0004104669061056952 0.008733679968754631
selberherr 0.0002052334530528476 2.1799827709017134
selected 0.0004104669061056952 0.008733679968754631
selector 0.0001026167265264238 0.0
selflink 0.0001026167265264238 0.0
sentences 0.0001026167265264238 0.0
september 0.0003078501795792714 0.008733679968754631
series 0.0001026167265264238 0.10054122922187746
set 0.0003078501795792714 0.0
several 0.0001026167265264238 0.0
sha1 0.0001026167265264238 0.0
sharealike 0.0001026167265264238 0.0
sharealike_3 0.0001026167265264238 0.0
short 0.0006157003591585428 0.0
short_description 0.0002052334530528476 0.0
short_description_is_different_from_wikidata 0.0001026167265264238 0.0
shortdescription 0.0001026167265264238 0.0
show 0.0003078501795792714 0.0
showcases 0.0001026167265264238 0.0
sidebar 0.001128783991790662 0.0
siegfried 0.0002052334530528476 2.1799827709017134
similar 0.0001026167265264238 0.008733679968754631
simple 0.0002052334530528476 0.017544309650909525
simplesearch 0.0001026167265264238 0.0
simplifying 0.0002052334530528476 0.22314355131420976
sine 0.0002052334530528476 0.2451224580329849
sine_mora 0.0001026167265264238 0.0
single 0.0001026167265264238 0.0
site 0.000513083632632119 0.0
sitedir 0.0001026167265264238 0.0
sitelinks 0.0001026167265264238 0.0
sitenotice 0.0002052334530528476 0.0
sitesub 0.0001026167265264238 0.0
sitesupport 0.0001026167265264238 0.0
size 0.0009235505387378142 0.0
skin 0.0013340174448435095 0.8131064956389242
skins 0.0006157003591585428 0.0
software 0.0008209338122113904 0.017544309650909525
software_developer 0.0001026167265264238 0.0
software_license 0.0001026167265264238 0.0
software_release_life_cycle 0.0001026167265264238 0.0
software_using_the_zlib_license 0.0001026167265264238 0.0
source 0.0002052334530528476 0.0
sources 0.0003078501795792714 0.0
space 0.0002052334530528476 0.0721032939013439
span 0.02401231400718317 0.044451762570833796
special 0.002668034889687019 0.0
specialpages 0.0002052334530528476 0.0
src 0.001026167265264238 0.0
srcset 0.0004104669061056952 0.0
stable 0.0001026167265264238 0.017544309650909525
standard 0.0001026167265264238 0.0
star 0.0002052334530528476 0.26759531388504365
star_ruler 0.0001026167265264238 0.0
start 0.0002052334530528476 0.0721032939013439
startup 0.0002052334530528476 0.0
statement 0.0001026167265264238 0.0
static 0.0016418676244227808 0.0
static_typing 0.0001026167265264238 0.0
statistics 0.0001026167265264238 0.0
stats 0.0001026167265264238 0.0
statslink 0.0001026167265264238 0.0
status 0.0001026167265264238 0.0
sticky 0.0002052334530528476 0.0
stopmobileredirecttoggle 0.0001026167265264238 0.0
strong 0.0001026167265264238 0.008733679968754631
strong_typing 0.0001026167265264238 0.0
structured 0.0001026167265264238 0.035401927050916
stuart 0.0002052334530528476 0.26759531388504365
studios 0.0002052334530528476 0.2451224580329849
style 0.0037968188814776808 0.0
styles 0.001026167265264238 0.0
stylesheet 0.0002052334530528476 0.0
subbox 0.0001026167265264238 0.0
subheader 0.0001026167265264238 0.0
subject 0.0001026167265264238 0.10054122922187746
sublist 0.0002052334530528476 0.0
submit 0.0002052334530528476 0.0
subscription 0.0002052334530528476 0.0
subtitle 0.0001026167265264238 0.0
such 0.0001026167265264238 0.0
suggestededitsession 0.0001026167265264238 0.0
summary 0.0001026167265264238 0.14981227822866008
sup 0.008825038481272448 0.0
supertuxkart 0.0003078501795792714 2.1799827709017134
support 0.0003078501795792714 0.0
supported 0.0001026167265264238 0.06280090123903044
sven 0.0002052334530528476 2.1799827709017134
sven_co 0.0001026167265264238 0.0
svg 0.0018471010774756284 0.0
swarms 0.0002052334530528476 2.1799827709017134
switcher 0.0001026167265264238 0.0
symposium 0.0002052334530528476 0.18058393689541388
syntax 0.0001026167265264238 0.0
system 0.0004104669061056952 0.0
t 0.0012314007183170856 0.02643325706815543
tab 0.000513083632632119 0.19105523676270922
tabindex 0.0002052334530528476 0.0
table 0.0007183170856849666 0.0
tabs 0.0002052334530528476 4.051784947803305
tag 0.0001026167265264238 0.02643325706815543
tagline 0.0003078501795792714 0.0
tags 0.0001026167265264238 0.0
takes 0.0002052334530528476 0.008733679968754631
taketoshi 0.0002052334530528476 2.1799827709017134
talk 0.0004104669061056952 0.05358424613410626
target 0.0006157003591585428 0.0
targetloader 0.0001026167265264238 0.0
tb 0.0003078501795792714 0.0
tbody 0.0002052334530528476 0.0
td 0.0024628014366341712 0.0
telephone 0.0001026167265264238 0.48225225132193467
template 0.0021549512570549 0.0
templateargumentsize 0.0001026167265264238 0.0
templatestyles 0.0012314007183170856 0.0
terms 0.0002052334530528476 0.0
terms_of_use 0.0001026167265264238 0.0
text 0.0033863519753719856 0.0
text_of_the_creative_commons_attribution 0.0001026167265264238 0.0
th 0.0018471010774756284 1.8545603704670854
that 0.0001026167265264238 0.0
the 0.0033863519753719856 0.0
their 0.0001026167265264238 0.008733679968754631
there 0.0001026167265264238 0.0
this 0.002668034889687019 0.0
through 0.0002052334530528476 0.0
thumb 0.0006157003591585428 0.0
thumbnail 0.0001026167265264238 0.0
time 0.000513083632632119 0.0
timestamp 0.0002052334530528476 0.0
timeusage 0.0001026167265264238 0.0
timingprofile 0.0001026167265264238 0.0
title 0.01806054386865059 0.0
titlebar 0.0008209338122113904 0.0
titleform 0.0001026167265264238 0.0
to 0.003181118522319138 0.0
toc 0.005336069779374038 0.0
toggle 0.0009235505387378142 0.0
toggle_view_mobile 0.0001026167265264238 0.0
token 0.0002052334530528476 0.11020314013361425
tokens 0.0001026167265264238 3.6463198396951406
toolbar 0.0003078501795792714 0.0
tools 0.0009235505387378142 0.0
top 0.0007183170856849666 0.0
total 0.0002052334530528476 0.0
touch 0.0002052334530528476 2.4423470353692043
tr 0.002668034889687019 0.08149303425118301
trademark 0.0001026167265264238 0.0
transclusion 0.0001026167265264238 0.0
transientcontent 0.0001026167265264238 0.0
transmission 0.0002052334530528476 2.1799827709017134
transparent 0.0001026167265264238 0.11020314013361425
triggered 0.0001026167265264238 0.0
true 0.002257567983581324 0.0
tsukuba 0.0001026167265264238 0.0
ttl 0.0001026167265264238 0.0
tuwien 0.0002052334530528476 0.0
two 0.0003078501795792714 0.0
type 0.0037968188814776808 0.0
type_system 0.0003078501795792714 0.06280090123903044
typing 0.0003078501795792714 0.008733679968754631
u 0.0002052334530528476 0.035401927050916
ui 0.005438686505900462 0.0
ul 0.004515135967162648 0.0
ulm 0.0007183170856849666 2.1799827709017134
uls 0.000513083632632119 0.0
under 0.0001026167265264238 0.0
uni 0.0002052334530528476 0.17022114985986725
university 0.000513083632632119 0.08149303425118301
university_of_ulm 0.0002052334530528476 0.0
unknown 0.0006157003591585428 0.008733679968754631
unpin 0.0002052334530528476 0.0
unpinned 0.0002052334530528476 0.0
unreal 0.0002052334530528476 2.1799827709017134
unreal_engine 0.0001026167265264238 0.0
unrealengine 0.0002052334530528476 2.1799827709017134
unstrip 0.0004104669061056952 0.0
updated 0.0001026167265264238 0.08149303425118301
upload 0.0016418676244227808 0.14981227822866008
upper 0.0004104669061056952 0.11020314013361425
urho3d 0.0001026167265264238 2.1799827709017134
url 0.001026167265264238 0.0721032939013439
us 0.0002052334530528476 0.02643325706815543
usage 0.0004104669061056952 0.0
use 0.0003078501795792714 0.0
used 0.0004104669061056952 0.0
uselang 0.0001026167265264238 0.0
user 0.002770651616213443 0.0
useradd 0.0002052334530528476 0.0
userlogin 0.0002052334530528476 0.0
users 0.0001026167265264238 0.0721032939013439
using 0.0006157003591585428 0.0
utc 0.0001026167265264238 0.0
utf 0.0001026167265264238 0.21233263520999412
utm_campaign 0.0001026167265264238 0.0
utm_medium 0.0001026167265264238 0.0
utm_source 0.0001026167265264238 0.0
ux 0.0001026167265264238 0.0
uz 0.0004104669061056952 0.0
uzbek 0.0001026167265264238 0.0
v 0.0001026167265264238 0.044451762570833796
value 0.0013340174448435095 0.0
var 0.0002052334530528476 0.11020314013361425
variant 0.0001026167265264238 0.0
variants 0.0006157003591585428 0.0
vary 0.0001026167265264238 0.0
ve 0.0001026167265264238 0.25629575863111026
vector 0.02267829656233966 0.0
verifiability 0.0002052334530528476 0.0
verification 0.0008209338122113904 0.0
version 0.0002052334530528476 0.0
vertical 0.0002052334530528476 0.19105523676270922
vevent 0.0001026167265264238 0.0
via 0.0001026167265264238 0.017544309650909525
video 0.0008209338122113904 0.14981227822866008
video_game 0.0006157003591585428 0.0
video_game_development 0.0001026167265264238 0.0
viennaipd 0.0002052334530528476 2.1799827709017134
view 0.0009235505387378142 0.0
viewport 0.0001026167265264238 0.0
views 0.0003078501795792714 0.02643325706815543
virtual 0.0002052334530528476 0.0
virtual_function 0.0001026167265264238 0.0
visible 0.0001026167265264238 0.044451762570833796
visit 0.0002052334530528476 0.0
visited 0.0001026167265264238 0.0
visual 0.0001026167265264238 0.0
visualeditor 0.0004104669061056952 0.0
vol 0.0001026167265264238 0.0721032939013439
volume 0.0001026167265264238 0.08149303425118301
vue 0.0002052334530528476 0.11995931507897897
w 0.002770651616213443 0.0
walltime 0.0001026167265264238 0.0
warhammer 0.0003078501795792714 2.1799827709017134
warsow 0.0002052334530528476 2.1799827709017134
warsow_ 0.0001026167265264238 0.0
was 0.0003078501795792714 0.0
watch 0.0001026167265264238 0.454472687214859
watchlist 0.0001026167265264238 0.0
watchtoken 0.0001026167265264238 0.0
wb 0.0002052334530528476 0.0
wbc 0.0001026167265264238 0.0
wbr 0.0002052334530528476 0.0
web 0.000513083632632119 0.0
website 0.0004104669061056952 0.0
weekly 0.0002052334530528476 0.27902400970866637
weight 0.0001026167265264238 0.7195804376281008
weinbub 0.0002052334530528476 2.1799827709017134
well 0.0001026167265264238 0.008733679968754631
wgaction 0.0001026167265264238 0.0
wgarticleid 0.0001026167265264238 0.0
wgbackendresponsetime 0.0001026167265264238 0.0
wgbreakframes 0.0001026167265264238 0.0
wgcanonicalnamespace 0.0001026167265264238 0.0
wgcanonicalspecialpagename 0.0001026167265264238 0.0
wgcategories 0.0001026167265264238 0.0
wgcentralauthmobiledomain 0.0001026167265264238 0.0
wgcspnonce 0.0001026167265264238 0.0
wgcurrevisionid 0.0001026167265264238 0.0
wgdefaultdateformat 0.0001026167265264238 0.0
wgdigittransformtable 0.0001026167265264238 0.0
wgeditsubmitbuttonlabelpublish 0.0001026167265264238 0.0
wgflaggedrevsparams 0.0001026167265264238 0.0
wggestructuredtaskrejectionreasontextinputenabled 0.0001026167265264238 0.0
wggetopicsmatchmodeenabled 0.0001026167265264238 0.0
wghostname 0.0001026167265264238 0.0
wgisarticle 0.0001026167265264238 0.0
wgisprobablyeditable 0.0001026167265264238 0.0
wgisredirect 0.0001026167265264238 0.0
wgmediaviewerenabledbydefault 0.0001026167265264238 0.0
wgmediavieweronclick 0.0001026167265264238 0.0
wgmfdisplaywikibasedescriptions 0.0001026167265264238 0.0
wgmonthnames 0.0001026167265264238 0.0
wgnamespacenumber 0.0001026167265264238 0.0
wgnoticeproject 0.0001026167265264238 0.0
wgpagecontentlanguage 0.0001026167265264238 0.0
wgpagecontentmodel 0.0001026167265264238 0.0
wgpagename 0.0001026167265264238 0.0
wgpageparsereport 0.0001026167265264238 0.0
wgpopupsflags 0.0001026167265264238 0.0
wgrelevantarticleid 0.0001026167265264238 0.0
wgrelevantpageisprobablyeditable 0.0001026167265264238 0.0
wgrelevantpagename 0.0001026167265264238 0.0
wgrequestid 0.0001026167265264238 0.0
wgrestrictionedit 0.0001026167265264238 0.0
wgrestrictionmove 0.0001026167265264238 0.0
wgrevisionid 0.0001026167265264238 0.0
wgseparatortransformtable 0.0001026167265264238 0.0
wgtitle 0.0001026167265264238 0.0
wgulscurrentautonym 0.0001026167265264238 0.0
wgulsiscompactlinksenabled 0.0001026167265264238 0.0
wgulsislanguageselectorempty 0.0001026167265264238 0.0
wgulsposition 0.0001026167265264238 0.0
wgusergroups 0.0001026167265264238 0.0
wgusername 0.0001026167265264238 0.0
wgvector2022previewpages 0.0001026167265264238 0.0
wgvisualeditor 0.0001026167265264238 0.0
wgwikibaseitemid 0.0001026167265264238 0.0
wgwmepagelength 0.0001026167265264238 0.0
wgwmeschemaeditattemptstepoversample 0.0001026167265264238 0.0
what 0.0001026167265264238 0.0
whatlinkshere 0.0002052334530528476 0.0
when 0.0002052334530528476 0.0
white 0.0002052334530528476 0.0721032939013439
width 0.002257567983581324 0.0
wiki 0.013134940995382247 0.0
wikibase 0.0004104669061056952 0.0
wikidata 0.0017444843509492047 0.0
wikimedia 0.004002052334530528 0.0
wikimediabadges 0.0002052334530528476 0.0
wikimediaevents 0.0001026167265264238 0.0
wikimediafoundation 0.0002052334530528476 0.0
wikipedia 0.008209338122113904 0.0
wikisource 0.0001026167265264238 3.6463198396951406
wikitext 0.0001026167265264238 0.0
window 0.0003078501795792714 0.11020314013361425
with 0.0014366341713699332 0.0
within 0.0001026167265264238 0.0
wmf 0.0003078501795792714 0.0
word 0.0002052334530528476 0.044451762570833796
wordmark 0.0002052334530528476 0.0
works 0.0001026167265264238 0.11020314013361425
wpformidentifier 0.0001026167265264238 0.0
wrap 0.0002052334530528476 0.5108256237659907
write 0.0001026167265264238 0.017544309650909525
ws 0.0001026167265264238 0.0
www 0.0014366341713699332 0.0
x 0.0003078501795792714 0.0
xml 0.0003078501795792714 0.14981227822866008
y 0.0002052334530528476 0.008733679968754631
yasushi 0.0002052334530528476 2.1799827709017134
yes 0.0001026167265264238 0.7936884097818228
you 0.000513083632632119 0.0
youtube 0.000513083632632119 0.10054122922187746
z 0.0002052334530528476 0.11020314013361425
z39 0.0009235505387378142 0.0
z3988 0.0009235505387378142 0.0
zlib 0.000513083632632119 2.1799827709017134
zlib_license 0.0001026167265264238 0.0
русский 0.0001026167265264238 0.7375989431307791
ўзбекча 0.0001026167265264238 2.7990219793079367
