0 0.004367790346063389 0.0
00 0.00022398924851607123 0.0
000 0.00022398924851607123 0.0
02 0.00044797849703214247 0.0
03 0.00022398924851607123 0.017544309650909525
039 0.00044797849703214247 0.22314355131420976
08 0.00022398924851607123 0.0
083 0.00022398924851607123 0.5705448584676129
088 0.00022398924851607123 0.5705448584676129
0_unported_license 0.00011199462425803562 0.0
0px 0.00011199462425803562 0.0
1 0.0052637473401276735 0.0
10 0.0006719677455482136 0.0
100 0.0010079516183223206 0.0
1000 0.00011199462425803562 0.0
1000000 0.00022398924851607123 0.0
100px 0.00011199462425803562 0.0
101 0.00011199462425803562 0.008733679968754631
105 0.00022398924851607123 0.044451762570833796
107 0.00022398924851607123 0.08149303425118301
10px 0.0008959569940642849 0.0
110 0.00022398924851607123 0.11020314013361425
1141443047 0.0007839623698062493 0.5705448584676129
117 0.00011199462425803562 0.0
11870 0.00022398924851607123 0.5705448584676129
12 0.00022398924851607123 0.008733679968754631
125em 0.00011199462425803562 0.0
129 0.00022398924851607123 0.11995931507897897
12s5i 0.00011199462425803562 0.0
13 0.0003359838727741068 0.0
1315 0.00022398924851607123 0.5705448584676129
14 0.00011199462425803562 0.008733679968754631
144 0.00022398924851607123 0.2340726218464
15px 0.00011199462425803562 0.0
160 0.0017919139881285699 0.2340726218464
17 0.00022398924851607123 0.0
18 0.00022398924851607123 0.0
1814400 0.00022398924851607123 0.0
188 0.00022398924851607123 0.008733679968754631
192 0.00022398924851607123 0.08149303425118301
195 0.00022398924851607123 0.2340726218464
1980s 0.00011199462425803562 0.02643325706815543
1994 0.00022398924851607123 0.02643325706815543
1em 0.00011199462425803562 0.0
1px 0.0003359838727741068 0.0
1x1 0.00011199462425803562 0.0
2 0.0019039086123866053 0.0
20 0.0008959569940642849 0.0
2002 0.00011199462425803562 0.0
2004 0.0003359838727741068 0.06280090123903044
2009 0.0003359838727741068 0.0
20110607212054 0.00011199462425803562 0.0
20111001163413 0.00011199462425803562 0.0
2017 0.00044797849703214247 0.0
2018 0.00044797849703214247 0.09097177820572679
2019 0.00044797849703214247 0.0
2022 0.0005599731212901781 0.0
2023 0.0003359838727741068 0.0
20230314104510 0.00011199462425803562 0.5705448584676129
20230314104511 0.00022398924851607123 0.5705448584676129
206 0.00022398924851607123 0.17022114985986725
2097152 0.00044797849703214247 0.0
20px 0.00011199462425803562 0.0
22 0.0006719677455482136 0.0
225 0.00022398924851607123 0.19105523676270922
22claire 0.0006719677455482136 0.0
23 0.00022398924851607123 0.02643325706815543
238px 0.00011199462425803562 0.0
23px 0.00011199462425803562 0.0
24 0.00022398924851607123 0.008733679968754631
246 0.00022398924851607123 0.37548427589622857
25 0.00011199462425803562 0.0
25em 0.00022398924851607123 0.0
25t02 0.00022398924851607123 0.0
26 0.00022398924851607123 0.0
26t02 0.00022398924851607123 0.0
26z 0.00022398924851607123 0.0
27 0.00022398924851607123 0.0
28 0.00022398924851607123 0.017544309650909525
28programming 0.00044797849703214247 0.0
28programming_language 0.00022398924851607123 0.0
29 0.0006719677455482136 0.0
2950433 0.00022398924851607123 0.5705448584676129
2b 0.00022398924851607123 0.8531118302526235
2cicon 0.00011199462425803562 0.0
2cstyles 0.00011199462425803562 0.0
2em 0.00011199462425803562 0.0
2px 0.00044797849703214247 0.0
2x 0.0007839623698062493 0.0
3 0.0013439354910964273 0.0
30f9 0.00011199462425803562 0.5705448584676129
31 0.00022398924851607123 0.008733679968754631
3125em 0.00011199462425803562 0.0
32 0.0003359838727741068 0.0
331 0.00022398924851607123 0.02643325706815543
33daec20 0.00011199462425803562 0.5705448584676129
34 0.00022398924851607123 0.02643325706815543
36c 0.00011199462425803562 0.0
37 0.00044797849703214247 0.0
39 0.00011199462425803562 0.035401927050916
399 0.00011199462425803562 1.1340142157190256
3cols 0.00011199462425803562 0.0
3em 0.00011199462425803562 0.0
3px 0.00011199462425803562 0.0
40 0.0007839623698062493 0.017544309650909525
400 0.00022398924851607123 0.0
40px 0.00022398924851607123 0.0
41a34ca3ccf2 0.00011199462425803562 0.5705448584676129
46 0.0005599731212901781 0.10054122922187746
48 0.00022398924851607123 0.008733679968754631
48bb 0.00011199462425803562 0.5705448584676129
4px 0.00022398924851607123 0.0
5 0.00022398924851607123 0.0
50 0.0005599731212901781 0.0
500 0.00022398924851607123 0.0
5000000 0.00022398924851607123 0.0
50px 0.00011199462425803562 0.0
50z 0.00022398924851607123 0.0
51 0.00044797849703214247 0.0
512 0.00011199462425803562 0.8131064956389242
52428800 0.00022398924851607123 0.0
52px 0.00011199462425803562 0.0
53041 0.00022398924851607123 0.5705448584676129
59 0.00011199462425803562 0.044451762570833796
5em 0.0005599731212901781 0.0
5x 0.0007839623698062493 0.11020314013361425
6 0.00044797849703214247 0.0
6000 0.00011199462425803562 0.13976194237515863
60px 0.00022398924851607123 0.0
6em 0.00011199462425803562 0.0
7 0.00022398924851607123 0.0
70 0.00022398924851607123 0.044451762570833796
720px 0.00022398924851607123 0.0
7433 0.00022398924851607123 0.5705448584676129
75px 0.00011199462425803562 0.0
76 0.00044797849703214247 0.02643325706815543
7cext 0.00022398924851607123 0.0
7cjquery 0.00011199462425803562 0.0
7cmediawiki 0.00011199462425803562 0.0
7cskins 0.00011199462425803562 0.0
7cwikibase 0.00011199462425803562 0.0
8 0.00044797849703214247 0.008733679968754631
80px 0.00022398924851607123 0.0
8125em 0.00011199462425803562 0.0
846 0.00022398924851607123 0.2340726218464
88 0.0003359838727741068 0.035401927050916
89 0.00022398924851607123 0.08149303425118301
8a 0.0003359838727741068 0.0
9 0.0005599731212901781 0.0
91 0.00011199462425803562 0.035401927050916
93 0.00011199462425803562 0.13976194237515863
930 0.00022398924851607123 0.5705448584676129
930956 0.0003359838727741068 0.5705448584676129
95 0.00011199462425803562 0.09097177820572679
960 0.00022398924851607123 0.5705448584676129
97 0.00022398924851607123 0.11020314013361425
98 0.00022398924851607123 0.017544309650909525
99 0.0003359838727741068 0.08149303425118301
9932cc 0.00011199462425803562 0.0
_secondary_and_tertiary_sources 0.00022398924851607123 0.0
a 0.04143801097547318 0.0
a2a9b1 0.00022398924851607123 0.0
a4 0.0003359838727741068 0.0
abdf 0.00011199462425803562 0.5705448584676129
abilities 0.00011199462425803562 0.08149303425118301
about 0.0010079516183223206 0.0
aboutsite 0.00011199462425803562 0.0
above 0.00011199462425803562 0.008733679968754631
absolute 0.00011199462425803562 0.035401927050916
abstract 0.00011199462425803562 0.11020314013361425
abstract_data_type 0.00011199462425803562 0.0
ac 0.00011199462425803562 2.665490586683414
academic 0.00011199462425803562 0.008733679968754631
acc 0.00011199462425803562 1.8004931491968095
accesskey 0.0021278978609026765 0.0
account 0.00044797849703214247 0.0
across 0.00011199462425803562 0.0
action 0.0025758763579348193 0.0
actions 0.00011199462425803562 0.0
add 0.0006719677455482136 0.0
adding 0.00011199462425803562 0.0
additional 0.00011199462425803562 0.0
address 0.00022398924851607123 0.0
adds 0.00011199462425803562 0.0
after 0.0003359838727741068 0.02643325706815543
ago 0.00011199462425803562 0.017544309650909525
agree 0.00011199462425803562 0.0
alert 0.00044797849703214247 0.11995931507897897
algorithm 0.00011199462425803562 0.017544309650909525
algorithms 0.00022398924851607123 0.08149303425118301
align 0.0005599731212901781 0.0721032939013439
all 0.0012319408668383918 0.0
all_articles_lacking_in 0.00011199462425803562 0.0
all_articles_lacking_reliable_references 0.00011199462425803562 0.0
all_articles_with_dead_external_links 0.00011199462425803562 0.0
allowing 0.00011199462425803562 0.044451762570833796
alt 0.0011199462425803561 0.0
alternate 0.0003359838727741068 0.14981227822866008
ambox 0.005935715085675888 0.0
ambox_important 0.0006719677455482136 0.0
amp 0.006047709709933923 0.18058393689541388
an 0.0010079516183223206 0.0
and 0.004367790346063389 0.0
anon 0.00022398924851607123 0.0
anoncontribs 0.00011199462425803562 0.0
anontalk 0.00011199462425803562 0.0
anonymous 0.00011199462425803562 0.12981161152199053
another 0.00022398924851607123 0.0
any 0.0003359838727741068 0.0
api 0.00011199462425803562 0.14981227822866008
appeared 0.00011199462425803562 0.044451762570833796
apple 0.00022398924851607123 0.13976194237515863
application 0.0010079516183223206 0.0
application_software 0.00011199462425803562 0.0
applications 0.00011199462425803562 0.0
apply 0.00011199462425803562 0.0
april 0.00011199462425803562 0.0
ar 0.00011199462425803562 0.5108256237659907
archive 0.00022398924851607123 0.044451762570833796
are 0.0006719677455482136 0.0
argument 0.00011199462425803562 0.0
aria 0.0031358494792249974 0.0
article 0.0013439354910964273 0.0
articles 0.0027998656064508903 0.0
articles_lacking_in 0.00011199462425803562 0.0
articles_lacking_reliable_references_from_february_2018 0.00011199462425803562 0.0
articles_with_dead_external_links_from_august_2017 0.00011199462425803562 0.0
articles_with_multiple_maintenance_issues 0.00011199462425803562 0.0
articles_with_permanently_dead_external_links 0.00011199462425803562 0.0
as 0.0012319408668383918 0.0
as_eq 0.00011199462425803562 0.0
associated 0.00022398924851607123 0.035401927050916
async 0.0005599731212901781 0.37548427589622857
at 0.0005599731212901781 0.0
atom 0.0003359838727741068 0.11995931507897897
attachment 0.00011199462425803562 0.0
attribution 0.00011199462425803562 0.0
audience 0.00011199462425803562 0.540239508972284
august 0.0005599731212901781 0.035401927050916
author 0.00022398924851607123 0.02643325706815543
auto 0.0005599731212901781 0.035401927050916
autocapitalize 0.00011199462425803562 0.0
autostart 0.00011199462425803562 0.0
available 0.00022398924851607123 0.0
b 0.0025758763579348193 0.017544309650909525
b32424 0.00022398924851607123 0.0
b4 0.0003359838727741068 0.0
back 0.00011199462425803562 0.0721032939013439
background 0.0006719677455482136 0.2340726218464
backtracking 0.00044797849703214247 0.008733679968754631
based 0.0003359838727741068 0.0
bday 0.00022398924851607123 0.0
be 0.0008959569940642849 0.0
because 0.00022398924851607123 0.0
been 0.00022398924851607123 0.008733679968754631
before 0.00011199462425803562 0.017544309650909525
below 0.00011199462425803562 0.0
benchmarks 0.00011199462425803562 0.26759531388504365
best 0.00011199462425803562 0.044451762570833796
better 0.00011199462425803562 0.0
between 0.00011199462425803562 0.017544309650909525
bin 0.00011199462425803562 0.26759531388504365
bks 0.00022398924851607123 0.0
bkt 0.00011199462425803562 0.0
block 0.00011199462425803562 0.044451762570833796
body 0.0019039086123866053 0.11995931507897897
bodycontent 0.00022398924851607123 0.0
book 0.00011199462425803562 0.0721032939013439
books 0.00011199462425803562 0.0
bootstrap 0.00011199462425803562 0.0
border 0.0020159032366446413 0.7936884097818228
both 0.0003359838727741068 0.008733679968754631
bouygues 0.0006719677455482136 0.5705448584676129
box 0.0016799193638705342 0.0
br 0.00011199462425803562 0.0
bracket 0.0006719677455482136 0.3141153295199365
browsing 0.00011199462425803562 0.27902400970866637
btn 0.0005599731212901781 0.0
but 0.00022398924851607123 0.0
button 0.0035838279762571397 0.0
buttons 0.00011199462425803562 0.0
by 0.0019039086123866053 0.0
bytes 0.00044797849703214247 0.0
c 0.001455930115354463 0.0
c13_en 0.00011199462425803562 0.0
c_ 0.00022398924851607123 0.19105523676270922
ca 0.0008959569940642849 0.035401927050916
cache 0.00022398924851607123 0.0
cached 0.00011199462425803562 0.0
cachereport 0.00011199462425803562 0.0
cactions 0.0006719677455482136 0.0
calls 0.00011199462425803562 0.0
campaigns 0.00011199462425803562 0.0
can 0.0003359838727741068 0.0
canonical 0.00022398924851607123 0.0
caption 0.00022398924851607123 0.0
caseau 0.0007839623698062493 0.5705448584676129
categories 0.00022398924851607123 0.0
category 0.002911860230708926 0.0
catlinks 0.0006719677455482136 0.0
cats 0.00011199462425803562 0.0
cell 0.00022398924851607123 0.21233263520999412
center 0.00044797849703214247 0.02643325706815543
centralauth 0.00022398924851607123 0.0
centralautologin 0.00022398924851607123 0.0
centralnotice 0.0003359838727741068 0.0
cgi 0.00022398924851607123 0.19105523676270922
change 0.00022398924851607123 0.0
changes 0.00044797849703214247 0.02643325706815543
charinsert 0.00011199462425803562 0.0
charset 0.00011199462425803562 0.0
check 0.00011199462425803562 0.06280090123903044
checkbox 0.0038078172247732107 0.0
child 0.00011199462425803562 0.21233263520999412
citations 0.0008959569940642849 0.0
cite 0.00044797849703214247 0.0
citethispage 0.00011199462425803562 0.0
citing 0.00022398924851607123 0.05358424613410626
citing_sources 0.00022398924851607123 0.0
cl 0.00011199462425803562 0.20163734609324613
claire 0.004143801097547317 0.5705448584676129
claire_ 0.0033598387277410683 0.5705448584676129
claire_3 0.00011199462425803562 0.0
claire_programming_language 0.00022398924851607123 0.0
claireprogramminglanguage 0.00011199462425803562 0.5705448584676129
class 0.034046365774442824 0.0
class_ 0.00022398924851607123 0.0
class_object 0.00011199462425803562 0.0
classes 0.00011199462425803562 0.0
classname 0.0003359838727741068 0.0
clear 0.00011199462425803562 0.11020314013361425
client 0.0006719677455482136 0.0
closer 0.00011199462425803562 0.21233263520999412
code 0.00044797849703214247 0.0
coll 0.00044797849703214247 0.0
collapse 0.00044797849703214247 0.0
collapsed 0.0003359838727741068 0.0
collapses 0.00011199462425803562 0.0
collapsible 0.001455930115354463 0.0
color 0.0006719677455482136 0.3629054936893685
colspan 0.0007839623698062493 0.0
com 0.0011199462425803561 0.0
combi_set_search_rules_algo 0.00011199462425803562 0.0
combined 0.00011199462425803562 0.008733679968754631
combining 0.00011199462425803562 0.2340726218464
commercially 0.00011199462425803562 0.5705448584676129
commons 0.00044797849703214247 0.0
community 0.00011199462425803562 0.10054122922187746
community_portal 0.00011199462425803562 0.0
compact 0.0016799193638705342 0.0
compactlinks 0.00011199462425803562 0.0
compiler 0.00011199462425803562 0.0
complete 0.00011199462425803562 0.008733679968754631
complex 0.00022398924851607123 0.0
complications 0.00011199462425803562 0.0
composed 0.00011199462425803562 0.035401927050916
compute 0.00011199462425803562 0.044451762570833796
computer 0.0007839623698062493 0.0
computer_programming 0.00044797849703214247 1.4127276181880462
computer_science 0.0003359838727741068 0.0
condition 0.0003359838727741068 0.008733679968754631
config 0.00022398924851607123 0.0
consisting 0.00011199462425803562 0.008733679968754631
constraint 0.0003359838727741068 0.008733679968754631
constraint_programming 0.00011199462425803562 0.0
constraint_satisfaction 0.00011199462425803562 0.0
constraints 0.00011199462425803562 0.008733679968754631
contact 0.00044797849703214247 0.0
contact_us 0.00022398924851607123 0.0
contactpage 0.00011199462425803562 0.0
container 0.0017919139881285699 0.14981227822866008
containing 0.00011199462425803562 0.008733679968754631
content 0.007279650576772315 0.0
contentinfo 0.00011199462425803562 0.0
contents 0.001455930115354463 0.0
contentsub 0.00011199462425803562 0.0
context 0.00022398924851607123 0.017544309650909525
contribute 0.00011199462425803562 0.0
contributions 0.00011199462425803562 0.2340726218464
contributors 0.00022398924851607123 0.017544309650909525
controls 0.00022398924851607123 0.0
convenient 0.00011199462425803562 0.008733679968754631
conversion 0.00011199462425803562 0.0
cookie 0.0005599731212901781 0.0
cookie_statement 0.00011199462425803562 0.0
cookiestatement 0.00011199462425803562 0.0
copyright 0.0003359838727741068 0.0
copyrightico 0.00011199462425803562 0.0
count 0.00022398924851607123 0.0
cover 0.00011199462425803562 0.05358424613410626
cp4 0.00011199462425803562 0.0
cpu 0.00011199462425803562 0.0
cputime 0.00011199462425803562 0.0
create 0.00044797849703214247 0.0
createaccount 0.00044797849703214247 0.0
created 0.00011199462425803562 0.0
creation 0.00011199462425803562 0.0
creative 0.00011199462425803562 0.0
creativecommons 0.00022398924851607123 0.0
cross 0.00044797849703214247 0.0
crossorigin 0.00011199462425803562 0.0
csrftoken 0.00011199462425803562 0.0
current 0.00022398924851607123 0.08149303425118301
current_events 0.00011199462425803562 0.0
currentevents 0.00011199462425803562 0.0
cx 0.00022398924851607123 0.0
cycle 0.00011199462425803562 0.8737311174553593
data 0.005487736588643745 0.0
data_management 0.00011199462425803562 0.0
data_modeling 0.00011199462425803562 0.0
date 0.00044797849703214247 0.02643325706815543
datemodified 0.00022398924851607123 0.0
datepublished 0.00022398924851607123 0.0
dcs 0.00011199462425803562 0.0
dead 0.0012319408668383918 0.2340726218464
dead_link 0.00022398924851607123 0.5705448584676129
december 0.0005599731212901781 0.02643325706815543
declared 0.00011199462425803562 0.0
decoding 0.00044797849703214247 0.21233263520999412
deductive 0.00022398924851607123 0.5705448584676129
deductive_language 0.00011199462425803562 0.0
deduplicate 0.0003359838727741068 0.0
deduplicated 0.0003359838727741068 0.0
defined 0.00011199462425803562 0.0
definition 0.00011199462425803562 0.008733679968754631
delete 0.00011199462425803562 0.0721032939013439
depth 0.0003359838727741068 0.0
describing 0.00011199462425803562 0.044451762570833796
description 0.00011199462425803562 0.0
design 0.00011199462425803562 0.035401927050916
designed 0.00044797849703214247 0.0
desktoparticletarget 0.0003359838727741068 0.0
detection 0.00011199462425803562 0.10054122922187746
developer 0.00011199462425803562 0.02643325706815543
developers 0.00022398924851607123 0.0
dictated 0.00011199462425803562 0.5705448584676129
dir 0.0003359838727741068 0.4682660093471948
disabled 0.0012319408668383918 0.11020314013361425
disc 0.00011199462425803562 0.7195804376281008
discipline 0.00011199462425803562 0.06280090123903044
disclaimers 0.00022398924851607123 0.0
discuss 0.00022398924851607123 0.05358424613410626
discussion 0.00022398924851607123 0.26759531388504365
display 0.0007839623698062493 0.0
distinguishes 0.00011199462425803562 0.11020314013361425
div 0.020607010863478555 0.0
dmy 0.00011199462425803562 0.08149303425118301
dns 0.00022398924851607123 0.540239508972284
dobasicsearch 0.00011199462425803562 0.0
doc 0.00011199462425803562 0.10054122922187746
doctype 0.00011199462425803562 0.0
document 0.00044797849703214247 0.09097177820572679
documentation 0.00022398924851607123 0.017544309650909525
documentelement 0.0003359838727741068 0.0
does 0.00022398924851607123 0.0
donate 0.0003359838727741068 0.0
donating 0.00011199462425803562 0.0
download 0.00044797849703214247 0.0
downloadaspdf 0.00011199462425803562 0.0
dropdown 0.0027998656064508903 0.0
dtstart 0.00022398924851607123 0.0
dynamic 0.00044797849703214247 0.0
dynamic_typing 0.00022398924851607123 0.0
e 0.0003359838727741068 0.0
easier 0.00011199462425803562 0.14981227822866008
easy 0.00011199462425803562 0.0
echo 0.00011199462425803562 0.0
edit 0.002911860230708926 0.0
editable 0.00011199462425803562 0.49643688631389105
edited 0.00011199462425803562 0.0
editing 0.00011199462425803562 0.11020314013361425
editor 0.00022398924851607123 0.044451762570833796
editors 0.00022398924851607123 0.0
editpage 0.00011199462425803562 0.0
edits 0.00022398924851607123 0.0
editsection 0.0010079516183223206 0.0
edituri 0.00011199462425803562 0.0
eee 0.00022398924851607123 0.0
efficiency 0.00011199462425803562 0.017544309650909525
element 0.0007839623698062493 0.0
ellipsis 0.00022398924851607123 0.2340726218464
else 0.00011199462425803562 0.044451762570833796
elt 0.00044797849703214247 0.0
empty 0.0006719677455482136 0.008733679968754631
emptyportlet 0.00022398924851607123 0.0
en 0.003919811849031247 0.0
enabled 0.0012319408668383918 0.008733679968754631
encouraged 0.00044797849703214247 1.5668782980153044
encyclopedia 0.00022398924851607123 0.0
end 0.00011199462425803562 0.0
english 0.0003359838727741068 0.0
entities 0.0003359838727741068 0.0
entity 0.00044797849703214247 0.0
entityaccesscount 0.00011199462425803562 0.0
entitypage 0.00022398924851607123 0.0
enwiki 0.00011199462425803562 0.0
enwikimwclientprefs 0.00011199462425803562 0.0
es6 0.00011199462425803562 0.0
esi 0.00022398924851607123 0.7195804376281008
esitest 0.00011199462425803562 0.0
especially 0.00011199462425803562 0.044451762570833796
evaluated 0.00011199462425803562 0.008733679968754631
event 0.001455930115354463 0.0
event_condition_action 0.00011199462425803562 0.0
eventlogging 0.00022398924851607123 0.0
events 0.00044797849703214247 0.11020314013361425
exact 0.00011199462425803562 0.0
example 0.0008959569940642849 0.0
excessively 0.00011199462425803562 0.008733679968754631
exist 0.0003359838727741068 0.0721032939013439
exists 0.00011199462425803562 0.0
expand 0.0003359838727741068 0.0
expanded 0.0003359838727741068 0.0
expansion 0.00022398924851607123 0.0
expansiondepth 0.00011199462425803562 0.0
expensive 0.00011199462425803562 0.0
expensivefunctioncount 0.00011199462425803562 0.0
experience 0.00011199462425803562 0.035401927050916
experimental 0.0003359838727741068 0.008733679968754631
experimental_programming_languages 0.00011199462425803562 0.0
expiry 0.00022398924851607123 0.0
explicit 0.00011199462425803562 0.11020314013361425
exploration 0.00011199462425803562 0.5705448584676129
export 0.00011199462425803562 0.0
express 0.00011199462425803562 0.0
expressive 0.00022398924851607123 0.008733679968754631
expressiveness 0.00011199462425803562 0.5705448584676129
ext 0.0027998656064508903 0.0
extension 0.00011199462425803562 0.008733679968754631
extensions 0.00022398924851607123 0.0
external 0.002911860230708926 0.0
external_links 0.0005599731212901781 0.0
extra 0.00011199462425803562 0.0
f 0.0006719677455482136 0.0
f28500 0.00011199462425803562 0.0
f_sharp_ 0.00011199462425803562 0.0
fa8a495983347898 0.00011199462425803562 0.0
fact 0.00011199462425803562 0.008733679968754631
fallbacksearchbutton 0.00011199462425803562 0.0
false 0.0013439354910964273 0.0
favicon 0.00011199462425803562 0.0
fbfbfb 0.00011199462425803562 0.0
fc3 0.00011199462425803562 0.0
feature 0.002351887109418748 0.0
featurename 0.0003359838727741068 0.0
features 0.0003359838727741068 0.0
february 0.0008959569940642849 0.017544309650909525
fee7e6 0.00011199462425803562 0.0
feed 0.00022398924851607123 0.19105523676270922
fib 0.0003359838727741068 0.17022114985986725
fibonacci 0.00011199462425803562 0.17022114985986725
file 0.0013439354910964273 0.0
file_upload_wizard 0.00022398924851607123 0.0
filename 0.00022398924851607123 0.12981161152199053
filename_extension 0.00011199462425803562 0.0
files 0.00011199462425803562 0.0
final 0.00011199462425803562 0.02643325706815543
find 0.00011199462425803562 0.0
first 0.0005599731212901781 0.0
firstheading 0.0003359838727741068 0.0
float 0.00011199462425803562 0.06280090123903044
flush 0.0005599731212901781 0.0
font 0.00044797849703214247 0.14981227822866008
footer 0.002911860230708926 0.0
for 0.0025758763579348193 0.0
form 0.0003359838727741068 0.0
format 0.00011199462425803562 0.035401927050916
found 0.00022398924851607123 0.11020314013361425
foundation 0.0010079516183223206 0.0
françois 0.0003359838727741068 0.5705448584676129
free 0.0005599731212901781 0.0
from 0.0019039086123866053 0.0
full 0.0005599731212901781 0.044451762570833796
fuller 0.00011199462425803562 0.5705448584676129
fulltext 0.00011199462425803562 0.0
fully 0.00011199462425803562 0.09097177820572679
function 0.0007839623698062493 0.0
functional 0.0010079516183223206 0.008733679968754631
functional_languages 0.00011199462425803562 0.0
functional_programming 0.00022398924851607123 1.0560526742493137
fundraiserredirector 0.00011199462425803562 0.0
further 0.00022398924851607123 0.0
further_reading 0.00011199462425803562 0.0
g 0.00022398924851607123 0.0
gadget 0.00044797849703214247 0.0
gehomepagesuggestededitsenabletopics 0.00011199462425803562 0.0
general 0.0003359838727741068 0.0
general_disclaimer 0.00011199462425803562 0.0
generator 0.00011199462425803562 0.0
geoip 0.00011199462425803562 0.0
gla 0.00011199462425803562 0.0
globalcssjs 0.00022398924851607123 0.0
go 0.0003359838727741068 0.0
google 0.0005599731212901781 0.10054122922187746
googpub 0.00022398924851607123 0.0
group 0.0006719677455482136 0.05358424613410626
groups 0.00011199462425803562 0.0
growthexperiments 0.00011199462425803562 0.0
gt 0.00011199462425803562 0.2340726218464
guidance 0.00011199462425803562 0.2340726218464
guides 0.00011199462425803562 4.74493212836325
h 0.00022398924851607123 0.035401927050916
h1 0.00022398924851607123 1.2484245668967697
h2 0.0008959569940642849 1.2484245668967697
hack 0.0006719677455482136 0.0
has 0.0003359838727741068 0.0
haspopup 0.0005599731212901781 0.0
have 0.00011199462425803562 0.008733679968754631
head 0.0003359838727741068 0.0
header 0.0031358494792249974 0.0
heading 0.0025758763579348193 0.0
headline 0.0005599731212901781 0.0
height 0.0019039086123866053 0.0
help 0.0019039086123866053 0.0
here 0.00011199462425803562 0.008733679968754631
hidden 0.001455930115354463 0.0
hide 0.0008959569940642849 0.0
high 0.00011199462425803562 0.0
higher 0.00022398924851607123 0.017544309650909525
highest 0.00011199462425803562 0.0
history 0.0006719677455482136 0.0
hor 0.00022398924851607123 0.0
hosted 0.00011199462425803562 0.0721032939013439
how 0.0010079516183223206 0.0
however 0.00044797849703214247 0.0
href 0.021166983984768732 0.0
html 0.0006719677455482136 0.06280090123903044
http 0.0010079516183223206 0.017544309650909525
https 0.0026878709821928546 0.0
hub 0.00011199462425803562 0.2451224580329849
i 0.0024638817336767836 0.0
ico 0.00011199462425803562 0.0
icon 0.0038078172247732107 0.0
icons 0.00044797849703214247 0.0
id 0.013775338783738381 0.0
idhash 0.00011199462425803562 0.0
if 0.00044797849703214247 0.0
image 0.0013439354910964273 0.0
imageobject 0.00022398924851607123 0.0
imageright 0.00022398924851607123 0.0
images 0.0013439354910964273 0.0
img 0.0011199462425803561 0.0
implement 0.00011199462425803562 0.05358424613410626
implementation 0.0006719677455482136 0.0
implementations 0.00011199462425803562 0.0
important 0.0005599731212901781 0.008733679968754631
impose 0.00011199462425803562 0.5705448584676129
improve 0.0003359838727741068 0.0
improvements 0.00011199462425803562 0.08149303425118301
in 0.003919811849031247 0.0
inc 0.0003359838727741068 0.0
include 0.0003359838727741068 0.0
includes 0.00011199462425803562 0.05358424613410626
index 0.002911860230708926 0.0
indicators 0.00011199462425803562 0.454472687214859
industry 0.00011199462425803562 0.14981227822866008
influenced 0.00011199462425803562 0.008733679968754631
info 0.0005599731212901781 0.044451762570833796
infobox 0.004255795721805353 0.008733679968754631
infobox_programming_language 0.00022398924851607123 0.008733679968754631
infobox_software 0.00022398924851607123 0.017544309650909525
information 0.0003359838727741068 0.0
init 0.0003359838727741068 0.0
inline 0.0005599731212901781 0.05358424613410626
inline_citations 0.00011199462425803562 0.0
inner 0.00022398924851607123 0.0
input 0.0013439354910964273 0.0
instantiation 0.00011199462425803562 0.26759531388504365
integer 0.00022398924851607123 0.035401927050916
integrate 0.00011199462425803562 0.14981227822866008
integration 0.00011199462425803562 0.008733679968754631
intended 0.00022398924851607123 0.035401927050916
interaction 0.0003359838727741068 0.0
interface 0.00022398924851607123 0.0
interlanguage 0.0005599731212901781 0.0
interpreter 0.00011199462425803562 0.13976194237515863
into 0.00011199462425803562 0.0
introducing 0.00011199462425803562 0.05358424613410626
introduction 0.00044797849703214247 0.11020314013361425
inverses 0.00011199462425803562 0.5705448584676129
ip 0.00022398924851607123 0.3141153295199365
is 0.0013439354910964273 0.0
issues 0.0008959569940642849 0.02643325706815543
it 0.0012319408668383918 0.0
item 0.006047709709933923 0.0
items 0.00011199462425803562 0.0
its 0.0005599731212901781 0.0
itself 0.00011199462425803562 0.02643325706815543
j 0.00022398924851607123 0.0
january 0.00011199462425803562 0.0
java 0.0005599731212901781 0.0
java_ 0.00011199462425803562 0.0
josset 0.00011199462425803562 0.5705448584676129
jquery 0.0003359838727741068 0.0
js 0.0003359838727741068 0.0
json 0.00022398924851607123 0.11995931507897897
jstor 0.00022398924851607123 0.0
july 0.00011199462425803562 0.008733679968754631
jump 0.00022398924851607123 0.0
june 0.00011199462425803562 0.017544309650909525
just 0.00011199462425803562 0.0
k 0.00022398924851607123 0.0
key 0.00022398924851607123 0.0
lab 0.00011199462425803562 0.17022114985986725
label 0.006271698958449995 0.0
labelledby 0.00011199462425803562 0.0
laboratory 0.00011199462425803562 0.1599646496926782
laburthe 0.00022398924851607123 0.5705448584676129
lacking 0.0013439354910964273 0.008733679968754631
lacks 0.00011199462425803562 0.05358424613410626
landmark 0.00044797849703214247 0.0
lang 0.0015679247396124987 0.0
langlinks 0.00022398924851607123 0.0
language 0.006159704334191959 0.0
languages 0.0019039086123866053 0.0
large 0.00011199462425803562 0.02643325706815543
last 0.00011199462425803562 0.0
lastmod 0.00011199462425803562 0.0
latest 0.00011199462425803562 0.0721032939013439
laure 0.00022398924851607123 0.5705448584676129
lazy 0.00022398924851607123 0.008733679968754631
ld 0.00022398924851607123 0.7195804376281008
learn 0.0011199462425803561 0.0
left 0.0015679247396124987 0.0
level 0.0005599731212901781 0.0
levels 0.00011199462425803562 0.0
li 0.017023182887221412 0.0
licence 0.00022398924851607123 0.48225225132193467
license 0.0006719677455482136 0.0
licenses 0.00022398924851607123 0.12981161152199053
life 0.00011199462425803562 0.02643325706815543
limit 0.0012319408668383918 0.0
limited 0.00044797849703214247 0.008733679968754631
limitreport 0.0003359838727741068 0.0
line 0.00022398924851607123 0.008733679968754631
link 0.004143801097547317 0.08149303425118301
link_rot 0.00011199462425803562 0.0
linked 0.00011199462425803562 0.0721032939013439
links 0.0033598387277410683 0.0
lisp 0.00022398924851607123 0.09097177820572679
lisp_ 0.00011199462425803562 0.0
list 0.007615634449546421 0.0
listbullet 0.0003359838727741068 0.0
load 0.0003359838727741068 0.0
loaded 0.00011199462425803562 0.0
loader 0.00011199462425803562 0.035401927050916
loading 0.0003359838727741068 0.0
loc 0.00011199462425803562 0.0
log 0.0007839623698062493 0.0
logged 0.00022398924851607123 0.0
logic 0.0003359838727741068 0.008733679968754631
logic_programming 0.00011199462425803562 0.0
login 0.0005599731212901781 0.3141153295199365
logo 0.0007839623698062493 0.0
lore 0.00011199462425803562 0.26759531388504365
lt 0.00011199462425803562 0.20163734609324613
ltr 0.001455930115354463 0.0
lua 0.00022398924851607123 0.0
m 0.00022398924851607123 0.08149303425118301
made 0.00022398924851607123 0.035401927050916
main 0.002911860230708926 0.0
main_page 0.00022398924851607123 0.0
mainentity 0.00022398924851607123 0.0
mainpage 0.00011199462425803562 0.0
maintenance 0.0007839623698062493 0.008733679968754631
maintenance_template_removal 0.00044797849703214247 0.0
major 0.00011199462425803562 0.008733679968754631
makecollapsible 0.0003359838727741068 0.0
management 0.00011199462425803562 0.0
mandatory 0.00044797849703214247 0.2340726218464
many 0.00011199462425803562 0.0
march 0.00011199462425803562 0.017544309650909525
margin 0.0013439354910964273 0.0
match 0.00011199462425803562 0.008733679968754631
max 0.00022398924851607123 0.11020314013361425
may 0.0007839623698062493 0.0
mbox 0.0027998656064508903 0.0
media 0.0003359838727741068 0.11995931507897897
mediawiki 0.0010079516183223206 0.0
memory 0.00011199462425803562 0.0
memusage 0.00011199462425803562 0.0
menu 0.011087467801545526 0.0
message 0.0005599731212901781 0.0
messages 0.00011199462425803562 0.05358424613410626
meta 0.0013439354910964273 0.09097177820572679
metadata 0.0003359838727741068 0.0
method 0.00011199462425803562 0.0
method_ 0.00011199462425803562 0.0
methods 0.00011199462425803562 0.0
might 0.00011199462425803562 0.008733679968754631
min 0.00022398924851607123 0.11020314013361425
minerva 0.0008959569940642849 0.0
mixed 0.00011199462425803562 0.02643325706815543
ml 0.00022398924851607123 0.11995931507897897
ml_ 0.00011199462425803562 0.0
mmv 0.00022398924851607123 0.0
mobile 0.0003359838727741068 0.0
mobileaction 0.00011199462425803562 0.0
mobileview 0.00011199462425803562 0.0
modeling 0.00022398924851607123 0.008733679968754631
module 0.00011199462425803562 0.044451762570833796
modules 0.0003359838727741068 0.0721032939013439
more 0.0016799193638705342 0.0
move 0.00022398924851607123 0.0
moved 0.00011199462425803562 0.0
ms 0.00011199462425803562 0.0
much 0.00011199462425803562 0.017544309650909525
multi 0.0007839623698062493 0.10054122922187746
multiple 0.0007839623698062493 0.035401927050916
multiple_issues 0.00044797849703214247 0.05358424613410626
mw 0.02699070444618658 0.0
mw1401 0.00022398924851607123 0.5705448584676129
mw1452 0.00011199462425803562 0.20163734609324613
mycontributions 0.00011199462425803562 0.0
mytalk 0.00011199462425803562 0.0
n 0.0021278978609026765 0.08149303425118301
name 0.003471833351999104 0.0
namespaces 0.00011199462425803562 0.21233263520999412
nav 0.0015679247396124987 0.7018808605286999
navbar 0.00011199462425803562 0.20163734609324613
navigation 0.0012319408668383918 0.0
navigationtiming 0.00011199462425803562 0.0
nearby 0.00011199462425803562 0.0
necessary 0.00011199462425803562 0.0721032939013439
new 0.0011199462425803561 0.0
newpp 0.00011199462425803562 0.0
news 0.00011199462425803562 0.0
newspapers 0.00011199462425803562 0.0
no 0.0005599731212901781 0.0
no_footnotes 0.00044797849703214247 0.05358424613410626
no_original_research 0.00022398924851607123 0.0
node 0.00011199462425803562 0.0
nofollow 0.0013439354910964273 0.0
noicon 0.0005599731212901781 0.0
nojs 0.00011199462425803562 0.0
non 0.00011199462425803562 0.0
none 0.0015679247396124987 0.21233263520999412
noprint 0.0005599731212901781 0.37548427589622857
normal 0.00022398924851607123 0.008733679968754631
noscript 0.00044797849703214247 0.0
nosnippet 0.00011199462425803562 0.0
not 0.0007839623698062493 0.0
notice 0.00011199462425803562 0.11020314013361425
november 0.00011199462425803562 0.0
nowrap 0.00022398924851607123 0.035401927050916
ns 0.00022398924851607123 0.19105523676270922
nstab 0.00011199462425803562 0.0
null 0.00011199462425803562 0.0
numb 0.0003359838727741068 0.0
number 0.00022398924851607123 0.0
nws 0.00011199462425803562 0.0
o 0.00044797849703214247 0.035401927050916
object 0.0016799193638705342 0.0
ocaml 0.0003359838727741068 0.3629054936893685
october 0.00011199462425803562 0.02643325706815543
of 0.0035838279762571397 0.0
off 0.00011199462425803562 0.02643325706815543
official 0.00022398924851607123 0.017544309650909525
og 0.00022398924851607123 0.0
oldid 0.0003359838727741068 0.0
omitting 0.00011199462425803562 0.0
on 0.0010079516183223206 0.0
one 0.00011199462425803562 0.0
only 0.0005599731212901781 0.0
oojs_ui_icon_edit 0.0006719677455482136 0.0
open 0.00011199462425803562 0.017544309650909525
opensearch_desc 0.00011199462425803562 0.0
opensearchdescription 0.00011199462425803562 0.0
operating 0.0003359838727741068 0.035401927050916
operating_system 0.00022398924851607123 0.540239508972284
ops5 0.0003359838727741068 0.5705448584676129
optimization 0.00011199462425803562 0.0
options 0.0005599731212901781 0.0
or 0.0013439354910964273 0.0
order 0.00022398924851607123 0.008733679968754631
order_programming 0.00011199462425803562 0.0
org 0.006271698958449995 0.0
organization 0.0005599731212901781 0.0
oriented 0.0010079516183223206 0.0
oriented_programming 0.0003359838727741068 0.2340726218464
oriented_programming_languages 0.00011199462425803562 0.0
origin 0.0005599731212901781 0.11020314013361425
original 0.00022398924851607123 0.02643325706815543
os 0.00011199462425803562 0.02643325706815543
other 0.00044797849703214247 0.0
out 0.00022398924851607123 0.0
output 0.004703774218837496 0.008733679968754631
overflow 0.0003359838727741068 0.19105523676270922
overhead 0.00011199462425803562 0.044451762570833796
overview 0.0008959569940642849 0.09097177820572679
p 0.005711725837159816 0.0
p856 0.00011199462425803562 0.0
padding 0.0007839623698062493 0.0
page 0.005487736588643745 0.0
pagelanguagecode 0.00011199462425803562 0.0
pagelanguagedir 0.00011199462425803562 0.0
pages 0.0007839623698062493 0.0
pagevariantfallbacks 0.00011199462425803562 0.0
panel 0.00044797849703214247 0.0
papers 0.00011199462425803562 0.19105523676270922
paradigm 0.0007839623698062493 0.017544309650909525
paradigm_programming_language 0.00011199462425803562 0.0
paradigm_programming_languages 0.00011199462425803562 0.0
paradigms 0.00011199462425803562 0.26759531388504365
parametric 0.00022398924851607123 0.5705448584676129
parametric_polymorphism 0.00011199462425803562 0.0
parsed 0.00011199462425803562 0.0
parser 0.004927763467353567 0.0
part 0.00022398924851607123 0.0
past 0.00011199462425803562 0.14981227822866008
pat 0.00011199462425803562 0.3141153295199365
patroltoken 0.00011199462425803562 0.0
pcache 0.00011199462425803562 0.0
pdf 0.00044797849703214247 0.0
performance 0.00011199462425803562 0.0
permalink 0.00011199462425803562 0.0
permanent 0.0003359838727741068 0.035401927050916
permanently 0.0003359838727741068 0.3141153295199365
permissive 0.00022398924851607123 0.19105523676270922
permissive_free_software_licence 0.00011199462425803562 0.0
permit 0.00011199462425803562 0.19105523676270922
personal 0.0005599731212901781 0.0
php 0.0033598387277410683 0.0
pin 0.00022398924851607123 0.454472687214859
pinnable 0.0013439354910964273 0.0
pinned 0.0011199462425803561 0.0
placeholder 0.00011199462425803562 0.0
places 0.0010079516183223206 0.035401927050916
plainlinks 0.00044797849703214247 0.0
platform 0.0003359838727741068 0.0
please 0.0003359838727741068 0.0
png 0.0024638817336767836 0.0
policy 0.00022398924851607123 0.0
polymorphic 0.00011199462425803562 0.008733679968754631
polymorphism 0.00022398924851607123 0.11020314013361425
polymorphism_in_object 0.00011199462425803562 0.0
popups 0.00011199462425803562 0.0
portal 0.0003359838727741068 0.06280090123903044
portlet 0.0031358494792249974 0.0
position 0.00011199462425803562 0.008733679968754631
post 0.00022398924851607123 0.0
postexpandincludesize 0.00011199462425803562 0.0
powered 0.00011199462425803562 1.1340142157190256
poweredby_mediawiki_132x47 0.00011199462425803562 0.0
poweredby_mediawiki_176x62 0.00011199462425803562 0.0
poweredby_mediawiki_88x31 0.00011199462425803562 0.0
poweredbyico 0.00011199462425803562 0.0
ppvisitednodes 0.00011199462425803562 0.0
pre 0.00022398924851607123 0.02643325706815543
precise 0.00011199462425803562 0.035401927050916
preconnect 0.00011199462425803562 0.0
predecessor 0.00011199462425803562 0.17022114985986725
prefetch 0.00022398924851607123 0.0
preprocessor 0.00011199462425803562 0.0
presentation 0.0003359838727741068 0.0
preview 0.00011199462425803562 0.14981227822866008
primary 0.0003359838727741068 0.008733679968754631
primary_sources 0.00044797849703214247 0.008733679968754631
print 0.00022398924851607123 0.0
print_export 0.0003359838727741068 0.0
printable 0.0003359838727741068 0.14981227822866008
printfooter 0.00011199462425803562 0.0
privacy 0.0003359838727741068 0.0
privacy_policy 0.00022398924851607123 0.0
problem 0.00011199462425803562 0.08149303425118301
problems 0.00011199462425803562 0.035401927050916
processing 0.0003359838727741068 0.035401927050916
production 0.0007839623698062493 0.11020314013361425
production_system_ 0.0003359838727741068 0.0
profit 0.00011199462425803562 0.0
programming 0.006495688206966065 0.0
programming_language 0.0040318064732892825 0.008733679968754631
programming_language_implementation 0.00011199462425803562 0.0
programming_paradigm 0.00011199462425803562 0.0
programs 0.00011199462425803562 0.008733679968754631
progressive 0.0010079516183223206 0.0
projects 0.00044797849703214247 0.06280090123903044
propagation 0.00011199462425803562 0.2905848321097423
property 0.00022398924851607123 0.008733679968754631
protection 0.00011199462425803562 0.21233263520999412
provides 0.00011199462425803562 0.0
pt 0.0006719677455482136 0.02643325706815543
pub 0.00011199462425803562 0.26759531388504365
published 0.00022398924851607123 0.044451762570833796
publisher 0.00022398924851607123 0.41419878807691896
purpose 0.00022398924851607123 0.0
purpose_programming_language 0.00011199462425803562 0.0
push 0.0003359838727741068 0.0
q 0.0007839623698062493 0.0
q5125133 0.0008959569940642849 0.5705448584676129
query 0.00011199462425803562 0.0
question 0.00011199462425803562 0.2340726218464
question_book 0.0007839623698062493 0.0
quick 0.00011199462425803562 0.0
quiet 0.0006719677455482136 0.0
r 0.00022398924851607123 0.0
r1066479718 0.00022398924851607123 0.0
r1086701767 0.00011199462425803562 0.0
r1097763485 0.0003359838727741068 0.0
random 0.00022398924851607123 0.21233263520999412
randomly 0.00011199462425803562 0.2340726218464
randompage 0.00011199462425803562 0.0
rather 0.00011199462425803562 0.0
raw 0.00022398924851607123 0.11020314013361425
re 0.00022398924851607123 0.02643325706815543
reactive 0.00011199462425803562 0.05358424613410626
read 0.00022398924851607123 0.11020314013361425
reading 0.00022398924851607123 0.0
ready 0.0019039086123866053 0.0
real 0.00011199462425803562 0.0
received 0.00011199462425803562 0.044451762570833796
recent 0.0003359838727741068 0.0721032939013439
recentchanges 0.0003359838727741068 0.0
recentchangeslinked 0.00022398924851607123 0.0
recursion 0.00011199462425803562 0.0
redirect 0.001455930115354463 0.02643325706815543
redlink 0.00022398924851607123 0.0
reduced 0.00011199462425803562 0.0
reference 0.0005599731212901781 0.035401927050916
reference_implementation 0.00022398924851607123 0.0
references 0.0008959569940642849 0.0
referencetooltips 0.00011199462425803562 0.0
referrer 0.0003359838727741068 0.0
reflection 0.00011199462425803562 0.0
reflection_ 0.00011199462425803562 0.0
reflective 0.00011199462425803562 0.26759531388504365
registered 0.00011199462425803562 0.0
registration 0.00011199462425803562 0.5705448584676129
rel 0.0035838279762571397 0.0
related 0.0003359838727741068 0.02643325706815543
relations 0.00011199462425803562 0.19105523676270922
relative 0.00011199462425803562 0.11020314013361425
release 0.0003359838727741068 0.02643325706815543
reliable 0.0006719677455482136 0.0
relies 0.00011199462425803562 0.008733679968754631
remain 0.00011199462425803562 0.05358424613410626
removal 0.00044797849703214247 0.14981227822866008
remove 0.00044797849703214247 0.0
rendering 0.00011199462425803562 0.0
replace 0.00011199462425803562 0.008733679968754631
report 0.00022398924851607123 0.0
require 0.00011199462425803562 0.0
requires 0.00011199462425803562 0.044451762570833796
requiring 0.00011199462425803562 0.008733679968754631
research 0.0003359838727741068 0.02643325706815543
resourceloaderdynamicstyles 0.00011199462425803562 0.0
response 0.00022398924851607123 0.017544309650909525
retrieved 0.00011199462425803562 0.0
returnto 0.00044797849703214247 0.0
revision 0.00022398924851607123 0.0
revisions 0.00011199462425803562 0.6844891178168307
right 0.0003359838727741068 0.0
rl 0.00011199462425803562 0.0
rlconf 0.00011199462425803562 0.0
rlpagemodules 0.00011199462425803562 0.0
rlq 0.0006719677455482136 0.0
rlstate 0.00011199462425803562 0.0
robots 0.00011199462425803562 0.5108256237659907
role 0.0019039086123866053 0.0
roll 0.00011199462425803562 0.3141153295199365
rollback 0.00022398924851607123 0.5705448584676129
rollback_ 0.00011199462425803562 0.0
rootpage 0.00011199462425803562 0.0
rot 0.00011199462425803562 0.0
row 0.0010079516183223206 0.11020314013361425
rsd 0.00022398924851607123 0.0
rule 0.00044797849703214247 0.008733679968754631
rules 0.0005599731212901781 0.008733679968754631
s 0.0006719677455482136 0.0
sa 0.00022398924851607123 0.0
sameas 0.00022398924851607123 0.0
satisfaction 0.00011199462425803562 0.0
satisfied 0.00011199462425803562 0.5705448584676129
saved 0.00011199462425803562 0.0
scala 0.00022398924851607123 0.0
scala_ 0.00011199462425803562 0.0
schema 0.00022398924851607123 0.02643325706815543
scholar 0.0003359838727741068 0.0
science 0.0003359838727741068 0.008733679968754631
scope 0.0010079516183223206 0.0721032939013439
screen 0.00022398924851607123 0.044451762570833796
scribunto 0.00011199462425803562 0.044451762570833796
script 0.0015679247396124987 0.14981227822866008
scripts 0.00011199462425803562 0.10054122922187746
search 0.0038078172247732107 0.0
search_algorithm 0.00011199462425803562 0.0
searchbutton 0.00044797849703214247 0.0
searchform 0.00011199462425803562 0.0
searchinput 0.00011199462425803562 0.0
second 0.00011199462425803562 0.0
secondary 0.00011199462425803562 0.008733679968754631
seconds 0.0003359838727741068 0.0
section 0.0006719677455482136 0.008733679968754631
selected 0.00044797849703214247 0.008733679968754631
selector 0.00011199462425803562 0.0
sentences 0.00011199462425803562 0.0
september 0.00011199462425803562 0.008733679968754631
set 0.0010079516183223206 0.0
set_ 0.00011199462425803562 0.0
setl 0.0003359838727741068 0.5705448584676129
sets 0.00022398924851607123 0.035401927050916
sharealike 0.00011199462425803562 0.0
sharealike_3 0.00011199462425803562 0.0
sharp 0.00011199462425803562 0.3141153295199365
show 0.0003359838727741068 0.0
sidebar 0.0012319408668383918 0.0
simple 0.0003359838727741068 0.017544309650909525
simplesearch 0.00011199462425803562 0.0
site 0.0005599731212901781 0.0
sitedir 0.00011199462425803562 0.0
sitelinks 0.00011199462425803562 0.0
sitenotice 0.00022398924851607123 0.0
sitesub 0.00011199462425803562 0.0
sitesupport 0.00011199462425803562 0.0
size 0.0008959569940642849 0.0
sizing 0.00011199462425803562 0.11020314013361425
skin 0.0015679247396124987 0.8131064956389242
skins 0.0006719677455482136 0.0
slot 0.00011199462425803562 0.5705448584676129
small 0.001455930115354463 0.0
smaller 0.00011199462425803562 0.02643325706815543
smalltalk 0.0003359838727741068 0.11995931507897897
smoothly 0.00011199462425803562 0.02643325706815543
snapshots 0.00022398924851607123 0.5705448584676129
software 0.0007839623698062493 0.017544309650909525
software_design 0.00011199462425803562 0.0
software_license 0.00011199462425803562 0.0
software_release_life_cycle 0.00011199462425803562 0.0
solid 0.0008959569940642849 0.19105523676270922
solving 0.00022398924851607123 0.008733679968754631
some 0.00011199462425803562 0.0
sophisticated 0.00011199462425803562 0.26759531388504365
sourced 0.00011199462425803562 0.5705448584676129
sources 0.0006719677455482136 0.0
space 0.00022398924851607123 0.0721032939013439
spaces 0.00011199462425803562 0.08149303425118301
span 0.021390973233284802 0.044451762570833796
special 0.0024638817336767836 0.0
specialpages 0.00022398924851607123 0.0
speedy 0.00011199462425803562 0.0
spirit 0.00011199462425803562 0.5705448584676129
src 0.0013439354910964273 0.0
srcset 0.0006719677455482136 0.0
stable 0.00011199462425803562 0.017544309650909525
stack 0.00011199462425803562 0.0
standard 0.00011199462425803562 0.0
start 0.00022398924851607123 0.0721032939013439
start_date_and_age 0.00022398924851607123 0.017544309650909525
startup 0.00022398924851607123 0.0
state 0.00011199462425803562 0.035401927050916
statement 0.00011199462425803562 0.0
static 0.0019039086123866053 0.0
static_typing 0.00022398924851607123 0.0
statistics 0.00011199462425803562 0.0
stats 0.00011199462425803562 0.0
statslink 0.00011199462425803562 0.0
status 0.00011199462425803562 0.0
sticky 0.00022398924851607123 0.0
stopmobileredirecttoggle 0.00011199462425803562 0.0
strong 0.00011199462425803562 0.008733679968754631
strongly 0.00011199462425803562 0.0721032939013439
strongly_typed_programming_language 0.00011199462425803562 0.0
structure 0.00011199462425803562 0.035401927050916
structured 0.00011199462425803562 0.035401927050916
style 0.0031358494792249974 0.0
styles 0.0011199462425803561 0.0
stylesheet 0.00022398924851607123 0.0
subbox 0.00011199462425803562 0.0
subheader 0.00011199462425803562 0.0
subject 0.00011199462425803562 0.10054122922187746
sublist 0.0003359838727741068 0.0
submit 0.00022398924851607123 0.0
subtitle 0.00011199462425803562 0.0
successor 0.00011199462425803562 0.08149303425118301
such 0.00044797849703214247 0.0
suggestededitsession 0.00011199462425803562 0.0
suited 0.00011199462425803562 0.14981227822866008
summary 0.00011199462425803562 0.14981227822866008
sup 0.00022398924851607123 0.0
support 0.00011199462425803562 0.0
supported 0.00011199462425803562 0.06280090123903044
supporting 0.00011199462425803562 0.0
svg 0.0031358494792249974 0.0
switcher 0.00011199462425803562 0.0
syntax 0.00044797849703214247 0.0
system 0.0012319408668383918 0.0
t 0.0012319408668383918 0.02643325706815543
tab 0.0005599731212901781 0.19105523676270922
tabindex 0.00022398924851607123 0.0
table 0.001455930115354463 0.0
tabs 0.00022398924851607123 4.051784947803305
tagged 0.00011199462425803562 0.11995931507897897
tagline 0.0003359838727741068 0.0
tags 0.00011199462425803562 0.0
talk 0.0007839623698062493 0.05358424613410626
target 0.00011199462425803562 0.0
targetloader 0.00011199462425803562 0.0
tb 0.0003359838727741068 0.0
tbm 0.00022398924851607123 0.0
tbody 0.0008959569940642849 0.0
tbs 0.0003359838727741068 0.09097177820572679
td 0.0044797849703214244 0.0
telephone 0.00011199462425803562 0.48225225132193467
template 0.0032478441034830326 0.0
templateargumentsize 0.00011199462425803562 0.0
templatestyles 0.0006719677455482136 0.0
terms 0.00022398924851607123 0.0
terms_of_use 0.00011199462425803562 0.0
tertiary 0.00011199462425803562 0.008733679968754631
text 0.004927763467353567 0.0
text_citations 0.00011199462425803562 0.0
text_citations_from_december_2019 0.00011199462425803562 0.0
text_document_with_red_question_mark 0.0006719677455482136 0.0
text_of_the_creative_commons_attribution 0.00011199462425803562 0.0
th 0.0025758763579348193 1.8545603704670854
thales 0.00022398924851607123 0.5705448584676129
thales_group 0.00011199462425803562 0.0
than 0.00022398924851607123 0.0
that 0.00022398924851607123 0.0
the 0.0035838279762571397 0.0
these 0.00022398924851607123 0.0
this 0.003471833351999104 0.0
those 0.00011199462425803562 0.0
though 0.00022398924851607123 0.05358424613410626
thumb 0.0013439354910964273 0.0
thumbnail 0.00011199462425803562 0.0
thus 0.00011199462425803562 0.008733679968754631
time 0.0005599731212901781 0.0
timestamp 0.00022398924851607123 0.0
timeusage 0.00011199462425803562 0.0
timingprofile 0.00011199462425803562 0.0
title 0.019823048493672304 0.0
titlebar 0.0008959569940642849 0.0
titleform 0.00011199462425803562 0.0
to 0.00459177959457946 0.0
toc 0.006831672079740172 0.0
toggle 0.0010079516183223206 0.0
toggle_view_mobile 0.00011199462425803562 0.0
tokens 0.00011199462425803562 3.6463198396951406
toolbar 0.0003359838727741068 0.0
tools 0.0010079516183223206 0.0
top 0.0005599731212901781 0.0
total 0.00022398924851607123 0.0
touch 0.00022398924851607123 2.4423470353692043
tr 0.004255795721805353 0.08149303425118301
trac 0.00022398924851607123 2.5477075510270306
trademark 0.00011199462425803562 0.0
transclusion 0.00011199462425803562 0.0
transientcontent 0.00011199462425803562 0.0
translated 0.00011199462425803562 0.0
transparent 0.00022398924851607123 0.11020314013361425
triggered 0.00022398924851607123 0.0
true 0.0024638817336767836 0.0
trunk 0.00011199462425803562 0.02643325706815543
ttl 0.00011199462425803562 0.0
two 0.00022398924851607123 0.0
type 0.0035838279762571397 0.0
type_polymorphism 0.00011199462425803562 0.0
type_system 0.00011199462425803562 0.06280090123903044
typed 0.00011199462425803562 0.017544309650909525
typing 0.0006719677455482136 0.008733679968754631
u 0.00022398924851607123 0.035401927050916
ui 0.005935715085675888 0.0
uk 0.00011199462425803562 0.09097177820572679
ul 0.005151752715869639 0.0
uls 0.0006719677455482136 0.0
unclear 0.00011199462425803562 0.05358424613410626
under 0.00011199462425803562 0.0
unpin 0.00022398924851607123 0.0
unpinned 0.00022398924851607123 0.0
unstrip 0.00044797849703214247 0.0
updated 0.00022398924851607123 0.08149303425118301
upload 0.0020159032366446413 0.14981227822866008
url 0.0006719677455482136 0.0721032939013439
us 0.00022398924851607123 0.02643325706815543
usage 0.00044797849703214247 0.0
use 0.00044797849703214247 0.0
used 0.00011199462425803562 0.0
useful 0.00011199462425803562 0.008733679968754631
uselang 0.00011199462425803562 0.0
user 0.0031358494792249974 0.0
useradd 0.00022398924851607123 0.0
userlogin 0.00022398924851607123 0.0
users 0.00011199462425803562 0.0721032939013439
using 0.00011199462425803562 0.0
utc 0.00011199462425803562 0.0
utf 0.00011199462425803562 0.21233263520999412
utm_campaign 0.00011199462425803562 0.0
utm_medium 0.00011199462425803562 0.0
utm_source 0.00011199462425803562 0.0
value 0.001455930115354463 0.0
var 0.00022398924851607123 0.11020314013361425
variables 0.00011199462425803562 0.008733679968754631
variant 0.00011199462425803562 0.0
variants 0.0006719677455482136 0.0
ve 0.00011199462425803562 0.25629575863111026
vector 0.025534774330832122 0.0
verifiability 0.00022398924851607123 0.0
version 0.0005599731212901781 0.0
versioned 0.00011199462425803562 0.5705448584676129
versioning 0.00011199462425803562 0.5705448584676129
versions 0.00022398924851607123 0.035401927050916
vertical 0.00011199462425803562 0.19105523676270922
vevent 0.00011199462425803562 0.0
view 0.0010079516183223206 0.0
viewed 0.00011199462425803562 0.11020314013361425
viewport 0.00011199462425803562 0.0
views 0.0003359838727741068 0.02643325706815543
visit 0.00022398924851607123 0.0
visited 0.00011199462425803562 0.0
visualeditor 0.00044797849703214247 0.0
vue 0.00022398924851607123 0.11995931507897897
w 0.0033598387277410683 0.0
walltime 0.00011199462425803562 0.0
was 0.0006719677455482136 0.0
watchlist 0.00011199462425803562 0.0
watchtoken 0.00011199462425803562 0.0
wb 0.00022398924851607123 0.0
wbc 0.00011199462425803562 0.0
wbr 0.00022398924851607123 0.0
wc 0.00011199462425803562 2.4423470353692043
web 0.0006719677455482136 0.0
web_application 0.00011199462425803562 0.0
webclaire 0.00044797849703214247 0.5705448584676129
website 0.00044797849703214247 0.0
wgaction 0.00011199462425803562 0.0
wgarticleid 0.00011199462425803562 0.0
wgbackendresponsetime 0.00011199462425803562 0.0
wgbreakframes 0.00011199462425803562 0.0
wgcanonicalnamespace 0.00011199462425803562 0.0
wgcanonicalspecialpagename 0.00011199462425803562 0.0
wgcategories 0.00011199462425803562 0.0
wgcentralauthmobiledomain 0.00011199462425803562 0.0
wgcspnonce 0.00011199462425803562 0.0
wgcurrevisionid 0.00011199462425803562 0.0
wgdefaultdateformat 0.00011199462425803562 0.0
wgdigittransformtable 0.00011199462425803562 0.0
wgeditsubmitbuttonlabelpublish 0.00011199462425803562 0.0
wgflaggedrevsparams 0.00011199462425803562 0.0
wggestructuredtaskrejectionreasontextinputenabled 0.00011199462425803562 0.0
wggetopicsmatchmodeenabled 0.00011199462425803562 0.0
wghostname 0.00011199462425803562 0.0
wgisarticle 0.00011199462425803562 0.0
wgisprobablyeditable 0.00011199462425803562 0.0
wgisredirect 0.00011199462425803562 0.0
wgmediaviewerenabledbydefault 0.00011199462425803562 0.0
wgmediavieweronclick 0.00011199462425803562 0.0
wgmfdisplaywikibasedescriptions 0.00011199462425803562 0.0
wgmonthnames 0.00011199462425803562 0.0
wgnamespacenumber 0.00011199462425803562 0.0
wgnoticeproject 0.00011199462425803562 0.0
wgpagecontentlanguage 0.00011199462425803562 0.0
wgpagecontentmodel 0.00011199462425803562 0.0
wgpagename 0.00011199462425803562 0.0
wgpageparsereport 0.00011199462425803562 0.0
wgpopupsflags 0.00011199462425803562 0.0
wgrelevantarticleid 0.00011199462425803562 0.0
wgrelevantpageisprobablyeditable 0.00011199462425803562 0.0
wgrelevantpagename 0.00011199462425803562 0.0
wgrequestid 0.00011199462425803562 0.0
wgrestrictionedit 0.00011199462425803562 0.0
wgrestrictionmove 0.00011199462425803562 0.0
wgrevisionid 0.00011199462425803562 0.0
wgseparatortransformtable 0.00011199462425803562 0.0
wgtitle 0.00011199462425803562 0.0
wgulscurrentautonym 0.00011199462425803562 0.0
wgulsiscompactlinksenabled 0.00011199462425803562 0.0
wgulsislanguageselectorempty 0.00011199462425803562 0.0
wgulsposition 0.00011199462425803562 0.0
wgusergroups 0.00011199462425803562 0.0
wgusername 0.00011199462425803562 0.0
wgvector2022previewpages 0.00011199462425803562 0.0
wgvisualeditor 0.00011199462425803562 0.0
wgwikibaseitemid 0.00011199462425803562 0.0
wgwmepagelength 0.00011199462425803562 0.0
wgwmeschemaeditattemptstepoversample 0.00011199462425803562 0.0
what 0.00011199462425803562 0.0
whatlinkshere 0.00022398924851607123 0.0
when 0.001455930115354463 0.0
when_to_cite 0.00011199462425803562 0.0
which 0.00022398924851607123 0.0
white 0.00022398924851607123 0.0721032939013439
whole 0.00011199462425803562 0.044451762570833796
width 0.0035838279762571397 0.0
wiki 0.015231268899092843 0.0
wikibase 0.00044797849703214247 0.0
wikidata 0.0012319408668383918 0.0
wikimedia 0.00459177959457946 0.0
wikimediabadges 0.00022398924851607123 0.0
wikimediaevents 0.00011199462425803562 0.0
wikimediafoundation 0.00022398924851607123 0.0
wikipedia 0.010079516183223206 0.0
wikiproject 0.00011199462425803562 0.540239508972284
wikiproject_fact_and_reference_check 0.00011199462425803562 0.0
wikitext 0.00011199462425803562 0.0
window 0.0003359838727741068 0.11020314013361425
with 0.002351887109418748 0.0
wmf 0.0003359838727741068 0.0
wordmark 0.00022398924851607123 0.0
works 0.00011199462425803562 0.11020314013361425
wpformidentifier 0.00011199462425803562 0.0
www 0.002351887109418748 0.0
x 0.0003359838727741068 0.0
xavier 0.00011199462425803562 0.5705448584676129
xl 0.00011199462425803562 0.044451762570833796
xml 0.0003359838727741068 0.14981227822866008
y 0.00022398924851607123 0.008733679968754631
yahoo 0.00011199462425803562 0.26759531388504365
years 0.00011199462425803562 0.017544309650909525
yes 0.00011199462425803562 0.7936884097818228
you 0.0005599731212901781 0.0
yves 0.0006719677455482136 0.3629054936893685
yves_caseau 0.00022398924851607123 0.0
z 0.00022398924851607123 0.11020314013361425
