0 0.008506250805516175 0.0
00 0.0002577651759247326 0.0
000 0.0001288825879623663 0.0
008 0.0001288825879623663 0.06280090123903044
01 0.00032220646990591573 0.008733679968754631
012 0.0001288825879623663 0.18058393689541388
02 0.00019332388194354943 0.0
03 0.00019332388194354943 0.017544309650909525
039 0.0002577651759247326 0.22314355131420976
06 0.0002577651759247326 0.008733679968754631
08 0.00032220646990591573 0.0
09 0.00019332388194354943 0.09097177820572679
0974 0.0002577651759247326 0.18058393689541388
0_unported_license 6.444129398118315e-05 0.0
0px 6.444129398118315e-05 0.0
1 0.005026420930532285 0.0
10 0.0007088542337930145 0.0
100 0.0016754736435107616 0.0
1000 6.444129398118315e-05 0.0
1000000 0.0001288825879623663 0.0
1007 0.00019332388194354943 0.008733679968754631
102 0.0002577651759247326 0.10054122922187746
105 6.444129398118315e-05 0.044451762570833796
110 6.444129398118315e-05 0.11020314013361425
1109 0.00032220646990591573 0.13976194237515863
1133534382 0.000451089057868282 0.18058393689541388
114 0.00032220646990591573 0.2340726218464
117 6.444129398118315e-05 0.0
1200 6.444129398118315e-05 1.5668782980153044
1215 6.444129398118315e-05 0.0
125em 0.00032220646990591573 0.0
127 6.444129398118315e-05 0.11020314013361425
12px 6.444129398118315e-05 0.0
12s5i 6.444129398118315e-05 0.0
13 0.00019332388194354943 0.0
132 0.0001288825879623663 0.05358424613410626
133 6.444129398118315e-05 0.008733679968754631
14 0.00032220646990591573 0.008733679968754631
14t08 0.0001288825879623663 0.0
15 0.00019332388194354943 0.0
16 0.0005155303518494652 0.0
160 0.0012243845856424796 0.2340726218464
16px 0.00019332388194354943 0.0
17 0.0001288825879623663 0.0
171 0.0001288825879623663 0.18058393689541388
175px 6.444129398118315e-05 0.0
18 0.0001288825879623663 0.0
180 0.00019332388194354943 0.2340726218464
185 0.00019332388194354943 0.10054122922187746
1em 0.0005799716458306483 0.0
1px 0.0002577651759247326 0.0
1x1 6.444129398118315e-05 0.0
2 0.002319886583322593 0.0
20 0.0002577651759247326 0.0
200 0.0001288825879623663 0.044451762570833796
2004 0.0006444129398118315 0.06280090123903044
2006 0.0002577651759247326 0.008733679968754631
2009 0.0005155303518494652 0.0
2009_software 6.444129398118315e-05 0.0
2010 6.444129398118315e-05 0.008733679968754631
2011 0.00038664776388709887 0.0
2012 0.000451089057868282 0.0721032939013439
2014 0.00019332388194354943 0.017544309650909525
2015 0.00032220646990591573 0.017544309650909525
2016 0.00032220646990591573 0.017544309650909525
2022 0.000451089057868282 0.0
2023 0.00019332388194354943 0.0
20230315060530 6.444129398118315e-05 0.18058393689541388
20230315060531 0.0001288825879623663 0.18058393689541388
206 0.0001288825879623663 0.17022114985986725
2086 0.0001288825879623663 0.18058393689541388
2097152 0.0002577651759247326 0.0
21 0.0001288825879623663 0.0
22 6.444129398118315e-05 0.0
22332 0.0002577651759247326 0.18058393689541388
22333 0.00019332388194354943 0.18058393689541388
23 6.444129398118315e-05 0.02643325706815543
23id 6.444129398118315e-05 0.0
23px 0.00019332388194354943 0.0
24 0.0002577651759247326 0.008733679968754631
241 0.0001288825879623663 0.18058393689541388
249 0.0001288825879623663 0.09097177820572679
25 0.0002577651759247326 0.0
255 6.444129398118315e-05 0.044451762570833796
256 0.0001288825879623663 0.044451762570833796
25em 0.0009666194097177471 0.0
26 0.00019332388194354943 0.0
26th 0.0001288825879623663 0.18058393689541388
27 0.0005155303518494652 0.0
27s_law 0.0001288825879623663 0.0
27s_taxonomy 0.00019332388194354943 0.0
28 0.0006444129398118315 0.017544309650909525
282009 0.00038664776388709887 0.0
285 0.0001288825879623663 0.11995931507897897
28acknowledgments 6.444129398118315e-05 0.0
28cray 6.444129398118315e-05 0.0
28ipdpsw 6.444129398118315e-05 0.0
28programming 0.000902178115736564 0.0
28programming_language 0.0001288825879623663 0.0
28px 6.444129398118315e-05 0.0
29 0.0016110323495295785 0.0
292 0.0001288825879623663 0.18058393689541388
2b 0.0008377368217553808 0.8531118302526235
2b14 6.444129398118315e-05 0.0
2b_amp 6.444129398118315e-05 0.0
2b_libraries 6.444129398118315e-05 0.0
2c 0.00032220646990591573 0.8531118302526235
2cicon 6.444129398118315e-05 0.0
2cstyles 6.444129398118315e-05 0.0
2em 0.00038664776388709887 0.0
2f 0.0005155303518494652 0.0
2f06 6.444129398118315e-05 0.0
2f08 6.444129398118315e-05 0.0
2f1 0.0001288825879623663 0.0
2f10 0.0001288825879623663 0.0
2f2011 6.444129398118315e-05 0.0
2f2014 6.444129398118315e-05 0.0
2f978 0.0001288825879623663 0.0
2fapi 6.444129398118315e-05 0.0
2farchive 6.444129398118315e-05 0.0
2fbriefoverviewchapel 6.444129398118315e-05 0.0
2fchapel 0.00032220646990591573 0.0
2fcorpusid 6.444129398118315e-05 0.0
2fdetails 6.444129398118315e-05 0.0
2fen 0.0006444129398118315 0.0
2ffmt 0.0006444129398118315 0.0
2finsidehpc 6.444129398118315e-05 0.0
2fipdpsw 0.00019332388194354943 0.0
2flicense 6.444129398118315e-05 0.0
2fmodularprogrammi00ligh 6.444129398118315e-05 0.0
2fpapers 6.444129398118315e-05 0.0
2freleasenotes 6.444129398118315e-05 0.0
2fspec 0.0001288825879623663 0.0
2px 0.0001288825879623663 0.0
2x 0.000451089057868282 0.0
3 0.0021265627013790436 0.0
30 0.0002577651759247326 0.035401927050916
30em 6.444129398118315e-05 0.0
31 0.00032220646990591573 0.008733679968754631
3125em 6.444129398118315e-05 0.0
31px 0.00019332388194354943 0.0
31t04 0.0001288825879623663 0.0
31z 0.0001288825879623663 0.0
32 0.0001288825879623663 0.0
3397 0.0001288825879623663 0.18058393689541388
357 0.0001288825879623663 0.18058393689541388
36 0.0002577651759247326 0.02643325706815543
3682 0.00019332388194354943 0.18058393689541388
388fd5e6 6.444129398118315e-05 0.18058393689541388
39 0.00032220646990591573 0.035401927050916
396 0.0001288825879623663 0.18058393689541388
3a 0.0006444129398118315 0.09097177820572679
3a3 6.444129398118315e-05 0.0
3a5904611 6.444129398118315e-05 0.0
3abook 0.000451089057868282 0.0
3achapel 0.0006444129398118315 0.0
3adoi 0.0001288825879623663 0.0
3ajournal 0.00019332388194354943 0.0
3akev 0.0006444129398118315 0.0
3amtx 0.0006444129398118315 0.0
3aofi 0.0006444129398118315 0.0
3asid 0.0006444129398118315 0.0
3cols 6.444129398118315e-05 0.0
3ds2cid 6.444129398118315e-05 0.0
3em 0.00019332388194354943 0.0
3f 6.444129398118315e-05 0.0
3px 0.0002577651759247326 0.0
4 0.0010955019976801135 0.0
40 6.444129398118315e-05 0.017544309650909525
400 0.0001288825879623663 0.0
40927 0.0002577651759247326 0.18058393689541388
40z 0.0001288825879623663 0.0
422 6.444129398118315e-05 0.7375989431307791
4227 6.444129398118315e-05 0.18058393689541388
42px 6.444129398118315e-05 0.0
4673 0.0002577651759247326 0.18058393689541388
472 0.0001288825879623663 0.18058393689541388
481 0.0001288825879623663 0.18058393689541388
497 0.0001288825879623663 0.18058393689541388
4_37 0.00019332388194354943 0.18058393689541388
4c 6.444129398118315e-05 4.74493212836325
4em 0.0002577651759247326 0.0
5 0.0007088542337930145 0.0
50 0.0001288825879623663 0.0
500 0.0001288825879623663 0.0
5000000 0.0001288825879623663 0.0
506 0.0001288825879623663 0.18058393689541388
5090 0.00019332388194354943 0.18058393689541388
512 0.0001288825879623663 0.8131064956389242
52 0.0001288825879623663 0.0721032939013439
52428800 0.0001288825879623663 0.0
528 6.444129398118315e-05 0.27902400970866637
53370 0.0001288825879623663 0.18058393689541388
540 0.0002577651759247326 0.008733679968754631
56px 6.444129398118315e-05 0.0
59 0.0001288825879623663 0.044451762570833796
5904611 0.0001288825879623663 0.18058393689541388
5em 0.0006444129398118315 0.0
5x 0.000451089057868282 0.11020314013361425
6 0.0007732955277741977 0.0
64 0.00019332388194354943 0.0
640 6.444129398118315e-05 0.14981227822866008
642 0.000451089057868282 0.035401927050916
65 6.444129398118315e-05 0.02643325706815543
66 0.0001288825879623663 0.08149303425118301
663 0.0001288825879623663 0.18058393689541388
675 0.0001288825879623663 0.18058393689541388
6776794 0.00019332388194354943 0.18058393689541388
6th 0.0001288825879623663 0.18058393689541388
7 0.0005799716458306483 0.0
7006094 0.0001288825879623663 0.18058393689541388
71 0.0001288825879623663 0.05358424613410626
720px 0.0001288825879623663 0.0
74929 0.0001288825879623663 0.18058393689541388
7530055 6.444129398118315e-05 0.0
77 0.0001288825879623663 0.08149303425118301
792 6.444129398118315e-05 0.37548427589622857
7cext 0.00019332388194354943 0.0
7cjquery 6.444129398118315e-05 0.0
7cmediawiki 6.444129398118315e-05 0.0
7cskins 6.444129398118315e-05 0.0
7cwikibase 6.444129398118315e-05 0.0
7em 6.444129398118315e-05 0.0
7th 0.0001288825879623663 0.18058393689541388
8 6.444129398118315e-05 0.008733679968754631
80 0.0002577651759247326 0.0
800 6.444129398118315e-05 0.2340726218464
8000 6.444129398118315e-05 0.06280090123903044
8125em 6.444129398118315e-05 0.0
85 6.444129398118315e-05 0.0
86 0.0001288825879623663 0.017544309650909525
86400 0.0001288825879623663 0.02643325706815543
88 0.000902178115736564 0.035401927050916
89 0.0001288825879623663 0.08149303425118301
894 0.0001288825879623663 0.18058393689541388
8b 6.444129398118315e-05 1.1340142157190256
8d3b 6.444129398118315e-05 0.18058393689541388
8f 0.0001288825879623663 0.0
9 0.0005155303518494652 0.0
90 6.444129398118315e-05 0.0
91 0.000451089057868282 0.035401927050916
93 0.000451089057868282 0.13976194237515863
93flatt_metric 6.444129398118315e-05 0.0
95 0.00019332388194354943 0.09097177820572679
96 0.0005155303518494652 0.0
978 0.0010310607036989304 0.0
9780387097657 0.0005155303518494652 0.18058393689541388
98 0.0001288825879623663 0.017544309650909525
99 0.0002577651759247326 0.08149303425118301
990 0.0001288825879623663 0.18058393689541388
9em 6.444129398118315e-05 0.0
9f0f 6.444129398118315e-05 0.18058393689541388
9px 0.00019332388194354943 0.0
_comparison_ 6.444129398118315e-05 0.0
_david2011 6.444129398118315e-05 0.0
_history 6.444129398118315e-05 0.0
_multiple_data 0.0001288825879623663 0.0
_multiple_threads 6.444129398118315e-05 0.0
_single_data 0.0001288825879623663 0.0
_timeline_ 6.444129398118315e-05 0.0
a 0.0569661038793659 0.0
a0 0.0001288825879623663 0.3504829736908114
a2a9b1 6.444129398118315e-05 0.0
aa 6.444129398118315e-05 0.2340726218464
aaa 6.444129398118315e-05 0.0
abbr 0.001288825879623663 0.0
about 0.0005799716458306483 0.0
aboutsite 6.444129398118315e-05 0.0
above 6.444129398118315e-05 0.008733679968754631
abovebelow 0.0005155303518494652 0.0
absolute 6.444129398118315e-05 0.035401927050916
abstractions 0.0001288825879623663 0.18058393689541388
acceleration 0.0001288825879623663 0.18058393689541388
access 0.00019332388194354943 0.0
accessdate 0.0002577651759247326 0.0
accesskey 0.0012243845856424796 0.0
account 0.0002577651759247326 0.0
acknowledgments 6.444129398118315e-05 0.18058393689541388
acquired 6.444129398118315e-05 0.02643325706815543
across 6.444129398118315e-05 0.0
action 0.001804356231473128 0.0
actions 6.444129398118315e-05 0.0
ada 0.0002577651759247326 0.035401927050916
ada_ 0.0001288825879623663 3.6463198396951406
add 6.444129398118315e-05 0.0
additional 6.444129398118315e-05 0.0
address 0.0002577651759247326 0.0
admb 0.00019332388194354943 0.18058393689541388
advanced 0.0001288825879623663 0.017544309650909525
advanced_simulation_library 6.444129398118315e-05 0.0
advances 6.444129398118315e-05 0.18058393689541388
after 0.0011599432916612965 0.02643325706815543
ago 0.0001288825879623663 0.017544309650909525
agree 6.444129398118315e-05 0.0
aims 6.444129398118315e-05 0.11995931507897897
alert 0.0002577651759247326 0.11995931507897897
algol 0.00019332388194354943 0.044451762570833796
algorithm 0.0002577651759247326 0.017544309650909525
algorithmic 6.444129398118315e-05 0.18058393689541388
algorithms 0.0001288825879623663 0.08149303425118301
alienating 6.444129398118315e-05 0.18058393689541388
align 0.0007088542337930145 0.0721032939013439
all 0.0001288825879623663 0.0
allows 0.0001288825879623663 0.0
alpha 0.0002577651759247326 0.14981227822866008
alphabetical 6.444129398118315e-05 0.11995931507897897
also 0.00038664776388709887 0.0
alt 0.0008377368217553808 0.0
alternate 0.00019332388194354943 0.14981227822866008
amazon 0.0001288825879623663 0.18058393689541388
amazon_web_services 6.444129398118315e-05 0.0
amdahl 0.00019332388194354943 0.18058393689541388
amp 0.009730635391158654 0.18058393689541388
an 0.00038664776388709887 0.0
analysis 0.000451089057868282 0.11995931507897897
analysis_of_parallel_algorithms 6.444129398118315e-05 0.0
analysis_software 0.0002577651759247326 0.0
and 0.0024487691712849593 0.0
anon 0.0001288825879623663 0.0
anoncontribs 6.444129398118315e-05 0.0
anontalk 6.444129398118315e-05 0.0
anonymous 6.444129398118315e-05 0.12981161152199053
another 6.444129398118315e-05 0.0
apache 0.0002577651759247326 0.017544309650909525
apache_license 6.444129398118315e-05 0.0
apache_license_2 6.444129398118315e-05 0.0
api 0.0002577651759247326 0.14981227822866008
apis 6.444129398118315e-05 0.18058393689541388
apl 0.0001288825879623663 0.11995931507897897
apl_ 6.444129398118315e-05 0.3141153295199365
appeared 6.444129398118315e-05 0.044451762570833796
apple 0.0001288825879623663 0.13976194237515863
application 0.0005155303518494652 0.0
application_checkpointing 6.444129398118315e-05 0.0
apply 6.444129398118315e-05 0.0
april 0.0001288825879623663 0.0
architecture 0.00032220646990591573 0.0
archive 0.0001288825879623663 0.044451762570833796
are 0.0002577651759247326 0.0
argument 6.444129398118315e-05 0.0
aria 0.0020621214073978608 0.0
array 0.0005155303518494652 0.017544309650909525
array_ 6.444129398118315e-05 0.0
array_programming_languages 6.444129398118315e-05 0.0
arrays 0.0001288825879623663 0.044451762570833796
article 0.0006444129398118315 0.0
articles 0.0002577651759247326 0.0
articles_with_short_description 6.444129398118315e-05 0.0
as 0.00038664776388709887 0.0
aspire 6.444129398118315e-05 0.18058393689541388
assembly 0.0001288825879623663 0.0
assembly_language 6.444129398118315e-05 0.7195804376281008
associated 0.0001288825879623663 0.035401927050916
associative 6.444129398118315e-05 0.18058393689541388
associative_processor 6.444129398118315e-05 0.0
asymmetric 0.0001288825879623663 0.18058393689541388
asymmetric_multiprocessing 6.444129398118315e-05 0.0
async 0.00038664776388709887 0.37548427589622857
at 0.00019332388194354943 0.0
ateji 0.0001288825879623663 0.18058393689541388
ateji_px 6.444129398118315e-05 0.0
atitle 0.00032220646990591573 0.0
atom 0.00019332388194354943 0.11995931507897897
attribution 6.444129398118315e-05 0.0
au 0.0002577651759247326 0.37548427589622857
aufirst 0.00032220646990591573 0.0
august 0.0001288825879623663 0.035401927050916
aulast 0.00032220646990591573 0.0
author 0.0001288825879623663 0.02643325706815543
auto 0.0002577651759247326 0.035401927050916
autocapitalize 6.444129398118315e-05 0.0
autocollapse 0.0001288825879623663 0.0
automatic 0.0001288825879623663 0.02643325706815543
automatic_parallelization 6.444129398118315e-05 0.0
autostart 6.444129398118315e-05 0.0
available 0.0001288825879623663 0.0
avoid 0.0001288825879623663 0.19105523676270922
b 0.0014821497615672122 0.017544309650909525
b0 0.0001288825879623663 0.3504829736908114
b2 6.444129398118315e-05 0.7195804376281008
b3 6.444129398118315e-05 0.0
b7 6.444129398118315e-05 0.3504829736908114
b8 0.0001288825879623663 0.0
ba_ 6.444129398118315e-05 0.0
backend 6.444129398118315e-05 0.017544309650909525
background 0.001739914937491945 0.2340726218464
backlink 0.00038664776388709887 0.0
barrier 0.0001288825879623663 0.18058393689541388
barrier_ 6.444129398118315e-05 0.0
based 0.00019332388194354943 0.0
based_programming_languages 6.444129398118315e-05 0.0
basic 0.000451089057868282 0.0
bc 0.0001288825879623663 0.7195804376281008
bd 6.444129398118315e-05 0.0
bday 0.0001288825879623663 0.0
bdi 0.0006444129398118315 0.0
be 0.0002577651759247326 0.0
because 6.444129398118315e-05 0.0
beer 0.0001288825879623663 0.18058393689541388
before 0.0009666194097177471 0.017544309650909525
being 0.0001288825879623663 0.008733679968754631
below 6.444129398118315e-05 0.0
beowulf 0.0001288825879623663 0.18058393689541388
beowulf_cluster 6.444129398118315e-05 0.0
between 0.0001288825879623663 0.017544309650909525
bf 6.444129398118315e-05 0.7195804376281008
binary 6.444129398118315e-05 0.0
binding 6.444129398118315e-05 0.008733679968754631
bindings 6.444129398118315e-05 0.18058393689541388
bit 0.00019332388194354943 0.035401927050916
block 0.0001288825879623663 0.044451762570833796
blocking 0.0001288825879623663 0.18058393689541388
blocking_algorithm 6.444129398118315e-05 0.0
blocks 6.444129398118315e-05 0.035401927050916
body 0.000902178115736564 0.11995931507897897
bodycontent 0.0001288825879623663 0.0
bold 0.0001288825879623663 0.21233263520999412
bongen 0.0001288825879623663 0.18058393689541388
book 0.00032220646990591573 0.0721032939013439
bookitem 6.444129398118315e-05 0.0
booksources 0.0007732955277741977 0.0
boost 0.0001288825879623663 0.18058393689541388
boost_ 6.444129398118315e-05 0.0
bootstrap 6.444129398118315e-05 0.0
border 0.0015465910555483955 0.7936884097818228
borrows 6.444129398118315e-05 0.06280090123903044
both 6.444129398118315e-05 0.008733679968754631
bottles 0.0001288825879623663 0.18058393689541388
bottom 0.00019332388194354943 0.12981161152199053
box 0.0014821497615672122 0.0
boxtext 6.444129398118315e-05 0.0
br 0.00019332388194354943 0.0
bracket 0.000902178115736564 0.3141153295199365
brackets 0.0001288825879623663 0.11995931507897897
brad 6.444129398118315e-05 0.18058393689541388
bradford 0.0002577651759247326 0.18058393689541388
break 0.00019332388194354943 0.19105523676270922
bridge 6.444129398118315e-05 0.18058393689541388
brief 0.0001288825879623663 0.11020314013361425
briefoverviewchapel 6.444129398118315e-05 0.0
browsing 6.444129398118315e-05 0.27902400970866637
brueckner 0.0001288825879623663 0.18058393689541388
btitle 0.000451089057868282 0.0
btn 0.00038664776388709887 0.0
building 6.444129398118315e-05 0.02643325706815543
bulldozer 6.444129398118315e-05 0.0
bulldozer_ 6.444129398118315e-05 0.0
bulldozer_core 6.444129398118315e-05 0.0
business 0.0001288825879623663 0.08149303425118301
but 6.444129398118315e-05 0.0
button 0.0020621214073978608 0.0
buttons 6.444129398118315e-05 0.0
by 0.0011599432916612965 0.0
bytes 0.0002577651759247326 0.0
c 0.0032865059930403404 0.0
c0 0.00032220646990591573 0.0
c13_en 6.444129398118315e-05 0.0
c2chapel 6.444129398118315e-05 0.18058393689541388
c_ 0.0002577651759247326 0.19105523676270922
c_programming_language_family 6.444129398118315e-05 0.0
c_sharp_ 0.0001288825879623663 1.0560526742493137
ca 0.0005155303518494652 0.035401927050916
cache 0.0005155303518494652 0.0
cache_coherence 6.444129398118315e-05 0.0
cache_invalidation 6.444129398118315e-05 0.0
cached 6.444129398118315e-05 0.0
cachereport 6.444129398118315e-05 0.0
cactions 0.00038664776388709887 0.0
callable 6.444129398118315e-05 0.18058393689541388
callahan 6.444129398118315e-05 0.18058393689541388
calls 6.444129398118315e-05 0.0
campaigns 6.444129398118315e-05 0.0
can 0.0001288825879623663 0.0
canonical 0.0001288825879623663 0.0
caps 6.444129398118315e-05 0.0
caption 0.0001288825879623663 0.0
cascade 0.00019332388194354943 0.18058393689541388
categorical 6.444129398118315e-05 0.11995931507897897
categories 0.0001288825879623663 0.0
category 0.0020621214073978608 0.0
catlinks 0.00038664776388709887 0.0
cats 6.444129398118315e-05 0.0
cb1d434a0e46 6.444129398118315e-05 0.18058393689541388
ccf 6.444129398118315e-05 1.0560526742493137
cell 0.0001288825879623663 0.21233263520999412
center 0.0005799716458306483 0.02643325706815543
centralauth 0.0001288825879623663 0.0
centralautologin 0.0001288825879623663 0.0
centralnotice 0.00019332388194354943 0.0
chamberlain 0.00032220646990591573 0.18058393689541388
change 6.444129398118315e-05 0.0
changes 0.0002577651759247326 0.02643325706815543
changhoon 6.444129398118315e-05 0.18058393689541388
chapel 0.0041242428147957215 0.18058393689541388
chapel_ 0.002191003995360227 0.18058393689541388
chapel_programming_language 0.0001288825879623663 0.0
charinsert 6.444129398118315e-05 0.0
charm 0.00019332388194354943 0.0721032939013439
charset 6.444129398118315e-05 0.0
checkbox 0.002191003995360227 0.0
checkpointing 0.0001288825879623663 0.18058393689541388
chicago 6.444129398118315e-05 0.1599646496926782
child 0.0016110323495295785 0.21233263520999412
chpl 6.444129398118315e-05 0.0
chplspec 0.0001288825879623663 0.0
chplspec_1 0.0001288825879623663 0.0
cilk 0.00019332388194354943 0.18058393689541388
citation 0.0011599432916612965 0.017544309650909525
cite 0.0021265627013790436 0.0
cite_note 0.0008377368217553808 0.0
cite_ref 0.000902178115736564 0.0
cite_web 0.0001288825879623663 0.0
citerefbongen_guwikuan_yuyoonsik_kwak2011 6.444129398118315e-05 0.0
citerefbrueckner2014 6.444129398118315e-05 0.0
citerefchamberlain 6.444129398118315e-05 0.0
citerefchamberlain2011 6.444129398118315e-05 0.0
citerefduntaura2012 6.444129398118315e-05 0.0
citereflightfoot2006 6.444129398118315e-05 0.0
citerefpadua 6.444129398118315e-05 0.0
citethispage 6.444129398118315e-05 0.0
class 0.029063023585513596 0.0
classic 0.0001288825879623663 0.0721032939013439
classic_visual_basic 6.444129398118315e-05 0.0
classname 0.00019332388194354943 0.0
clear 0.0002577651759247326 0.11020314013361425
client 0.00032220646990591573 0.0
closely 6.444129398118315e-05 0.044451762570833796
cloud 0.0001288825879623663 0.11020314013361425
cloud_computing 6.444129398118315e-05 1.1340142157190256
cluster 0.0002577651759247326 0.11020314013361425
clustered 6.444129398118315e-05 0.11020314013361425
cmt 6.444129398118315e-05 0.18058393689541388
coarray 0.0002577651759247326 0.18058393689541388
coarray_fortran 0.0001288825879623663 0.0
cobol 0.00019332388194354943 0.11020314013361425
code 0.0005799716458306483 0.0
code_reuse 6.444129398118315e-05 0.0
coherence 0.0002577651759247326 0.18058393689541388
col 0.00019332388194354943 0.2340726218464
coll 0.0002577651759247326 0.0
collapse 6.444129398118315e-05 0.0
collapsed 0.00019332388194354943 0.0
collapses 6.444129398118315e-05 0.0
collapsible 0.0008377368217553808 0.0
color 0.0010955019976801135 0.3629054936893685
colspan 0.000902178115736564 0.0
column 0.00019332388194354943 0.11020314013361425
columns 0.00032220646990591573 0.11020314013361425
com 0.0007732955277741977 0.0
coma 6.444129398118315e-05 0.18058393689541388
commons 0.0005155303518494652 0.0
communication 0.0001288825879623663 0.0
community 6.444129398118315e-05 0.10054122922187746
community_portal 6.444129398118315e-05 0.0
compactlinks 6.444129398118315e-05 0.0
comparison 0.0002577651759247326 0.0
comparison_of_numerical 6.444129398118315e-05 0.0
comparison_of_programming_languages 6.444129398118315e-05 0.0
compile 6.444129398118315e-05 0.0
compiled 6.444129398118315e-05 0.0
compiler 6.444129398118315e-05 0.0
compiles 6.444129398118315e-05 0.017544309650909525
complications 6.444129398118315e-05 0.0
components 6.444129398118315e-05 0.0
computation 0.00019332388194354943 0.008733679968754631
computational 6.444129398118315e-05 0.0
computational_environment 6.444129398118315e-05 0.0
computer 0.0012243845856424796 0.0
computer_architecture 0.0001288825879623663 0.0
computer_cluster 6.444129398118315e-05 0.0
computer_hardware 0.0001288825879623663 0.0
computer_multitasking 6.444129398118315e-05 0.0
computer_network 6.444129398118315e-05 0.0
computer_programming 6.444129398118315e-05 1.4127276181880462
computer_science 0.00032220646990591573 0.0
computers 6.444129398118315e-05 0.02643325706815543
computing 0.0020621214073978608 0.008733679968754631
computing_platform 6.444129398118315e-05 0.0
concepts 0.00019332388194354943 0.0
concurrency 0.0001288825879623663 0.0
concurrency_ 6.444129398118315e-05 0.0
concurrent 0.00019332388194354943 0.008733679968754631
concurrent_programming_languages 6.444129398118315e-05 0.0
condition 0.0001288825879623663 0.008733679968754631
conference 0.00038664776388709887 0.10054122922187746
config 0.0001288825879623663 0.0
contact 0.0002577651759247326 0.0
contact_us 0.0001288825879623663 0.0
contactpage 6.444129398118315e-05 0.0
container 0.000902178115736564 0.14981227822866008
containing 6.444129398118315e-05 0.008733679968754631
content 0.004961979636551102 0.0
contentinfo 6.444129398118315e-05 0.0
contents 0.0008377368217553808 0.0
contentsub 6.444129398118315e-05 0.0
context 0.0001288825879623663 0.017544309650909525
contribute 6.444129398118315e-05 0.0
contributions 6.444129398118315e-05 0.2340726218464
contributors 0.0001288825879623663 0.017544309650909525
controls 0.0001288825879623663 0.0
conversion 6.444129398118315e-05 0.0
cookie 0.00032220646990591573 0.0
cookie_statement 6.444129398118315e-05 0.0
cookiestatement 6.444129398118315e-05 0.0
cooperative 6.444129398118315e-05 0.18058393689541388
cooperative_multitasking 6.444129398118315e-05 0.0
coordination 6.444129398118315e-05 0.18058393689541388
copyright 0.00019332388194354943 0.0
copyrightico 6.444129398118315e-05 0.0
corpusid 6.444129398118315e-05 0.0
cost 0.0001288825879623663 0.0
cost_efficiency 6.444129398118315e-05 0.0
count 0.0001288825879623663 0.0
counter 0.0002577651759247326 0.11020314013361425
cpu 6.444129398118315e-05 0.0
cputime 6.444129398118315e-05 0.0
cray 0.002191003995360227 0.18058393689541388
cray_chapel_logo 0.00038664776388709887 0.0
cray_mta 0.0001288825879623663 0.0
cray_xmt 6.444129398118315e-05 0.0
create 0.0002577651759247326 0.0
createaccount 0.0002577651759247326 0.0
created 0.00019332388194354943 0.0
creative 6.444129398118315e-05 0.0
creativecommons 0.0001288825879623663 0.0
cross 6.444129398118315e-05 0.0
crossorigin 6.444129398118315e-05 0.0
cs1 0.0016754736435107616 0.017544309650909525
csrftoken 6.444129398118315e-05 0.0
ct 0.0001288825879623663 0.6844891178168307
ctx_ver 0.0006444129398118315 0.0
cuda 0.00019332388194354943 0.18058393689541388
current 0.00032220646990591573 0.08149303425118301
current_events 6.444129398118315e-05 0.0
currentevents 6.444129398118315e-05 0.0
cursor 6.444129398118315e-05 0.5860490450035782
cx 0.0001288825879623663 0.0
cycle 6.444129398118315e-05 0.8737311174553593
cygwin 0.00019332388194354943 0.18058393689541388
d 0.0002577651759247326 0.017544309650909525
d0 0.000902178115736564 0.0
d1 0.00038664776388709887 0.0
d33 0.0001288825879623663 0.0
d6 6.444129398118315e-05 0.0
dadisp 0.00019332388194354943 0.18058393689541388
darpa 0.00019332388194354943 0.18058393689541388
data 0.005606392576362933 0.0
data_parallelism 0.0001288825879623663 0.0
data_structure 0.0001288825879623663 0.0
dataflow 0.0002577651759247326 0.18058393689541388
dataflow_architecture 6.444129398118315e-05 0.0
dataflow_programming 6.444129398118315e-05 0.0
date 0.000451089057868282 0.02643325706815543
datemodified 0.0001288825879623663 0.0
datepublished 0.0001288825879623663 0.0
david 0.00032220646990591573 0.017544309650909525
db 0.00019332388194354943 0.6505875661411494
dd 0.0010310607036989304 0.035401927050916
ddf 6.444129398118315e-05 0.0
deadlock 0.00019332388194354943 0.18058393689541388
december 6.444129398118315e-05 0.02643325706815543
decimal 6.444129398118315e-05 0.11020314013361425
declaration 6.444129398118315e-05 0.008733679968754631
decoding 0.00032220646990591573 0.21233263520999412
decoration 0.0001288825879623663 0.0
deduplicate 0.000451089057868282 0.0
deduplicated 0.001353267173604846 0.0
default 6.444129398118315e-05 0.11020314013361425
deprecates 6.444129398118315e-05 0.18058393689541388
deprecation 0.0001288825879623663 0.6844891178168307
depth 0.00019332388194354943 0.0
describe 6.444129398118315e-05 0.035401927050916
description 0.000451089057868282 0.0
design 6.444129398118315e-05 0.035401927050916
designed 6.444129398118315e-05 0.0
designers 6.444129398118315e-05 0.13976194237515863
desktoparticletarget 0.00019332388194354943 0.0
details 0.00019332388194354943 0.11020314013361425
detection 6.444129398118315e-05 0.10054122922187746
deterministic 0.0001288825879623663 0.008733679968754631
deterministic_algorithm 6.444129398118315e-05 0.0
developed 0.00019332388194354943 0.017544309650909525
developer 0.00019332388194354943 0.02643325706815543
developers 0.0001288825879623663 0.0
different 0.00038664776388709887 0.0
dir 0.00019332388194354943 0.4682660093471948
disabled 0.0007088542337930145 0.11020314013361425
discipline 6.444129398118315e-05 0.06280090123903044
disclaimers 0.0001288825879623663 0.0
discuss 0.0002577651759247326 0.05358424613410626
discussion 0.0001288825879623663 0.26759531388504365
display 0.0010955019976801135 0.0
distributed 0.0005799716458306483 0.02643325706815543
distributed_computing 6.444129398118315e-05 0.0
distributed_memory 6.444129398118315e-05 0.0
distributed_shared_memory 6.444129398118315e-05 0.0
distribution 6.444129398118315e-05 0.044451762570833796
div 0.015208145379559222 0.0
dl 0.0006444129398118315 0.22314355131420976
dmy 6.444129398118315e-05 0.08149303425118301
dns 0.0001288825879623663 0.540239508972284
do 6.444129398118315e-05 0.0
doctype 6.444129398118315e-05 0.0
document 0.00032220646990591573 0.09097177820572679
documentelement 0.00019332388194354943 0.0
does 0.00019332388194354943 0.0
doi 0.0005799716458306483 0.008733679968754631
doi_ 0.00019332388194354943 0.0
donate 0.00019332388194354943 0.0
donating 6.444129398118315e-05 0.0
download 0.0002577651759247326 0.0
downloadaspdf 6.444129398118315e-05 0.0
driven 0.0001288825879623663 0.14981227822866008
driven_programming 6.444129398118315e-05 0.0
dropdown 0.0016110323495295785 0.0
dryad 0.0001288825879623663 0.18058393689541388
dryad_ 6.444129398118315e-05 0.0
dt 0.0010310607036989304 0.0
dtstart 0.0001288825879623663 0.0
dun 0.0001288825879623663 0.18058393689541388
e 0.0005799716458306483 0.0
e2 6.444129398118315e-05 1.911718784307034
e6e6ff 6.444129398118315e-05 0.0
echo 6.444129398118315e-05 0.0
ed 0.00019332388194354943 0.008733679968754631
edit 0.003093182111096791 0.0
editable 6.444129398118315e-05 0.49643688631389105
edited 6.444129398118315e-05 0.0
editing 6.444129398118315e-05 0.11020314013361425
editor 0.0001288825879623663 0.044451762570833796
editors 0.0001288825879623663 0.0
editpage 6.444129398118315e-05 0.0
edits 0.0001288825879623663 0.0
editsection 0.001353267173604846 0.0
edituri 6.444129398118315e-05 0.0
eee 6.444129398118315e-05 0.0
efficiency 0.0001288825879623663 0.017544309650909525
element 0.000451089057868282 0.0
elements 6.444129398118315e-05 0.008733679968754631
ellipsis 0.0001288825879623663 0.2340726218464
elt 6.444129398118315e-05 0.0
embarrassingly 0.0001288825879623663 0.18058393689541388
embarrassingly_parallel 6.444129398118315e-05 0.0
empirical 0.0001288825879623663 0.18058393689541388
empty 0.0001288825879623663 0.008733679968754631
emptyportlet 0.0001288825879623663 0.0
en 0.002706534347209692 0.0
enabled 0.0007088542337930145 0.008733679968754631
enables 6.444129398118315e-05 0.0
encouraged 0.0002577651759247326 1.5668782980153044
encyclopedia 0.00038664776388709887 0.0
end 6.444129398118315e-05 0.0
english 0.00038664776388709887 0.0
enhancements 6.444129398118315e-05 0.0
enterprise 0.0002577651759247326 0.02643325706815543
entities 6.444129398118315e-05 0.0
entity 0.0002577651759247326 0.0
entityaccesscount 6.444129398118315e-05 0.0
entitypage 0.0001288825879623663 0.0
entry 0.0001288825879623663 0.035401927050916
environment 0.00019332388194354943 0.0
enwiki 6.444129398118315e-05 0.0
enwikimwclientprefs 6.444129398118315e-05 0.0
erlang 0.0001288825879623663 0.11995931507897897
erlang_ 6.444129398118315e-05 0.0
error 0.0001288825879623663 0.11020314013361425
es6 6.444129398118315e-05 0.0
esi 0.0001288825879623663 0.7195804376281008
esitest 6.444129398118315e-05 0.0
euler 0.0001288825879623663 0.18058393689541388
euler_ 6.444129398118315e-05 0.0
even 0.000451089057868282 0.11020314013361425
event 0.0006444129398118315 0.0
eventlogging 0.0001288825879623663 0.0
events 0.0001288825879623663 0.11020314013361425
ex 0.0001288825879623663 0.02643325706815543
exact 6.444129398118315e-05 0.0
executables 6.444129398118315e-05 0.18058393689541388
exist 0.00019332388194354943 0.0721032939013439
exists 6.444129398118315e-05 0.0
expand 0.00019332388194354943 0.0
expanded 0.0005155303518494652 0.0
expansion 0.0001288825879623663 0.0
expansiondepth 6.444129398118315e-05 0.0
expected 6.444129398118315e-05 0.044451762570833796
expensive 6.444129398118315e-05 0.0
expensivefunctioncount 6.444129398118315e-05 0.0
experience 6.444129398118315e-05 0.035401927050916
expiry 0.0001288825879623663 0.0
explicit 0.0001288825879623663 0.11020314013361425
explicit_parallelism 6.444129398118315e-05 0.0
export 6.444129398118315e-05 0.0
expression 0.0001288825879623663 0.008733679968754631
ext 0.001739914937491945 0.0
extension 6.444129398118315e-05 0.008733679968754631
extensions 0.00032220646990591573 0.0
external 0.0014821497615672122 0.0
external_links 0.0002577651759247326 0.0
extra 6.444129398118315e-05 0.0
f 0.0002577651759247326 0.0
f7f7f7 6.444129398118315e-05 0.0
f9f9f9 6.444129398118315e-05 0.0
fa8a495983347898 6.444129398118315e-05 0.0
fallbacksearchbutton 6.444129398118315e-05 0.0
false 0.0006444129398118315 0.0
family 0.00019332388194354943 0.008733679968754631
favicon 6.444129398118315e-05 0.0
fdfdfd 0.00019332388194354943 0.0
featool 0.0001288825879623663 0.18058393689541388
featool_multiphysics 6.444129398118315e-05 0.0
feature 0.001353267173604846 0.0
featurename 0.00019332388194354943 0.0
features 0.0005155303518494652 0.0
february 6.444129398118315e-05 0.017544309650909525
feed 0.0001288825879623663 0.19105523676270922
fiber 0.0001288825879623663 0.18058393689541388
fiber_ 6.444129398118315e-05 0.0
file 0.000902178115736564 0.0
file_upload_wizard 0.0001288825879623663 0.0
filename 0.0001288825879623663 0.12981161152199053
filename_extension 6.444129398118315e-05 0.0
files 6.444129398118315e-05 0.0
first 0.0009666194097177471 0.0
firstheading 0.00019332388194354943 0.0
flatt 0.0001288825879623663 0.18058393689541388
float 0.00032220646990591573 0.06280090123903044
flush 0.00032220646990591573 0.0
flynn 0.000451089057868282 0.18058393689541388
font 0.0014821497615672122 0.14981227822866008
footer 0.0016754736435107616 0.0
for 0.0016110323495295785 0.0
form 0.00019332388194354943 0.0
format 0.00032220646990591573 0.035401927050916
forth 0.0001288825879623663 0.044451762570833796
forth_ 6.444129398118315e-05 0.0
fortran 0.0012243845856424796 0.035401927050916
fortress 0.0002577651759247326 0.18058393689541388
fortress_ 0.0001288825879623663 0.0
forum 0.0001288825879623663 0.18058393689541388
foundation 0.0005799716458306483 0.0
fr 0.0002577651759247326 0.09097177820572679
français 6.444129398118315e-05 1.16141318990714
free 0.0007088542337930145 0.0
free_and_open 0.000451089057868282 0.0
free_software_projects 6.444129398118315e-05 0.0
freefem 0.00019332388194354943 0.18058393689541388
freemat 0.00019332388194354943 0.18058393689541388
french 6.444129398118315e-05 0.09097177820572679
from 0.0007732955277741977 0.0
full 0.00032220646990591573 0.044451762570833796
fulltext 6.444129398118315e-05 0.0
function 0.00038664776388709887 0.0
functions 6.444129398118315e-05 0.0
fundraiserredirector 6.444129398118315e-05 0.0
further 0.00019332388194354943 0.0
further_reading 0.0002577651759247326 0.0
future 0.0001288825879623663 0.09097177820572679
g 0.00019332388194354943 0.0
gadget 0.0002577651759247326 0.0
gap 6.444129398118315e-05 0.18058393689541388
gauss 0.0001288825879623663 0.18058393689541388
gauss_ 6.444129398118315e-05 0.0
gehomepagesuggestededitsenabletopics 6.444129398118315e-05 0.0
general 0.0002577651759247326 0.0
general_disclaimer 6.444129398118315e-05 0.0
generality 6.444129398118315e-05 0.18058393689541388
generate 6.444129398118315e-05 0.0
generational 0.0001288825879623663 0.11995931507897897
generational_list_of_programming_languages 6.444129398118315e-05 0.0
generator 6.444129398118315e-05 0.0
generic 0.0001288825879623663 0.06280090123903044
generic_programming 6.444129398118315e-05 0.0
genius 0.0001288825879623663 0.18058393689541388
genius_ 6.444129398118315e-05 0.0
genre 0.0006444129398118315 0.0
geoip 6.444129398118315e-05 0.0
github 0.0002577651759247326 0.017544309650909525
global 0.0002577651759247326 0.0
global_arrays 6.444129398118315e-05 0.0
globalcssjs 0.0001288825879623663 0.0
gmsh 0.00019332388194354943 0.18058393689541388
gnu 0.0001288825879623663 0.02643325706815543
gnu_octave 6.444129398118315e-05 0.0
go 0.000451089057868282 0.0
go_ 6.444129398118315e-05 0.0
goal 6.444129398118315e-05 0.18058393689541388
goals 0.000451089057868282 0.12981161152199053
googpub 0.0001288825879623663 0.0
gpgpu 6.444129398118315e-05 0.18058393689541388
gpuopen 0.00019332388194354943 0.18058393689541388
gpus 6.444129398118315e-05 0.18058393689541388
graduating 6.444129398118315e-05 0.18058393689541388
graphics 6.444129398118315e-05 0.044451762570833796
gray 6.444129398118315e-05 1.449095262358921
greece 0.0001288825879623663 0.18058393689541388
greek 0.0001288825879623663 0.3141153295199365
green 6.444129398118315e-05 0.08149303425118301
gretl 0.00019332388194354943 0.18058393689541388
grid 0.0001288825879623663 0.18058393689541388
grid_computing 6.444129398118315e-05 0.0
group 0.002191003995360227 0.05358424613410626
growthexperiments 6.444129398118315e-05 0.0
gt 6.444129398118315e-05 0.2340726218464
gu 0.0001288825879623663 0.18058393689541388
guidance 6.444129398118315e-05 0.2340726218464
guides 6.444129398118315e-05 4.74493212836325
gustafson 0.00019332388194354943 0.18058393689541388
h 0.00019332388194354943 0.035401927050916
h1 0.0001288825879623663 1.2484245668967697
h2 0.0010310607036989304 1.2484245668967697
hack 0.00038664776388709887 0.0
had 6.444129398118315e-05 0.02643325706815543
hans 6.444129398118315e-05 0.18058393689541388
hardware 0.000451089057868282 0.035401927050916
hardware_acceleration 6.444129398118315e-05 0.0
hardware_scout 6.444129398118315e-05 0.0
has 6.444129398118315e-05 0.0
haskell 0.00019332388194354943 0.008733679968754631
haspopup 0.00032220646990591573 0.0
having 6.444129398118315e-05 0.02643325706815543
head 0.00019332388194354943 0.0
header 0.001739914937491945 0.0
heading 0.0014821497615672122 0.0
headline 0.0005799716458306483 0.0
height 0.0016110323495295785 0.0
help 0.000451089057868282 0.0
here 6.444129398118315e-05 0.008733679968754631
hewlett 0.0002577651759247326 0.18058393689541388
hewlett_packard_enterprise 0.0001288825879623663 0.0
hidden 0.0008377368217553808 0.0
hide 0.0001288825879623663 0.0
high 0.0007732955277741977 0.0
high_performance_fortran 0.0001288825879623663 0.0
high_productivity_computing_systems 6.444129398118315e-05 0.0
higher 6.444129398118315e-05 0.017544309650909525
highest 6.444129398118315e-05 0.0
history 0.0005155303518494652 0.0
history_of_programming_languages 6.444129398118315e-05 0.0
hlist 0.0041242428147957215 0.0
hon 6.444129398118315e-05 0.0
hor 0.0001288825879623663 0.0
hosted 6.444129398118315e-05 0.0721032939013439
how 0.00032220646990591573 0.0
however 0.0002577651759247326 0.0
hpc 6.444129398118315e-05 0.18058393689541388
hpcs 0.00019332388194354943 0.18058393689541388
hpe 0.0001288825879623663 0.18058393689541388
hpe_cray_ex 6.444129398118315e-05 0.0
hpf 0.0001288825879623663 0.18058393689541388
hpx 0.00019332388194354943 0.18058393689541388
href 0.029642995231344244 0.0
hreflang 0.00019332388194354943 0.0
html 0.00038664776388709887 0.06280090123903044
http 0.000902178115736564 0.017544309650909525
https 0.002706534347209692 0.0
hub 6.444129398118315e-05 0.2451224580329849
i 0.0020621214073978608 0.0
ico 6.444129398118315e-05 0.0
icon 0.00225544528934141 0.0
icons 0.0002577651759247326 0.0
id 0.010503930918932852 0.0
ideas 6.444129398118315e-05 0.10054122922187746
identifier 0.001288825879623663 0.044451762570833796
idhash 6.444129398118315e-05 0.0
ieee 0.000451089057868282 0.10054122922187746
ieeexplore 6.444129398118315e-05 0.0
if 0.0001288825879623663 0.0
il 6.444129398118315e-05 0.0
image 0.0010955019976801135 0.0
imageobject 0.0001288825879623663 0.0
images 0.0007732955277741977 0.0
img 0.0007088542337930145 0.0
implement 6.444129398118315e-05 0.05358424613410626
implementation 6.444129398118315e-05 0.0
implicit 0.0001288825879623663 0.0721032939013439
implicit_parallelism 6.444129398118315e-05 0.0
improve 6.444129398118315e-05 0.0
improvements 6.444129398118315e-05 0.08149303425118301
improving 6.444129398118315e-05 0.13976194237515863
in 0.00225544528934141 0.0
inc 0.0006444129398118315 0.0
include 0.0001288825879623663 0.0
includes 6.444129398118315e-05 0.05358424613410626
including 6.444129398118315e-05 0.008733679968754631
increasing 6.444129398118315e-05 0.18058393689541388
increment 6.444129398118315e-05 0.06280090123903044
index 0.0020621214073978608 0.0
indicators 6.444129398118315e-05 0.454472687214859
inference 6.444129398118315e-05 0.017544309650909525
inferred 6.444129398118315e-05 0.017544309650909525
influenced 6.444129398118315e-05 0.008733679968754631
info 0.001739914937491945 0.044451762570833796
infobox 0.0026420930532285087 0.008733679968754631
infobox_programming_language 0.0001288825879623663 0.008733679968754631
infobox_software 0.0001288825879623663 0.017544309650909525
information 0.00032220646990591573 0.0
inherit 0.0007732955277741977 0.11020314013361425
init 0.00019332388194354943 0.0
inline 0.001868797525454311 0.05358424613410626
inner 0.00038664776388709887 0.0
input 0.000902178115736564 0.0
inside 0.0001288825879623663 0.0
insidehpc 0.00019332388194354943 0.18058393689541388
instance 6.444129398118315e-05 0.0
instruction 0.0007088542337930145 0.0
instruction_pipelining 6.444129398118315e-05 0.0
instruction_window 6.444129398118315e-05 0.0
interaction 0.00019332388194354943 0.0
interface 0.0002577651759247326 0.0
interlanguage 0.0007088542337930145 0.0
international 0.00032220646990591573 0.08149303425118301
interwiki 0.00019332388194354943 0.0
introduction 0.00019332388194354943 0.11020314013361425
invalidation 0.0001288825879623663 0.18058393689541388
ip 0.0001288825879623663 0.3141153295199365
ipdpsw 0.0002577651759247326 0.18058393689541388
ipython 0.00019332388194354943 0.18058393689541388
is 0.000902178115736564 0.0
isbn 0.0010955019976801135 0.0
isbn_ 0.00038664776388709887 0.0
it 0.0007088542337930145 0.0
italic 6.444129398118315e-05 0.3141153295199365
item 0.0041242428147957215 0.0
items 6.444129398118315e-05 0.0
its 6.444129398118315e-05 0.0
j 0.00019332388194354943 0.0
ja 0.0002577651759247326 0.3141153295199365
james 6.444129398118315e-05 0.18058393689541388
january 0.0001288825879623663 0.0
japanese 6.444129398118315e-05 0.2340726218464
java 0.00032220646990591573 0.0
java_ 0.0001288825879623663 0.0
javascript 0.00019332388194354943 0.11995931507897897
john 6.444129398118315e-05 0.08149303425118301
joint 0.0001288825879623663 0.18058393689541388
journal 6.444129398118315e-05 0.008733679968754631
jquery 0.00019332388194354943 0.0
js 0.0001288825879623663 0.0
json 0.0001288825879623663 0.11995931507897897
jtitle 0.00019332388194354943 0.0
ju 6.444129398118315e-05 0.3141153295199365
julia 0.0001288825879623663 0.18058393689541388
julia_ 6.444129398118315e-05 0.0
july 6.444129398118315e-05 0.008733679968754631
jump 0.0001288825879623663 0.0
june 0.0001288825879623663 0.017544309650909525
jupyter 0.0001288825879623663 0.18058393689541388
k 0.00032220646990591573 0.0
karp 0.00019332388194354943 0.18058393689541388
kern 0.0001288825879623663 0.0
key 6.444129398118315e-05 0.0
kotlin 0.0001288825879623663 0.11995931507897897
kotlin_ 6.444129398118315e-05 0.0
kwak 0.0001288825879623663 0.18058393689541388
l 0.0002577651759247326 0.008733679968754631
label 0.0038020363448898055 0.0
labelledby 0.0002577651759247326 0.0
labview 0.00019332388194354943 0.18058393689541388
landmark 0.0002577651759247326 0.0
lang 0.0014821497615672122 0.0
langage 0.0001288825879623663 0.0
langlinks 0.0001288825879623663 0.0
language 0.005477509988400567 0.0
language_binding 6.444129398118315e-05 0.0
languages 0.002191003995360227 0.0
last 0.0008377368217553808 0.0
lastmod 6.444129398118315e-05 0.0
later 6.444129398118315e-05 0.017544309650909525
latter 6.444129398118315e-05 0.0
laurence 6.444129398118315e-05 0.18058393689541388
law 0.0002577651759247326 0.08149303425118301
lazy 0.0001288825879623663 0.008733679968754631
ld 0.0001288825879623663 0.7195804376281008
learn 0.00032220646990591573 0.0
learning 6.444129398118315e-05 0.10054122922187746
lee 6.444129398118315e-05 0.11995931507897897
left 0.0010955019976801135 0.0
level 0.000902178115736564 0.0
level_parallelism 0.0002577651759247326 0.0
levels 0.0001288825879623663 0.0
li 0.03956695450444645 0.0
lia 6.444129398118315e-05 0.0
libraries 0.0001288825879623663 0.0
library 0.0001288825879623663 0.0
license 0.0008377368217553808 0.0
licenses 0.0001288825879623663 0.12981161152199053
life 6.444129398118315e-05 0.02643325706815543
lightfoot 0.0001288825879623663 0.18058393689541388
like 6.444129398118315e-05 0.0
limit 0.0007088542337930145 0.0
limited 0.0005155303518494652 0.008733679968754631
limitreport 0.00019332388194354943 0.0
line 0.0002577651759247326 0.008733679968754631
link 0.0035442711689650727 0.08149303425118301
linked 6.444129398118315e-05 0.0721032939013439
links 0.0012243845856424796 0.0
linux 0.00019332388194354943 0.017544309650909525
lisp 0.0001288825879623663 0.09097177820572679
lisp_ 6.444129398118315e-05 0.0
list 0.007861837865704343 0.0
list_of_numerical 6.444129398118315e-05 0.0
list_of_programming_languages 0.0001288825879623663 0.0
list_of_programming_languages_by_type 6.444129398118315e-05 0.0
listbullet 0.00019332388194354943 0.0
listitem 0.0002577651759247326 0.0
lists 6.444129398118315e-05 0.008733679968754631
llvm 0.0002577651759247326 0.0
load 0.00019332388194354943 0.0
loaded 6.444129398118315e-05 0.0
loader 6.444129398118315e-05 0.035401927050916
loading 0.00019332388194354943 0.0
loc 6.444129398118315e-05 0.0
locale 0.00019332388194354943 0.18058393689541388
locale_ 6.444129398118315e-05 0.0
locales 6.444129398118315e-05 0.18058393689541388
locality 0.0001288825879623663 0.18058393689541388
locality_of_data 6.444129398118315e-05 0.0
lock 0.0007732955277741977 0.11020314013361425
lockout 0.0001288825879623663 0.18058393689541388
log 0.000451089057868282 0.0
logged 0.0001288825879623663 0.0
login 0.00032220646990591573 0.3141153295199365
logo 0.0005799716458306483 0.0
loidl 6.444129398118315e-05 0.18058393689541388
loop 0.00019332388194354943 0.035401927050916
lot 6.444129398118315e-05 0.18058393689541388
loutraki 0.0001288825879623663 0.18058393689541388
lower 0.00038664776388709887 0.044451762570833796
lt 6.444129398118315e-05 0.20163734609324613
ltr 0.000451089057868282 0.0
lua 0.0002577651759247326 0.0
lua_ 6.444129398118315e-05 0.0
m 0.0001288825879623663 0.08149303425118301
mac 0.0001288825879623663 0.14981227822866008
mac_os 6.444129398118315e-05 0.0
machine 0.0001288825879623663 0.0
machine_learning 6.444129398118315e-05 0.0
made 6.444129398118315e-05 0.035401927050916
main 0.0016110323495295785 0.0
main_page 0.0001288825879623663 0.0
mainentity 0.0001288825879623663 0.0
mainpage 6.444129398118315e-05 0.0
maint 6.444129398118315e-05 0.09097177820572679
makecollapsible 0.00019332388194354943 0.0
mandatory 0.0002577651759247326 0.2340726218464
many 6.444129398118315e-05 0.0
manycore 0.0001288825879623663 0.18058393689541388
manycore_processor 6.444129398118315e-05 0.0
maple 0.0001288825879623663 0.18058393689541388
maple_ 6.444129398118315e-05 0.0
march 6.444129398118315e-05 0.017544309650909525
margin 0.0015465910555483955 0.0
massively 0.0002577651759247326 0.18058393689541388
massively_parallel 0.0001288825879623663 0.0
match 6.444129398118315e-05 0.008733679968754631
mathcad 0.00019332388194354943 0.18058393689541388
mathematica 0.0001288825879623663 0.1599646496926782
mathematics 6.444129398118315e-05 0.08149303425118301
mathematics_software 6.444129398118315e-05 0.0
matlab 0.000451089057868282 0.11995931507897897
max 0.00019332388194354943 0.11020314013361425
may 0.0001288825879623663 0.0
media 0.00032220646990591573 0.11995931507897897
mediawiki 0.0005155303518494652 0.0
memory 0.0009666194097177471 0.0
memory_coherence 6.444129398118315e-05 0.0
memusage 6.444129398118315e-05 0.0
menu 0.006379688104137131 0.0
message 0.0002577651759247326 0.0
message_passing_interface 0.0001288825879623663 0.0
meta 0.001353267173604846 0.09097177820572679
metric 0.0001288825879623663 0.18058393689541388
mfem 0.00019332388194354943 0.18058393689541388
microarchitecture 0.0001288825879623663 0.0
middle 0.0001288825879623663 0.21233263520999412
mimd 6.444129398118315e-05 0.18058393689541388
min 0.0001288825879623663 0.11020314013361425
minerva 0.000451089057868282 0.0
mini 0.00032220646990591573 0.20163734609324613
misd 6.444129398118315e-05 0.18058393689541388
ml 0.0001288825879623663 0.11995931507897897
ml_ 6.444129398118315e-05 0.0
mmv 0.0001288825879623663 0.0
mobile 0.00019332388194354943 0.0
mobileaction 6.444129398118315e-05 0.0
mobileview 6.444129398118315e-05 0.0
model 0.00032220646990591573 0.0
models 6.444129398118315e-05 0.11020314013361425
modular 0.0002577651759247326 0.14981227822866008
modularprogrammi00ligh 0.0001288825879623663 0.0
module 6.444129398118315e-05 0.044451762570833796
modules 0.00019332388194354943 0.0721032939013439
months 0.0002577651759247326 0.11020314013361425
more 0.0009666194097177471 0.0
most 6.444129398118315e-05 0.0
move 6.444129398118315e-05 0.0
moved 6.444129398118315e-05 0.0
mpi 0.0001288825879623663 0.18058393689541388
ms 6.444129398118315e-05 0.0
mta 0.0002577651759247326 0.18058393689541388
multi 0.00019332388194354943 0.10054122922187746
multiphysics 0.0001288825879623663 0.18058393689541388
multiplatform 6.444129398118315e-05 0.8531118302526235
multiple 0.00032220646990591573 0.035401927050916
multiple_instruction 0.0001288825879623663 0.0
multiprocessing 0.0006444129398118315 0.18058393689541388
multiprocessor 6.444129398118315e-05 0.18058393689541388
multitasking 6.444129398118315e-05 0.7195804376281008
multithreaded 6.444129398118315e-05 0.18058393689541388
multithreading 0.00038664776388709887 0.17022114985986725
multithreading_ 0.0001288825879623663 0.0
mw 0.027194226060059286 0.0
mw1435 6.444129398118315e-05 0.3141153295199365
mw2314 0.0001288825879623663 0.18058393689541388
mycontributions 6.444129398118315e-05 0.0
mytalk 6.444129398118315e-05 0.0
n 0.000902178115736564 0.08149303425118301
n27 6.444129398118315e-05 0.0
name 0.0020621214073978608 0.0
namespaces 6.444129398118315e-05 0.21233263520999412
nan 0.0001288825879623663 0.18058393689541388
nav 0.000902178115736564 0.7018808605286999
navbar 0.001353267173604846 0.20163734609324613
navbox 0.007024101043948962 0.0
navigation 0.0009666194097177471 0.0
navigationtiming 6.444129398118315e-05 0.0
nearby 6.444129398118315e-05 0.0
nested 0.0001288825879623663 0.008733679968754631
nested_parallelism 6.444129398118315e-05 0.0
net 0.00019332388194354943 0.0
netbsd 0.00019332388194354943 0.3260915205666521
network 0.0001288825879623663 0.10054122922187746
new 0.00019332388194354943 0.0
newer 6.444129398118315e-05 0.09097177820572679
newly 6.444129398118315e-05 0.18058393689541388
newpp 6.444129398118315e-05 0.0
news 6.444129398118315e-05 0.0
next 0.00019332388194354943 0.008733679968754631
no 0.00038664776388709887 0.0
node 6.444129398118315e-05 0.0
noexcerpt 6.444129398118315e-05 0.0
nofollow 0.0010955019976801135 0.0
noicon 0.00032220646990591573 0.0
nojs 6.444129398118315e-05 0.0
nomobile 6.444129398118315e-05 0.0
non 0.0005799716458306483 0.0
none 0.002835416935172058 0.21233263520999412
noprint 0.000451089057868282 0.37548427589622857
normal 0.00032220646990591573 0.008733679968754631
normally 6.444129398118315e-05 0.044451762570833796
noscript 0.0002577651759247326 0.0
nosnippet 6.444129398118315e-05 0.0
not 0.0005799716458306483 0.0
notes 0.0005799716458306483 0.008733679968754631
notice 6.444129398118315e-05 0.11020314013361425
november 0.0001288825879623663 0.0
noviewer 0.0002577651759247326 0.0
nowrap 0.000451089057868282 0.035401927050916
nowraplinks 0.00019332388194354943 0.0
ns 0.0001288825879623663 0.19105523676270922
nstab 6.444129398118315e-05 0.0
null 6.444129398118315e-05 0.0
numa 6.444129398118315e-05 0.18058393689541388
numb 0.000451089057868282 0.0
number 6.444129398118315e-05 0.0
numerical 0.000451089057868282 0.1599646496926782
numerical_analysis_software 0.00019332388194354943 0.0
nv 0.0005799716458306483 0.0
nvidia 6.444129398118315e-05 0.18058393689541388
o 0.00032220646990591573 0.035401927050916
object 0.0007732955277741977 0.0
object_pascal 6.444129398118315e-05 0.0
octave 0.0001288825879623663 0.18058393689541388
october 6.444129398118315e-05 0.02643325706815543
odd 0.0005155303518494652 0.11995931507897897
of 0.003222064699059157 0.0
offer 6.444129398118315e-05 0.14981227822866008
offered 6.444129398118315e-05 0.14981227822866008
official 0.00032220646990591573 0.017544309650909525
official_website_different_in_wikidata_and_wikipedia 6.444129398118315e-05 0.0
og 0.0006444129398118315 0.0
ol 0.0012243845856424796 0.0
oldid 0.00019332388194354943 0.0
on 0.0006444129398118315 0.0
one 6.444129398118315e-05 0.0
only 0.00038664776388709887 0.0
only_memory_architecture 6.444129398118315e-05 0.0
open 0.00032220646990591573 0.017544309650909525
openacc 0.00019332388194354943 0.18058393689541388
opencl 0.00019332388194354943 0.18058393689541388
openfoam 0.00019332388194354943 0.18058393689541388
openhmpp 0.00019332388194354943 0.18058393689541388
openmp 0.00038664776388709887 0.18058393689541388
opensearch_desc 6.444129398118315e-05 0.0
opensearchdescription 6.444129398118315e-05 0.0
operating 6.444129398118315e-05 0.035401927050916
operating_system 6.444129398118315e-05 0.540239508972284
operator 6.444129398118315e-05 0.008733679968754631
optimizations 6.444129398118315e-05 0.044451762570833796
optimizer 6.444129398118315e-05 0.1599646496926782
optional 6.444129398118315e-05 0.008733679968754631
options 0.00032220646990591573 0.0
or 0.000451089057868282 0.0
org 0.0057352751643253 0.0
organiser 6.444129398118315e-05 0.0
organization 0.00032220646990591573 0.0
oriented 0.0005155303518494652 0.0
oriented_programming 6.444129398118315e-05 0.2340726218464
oriented_programming_languages 6.444129398118315e-05 0.0
origin 0.00032220646990591573 0.11020314013361425
os 0.00019332388194354943 0.02643325706815543
other 6.444129398118315e-05 0.0
out 0.0001288825879623663 0.0
output 0.009537311509215106 0.008733679968754631
overflow 0.0001288825879623663 0.19105523676270922
overlap 0.0001288825879623663 0.18058393689541388
overview 0.00032220646990591573 0.09097177820572679
overview_2 0.0002577651759247326 0.0
p 0.003157623405077974 0.0
packard 0.0002577651759247326 0.18058393689541388
padding 0.003222064699059157 0.0
padua 0.0001288825879623663 0.18058393689541388
page 0.003222064699059157 0.0
pagelanguagecode 6.444129398118315e-05 0.0
pagelanguagedir 6.444129398118315e-05 0.0
pageprop 6.444129398118315e-05 0.0
pages 0.0007088542337930145 0.0
pagetype 0.0001288825879623663 0.0
pagevariantfallbacks 6.444129398118315e-05 0.0
panagiotopoulou 6.444129398118315e-05 0.18058393689541388
panel 0.0002577651759247326 0.0
papers 6.444129398118315e-05 0.19105523676270922
paradigm 0.0001288825879623663 0.017544309650909525
parallel 0.003093182111096791 0.0
parallel_computer 6.444129398118315e-05 0.0
parallel_computing 0.0005155303518494652 0.0
parallel_extensions 6.444129398118315e-05 0.0
parallel_external_memory 6.444129398118315e-05 0.0
parallel_programming_language 6.444129398118315e-05 0.0
parallel_programming_model 0.0001288825879623663 0.0
parallel_ram 6.444129398118315e-05 0.0
parallel_slowdown 0.0001288825879623663 0.0
parallel_virtual_machine 6.444129398118315e-05 0.0
parallelism 0.0011599432916612965 0.17022114985986725
parallelization 0.0001288825879623663 0.18058393689541388
park 6.444129398118315e-05 0.18058393689541388
parsed 6.444129398118315e-05 0.0
parser 0.009537311509215106 0.0
part 0.00019332388194354943 0.0
participant 6.444129398118315e-05 0.18058393689541388
particular 6.444129398118315e-05 0.008733679968754631
partitioned 0.0001288825879623663 0.18058393689541388
partitioned_global_address_space 6.444129398118315e-05 0.0
pascal 0.0002577651759247326 0.044451762570833796
pascal_ 6.444129398118315e-05 0.0
passing 0.0001288825879623663 0.08149303425118301
past 6.444129398118315e-05 0.14981227822866008
patroltoken 6.444129398118315e-05 0.0
pcache 6.444129398118315e-05 0.0
pdf 0.0007088542337930145 0.0
pem 6.444129398118315e-05 0.18058393689541388
performance 0.0005155303518494652 0.0
performance_computing 0.0001288825879623663 0.0
perl 0.00019332388194354943 0.11020314013361425
permalink 6.444129398118315e-05 0.0
permanent 0.0001288825879623663 0.035401927050916
personal 0.00032220646990591573 0.0
phd 0.0001288825879623663 0.044451762570833796
php 0.002577651759247326 0.0
pin 0.0001288825879623663 0.454472687214859
pinnable 0.0007732955277741977 0.0
pinned 0.0006444129398118315 0.0
pipeline 0.0001288825879623663 0.18058393689541388
pipeline_ 6.444129398118315e-05 0.0
pipelined 0.0001288825879623663 0.18058393689541388
pipelined_processor 6.444129398118315e-05 0.0
pipelining 6.444129398118315e-05 0.7195804376281008
place 6.444129398118315e-05 0.09097177820572679
placeholder 6.444129398118315e-05 0.0
placement 6.444129398118315e-05 0.11020314013361425
places 0.0005799716458306483 0.035401927050916
plainlinks 0.00019332388194354943 0.0
platform 0.0001288825879623663 0.0
plevyak 6.444129398118315e-05 0.0
png 0.001868797525454311 0.0
policy 0.0001288825879623663 0.0
popups 6.444129398118315e-05 0.0
portal 0.00038664776388709887 0.06280090123903044
portalborder 0.0001288825879623663 0.0
portalbox 0.0005155303518494652 0.0
portalleft 6.444129398118315e-05 0.0
portalright 0.0001288825879623663 0.0
portals 6.444129398118315e-05 0.22314355131420976
portlet 0.001739914937491945 0.0
position 6.444129398118315e-05 0.008733679968754631
posix 0.00019332388194354943 0.11020314013361425
post 0.0001288825879623663 0.0
postexpandincludesize 6.444129398118315e-05 0.0
powered 6.444129398118315e-05 1.1340142157190256
poweredby_mediawiki_132x47 6.444129398118315e-05 0.0
poweredby_mediawiki_176x62 6.444129398118315e-05 0.0
poweredby_mediawiki_88x31 6.444129398118315e-05 0.0
poweredbyico 6.444129398118315e-05 0.0
pp 0.0001288825879623663 0.044451762570833796
ppvisitednodes 6.444129398118315e-05 0.0
practitioners 6.444129398118315e-05 0.18058393689541388
pram 6.444129398118315e-05 0.18058393689541388
preceding 6.444129398118315e-05 0.11020314013361425
preconnect 6.444129398118315e-05 0.0
preemption 6.444129398118315e-05 0.0
preemption_ 6.444129398118315e-05 0.0
preemptive 6.444129398118315e-05 0.18058393689541388
prefer 6.444129398118315e-05 0.18058393689541388
prefetch 0.0001288825879623663 0.0
preliminary 6.444129398118315e-05 0.18058393689541388
preprocessor 6.444129398118315e-05 0.0
preview 6.444129398118315e-05 0.14981227822866008
previously 6.444129398118315e-05 0.044451762570833796
print 0.0001288825879623663 0.0
print_export 0.00019332388194354943 0.0
printable 0.00019332388194354943 0.14981227822866008
printfooter 6.444129398118315e-05 0.0
priorities 0.0002577651759247326 0.18058393689541388
privacy 0.00019332388194354943 0.0
privacy_policy 0.0001288825879623663 0.0
problems 6.444129398118315e-05 0.035401927050916
procedural 0.0001288825879623663 0.044451762570833796
procedural_code 6.444129398118315e-05 0.0
process 0.0001288825879623663 0.0
process_ 6.444129398118315e-05 0.0
processing 0.0005799716458306483 0.035401927050916
processor 0.000451089057868282 0.0
productivity 0.00032220646990591573 0.017544309650909525
profit 6.444129398118315e-05 0.0
program 0.0001288825879623663 0.0
programmability 6.444129398118315e-05 0.18058393689541388
programmers 6.444129398118315e-05 0.035401927050916
programming 0.006379688104137131 0.0
programming_language 0.004253125402758087 0.008733679968754631
programming_languages 0.0005155303518494652 0.11995931507897897
programming_languages_created_in_2009 6.444129398118315e-05 0.0
programming_paradigm 6.444129398118315e-05 0.0
progressive 0.00019332388194354943 0.0
project 0.00019332388194354943 0.0
project_jupyter 6.444129398118315e-05 0.0
projects 0.00032220646990591573 0.06280090123903044
prolog 0.00019332388194354943 0.008733679968754631
property 0.0007088542337930145 0.008733679968754631
proposed 0.0001288825879623663 0.06280090123903044
proprietary 6.444129398118315e-05 0.02643325706815543
providing 6.444129398118315e-05 0.0
pt 0.00038664776388709887 0.02643325706815543
pthreads 0.00019332388194354943 0.18058393689541388
pub 0.00032220646990591573 0.26759531388504365
published 0.0001288825879623663 0.044451762570833796
publisher 0.0001288825879623663 0.41419878807691896
purpose 6.444129398118315e-05 0.0
purpose_computing_on_graphics_processing_units 6.444129398118315e-05 0.0
push 0.00019332388194354943 0.0
pvm 6.444129398118315e-05 0.18058393689541388
px 0.0001288825879623663 0.18058393689541388
pyt 6.444129398118315e-05 0.0
python 0.000451089057868282 0.017544309650909525
python_ 0.0001288825879623663 0.8131064956389242
q 0.00019332388194354943 0.0
q4036051 0.000451089057868282 0.18058393689541388
quick 6.444129398118315e-05 0.0
quiet 0.00038664776388709887 0.0
quotes 6.444129398118315e-05 0.19105523676270922
r 0.000451089057868282 0.0
r1011085734 6.444129398118315e-05 0.0
r1061467846 0.00019332388194354943 0.0
r1063604349 0.00019332388194354943 0.0
r1066479718 0.0001288825879623663 0.0
r1129693374 0.00038664776388709887 0.0
r1132942124 6.444129398118315e-05 0.0
r1133582631 0.0007732955277741977 0.0
r_ 0.0001288825879623663 0.0
race 0.0001288825879623663 0.18058393689541388
race_condition 6.444129398118315e-05 0.0
raftlib 0.00038664776388709887 0.18058393689541388
ram 6.444129398118315e-05 0.044451762570833796
random 0.0001288825879623663 0.21233263520999412
randomly 6.444129398118315e-05 0.2340726218464
randompage 6.444129398118315e-05 0.0
raw 6.444129398118315e-05 0.11020314013361425
re 0.0001288825879623663 0.02643325706815543
read 0.0001288825879623663 0.11020314013361425
reading 0.00019332388194354943 0.0
ready 0.0011599432916612965 0.0
real 6.444129398118315e-05 0.0
recent 0.00019332388194354943 0.0721032939013439
recentchanges 0.00019332388194354943 0.0
recentchangeslinked 0.0001288825879623663 0.0
recursion 6.444129398118315e-05 0.0
red 6.444129398118315e-05 0.12981161152199053
redirect 0.001417708467586029 0.02643325706815543
redlink 0.00019332388194354943 0.0
reduced 6.444129398118315e-05 0.0
reference 0.0010955019976801135 0.035401927050916
references 0.0006444129398118315 0.0
referencetooltips 6.444129398118315e-05 0.0
referrer 0.00019332388194354943 0.0
reflist 0.0009666194097177471 0.0
registered 6.444129398118315e-05 0.0
registration 0.0001288825879623663 0.5705448584676129
rel 0.0035442711689650727 0.0
related 0.0001288825879623663 0.02643325706815543
release 0.0002577651759247326 0.02643325706815543
releasenotes 6.444129398118315e-05 0.0
rendering 6.444129398118315e-05 0.0
repeat 0.0002577651759247326 0.0721032939013439
replace 6.444129398118315e-05 0.008733679968754631
report 0.0001288825879623663 0.0
require 6.444129398118315e-05 0.0
required 0.0001288825879623663 0.0
reset 6.444129398118315e-05 0.044451762570833796
resilient 6.444129398118315e-05 0.18058393689541388
resourceloaderdynamicstyles 6.444129398118315e-05 0.0
retrieved 0.00032220646990591573 0.0
returnto 0.0002577651759247326 0.0
reuse 0.0001288825879623663 0.11020314013361425
revision 0.00019332388194354943 0.0
revisions 6.444129398118315e-05 0.6844891178168307
rfr_id 0.0006444129398118315 0.0
rft 0.003930918932852172 0.0
rft_id 0.0005799716458306483 0.0
rft_val_fmt 0.0006444129398118315 0.0
rgba 6.444129398118315e-05 0.0
rich 0.0001288825879623663 0.18058393689541388
right 0.000902178115736564 0.0
rl 6.444129398118315e-05 0.0
rlconf 6.444129398118315e-05 0.0
rlpagemodules 6.444129398118315e-05 0.0
rlq 0.00038664776388709887 0.0
rlstate 6.444129398118315e-05 0.0
robots 6.444129398118315e-05 0.5108256237659907
rocm 0.00019332388194354943 0.18058393689541388
role 0.0011599432916612965 0.0
roman 0.0002577651759247326 0.37548427589622857
rootpage 6.444129398118315e-05 0.0
row 0.0015465910555483955 0.11020314013361425
rsd 0.0001288825879623663 0.0
ru 0.0002577651759247326 0.8947845266531914
ruby 0.0001288825879623663 0.017544309650909525
ruby_ 6.444129398118315e-05 0.0
russian 6.444129398118315e-05 0.540239508972284
rust 0.0001288825879623663 0.017544309650909525
rust_ 6.444129398118315e-05 0.0
s 0.0008377368217553808 0.0
s2cid 0.0001288825879623663 0.008733679968754631
s2cid_ 6.444129398118315e-05 0.0
sa 0.0001288825879623663 0.0
sagemath 0.00019332388194354943 0.18058393689541388
salome 0.0001288825879623663 0.18058393689541388
salome_ 6.444129398118315e-05 0.0
sameas 0.0001288825879623663 0.0
saved 6.444129398118315e-05 0.0
scalability 0.00019332388194354943 0.18058393689541388
schema 0.0001288825879623663 0.02643325706815543
scicoslab 0.00019332388194354943 0.18058393689541388
science 0.000451089057868282 0.008733679968754631
scilab 0.00019332388194354943 0.18058393689541388
scope 0.0016754736435107616 0.0721032939013439
scout 0.0001288825879623663 0.18058393689541388
scratch 0.0001288825879623663 0.09097177820572679
scratch_ 6.444129398118315e-05 0.0
screen 0.0001288825879623663 0.044451762570833796
scribunto 6.444129398118315e-05 0.044451762570833796
script 0.0009666194097177471 0.14981227822866008
scripts 6.444129398118315e-05 0.10054122922187746
search 0.001739914937491945 0.0
searchaux 6.444129398118315e-05 0.0
searchbutton 0.0002577651759247326 0.0
searchform 6.444129398118315e-05 0.0
searchinput 6.444129398118315e-05 0.0
seconds 0.00019332388194354943 0.0
section 0.000902178115736564 0.008733679968754631
see 0.00019332388194354943 0.0
see_also 0.0002577651759247326 0.0
selected 0.0002577651759247326 0.008733679968754631
selector 6.444129398118315e-05 0.0
selflink 0.00032220646990591573 0.0
semanticscholar 0.0001288825879623663 0.0
semiconductor 6.444129398118315e-05 0.0
semiconductor_memory 6.444129398118315e-05 0.0
sentences 6.444129398118315e-05 0.0
separation 6.444129398118315e-05 0.008733679968754631
september 0.0001288825879623663 0.008733679968754631
services 0.0001288825879623663 0.0
set 0.00019332388194354943 0.0
sha1 6.444129398118315e-05 0.0
shadow 0.0005799716458306483 0.26759531388504365
sharealike 6.444129398118315e-05 0.0
sharealike_3 6.444129398118315e-05 0.0
shared 0.0002577651759247326 0.0
shared_memory 6.444129398118315e-05 0.0
sharp 0.0001288825879623663 0.3141153295199365
shell 0.0001288825879623663 0.11995931507897897
shell_script 6.444129398118315e-05 0.0
short 0.00038664776388709887 0.0
short_description 0.0001288825879623663 0.0
short_description_is_different_from_wikidata 6.444129398118315e-05 0.0
shortdescription 6.444129398118315e-05 0.0
should 6.444129398118315e-05 0.10054122922187746
show 0.0002577651759247326 0.0
side 6.444129398118315e-05 0.008733679968754631
sidebar 0.0007088542337930145 0.0
simd 6.444129398118315e-05 0.18058393689541388
simple 0.0001288825879623663 0.017544309650909525
simplesearch 6.444129398118315e-05 0.0
simt 6.444129398118315e-05 0.18058393689541388
simula 0.00019332388194354943 0.08149303425118301
simulation 0.0001288825879623663 0.18058393689541388
simultaneous 0.0001288825879623663 0.18058393689541388
simultaneous_multithreading 6.444129398118315e-05 0.0
single 0.00032220646990591573 0.0
single_instruction 0.00019332388194354943 0.0
sisd 6.444129398118315e-05 0.18058393689541388
site 0.00032220646990591573 0.0
sitedir 6.444129398118315e-05 0.0
sitelinks 6.444129398118315e-05 0.0
sitenotice 0.0001288825879623663 0.0
sitesub 6.444129398118315e-05 0.0
sitesupport 6.444129398118315e-05 0.0
six 0.00019332388194354943 0.18058393689541388
size 0.0011599432916612965 0.0
sizing 0.0001288825879623663 0.11020314013361425
skin 0.0008377368217553808 0.8131064956389242
skins 0.00038664776388709887 0.0
slowdown 0.0002577651759247326 0.18058393689541388
small 6.444129398118315e-05 0.0
smalltalk 0.00019332388194354943 0.11995931507897897
smt 6.444129398118315e-05 0.18058393689541388
software 0.001868797525454311 0.017544309650909525
software_design 6.444129398118315e-05 0.0
software_developer 6.444129398118315e-05 0.0
software_license 6.444129398118315e-05 0.0
software_lockout 6.444129398118315e-05 0.0
software_release_life_cycle 6.444129398118315e-05 0.0
solid 0.0002577651759247326 0.19105523676270922
some 0.0001288825879623663 0.0
source 0.0002577651759247326 0.0
source_software 0.0001288825879623663 0.0
source_software_logo_ 0.00038664776388709887 0.0
space 0.00032220646990591573 0.0721032939013439
spacing 0.00032220646990591573 0.0
span 0.018108003608712463 0.044451762570833796
speakeasy 0.0001288825879623663 0.18058393689541388
speakeasy_ 6.444129398118315e-05 0.0
spec 0.0002577651759247326 0.18058393689541388
special 0.002191003995360227 0.0
specialpages 0.0001288825879623663 0.0
speculative 0.0001288825879623663 0.18058393689541388
speculative_multithreading 6.444129398118315e-05 0.0
speedup 0.00019332388194354943 0.18058393689541388
spmt 6.444129398118315e-05 0.18058393689541388
springer 0.00038664776388709887 0.18058393689541388
sql 0.00019332388194354943 0.02643325706815543
src 0.0008377368217553808 0.0
srcset 0.00038664776388709887 0.0
stable 6.444129398118315e-05 0.017544309650909525
standard 6.444129398118315e-05 0.0
start 0.0001288825879623663 0.0721032939013439
startup 0.0001288825879623663 0.0
starvation 0.0001288825879623663 0.18058393689541388
starvation_ 6.444129398118315e-05 0.0
statement 6.444129398118315e-05 0.0
static 0.000902178115736564 0.0
statistics 6.444129398118315e-05 0.0
stats 6.444129398118315e-05 0.0
statslink 6.444129398118315e-05 0.0
status 6.444129398118315e-05 0.0
sticky 0.0001288825879623663 0.0
stopmobileredirecttoggle 6.444129398118315e-05 0.0
stream 0.0001288825879623663 0.12981161152199053
stream_processing 6.444129398118315e-05 0.0
structure 0.00019332388194354943 0.035401927050916
structured 6.444129398118315e-05 0.035401927050916
study 0.0001288825879623663 0.10054122922187746
style 0.007346307513854879 0.0
styles 0.0010310607036989304 0.0
stylesheet 0.0001288825879623663 0.0
subbox 6.444129398118315e-05 0.0
subcomputations 6.444129398118315e-05 0.18058393689541388
subgroup 0.00032220646990591573 0.0
subheader 6.444129398118315e-05 0.0
subject 0.0001288825879623663 0.10054122922187746
sublist 0.000451089057868282 0.0
submit 0.0001288825879623663 0.0
subscription 0.00019332388194354943 0.0
subtitle 6.444129398118315e-05 0.0
such 6.444129398118315e-05 0.0
suggestededitsession 6.444129398118315e-05 0.0
suite 6.444129398118315e-05 0.02643325706815543
summary 6.444129398118315e-05 0.14981227822866008
sup 0.0011599432916612965 0.0
supercomputer 0.00019332388194354943 0.18058393689541388
superscalar 0.0001288825879623663 0.18058393689541388
superscalar_processor 6.444129398118315e-05 0.0
support 6.444129398118315e-05 0.0
supported 6.444129398118315e-05 0.06280090123903044
supporting 6.444129398118315e-05 0.0
supports 6.444129398118315e-05 0.008733679968754631
svg 0.0019332388194354942 0.0
swift 0.0001288825879623663 0.11995931507897897
swift_ 6.444129398118315e-05 0.0
switcher 6.444129398118315e-05 0.0
symbol_category_class 0.0007732955277741977 0.0
symbol_list_class 0.00038664776388709887 0.0
symmetric 0.0001288825879623663 0.18058393689541388
symmetric_multiprocessing 6.444129398118315e-05 0.0
symposium 0.0002577651759247326 0.18058393689541388
synchronization 0.0002577651759247326 0.11020314013361425
synchronization_ 6.444129398118315e-05 0.0
syntax 6.444129398118315e-05 0.0
system 0.00032220646990591573 0.0
systems 0.0001288825879623663 0.02643325706815543
systolic 0.0001288825879623663 0.18058393689541388
systolic_array 6.444129398118315e-05 0.0
t 0.0009666194097177471 0.02643325706815543
tab 0.00032220646990591573 0.19105523676270922
tabindex 0.0001288825879623663 0.0
table 0.0010955019976801135 0.0
tabs 0.0001288825879623663 4.051784947803305
tagline 0.00019332388194354943 0.0
tags 6.444129398118315e-05 0.0
talk 0.0006444129398118315 0.05358424613410626
target 0.00038664776388709887 0.0
targetloader 6.444129398118315e-05 0.0
task 0.0005155303518494652 0.02643325706815543
task_parallelism 0.00019332388194354943 0.6844891178168307
taura 0.0001288825879623663 0.18058393689541388
taxonomy 0.0002577651759247326 0.18058393689541388
tb 0.00019332388194354943 0.0
tbb 6.444129398118315e-05 0.18058393689541388
tbody 0.0005155303518494652 0.0
td 0.004639773166645186 0.0
technologies 6.444129398118315e-05 0.044451762570833796
technology 0.0001288825879623663 0.017544309650909525
telephone 6.444129398118315e-05 0.48225225132193467
template 0.0026420930532285087 0.0
template_talk 0.00019332388194354943 0.0
templateargumentsize 6.444129398118315e-05 0.0
templatestyles 0.001804356231473128 0.0
temporal 0.0001288825879623663 0.11020314013361425
temporal_multithreading 6.444129398118315e-05 0.0
tend 6.444129398118315e-05 0.18058393689541388
terms 0.0001288825879623663 0.0
terms_of_use 6.444129398118315e-05 0.0
test 6.444129398118315e-05 0.044451762570833796
text 0.003093182111096791 0.0
text_of_the_creative_commons_attribution 6.444129398118315e-05 0.0
th 0.00347982987498389 1.8545603704670854
than 6.444129398118315e-05 0.0
that 6.444129398118315e-05 0.0
the 0.002577651759247326 0.0
them 6.444129398118315e-05 0.0
then 6.444129398118315e-05 0.0
theory 6.444129398118315e-05 0.0
they 6.444129398118315e-05 0.008733679968754631
this 0.001868797525454311 0.0
thread 0.0002577651759247326 0.17022114985986725
thread_ 6.444129398118315e-05 0.0
threading 6.444129398118315e-05 0.14981227822866008
threading_building_blocks 6.444129398118315e-05 0.0
threads 6.444129398118315e-05 0.17022114985986725
through 0.00019332388194354943 0.0
thumb 0.0007732955277741977 0.0
thumbnail 6.444129398118315e-05 0.0
time 0.00032220646990591573 0.0
timeline 0.0001288825879623663 0.11995931507897897
timeline_of_programming_languages 6.444129398118315e-05 0.0
timestamp 0.0001288825879623663 0.0
timeusage 6.444129398118315e-05 0.0
timingprofile 6.444129398118315e-05 0.0
title 0.02835416935172058 0.0
titlebar 0.0005155303518494652 0.0
titleform 6.444129398118315e-05 0.0
to 0.002319886583322593 0.0
toc 0.006444129398118314 0.0
toggle 0.0005799716458306483 0.0
toggle_view_mobile 6.444129398118315e-05 0.0
tokens 6.444129398118315e-05 3.6463198396951406
tool 6.444129398118315e-05 0.0
toolbar 0.00019332388194354943 0.0
tools 0.0005799716458306483 0.0
top 0.0005155303518494652 0.0
total 0.0001288825879623663 0.0
touch 0.0001288825879623663 2.4423470353692043
tr 0.005284186106457017 0.08149303425118301
trademark 6.444129398118315e-05 0.0
transclusion 6.444129398118315e-05 0.0
transientcontent 6.444129398118315e-05 0.0
transparent 0.000902178115736564 0.11020314013361425
transparently 6.444129398118315e-05 0.18058393689541388
trial 6.444129398118315e-05 0.27902400970866637
triggered 6.444129398118315e-05 0.0
true 0.0015465910555483955 0.0
ttl 6.444129398118315e-05 0.0
type 0.0024487691712849593 0.0
type_inference 6.444129398118315e-05 0.12981161152199053
type_system 0.0001288825879623663 0.06280090123903044
typing 6.444129398118315e-05 0.008733679968754631
u 0.0001288825879623663 0.035401927050916
ui 0.0034153885810027066 0.0
ul 0.007926279159685527 0.0
uls 0.00032220646990591573 0.0
uma 6.444129398118315e-05 0.18058393689541388
under 0.0001288825879623663 0.0
unified 0.00019332388194354943 0.10054122922187746
unified_parallel_c 0.0001288825879623663 0.0
uniform 0.0001288825879623663 0.12981161152199053
uniform_memory_access 0.0001288825879623663 0.0
units 6.444129398118315e-05 0.035401927050916
unknown 0.0002577651759247326 0.008733679968754631
unpin 0.0001288825879623663 0.0
unpinned 0.0001288825879623663 0.0
unstrip 0.0002577651759247326 0.0
upc 6.444129398118315e-05 0.18058393689541388
updated 0.0001288825879623663 0.08149303425118301
upload 0.001739914937491945 0.14981227822866008
upper 0.0002577651759247326 0.11020314013361425
url 0.0006444129398118315 0.0721032939013439
us 0.0001288825879623663 0.02643325706815543
usage 0.0002577651759247326 0.0
use 0.00019332388194354943 0.0
used 6.444129398118315e-05 0.0
uselang 6.444129398118315e-05 0.0
user 0.001739914937491945 0.0
useradd 0.0001288825879623663 0.0
userlogin 0.0001288825879623663 0.0
users 0.0001288825879623663 0.0721032939013439
using 0.0001288825879623663 0.0
utc 6.444129398118315e-05 0.0
utf 6.444129398118315e-05 0.21233263520999412
utm_campaign 6.444129398118315e-05 0.0
utm_medium 6.444129398118315e-05 0.0
utm_source 6.444129398118315e-05 0.0
ux 6.444129398118315e-05 0.0
v 0.00019332388194354943 0.044451762570833796
value 0.0008377368217553808 0.0
var 0.0001288825879623663 0.11020314013361425
variant 0.0001288825879623663 0.0
variants 0.00038664776388709887 0.0
vary 6.444129398118315e-05 0.0
ve 6.444129398118315e-05 0.25629575863111026
vector 0.01662585384714525 0.0
vector_processor 6.444129398118315e-05 0.0
verlag 0.0001288825879623663 0.18058393689541388
version 0.0002577651759247326 0.0
vertical 0.0001288825879623663 0.19105523676270922
vevent 6.444129398118315e-05 0.0
via 6.444129398118315e-05 0.017544309650909525
view 0.0009666194097177471 0.0
viewport 6.444129398118315e-05 0.0
views 0.00019332388194354943 0.02643325706815543
virtual 6.444129398118315e-05 0.0
visible 6.444129398118315e-05 0.044451762570833796
visit 0.0001288825879623663 0.0
visited 6.444129398118315e-05 0.0
vissim 0.00019332388194354943 0.18058393689541388
visual 0.0002577651759247326 0.0
visual_basic_ 6.444129398118315e-05 0.0
visualeditor 0.0002577651759247326 0.0
vol 6.444129398118315e-05 0.0721032939013439
volume 0.0001288825879623663 0.08149303425118301
vue 0.0001288825879623663 0.11995931507897897
w 0.0024487691712849593 0.0
walltime 6.444129398118315e-05 0.0
was 0.0002577651759247326 0.0
watchlist 6.444129398118315e-05 0.0
watchtoken 6.444129398118315e-05 0.0
wb 0.0001288825879623663 0.0
wbc 6.444129398118315e-05 0.0
wbr 6.444129398118315e-05 0.0
web 0.00038664776388709887 0.0
website 0.000451089057868282 0.0
weight 0.00038664776388709887 0.7195804376281008
weka 0.0001288825879623663 0.18058393689541388
weka_ 6.444129398118315e-05 0.0
wgaction 6.444129398118315e-05 0.0
wgarticleid 6.444129398118315e-05 0.0
wgbackendresponsetime 6.444129398118315e-05 0.0
wgbreakframes 6.444129398118315e-05 0.0
wgcanonicalnamespace 6.444129398118315e-05 0.0
wgcanonicalspecialpagename 6.444129398118315e-05 0.0
wgcategories 6.444129398118315e-05 0.0
wgcentralauthmobiledomain 6.444129398118315e-05 0.0
wgcspnonce 6.444129398118315e-05 0.0
wgcurrevisionid 6.444129398118315e-05 0.0
wgdefaultdateformat 6.444129398118315e-05 0.0
wgdigittransformtable 6.444129398118315e-05 0.0
wgeditsubmitbuttonlabelpublish 6.444129398118315e-05 0.0
wgflaggedrevsparams 6.444129398118315e-05 0.0
wggestructuredtaskrejectionreasontextinputenabled 6.444129398118315e-05 0.0
wggetopicsmatchmodeenabled 6.444129398118315e-05 0.0
wghostname 6.444129398118315e-05 0.0
wgisarticle 6.444129398118315e-05 0.0
wgisprobablyeditable 6.444129398118315e-05 0.0
wgisredirect 6.444129398118315e-05 0.0
wgmediaviewerenabledbydefault 6.444129398118315e-05 0.0
wgmediavieweronclick 6.444129398118315e-05 0.0
wgmfdisplaywikibasedescriptions 6.444129398118315e-05 0.0
wgmonthnames 6.444129398118315e-05 0.0
wgnamespacenumber 6.444129398118315e-05 0.0
wgnoticeproject 6.444129398118315e-05 0.0
wgpagecontentlanguage 6.444129398118315e-05 0.0
wgpagecontentmodel 6.444129398118315e-05 0.0
wgpagename 6.444129398118315e-05 0.0
wgpageparsereport 6.444129398118315e-05 0.0
wgpopupsflags 6.444129398118315e-05 0.0
wgrelevantarticleid 6.444129398118315e-05 0.0
wgrelevantpageisprobablyeditable 6.444129398118315e-05 0.0
wgrelevantpagename 6.444129398118315e-05 0.0
wgrequestid 6.444129398118315e-05 0.0
wgrestrictionedit 6.444129398118315e-05 0.0
wgrestrictionmove 6.444129398118315e-05 0.0
wgrevisionid 6.444129398118315e-05 0.0
wgseparatortransformtable 6.444129398118315e-05 0.0
wgtitle 6.444129398118315e-05 0.0
wgulscurrentautonym 6.444129398118315e-05 0.0
wgulsiscompactlinksenabled 6.444129398118315e-05 0.0
wgulsislanguageselectorempty 6.444129398118315e-05 0.0
wgulsposition 6.444129398118315e-05 0.0
wgusergroups 6.444129398118315e-05 0.0
wgusername 6.444129398118315e-05 0.0
wgvector2022previewpages 6.444129398118315e-05 0.0
wgvisualeditor 6.444129398118315e-05 0.0
wgwikibaseitemid 6.444129398118315e-05 0.0
wgwmepagelength 6.444129398118315e-05 0.0
wgwmeschemaeditattemptstepoversample 6.444129398118315e-05 0.0
what 6.444129398118315e-05 0.0
whatlinkshere 0.0001288825879623663 0.0
when 0.0001288825879623663 0.0
which 0.0001288825879623663 0.0
while 0.0001288825879623663 0.017544309650909525
white 0.00019332388194354943 0.0721032939013439
who 0.0001288825879623663 0.09097177820572679
why 0.0001288825879623663 0.017544309650909525
width 0.003930918932852172 0.0
wiki 0.02300554195128238 0.0
wikibase 0.0002577651759247326 0.0
wikidata 0.000902178115736564 0.0
wikimedia 0.003222064699059157 0.0
wikimediabadges 0.0001288825879623663 0.0
wikimediaevents 6.444129398118315e-05 0.0
wikimediafoundation 0.0001288825879623663 0.0
wikipedia 0.0061219229282123986 0.0
wikisource 6.444129398118315e-05 3.6463198396951406
wikitext 6.444129398118315e-05 0.0
wikuan 0.0001288825879623663 0.18058393689541388
window 0.00032220646990591573 0.11020314013361425
windows 0.00019332388194354943 0.0
with 0.001353267173604846 0.0
wmf 0.00019332388194354943 0.0
wolfram 6.444129398118315e-05 0.3141153295199365
wolfram_mathematica 6.444129398118315e-05 0.0
word 0.0002577651759247326 0.044451762570833796
wordmark 0.0001288825879623663 0.0
work 6.444129398118315e-05 0.017544309650909525
works 6.444129398118315e-05 0.11020314013361425
workshops 0.00019332388194354943 0.18058393689541388
wpformidentifier 6.444129398118315e-05 0.0
wrap 0.0001288825879623663 0.5108256237659907
writing 6.444129398118315e-05 0.06280090123903044
written 0.0001288825879623663 0.0
ws 6.444129398118315e-05 0.0
www 0.0006444129398118315 0.0
x 0.00019332388194354943 0.0
x10 0.0002577651759247326 0.18058393689541388
x10_ 0.0001288825879623663 0.0
xml 0.00019332388194354943 0.14981227822866008
xmt 0.0001288825879623663 0.18058393689541388
y 0.0001288825879623663 0.008733679968754631
yang 6.444129398118315e-05 0.18058393689541388
years 6.444129398118315e-05 0.017544309650909525
yes 6.444129398118315e-05 0.7936884097818228
yoonsik 0.0001288825879623663 0.18058393689541388
you 0.00032220646990591573 0.0
yu 0.0001288825879623663 0.18058393689541388
z 0.0001288825879623663 0.11020314013361425
z39 0.0006444129398118315 0.0
z3988 0.0006444129398118315 0.0
zima 6.444129398118315e-05 0.18058393689541388
zpl 0.00038664776388709887 0.18058393689541388
zpl_ 0.00019332388194354943 0.0
программирования 6.444129398118315e-05 1.749199854809259
русский 6.444129398118315e-05 0.7375989431307791
язык 6.444129398118315e-05 1.749199854809259
日本語 6.444129398118315e-05 0.0
