0 0.005002842524161455 0.0
00 0.00022740193291642978 0.0
000 0.00022740193291642978 0.0
01 0.00022740193291642978 0.3382128810989969
01t15 0.00022740193291642978 4.74493212836325
03 0.00022740193291642978 0.44086703515908027
039 0.00045480386583285955 0.0
04 0.00022740193291642978 0.5254244231871433
06 0.00034110289937464467 0.5254244231871433
069 0.00022740193291642978 3.3586377672433594
07 0.0006822057987492893 0.6177977433181585
079 0.00022740193291642978 3.6463198396951406
0_unported_license 0.00011370096645821489 0.0
0px 0.00011370096645821489 0.7375989431307791
1 0.00511654349061967 0.0
10 0.0006822057987492893 0.0
100 0.0011370096645821489 0.0
1000 0.00011370096645821489 0.0
1000000 0.00022740193291642978 0.0
100px 0.00011370096645821489 0.9837320126696876
106 0.00011370096645821489 1.749199854809259
10px 0.0007959067652075042 0.454472687214859
11 0.00011370096645821489 0.21233263520999412
117 0.00011370096645821489 0.0
11t06 0.00022740193291642978 4.74493212836325
12 0.00022740193291642978 0.18058393689541388
12036551 0.00034110289937464467 4.74493212836325
125 0.00022740193291642978 2.1799827709017134
125em 0.00011370096645821489 0.0
128 0.00022740193291642978 1.7004096906398272
12s5i 0.00011370096645821489 0.0
13 0.00045480386583285955 0.0
13157 0.00022740193291642978 4.74493212836325
14 0.00022740193291642978 0.22314355131420976
141 0.00022740193291642978 2.4423470353692043
155 0.00022740193291642978 2.4423470353692043
15z 0.00022740193291642978 2.7990219793079367
160 0.0011370096645821489 0.0
18 0.00022740193291642978 0.48225225132193467
1814400 0.00022740193291642978 0.5705448584676129
186 0.00022740193291642978 3.3586377672433594
19 0.00034110289937464467 0.38822330167365837
1em 0.00011370096645821489 0.02643325706815543
1px 0.00034110289937464467 0.2451224580329849
1x1 0.00011370096645821489 0.0
2 0.0026151222285389427 0.0
20 0.00022740193291642978 0.0
2006 0.00022740193291642978 1.0072625100798818
2007 0.00022740193291642978 0.9382696385929302
2011 0.00011370096645821489 0.6017974019717174
2019 0.0009096077316657191 0.9162907318741551
2021 0.00034110289937464467 0.7746402148111283
2022 0.0005685048322910744 0.0
20230305200202 0.00034110289937464467 4.74493212836325
204 0.00022740193291642978 4.051784947803305
2057689 0.00022740193291642978 4.74493212836325
2097152 0.00045480386583285955 0.0
20th 0.00011370096645821489 3.3586377672433594
22 0.0006822057987492893 0.26759531388504365
22_program 0.00011370096645821489 2.665490586683414
22ambienttalk 0.0006822057987492893 4.74493212836325
22hello 0.00011370096645821489 2.5477075510270306
230 0.00011370096645821489 2.5477075510270306
238px 0.00011370096645821489 0.8329091229351039
23px 0.00011370096645821489 0.5254244231871433
254 0.00011370096645821489 2.7990219793079367
25em 0.00034110289937464467 0.035401927050916
26 0.00034110289937464467 0.0
27 0.00022740193291642978 0.42744401482693967
290 0.00022740193291642978 3.1354942159291497
2cicon 0.00011370096645821489 0.0
2cstyles 0.00011370096645821489 0.0
2cwikimediabadges 0.00011370096645821489 0.6177977433181585
2em 0.00011370096645821489 0.06280090123903044
2px 0.00045480386583285955 0.26759531388504365
2x 0.0006822057987492893 0.0
3 0.0009096077316657191 0.0
30em 0.00011370096645821489 0.09097177820572679
31 0.00022740193291642978 0.0
3125em 0.00011370096645821489 0.0
32 0.00022740193291642978 0.26759531388504365
33 0.00022740193291642978 0.8531118302526235
354 0.00011370096645821489 4.051784947803305
36 0.00022740193291642978 0.8131064956389242
366 0.00022740193291642978 3.3586377672433594
36c 0.00011370096645821489 1.0072625100798818
39 0.00011370096645821489 0.3141153295199365
399 0.00011370096645821489 1.3109449238781037
3cols 0.00011370096645821489 0.21233263520999412
3em 0.00022740193291642978 0.035401927050916
3px 0.00011370096645821489 0.12981161152199053
4 0.00022740193291642978 0.02643325706815543
40 0.0006822057987492893 0.0
400 0.00034110289937464467 0.0
4067 0.00011370096645821489 4.74493212836325
40px 0.00011370096645821489 1.1340142157190256
41 0.00022740193291642978 1.0560526742493137
43421 0.00022740193291642978 4.74493212836325
45 0.00011370096645821489 1.1895840668738364
45px 0.00011370096645821489 2.953172659135195
464 0.00022740193291642978 4.74493212836325
4659 0.00011370096645821489 4.74493212836325
4px 0.00022740193291642978 0.8329091229351039
5 0.00022740193291642978 0.11020314013361425
50 0.0005685048322910744 0.0
500 0.00022740193291642978 0.0
5000 0.00011370096645821489 3.1354942159291497
5000000 0.00022740193291642978 0.0
50px 0.00011370096645821489 1.0072625100798818
512 0.00011370096645821489 0.6505875661411494
52 0.00022740193291642978 1.2791962255635234
52428800 0.00022740193291642978 0.008733679968754631
52px 0.00011370096645821489 1.0072625100798818
55z 0.00022740193291642978 4.051784947803305
57 0.00022740193291642978 1.1340142157190256
5em 0.0006822057987492893 0.0
5x 0.0006822057987492893 0.0
605 0.00022740193291642978 4.051784947803305
60px 0.00011370096645821489 1.3437347467010947
62 0.00022740193291642978 1.377636298376776
64 0.00022740193291642978 1.1073459686368643
68px 0.00011370096645821489 4.74493212836325
6em 0.00011370096645821489 0.7195804376281008
7 0.00045480386583285955 0.0
720px 0.00022740193291642978 0.0
75px 0.00011370096645821489 1.0072625100798818
7cext 0.00034110289937464467 0.0
7cjquery 0.00011370096645821489 0.41419878807691896
7cmediawiki 0.00011370096645821489 0.0
7cskins 0.00011370096645821489 0.0
7cwikibase 0.00011370096645821489 0.0
8 0.00011370096645821489 0.0
80px 0.00011370096645821489 1.2484245668967697
8125em 0.00011370096645821489 0.0
815c 0.00011370096645821489 4.74493212836325
819 0.00022740193291642978 4.051784947803305
83 0.00022740193291642978 0.8131064956389242
843 0.00022740193291642978 2.665490586683414
88 0.0005685048322910744 0.0
892f 0.00011370096645821489 4.74493212836325
9 0.0005685048322910744 0.11020314013361425
90 0.00011370096645821489 0.08149303425118301
90px 0.00011370096645821489 3.3586377672433594
91 0.00011370096645821489 0.0721032939013439
9258 0.00022740193291642978 4.74493212836325
93 0.00011370096645821489 0.06280090123903044
936 0.00022740193291642978 4.051784947803305
95 0.00011370096645821489 0.035401927050916
96 0.00022740193291642978 0.4682660093471948
972 0.00022740193291642978 4.74493212836325
99 0.00034110289937464467 0.6505875661411494
9932cc 0.00011370096645821489 1.0072625100798818
999644815 0.0007959067652075042 4.74493212836325
_secondary_and_tertiary_sources 0.00022740193291642978 2.26002547857525
_world 0.00011370096645821489 2.26002547857525
a 0.032632177373507675 0.0
a2a9b1 0.00022740193291642978 0.27902400970866637
abcl 0.00011370096645821489 3.1354942159291497
about 0.001023308698123934 0.0
aboutsite 0.00011370096645821489 0.0
above 0.00011370096645821489 0.1599646496926782
absolute 0.00011370096645821489 0.0
abstractions 0.00011370096645821489 2.665490586683414
ac 0.00034110289937464467 0.9607424944449889
acc 0.00011370096645821489 1.3109449238781037
accesskey 0.002160318362706083 0.0
account 0.00045480386583285955 0.0
across 0.00011370096645821489 0.0
action 0.0022740193291642978 0.0
actions 0.00011370096645821489 0.0
actor 0.0007959067652075042 2.953172659135195
actor_model 0.00011370096645821489 3.6463198396951406
actors 0.00022740193291642978 4.051784947803305
ad 0.00022740193291642978 1.1895840668738364
add 0.00011370096645821489 0.0
adding 0.00011370096645821489 0.8947845266531914
additional 0.00011370096645821489 0.0
address 0.00022740193291642978 0.0
after 0.00022740193291642978 0.0
agree 0.00011370096645821489 0.0
alert 0.00045480386583285955 0.0
alice 0.00011370096645821489 4.051784947803305
align 0.00045480386583285955 0.05358424613410626
all 0.0005685048322910744 0.0
all_articles_lacking_reliable_references 0.00011370096645821489 2.03688192726104
alpha 0.00045480386583285955 0.08149303425118301
also 0.00011370096645821489 0.19105523676270922
alt 0.001023308698123934 0.0
alternate 0.00034110289937464467 0.0
ambient 0.00011370096645821489 3.6463198396951406
ambienttalk 0.006594656054576464 4.74493212836325
ambox 0.006026151222285389 1.0072625100798818
ambox_important 0.0006822057987492893 2.03688192726104
amop 0.00034110289937464467 4.74493212836325
amp 0.005685048322910745 0.0
an 0.0006822057987492893 0.0
and 0.0022740193291642978 0.0
android 0.00022740193291642978 1.9723434061234688
android_ 0.00011370096645821489 2.7990219793079367
anon 0.00022740193291642978 0.0
anoncontribs 0.00011370096645821489 0.0
anontalk 0.00011370096645821489 0.0
anonymous 0.00011370096645821489 0.0
another 0.00022740193291642978 0.09097177820572679
api 0.00022740193291642978 0.0
appeared 0.00011370096645821489 0.40112670650956617
appears 0.00011370096645821489 3.1354942159291497
apple 0.00022740193291642978 0.0
application 0.0006822057987492893 0.0
apply 0.00011370096645821489 0.0
april 0.00022740193291642978 0.0
ar 0.00011370096645821489 0.6844891178168307
are 0.00045480386583285955 0.0
argument 0.00011370096645821489 0.0
aria 0.003183627060830017 0.0
article 0.0011370096645821489 0.0
articles 0.0014781125639567935 0.0
articles_lacking_reliable_references_from_july_2019 0.00011370096645821489 4.051784947803305
articles_with_multiple_maintenance_issues 0.00011370096645821489 2.1058747987479913
as 0.0005685048322910744 0.0
as_eq 0.00011370096645821489 1.377636298376776
associated 0.00022740193291642978 0.0
async 0.00045480386583285955 0.0
asynchronously 0.00011370096645821489 4.74493212836325
at 0.0009096077316657191 0.0
atom 0.00034110289937464467 0.0
attribution 0.00011370096645821489 0.0
august 0.00011370096645821489 0.0
author 0.00022740193291642978 0.0
auto 0.0005685048322910744 0.0
autocapitalize 0.00011370096645821489 0.0
autostart 0.00011370096645821489 0.11020314013361425
available 0.00022740193291642978 0.0
avoid 0.00022740193291642978 0.09097177820572679
b 0.0028425241614553724 0.0
b32424 0.00022740193291642978 1.0072625100798818
b4 0.00034110289937464467 0.8329091229351039
background 0.0007959067652075042 0.017544309650909525
backlink 0.00011370096645821489 0.08149303425118301
based 0.0012507106310403638 0.3504829736908114
based_concurrent_language 0.00011370096645821489 4.74493212836325
based_programming 0.00022740193291642978 3.1354942159291497
based_programming_languages 0.00022740193291642978 1.6094379124341003
be 0.0005685048322910744 0.06280090123903044
because 0.00011370096645821489 0.0
becomes 0.00011370096645821489 2.5477075510270306
been 0.00011370096645821489 0.6844891178168307
before 0.00011370096645821489 0.0
belgium 0.00011370096645821489 4.051784947803305
below 0.00011370096645821489 0.18058393689541388
between 0.00011370096645821489 0.7375989431307791
bks 0.00022740193291642978 1.377636298376776
bkt 0.00011370096645821489 1.377636298376776
block 0.00022740193291642978 0.18058393689541388
bob 0.00011370096645821489 2.1058747987479913
body 0.0019329164297896533 0.0
bodycontent 0.00022740193291642978 0.0
book 0.00011370096645821489 0.42744401482693967
books 0.00011370096645821489 0.5552773863368246
bootstrap 0.00011370096645821489 0.10054122922187746
border 0.002046617396247868 0.0
bottom 0.00022740193291642978 0.05358424613410626
box 0.0017055144968732233 0.0
br 0.00011370096645821489 0.42744401482693967
bracket 0.0006822057987492893 0.0
break 0.00022740193291642978 0.05358424613410626
browsing 0.00011370096645821489 0.0
brussel 0.00022740193291642978 4.74493212836325
brussels 0.00011370096645821489 4.74493212836325
btn 0.0005685048322910744 0.0
button 0.0036384309266628764 0.0
buttons 0.00011370096645821489 0.0
by 0.0013644115974985787 0.0
bytes 0.00045480386583285955 0.0
c 0.00022740193291642978 0.0
c13_en 0.00011370096645821489 0.0
ca 0.0009096077316657191 0.0
cache 0.00022740193291642978 0.0
cached 0.00011370096645821489 0.0
cachereport 0.00011370096645821489 0.0
cactions 0.0006822057987492893 0.0
called 0.00022740193291642978 0.6844891178168307
calls 0.00011370096645821489 0.0
campaigns 0.00011370096645821489 0.0
canonical 0.00022740193291642978 0.0
cantonese 0.00011370096645821489 0.540239508972284
caption 0.00022740193291642978 0.21233263520999412
categories 0.00022740193291642978 0.02643325706815543
category 0.0022740193291642978 0.0
catlinks 0.0006822057987492893 0.0
cats 0.00011370096645821489 0.0721032939013439
cell 0.00022740193291642978 0.7195804376281008
center 0.00045480386583285955 0.017544309650909525
centralauth 0.00022740193291642978 0.0
centralautologin 0.00022740193291642978 0.0
centralnotice 0.00034110289937464467 0.0
change 0.00011370096645821489 0.0
changes 0.00045480386583285955 0.0
charinsert 0.00011370096645821489 0.0
charset 0.00011370096645821489 0.0
checkbox 0.0038658328595793066 0.0
child 0.00011370096645821489 0.06280090123903044
cite 0.0007959067652075042 0.0
cite_note 0.00022740193291642978 0.08149303425118301
cite_ref 0.00022740193291642978 0.08149303425118301
citethispage 0.00011370096645821489 0.0
class 0.0488914155770324 0.0
classical 0.00011370096645821489 2.953172659135195
classname 0.00034110289937464467 0.0
cleanup 0.00011370096645821489 2.953172659135195
clear 0.00011370096645821489 0.11995931507897897
client 0.0006822057987492893 0.0
close 0.00011370096645821489 1.9723434061234688
closures 0.00011370096645821489 2.953172659135195
cm 0.0009096077316657191 2.26002547857525
code 0.00011370096645821489 0.035401927050916
coi 0.00045480386583285955 4.74493212836325
coll 0.00045480386583285955 0.0
collapse 0.00045480386583285955 0.21233263520999412
collapsed 0.00034110289937464467 0.0
collapses 0.00011370096645821489 0.0
collapsible 0.0014781125639567935 0.0
color 0.0007959067652075042 0.017544309650909525
colspan 0.001023308698123934 0.14981227822866008
column 0.00034110289937464467 0.09097177820572679
columns 0.0005685048322910744 0.09097177820572679
com 0.0006822057987492893 0.11995931507897897
commons 0.00045480386583285955 0.0
community 0.00011370096645821489 0.0
community_portal 0.00011370096645821489 0.0
compact 0.0017055144968732233 0.8947845266531914
compactlinks 0.00011370096645821489 0.0
complications 0.00011370096645821489 0.0
comply 0.00011370096645821489 3.6463198396951406
computer 0.00045480386583285955 0.12981161152199053
computer_programming 0.00011370096645821489 1.0560526742493137
computer_science 0.00022740193291642978 0.5860490450035782
computing 0.00011370096645821489 0.3504829736908114
concurrency 0.00034110289937464467 1.8004931491968095
concurrency_ 0.00011370096645821489 2.665490586683414
concurrent 0.0006822057987492893 1.486835590341768
concurrent_computing 0.00011370096645821489 2.7990219793079367
concurrent_programming_languages 0.00011370096645821489 2.665490586683414
conference 0.00011370096645821489 0.9607424944449889
config 0.00022740193291642978 0.0
conflict 0.00011370096645821489 4.051784947803305
conflict_of_interest 0.00011370096645821489 4.74493212836325
conflicts 0.00034110289937464467 4.74493212836325
connection 0.00011370096645821489 2.665490586683414
connectivity 0.00011370096645821489 3.6463198396951406
consider 0.00011370096645821489 2.4423470353692043
construction 0.00011370096645821489 2.26002547857525
contact 0.00045480386583285955 0.0
contact_us 0.00022740193291642978 0.0
contactpage 0.00011370096645821489 0.0
container 0.0018192154633314382 0.0
containing 0.00011370096645821489 0.0
content 0.007731665719158613 0.0
contentinfo 0.00011370096645821489 0.0
contents 0.0014781125639567935 0.0
contentsub 0.00011370096645821489 0.0
context 0.00022740193291642978 0.0
contribute 0.00011370096645821489 0.0
contributions 0.00011370096645821489 0.0
contributor 0.00011370096645821489 3.1354942159291497
contributors 0.00022740193291642978 0.0
controls 0.00022740193291642978 0.0
conversion 0.00011370096645821489 0.0
cookie 0.0005685048322910744 0.0
cookie_statement 0.00011370096645821489 0.0
cookiestatement 0.00011370096645821489 0.0
copyright 0.00034110289937464467 0.0
copyrightico 0.00011370096645821489 0.0
could 0.00022740193291642978 1.0813704822336037
count 0.00022740193291642978 0.0
cpu 0.00011370096645821489 0.0
cputime 0.00011370096645821489 0.0
create 0.00045480386583285955 0.0
createaccount 0.00045480386583285955 0.0
creative 0.00011370096645821489 0.0
creativecommons 0.00022740193291642978 0.0
cross 0.00011370096645821489 0.0
crossorigin 0.00011370096645821489 0.0
csrftoken 0.00011370096645821489 0.0
current 0.00022740193291642978 0.0
current_events 0.00011370096645821489 0.0
currentevents 0.00011370096645821489 0.0
cutsem 0.00022740193291642978 4.74493212836325
cx 0.00022740193291642978 0.0
cycle 0.00011370096645821489 0.6844891178168307
d 0.00011370096645821489 0.06280090123903044
data 0.005230244457077885 0.0
date 0.00045480386583285955 0.08149303425118301
datemodified 0.00022740193291642978 0.0
datepublished 0.00022740193291642978 0.0
dave 0.00011370096645821489 4.051784947803305
de 0.00022740193291642978 0.2905848321097423
december 0.00011370096645821489 0.0
decimal 0.00011370096645821489 0.09097177820572679
decoding 0.00034110289937464467 0.11020314013361425
dedecker 0.00022740193291642978 4.74493212836325
deduplicate 0.00045480386583285955 0.017544309650909525
deduplicated 0.00034110289937464467 0.06280090123903044
def 0.00022740193291642978 2.26002547857525
define 0.00011370096645821489 1.449095262358921
deftype 0.00011370096645821489 4.051784947803305
delegation 0.00011370096645821489 3.3586377672433594
delete 0.00011370096645821489 0.9162907318741551
deployed 0.00011370096645821489 2.7990219793079367
depth 0.00034110289937464467 0.0
description 0.00011370096645821489 0.0
design 0.00011370096645821489 0.3141153295199365
designed 0.00011370096645821489 0.3504829736908114
desktoparticletarget 0.00034110289937464467 0.0
detection 0.00011370096645821489 0.0
developed 0.00011370096645821489 0.540239508972284
developer 0.00034110289937464467 0.0
developers 0.00022740193291642978 0.0
dir 0.00045480386583285955 0.0
disabled 0.0012507106310403638 0.0
disc 0.00011370096645821489 1.8004931491968095
discipline 0.00011370096645821489 0.8131064956389242
disclaimers 0.00022740193291642978 0.0
discover 0.00011370096645821489 3.6463198396951406
discovered 0.00022740193291642978 4.74493212836325
discuss 0.00034110289937464467 0.0
discussion 0.00022740193291642978 0.0
display 0.0005685048322910744 0.0
distributed 0.00022740193291642978 1.1895840668738364
div 0.02160318362706083 0.0
dmy 0.00011370096645821489 0.0
dns 0.00022740193291642978 0.0
dobasicsearch 0.00011370096645821489 1.377636298376776
doctype 0.00011370096645821489 0.0
document 0.00045480386583285955 0.0
documentelement 0.00034110289937464467 0.0
donate 0.00034110289937464467 0.0
donating 0.00011370096645821489 0.0
download 0.00045480386583285955 0.0
downloadaspdf 0.00011370096645821489 0.0
driven 0.00022740193291642978 2.1058747987479913
driven_programming 0.00011370096645821489 2.953172659135195
dropdown 0.0028425241614553724 0.0
dynamic 0.00045480386583285955 0.8947845266531914
dynamic_programming_languages 0.00011370096645821489 2.7990219793079367
e 0.0007959067652075042 0.0
e_ 0.00011370096645821489 3.6463198396951406
e_programming_language 0.00011370096645821489 4.74493212836325
each 0.00011370096645821489 0.8531118302526235
echo 0.00011370096645821489 0.0
ecmascript 0.00022740193291642978 2.26002547857525
ecmascript_harmony 0.00011370096645821489 4.74493212836325
ecoop 0.00011370096645821489 3.6463198396951406
ed 0.00011370096645821489 0.8131064956389242
edit 0.0028425241614553724 0.0
editable 0.00011370096645821489 0.0
edited 0.00011370096645821489 0.0
editing 0.00011370096645821489 0.0
editor 0.00022740193291642978 0.0
editors 0.00022740193291642978 0.0
editpage 0.00011370096645821489 0.0
edits 0.00022740193291642978 0.0
editsection 0.001023308698123934 0.0
edituri 0.00011370096645821489 0.0
eee 0.00034110289937464467 0.48225225132193467
element 0.0007959067652075042 0.0
ellipsis 0.00022740193291642978 0.0
elt 0.00045480386583285955 0.0
empty 0.0006822057987492893 0.0
emptyportlet 0.00022740193291642978 0.0
en 0.0036384309266628764 0.0
enabled 0.0012507106310403638 0.0
enables 0.00011370096645821489 1.911718784307034
encouraged 0.00045480386583285955 0.0
encyclopedia 0.00022740193291642978 0.0
end 0.00011370096645821489 0.0
english 0.00034110289937464467 0.0
enhancements 0.00011370096645821489 0.0721032939013439
entities 0.00011370096645821489 0.0
entity 0.00045480386583285955 0.0
entityaccesscount 0.00011370096645821489 0.0
entitypage 0.00022740193291642978 0.0
enwiki 0.00011370096645821489 0.0
enwikimwclientprefs 0.00011370096645821489 0.0
es6 0.00011370096645821489 0.0
esi 0.00022740193291642978 0.0
esitest 0.00011370096645821489 0.0
european 0.00011370096645821489 2.5477075510270306
event 0.0015918135304150084 0.0
eventlogging 0.00022740193291642978 0.0
events 0.00022740193291642978 0.0
exact 0.00011370096645821489 0.0
excessively 0.00011370096645821489 2.1799827709017134
exhibiting 0.00011370096645821489 4.74493212836325
exists 0.00011370096645821489 0.0
expand 0.00034110289937464467 0.0
expanded 0.00034110289937464467 0.008733679968754631
expansion 0.00022740193291642978 0.0
expansiondepth 0.00011370096645821489 0.0
expensive 0.00011370096645821489 0.0
expensivefunctioncount 0.00011370096645821489 0.0
experiment 0.00011370096645821489 3.6463198396951406
experimental 0.00045480386583285955 2.1799827709017134
experimental_programming_languages 0.00011370096645821489 3.3586377672433594
experimentation 0.00011370096645821489 4.74493212836325
expiry 0.00022740193291642978 0.0
export 0.00034110289937464467 0.0
ext 0.003183627060830017 0.0
extension 0.00011370096645821489 0.7375989431307791
extensions 0.00011370096645821489 0.8131064956389242
external 0.0014781125639567935 0.0
external_links 0.00045480386583285955 0.19105523676270922
extra 0.00011370096645821489 0.0
f 0.0007959067652075042 0.0
f28500 0.00011370096645821489 1.0072625100798818
f290b760 0.00011370096645821489 4.74493212836325
fa8a495983347898 0.00011370096645821489 0.0
facilitate 0.00011370096645821489 2.665490586683414
fallbacksearchbutton 0.00011370096645821489 0.0
false 0.0013644115974985787 0.0
favicon 0.00011370096645821489 0.0
fbfbfb 0.00011370096645821489 1.0072625100798818
fc3 0.00011370096645821489 1.0072625100798818
fe 0.00034110289937464467 4.74493212836325
feature 0.002387720295622513 0.0
featurename 0.00034110289937464467 0.0
features 0.00045480386583285955 0.38822330167365837
february 0.00011370096645821489 0.0
fee7e6 0.00011370096645821489 1.0072625100798818
feed 0.00022740193291642978 0.0
ffcbda386251 0.00011370096645821489 4.74493212836325
file 0.0011370096645821489 0.0
file_upload_wizard 0.00022740193291642978 0.0
filename 0.00022740193291642978 1.2484245668967697
filename_extension 0.00011370096645821489 1.3109449238781037
files 0.00011370096645821489 0.0
find 0.00022740193291642978 0.6177977433181585
find_sources_mainspace 0.00022740193291642978 2.7990219793079367
first 0.00022740193291642978 0.0
firstheading 0.00034110289937464467 0.0
float 0.00011370096645821489 0.06280090123903044
flush 0.0005685048322910744 0.0
font 0.0006822057987492893 0.017544309650909525
footer 0.002956225127913587 0.0
for 0.0013644115974985787 0.0
form 0.00034110289937464467 0.0
format 0.00011370096645821489 0.0
foundation 0.001023308698123934 0.0
founded 0.00011370096645821489 2.7990219793079367
free 0.00034110289937464467 0.0
from 0.0014781125639567935 0.0
full 0.0006822057987492893 0.044451762570833796
fulltext 0.00011370096645821489 0.0
function 0.0006822057987492893 0.0
fundraiserredirector 0.00011370096645821489 0.0
further 0.00011370096645821489 0.7375989431307791
futuremessage 0.00011370096645821489 4.74493212836325
futures 0.00045480386583285955 3.3586377672433594
futures_and_promises 0.00011370096645821489 4.051784947803305
g 0.00022740193291642978 0.0
gadget 0.00045480386583285955 0.0
gehomepagesuggestededitsenabletopics 0.00011370096645821489 0.0
general_disclaimer 0.00011370096645821489 0.0
generator 0.00011370096645821489 0.0
geoip 0.00011370096645821489 0.0
get 0.00011370096645821489 1.2791962255635234
getname 0.00022740193291642978 4.74493212836325
globalcssjs 0.00022740193291642978 0.0
go 0.00045480386583285955 0.0
google 0.0006822057987492893 0.540239508972284
googpub 0.00022740193291642978 0.0
greek 0.00022740193291642978 0.09097177820572679
greet 0.00022740193291642978 3.6463198396951406
greeter 0.00045480386583285955 3.6463198396951406
greeters 0.00011370096645821489 4.74493212836325
group 0.00045480386583285955 0.0
growthexperiments 0.00011370096645821489 0.0
guidance 0.00011370096645821489 0.0
guides 0.00011370096645821489 0.0
h 0.00022740193291642978 0.0
h1 0.00022740193291642978 0.0
h2 0.0009096077316657191 0.0
hack 0.0006822057987492893 0.0
harmony 0.00022740193291642978 3.1354942159291497
has 0.00034110289937464467 0.0
haspopup 0.0005685048322910744 0.0
have 0.00034110289937464467 0.6340582641899388
head 0.00034110289937464467 0.0
header 0.003297328027288232 0.0
heading 0.0026151222285389427 0.0
headline 0.0005685048322910744 0.0
height 0.0017055144968732233 0.0
hello 0.0007959067652075042 1.1340142157190256
hello_world 0.00045480386583285955 2.1058747987479913
help 0.0018192154633314382 0.0
here 0.00011370096645821489 0.0
hidden 0.0014781125639567935 0.0
hide 0.0009096077316657191 0.0
highest 0.00011370096645821489 0.0
highlight 0.00022740193291642978 0.6177977433181585
highly 0.00011370096645821489 2.5477075510270306
history 0.0006822057987492893 0.0
hoc 0.00022740193291642978 2.665490586683414
hondt 0.00011370096645821489 4.74493212836325
hor 0.00022740193291642978 0.0
hosted 0.00011370096645821489 0.0
how 0.001023308698123934 0.0
however 0.0005685048322910744 0.0
href 0.017509948834565095 0.0
hreflang 0.00022740193291642978 0.11020314013361425
html 0.0005685048322910744 0.0
http 0.0007959067652075042 0.0
https 0.0027288231949971573 0.0
hub 0.00011370096645821489 0.0
i 0.0019329164297896533 0.008733679968754631
ico 0.00011370096645821489 0.0
icon 0.0038658328595793066 0.0
icons 0.00045480386583285955 0.0
id 0.014212620807276862 0.0
idhash 0.00011370096645821489 0.0
if 0.00034110289937464467 0.0
image 0.0013644115974985787 0.0
imageobject 0.00022740193291642978 0.0
imageright 0.00022740193291642978 0.8329091229351039
images 0.0013644115974985787 0.0
img 0.001023308698123934 0.0
implement 0.00011370096645821489 0.0
implementation 0.00011370096645821489 0.5705448584676129
implementations 0.00011370096645821489 0.8531118302526235
implemented 0.00011370096645821489 1.0072625100798818
import 0.00011370096645821489 2.7990219793079367
important 0.0005685048322910744 0.7018808605286999
improve 0.00022740193291642978 0.9382696385929302
improvements 0.00011370096645821489 0.0
in 0.0028425241614553724 0.0
inc 0.00034110289937464467 0.0
include 0.00045480386583285955 0.0
including 0.00011370096645821489 0.7375989431307791
independent 0.00011370096645821489 1.377636298376776
index 0.0026151222285389427 0.0
indicators 0.00011370096645821489 0.0
influence 0.00011370096645821489 2.26002547857525
influenced 0.00034110289937464467 0.454472687214859
info 0.0005685048322910744 0.0
infobox 0.004775440591245026 0.21233263520999412
infobox_programming_language 0.00022740193291642978 0.37548427589622857
infobox_software 0.00022740193291642978 1.0313600616589422
information 0.00034110289937464467 0.0
infrastructure 0.00011370096645821489 2.1058747987479913
inherit 0.00011370096645821489 0.035401927050916
init 0.00034110289937464467 0.0
inline 0.00034110289937464467 0.035401927050916
inner 0.00022740193291642978 0.0
input 0.0013644115974985787 0.0
inside 0.00022740193291642978 0.0721032939013439
interaction 0.00034110289937464467 0.0
interest 0.00045480386583285955 1.9723434061234688
interface 0.00034110289937464467 0.0
interlanguage 0.001023308698123934 0.0
intermittent 0.00011370096645821489 4.74493212836325
interpretation 0.00011370096645821489 2.4423470353692043
interpreter 0.00034110289937464467 1.486835590341768
interwiki 0.00022740193291642978 0.11020314013361425
introduction 0.00034110289937464467 0.0
ip 0.00022740193291642978 0.0
is 0.001023308698123934 0.0
issues 0.0009096077316657191 1.3109449238781037
it 0.0011370096645821489 0.0
item 0.006367254121660034 0.0
items 0.00011370096645821489 0.0
its 0.00022740193291642978 0.25629575863111026
j 0.00034110289937464467 0.0
january 0.00022740193291642978 0.0
java 0.00034110289937464467 0.8947845266531914
java_ 0.00011370096645821489 1.1073459686368643
jessie 0.00011370096645821489 4.74493212836325
jquery 0.00034110289937464467 0.0
js 0.00034110289937464467 0.0
json 0.00022740193291642978 0.0
jstor 0.00022740193291642978 1.377636298376776
july 0.001023308698123934 0.0
jump 0.00022740193291642978 0.0
june 0.00011370096645821489 0.0
k 0.0006822057987492893 0.0
kc 0.00011370096645821489 3.1354942159291497
key 0.00011370096645821489 0.0
keyworded 0.00011370096645821489 4.74493212836325
lab 0.00011370096645821489 2.1058747987479913
label 0.006480955088118249 0.0
labelledby 0.00011370096645821489 0.0
laboratory 0.00011370096645821489 1.8545603704670854
lacking 0.0006822057987492893 1.486835590341768
landmark 0.00045480386583285955 0.0
lang 0.002046617396247868 0.0
langlinks 0.00022740193291642978 0.0
language 0.0035247299602046618 0.0
languages 0.0022740193291642978 0.0
largely 0.00011370096645821489 2.1058747987479913
last 0.00011370096645821489 0.0
lastmod 0.00011370096645821489 0.0
lazy 0.00022740193291642978 0.0
ld 0.00022740193291642978 0.0
learn 0.001023308698123934 0.0
lecture 0.00011370096645821489 2.26002547857525
left 0.0015918135304150084 0.0
level 0.00045480386583285955 0.0
levels 0.00011370096645821489 0.0
li 0.015122228538942581 0.0
library 0.00011370096645821489 0.6340582641899388
license 0.0007959067652075042 0.0
licenses 0.00022740193291642978 0.0
life 0.00011370096645821489 0.6340582641899388
like 0.00011370096645821489 0.41419878807691896
limit 0.0012507106310403638 0.0
limited 0.00045480386583285955 0.0
limitreport 0.00034110289937464467 0.0
line 0.00022740193291642978 0.10054122922187746
link 0.004206935758953951 0.0
linked 0.00011370096645821489 0.0
links 0.002160318362706083 0.0
list 0.008641273450824332 0.0
listbullet 0.00034110289937464467 0.0
little 0.00011370096645821489 2.26002547857525
load 0.00034110289937464467 0.0
loaded 0.00011370096645821489 0.0
loader 0.00011370096645821489 0.0
loading 0.00034110289937464467 0.0
loc 0.00011370096645821489 0.0
log 0.0007959067652075042 0.0
logged 0.00022740193291642978 0.0
logic 0.00011370096645821489 1.449095262358921
login 0.0005685048322910744 0.0
logo 0.0007959067652075042 0.0
loop 0.00011370096645821489 1.2791962255635234
lower 0.0006822057987492893 0.09097177820572679
lt 0.00011370096645821489 0.9382696385929302
ltr 0.001023308698123934 0.0
lua 0.00022740193291642978 0.008733679968754631
m 0.00022740193291642978 0.0
made 0.00011370096645821489 0.0
main 0.002956225127913587 0.0
main_page 0.00022740193291642978 0.0
mainentity 0.00022740193291642978 0.0
mainpage 0.00011370096645821489 0.0
maintenance 0.0007959067652075042 0.9382696385929302
maintenance_template_removal 0.00045480386583285955 1.0813704822336037
major 0.00022740193291642978 0.8131064956389242
makecollapsible 0.00034110289937464467 0.42744401482693967
makegreeter 0.00034110289937464467 4.74493212836325
mandatory 0.00045480386583285955 0.0
march 0.00011370096645821489 0.0
margin 0.0018192154633314382 0.017544309650909525
match 0.00011370096645821489 0.0
max 0.00022740193291642978 0.0
may 0.00034110289937464467 0.0
mbox 0.0028425241614553724 1.0072625100798818
meant 0.00011370096645821489 2.4423470353692043
media 0.00034110289937464467 0.0
mediawiki 0.001023308698123934 0.0
memory 0.00011370096645821489 0.008733679968754631
memusage 0.00011370096645821489 0.008733679968754631
menu 0.011256395679363275 0.0
message 0.0005685048322910744 0.0
messages 0.00022740193291642978 1.6538896750049343
meta 0.0013644115974985787 0.0
metadata 0.00034110289937464467 0.6017974019717174
method 0.00011370096645821489 1.3109449238781037
meuter 0.00022740193291642978 4.74493212836325
min 0.00022740193291642978 0.12981161152199053
minerva 0.0009096077316657191 0.13976194237515863
mit 0.00011370096645821489 1.2484245668967697
mmv 0.00022740193291642978 0.11020314013361425
mobile 0.0005685048322910744 0.0
mobile_ad_hoc_networks 0.00011370096645821489 4.74493212836325
mobileaction 0.00011370096645821489 0.0
mobileview 0.00011370096645821489 0.0
model 0.00022740193291642978 0.8737311174553593
module 0.00011370096645821489 0.0
modules 0.00034110289937464467 0.0
more 0.0015918135304150084 0.0
mostinckx 0.00022740193291642978 4.74493212836325
move 0.00022740193291642978 0.0
moved 0.00011370096645821489 0.0
ms 0.00011370096645821489 0.0
multiple 0.0007959067652075042 0.7936884097818228
multiple_issues 0.00045480386583285955 2.1058747987479913
mw 0.028993746446844798 0.0
mw1432 0.00011370096645821489 4.051784947803305
mw2352 0.00022740193291642978 4.74493212836325
mycontributions 0.00011370096645821489 0.0
myname 0.00034110289937464467 4.74493212836325
mytalk 0.00011370096645821489 0.0
n 0.0015918135304150084 0.0
name 0.0038658328595793066 0.0
namespace 0.00011370096645821489 2.4423470353692043
namespaces 0.00011370096645821489 0.0
nav 0.0015918135304150084 0.0
navbar 0.00011370096645821489 0.06280090123903044
navigation 0.0012507106310403638 0.0
navigationtiming 0.00011370096645821489 0.0
nb 0.0007959067652075042 0.8531118302526235
nc 0.00011370096645821489 1.911718784307034
nearby 0.00011370096645821489 0.0
network 0.00022740193291642978 1.7004096906398272
networks 0.00034110289937464467 3.1354942159291497
neutral 0.00022740193291642978 2.665490586683414
neutral_point_of_view 0.00011370096645821489 2.953172659135195
new 0.001023308698123934 0.14981227822866008
newpp 0.00011370096645821489 0.0
news 0.00011370096645821489 0.5552773863368246
newspapers 0.00011370096645821489 1.377636298376776
nf 0.00011370096645821489 1.3437347467010947
nn 0.00011370096645821489 2.3470368555648795
no 0.00045480386583285955 0.0
no_original_research 0.00022740193291642978 2.03688192726104
node 0.00011370096645821489 0.0
nofollow 0.0011370096645821489 0.0
noicon 0.0005685048322910744 0.0
nojs 0.00011370096645821489 0.0
non 0.00011370096645821489 0.0
none 0.0013644115974985787 0.0
noprint 0.00034110289937464467 0.0
normal 0.00022740193291642978 0.0
noscript 0.00045480386583285955 0.0
nosnippet 0.00011370096645821489 0.0
not 0.0005685048322910744 0.0
notes 0.00011370096645821489 1.2185716037470886
notice 0.00011370096645821489 0.0
november 0.00011370096645821489 0.0
nowrap 0.00011370096645821489 0.05358424613410626
ns 0.00022740193291642978 0.0
nstab 0.00011370096645821489 0.0
null 0.00011370096645821489 0.0
numb 0.00034110289937464467 0.0
number 0.00011370096645821489 0.0
nv 0.0019329164297896533 0.3141153295199365
nws 0.00011370096645821489 1.377636298376776
o 0.001023308698123934 0.0
object 0.0012507106310403638 0.5254244231871433
object_oriented_programming 0.00011370096645821489 4.74493212836325
objects 0.00011370096645821489 1.0560526742493137
october 0.00011370096645821489 0.0
of 0.002956225127913587 0.0
official 0.00011370096645821489 0.8737311174553593
og 0.00022740193291642978 0.0
ol 0.00034110289937464467 0.035401927050916
oldid 0.00034110289937464467 0.0
on 0.0017055144968732233 0.0
only 0.00045480386583285955 0.0
open 0.00011370096645821489 0.7018808605286999
opensearch_desc 0.00011370096645821489 0.0
opensearchdescription 0.00011370096645821489 0.0
operating 0.00022740193291642978 0.41419878807691896
operating_system 0.00022740193291642978 0.5108256237659907
options 0.0005685048322910744 0.0
or 0.00045480386583285955 0.0
org 0.005912450255827174 0.0
organiser 0.00011370096645821489 0.9382696385929302
organization 0.0005685048322910744 0.0
oriented 0.0007959067652075042 0.6505875661411494
oriented_programming 0.00011370096645821489 1.0313600616589422
origin 0.0005685048322910744 0.0
original 0.00022740193291642978 0.3022808718729337
os 0.00011370096645821489 0.6177977433181585
other 0.0005685048322910744 0.0
out 0.00022740193291642978 0.0
output 0.006139852188743604 0.0
overflow 0.00034110289937464467 0.0
oʻzbekcha 0.00011370096645821489 1.749199854809259
p 0.007276861853325753 0.0
padding 0.0007959067652075042 0.017544309650909525
page 0.0053439454235361 0.0
pagelanguagecode 0.00011370096645821489 0.0
pagelanguagedir 0.00011370096645821489 0.0
pages 0.0007959067652075042 0.0
pagevariantfallbacks 0.00011370096645821489 0.0
panel 0.00045480386583285955 0.0
paradigm 0.00022740193291642978 0.5705448584676129
parse 0.00011370096645821489 2.7990219793079367
parsed 0.00011370096645821489 0.0
parser 0.006367254121660034 0.0
particularly 0.00011370096645821489 2.03688192726104
past 0.00011370096645821489 0.0
patroltoken 0.00011370096645821489 0.0
pcache 0.00011370096645821489 0.0
pdf 0.00022740193291642978 0.0
permalink 0.00011370096645821489 0.0
permanent 0.00022740193291642978 0.0
personal 0.0005685048322910744 0.0
php 0.003183627060830017 0.0
pin 0.00022740193291642978 0.0
pinnable 0.0013644115974985787 0.0
pinned 0.0011370096645821489 0.0
placeholder 0.00011370096645821489 0.0
places 0.001023308698123934 0.0
plainlinks 0.00045480386583285955 0.20163734609324613
platform 0.00034110289937464467 0.5552773863368246
platforms 0.00011370096645821489 1.3437347467010947
please 0.00034110289937464467 0.9837320126696876
png 0.002160318362706083 0.0
point 0.00022740193291642978 0.9162907318741551
policies 0.00011370096645821489 4.051784947803305
policy 0.00022740193291642978 0.0
popups 0.00011370096645821489 0.0
portal 0.00034110289937464467 0.0
portlet 0.003069926094371802 0.0
position 0.00011370096645821489 0.0
possible 0.00034110289937464467 1.2791962255635234
post 0.00022740193291642978 0.0
postexpandincludesize 0.00011370096645821489 0.0
powered 0.00011370096645821489 0.0
poweredby_mediawiki_132x47 0.00011370096645821489 0.0
poweredby_mediawiki_176x62 0.00011370096645821489 0.0
poweredby_mediawiki_88x31 0.00011370096645821489 0.0
poweredbyico 0.00011370096645821489 0.0
pp 0.00011370096645821489 0.9382696385929302
ppvisitednodes 0.00011370096645821489 0.0
pre 0.00045480386583285955 0.40112670650956617
preconnect 0.00011370096645821489 0.11020314013361425
prefetch 0.00022740193291642978 0.0
preprocessor 0.00011370096645821489 0.0
presentation 0.00034110289937464467 0.6177977433181585
preview 0.00011370096645821489 0.0
primarily 0.00011370096645821489 1.911718784307034
primary 0.00034110289937464467 1.449095262358921
primary_sources 0.00045480386583285955 2.26002547857525
print 0.00022740193291642978 0.0
print_export 0.00034110289937464467 0.0
printable 0.00034110289937464467 0.0
printfooter 0.00011370096645821489 0.0
println 0.00022740193291642978 4.051784947803305
privacy 0.00034110289937464467 0.0
privacy_policy 0.00022740193291642978 0.0
proceedings 0.00011370096645821489 1.2484245668967697
profit 0.00011370096645821489 0.0
program 0.00022740193291642978 0.41419878807691896
programming 0.004434337691870381 0.0
programming_language 0.0005685048322910744 0.08149303425118301
programming_language_implementation 0.00011370096645821489 1.377636298376776
programming_paradigm 0.00011370096645821489 0.5860490450035782
programs 0.00011370096645821489 0.6340582641899388
progressive 0.00034110289937464467 0.0
projects 0.00022740193291642978 0.0
promises 0.00011370096645821489 3.6463198396951406
property 0.00022740193291642978 0.0
protection 0.00011370096645821489 0.9162907318741551
prototype 0.0011370096645821489 2.1799827709017134
provides 0.00011370096645821489 0.9162907318741551
pt 0.0006822057987492893 0.0
publisher 0.00022740193291642978 0.0
push 0.00034110289937464467 0.0
pygments 0.00022740193291642978 0.6177977433181585
q 0.0007959067652075042 0.0
q4741415 0.0007959067652075042 4.74493212836325
query 0.00011370096645821489 1.0813704822336037
question 0.00011370096645821489 1.6538896750049343
question_book 0.0007959067652075042 1.3437347467010947
quick 0.00011370096645821489 0.0
quiet 0.0006822057987492893 0.0
quot 0.0011370096645821489 0.9837320126696876
r 0.00022740193291642978 0.0
r1011085734 0.00011370096645821489 0.09097177820572679
r1066479718 0.00022740193291642978 0.21233263520999412
r1086701767 0.00011370096645821489 2.1058747987479913
r1097763485 0.00034110289937464467 1.0072625100798818
random 0.00022740193291642978 0.0
randomly 0.00011370096645821489 0.0
randompage 0.00011370096645821489 0.0
raw 0.00011370096645821489 0.0
re 0.00022740193291642978 0.0
read 0.00022740193291642978 0.0
ready 0.002160318362706083 0.0
real 0.00011370096645821489 0.0
recent 0.00034110289937464467 0.0
recentchanges 0.00034110289937464467 0.0
recentchangeslinked 0.00022740193291642978 0.0
recursion 0.00011370096645821489 0.0
redirect 0.0007959067652075042 0.008733679968754631
reduced 0.00011370096645821489 0.0
reference 0.00022740193291642978 0.035401927050916
references 0.0019329164297896533 0.008733679968754631
referencetooltips 0.00011370096645821489 0.0
referrer 0.00034110289937464467 0.0
reflection 0.00011370096645821489 2.26002547857525
reflection_ 0.00011370096645821489 2.665490586683414
reflective 0.00011370096645821489 2.665490586683414
reflist 0.0017055144968732233 0.09097177820572679
registered 0.00011370096645821489 0.0
rel 0.0034110289937464467 0.0
related 0.00022740193291642978 0.0
release 0.00022740193291642978 0.49643688631389105
reliable 0.0006822057987492893 0.8947845266531914
relies 0.00011370096645821489 1.911718784307034
removal 0.00045480386583285955 1.0313600616589422
remove 0.00045480386583285955 0.9382696385929302
rendering 0.00011370096645821489 0.0
replace 0.00011370096645821489 0.0
report 0.00022740193291642978 0.0
representative 0.00011370096645821489 4.051784947803305
require 0.00022740193291642978 0.0
research 0.00022740193291642978 0.7018808605286999
resourceloaderdynamicstyles 0.00011370096645821489 0.0
retrieved 0.00011370096645821489 0.0
returnto 0.00045480386583285955 0.0
revision 0.00022740193291642978 0.0
revisions 0.00011370096645821489 0.0
right 0.00034110289937464467 0.0
rl 0.00011370096645821489 0.0
rlconf 0.00011370096645821489 0.0
rlpagemodules 0.00011370096645821489 0.0
rlq 0.0006822057987492893 0.0
rlstate 0.00011370096645821489 0.0
robots 0.00011370096645821489 0.0
role 0.0019329164297896533 0.0
roman 0.00045480386583285955 0.09097177820572679
rootpage 0.00011370096645821489 0.0
row 0.0011370096645821489 0.12981161152199053
rsd 0.00022740193291642978 0.0
run 0.00011370096645821489 0.7018808605286999
s 0.0012507106310403638 0.0
sa 0.00022740193291642978 0.0
sameas 0.00022740193291642978 0.0
saved 0.00011370096645821489 0.0
scales 0.00011370096645821489 4.74493212836325
schema 0.00022740193291642978 0.0
scheme 0.00022740193291642978 2.5477075510270306
scheme_ 0.00011370096645821489 2.7990219793079367
scholar 0.00034110289937464467 1.3109449238781037
science 0.00034110289937464467 0.3504829736908114
scope 0.0011370096645821489 0.11995931507897897
screen 0.00022740193291642978 0.0
scribunto 0.00011370096645821489 0.008733679968754631
script 0.0015918135304150084 0.0
scripts 0.00011370096645821489 0.0
seamless 0.00011370096645821489 4.74493212836325
search 0.0035247299602046618 0.0
searchbutton 0.00045480386583285955 0.0
searchform 0.00011370096645821489 0.0
searchinput 0.00011370096645821489 0.0
secondary 0.00011370096645821489 1.5260563034950492
seconds 0.00034110289937464467 0.0
section 0.0006822057987492893 0.0
selected 0.00045480386583285955 0.0
selector 0.00011370096645821489 0.0
self 0.0005685048322910744 1.749199854809259
self_ 0.00022740193291642978 4.051784947803305
sentences 0.00011370096645821489 0.0
separate 0.00011370096645821489 1.3109449238781037
september 0.00011370096645821489 0.0
serve 0.00011370096645821489 3.1354942159291497
set 0.00034110289937464467 0.0
sharealike 0.00011370096645821489 0.0
sharealike_3 0.00011370096645821489 0.0
show 0.00034110289937464467 0.0
sidebar 0.0012507106310403638 0.0
simple 0.00022740193291642978 0.6017974019717174
simplesearch 0.00011370096645821489 0.0
site 0.0006822057987492893 0.0
sitedir 0.00011370096645821489 0.0
sitelinks 0.00011370096645821489 0.0
sitenotice 0.00022740193291642978 0.0
sitesub 0.00011370096645821489 0.0
sitesupport 0.00011370096645821489 0.0
size 0.0011370096645821489 0.0
sizing 0.00011370096645821489 0.25629575863111026
skin 0.0015918135304150084 0.0
skins 0.0006822057987492893 0.0
small 0.0013644115974985787 0.0721032939013439
smalltalk 0.0006822057987492893 1.8545603704670854
soft 0.00034110289937464467 3.3586377672433594
software 0.0007959067652075042 0.08149303425118301
software_design 0.00011370096645821489 0.5705448584676129
software_developer 0.00011370096645821489 0.9382696385929302
software_license 0.00011370096645821489 1.0072625100798818
software_platform 0.00011370096645821489 3.6463198396951406
software_release_life_cycle 0.00011370096645821489 0.7018808605286999
solid 0.0009096077316657191 0.2340726218464
source 0.00011370096645821489 0.49643688631389105
sources 0.00034110289937464467 0.6177977433181585
space 0.00011370096645821489 0.11995931507897897
span 0.05105173393973849 0.0
spawn 0.00022740193291642978 3.3586377672433594
special 0.0025014212620807275 0.0
specialpages 0.00022740193291642978 0.0
speedy 0.00011370096645821489 1.0072625100798818
springer 0.00011370096645821489 1.911718784307034
src 0.0012507106310403638 0.0
srcset 0.0005685048322910744 0.0
stable 0.00011370096645821489 0.7195804376281008
standard 0.00022740193291642978 0.0
start 0.00022740193291642978 0.0
startup 0.00022740193291642978 0.0
statement 0.00011370096645821489 0.0
static 0.0014781125639567935 0.0
statistics 0.00011370096645821489 0.0
stats 0.00011370096645821489 0.0
statslink 0.00011370096645821489 0.0
status 0.00011370096645821489 0.0
sticky 0.00022740193291642978 0.0
stijn 0.00011370096645821489 4.74493212836325
stopmobileredirecttoggle 0.00011370096645821489 0.0
strong 0.00011370096645821489 0.8737311174553593
strongly 0.00022740193291642978 1.8004931491968095
structured 0.00011370096645821489 0.0
style 0.0037521318931210915 0.0
styles 0.0013644115974985787 0.0
stylesheet 0.00022740193291642978 0.0
subbox 0.00011370096645821489 0.21233263520999412
subheader 0.00011370096645821489 0.21233263520999412
subject 0.00022740193291642978 0.0
sublist 0.00034110289937464467 0.0
submit 0.00022740193291642978 0.0
subtitle 0.00011370096645821489 0.0
suggestededitsession 0.00011370096645821489 0.0
summary 0.00011370096645821489 0.19105523676270922
sup 0.00022740193291642978 0.0721032939013439
support 0.00022740193291642978 0.0
svg 0.0026151222285389427 0.0
switcher 0.00011370096645821489 0.0
symbiosis 0.00011370096645821489 4.74493212836325
system 0.0006822057987492893 0.11020314013361425
t 0.0014781125639567935 0.0
tab 0.0005685048322910744 0.0
tabindex 0.00022740193291642978 0.0
table 0.0014781125639567935 0.0
tabs 0.00022740193291642978 0.0
tagline 0.00034110289937464467 0.0
tags 0.00011370096645821489 0.0
talk 0.0011370096645821489 0.0
target 0.00034110289937464467 0.0
targeted 0.00011370096645821489 2.7990219793079367
targetloader 0.00011370096645821489 0.0
tb 0.00034110289937464467 0.0
tbm 0.00022740193291642978 1.377636298376776
tbody 0.0009096077316657191 0.044451762570833796
tbs 0.00034110289937464467 1.377636298376776
td 0.005002842524161455 0.044451762570833796
technology 0.00011370096645821489 0.7195804376281008
telephone 0.00011370096645821489 0.0
template 0.003183627060830017 0.0
templateargumentsize 0.00011370096645821489 0.0
templatestyles 0.0007959067652075042 0.017544309650909525
terms 0.00022740193291642978 0.0
terms_of_use 0.00011370096645821489 0.0
tertiary 0.00011370096645821489 2.1058747987479913
text 0.003979533826037522 0.0
text_of_the_creative_commons_attribution 0.00011370096645821489 0.0
th 0.002956225127913587 0.11995931507897897
that 0.00045480386583285955 0.18058393689541388
the 0.0038658328595793066 0.0
their 0.00022740193291642978 0.7559480817989758
them 0.00011370096645821489 0.9837320126696876
these 0.00022740193291642978 0.6340582641899388
this 0.003069926094371802 0.0
thomas 0.00011370096645821489 2.1799827709017134
thumb 0.001023308698123934 0.12981161152199053
thumbnail 0.00011370096645821489 0.0
time 0.0005685048322910744 0.0
timestamp 0.00022740193291642978 0.0
timeusage 0.00011370096645821489 0.008733679968754631
timingprofile 0.00011370096645821489 0.0
title 0.01580443433769187 0.0
titlebar 0.0009096077316657191 0.0
titleform 0.00011370096645821489 0.0
to 0.003979533826037522 0.0
toc 0.006935758953951108 0.0
toggle 0.001023308698123934 0.0
toggle_view_mobile 0.00011370096645821489 0.0
tokens 0.00011370096645821489 0.0
tom 0.00011370096645821489 1.911718784307034
toolbar 0.00034110289937464467 0.0
tools 0.001023308698123934 0.0
top 0.0006822057987492893 0.0
total 0.00022740193291642978 0.0
touch 0.00022740193291642978 0.0
tr 0.005002842524161455 0.044451762570833796
trademark 0.00011370096645821489 0.0
trait 0.00011370096645821489 4.051784947803305
trait_ 0.00011370096645821489 4.74493212836325
traits 0.00011370096645821489 4.051784947803305
transclusion 0.00011370096645821489 0.0
transientcontent 0.00011370096645821489 0.0
transparent 0.00022740193291642978 0.06280090123903044
triggered 0.00011370096645821489 0.0
true 0.0025014212620807275 0.0
ttl 0.00011370096645821489 0.0
type 0.004206935758953951 0.0
type_system 0.00022740193291642978 0.7746402148111283
typed 0.00011370096645821489 1.0313600616589422
typed_programming_language 0.00011370096645821489 3.1354942159291497
types 0.00011370096645821489 0.7375989431307791
typing 0.00011370096645821489 0.7018808605286999
u 0.00022740193291642978 0.0
ui 0.006026151222285389 0.0
ul 0.005002842524161455 0.0
uls 0.0005685048322910744 0.0
unbalanced 0.00011370096645821489 4.051784947803305
unbalanced_scales 0.0006822057987492893 4.74493212836325
under 0.00011370096645821489 0.0
universiteit 0.00022740193291642978 3.3586377672433594
university 0.00011370096645821489 0.8947845266531914
unpin 0.00022740193291642978 0.0
unpinned 0.00022740193291642978 0.0
unstrip 0.00045480386583285955 0.0
upload 0.0017055144968732233 0.0
upper 0.00045480386583285955 0.09097177820572679
url 0.00045480386583285955 0.0
us 0.00022740193291642978 0.0
usage 0.00045480386583285955 0.0
use 0.00034110289937464467 0.0
uselang 0.00011370096645821489 0.0
user 0.003069926094371802 0.0
useradd 0.00022740193291642978 0.0
userlogin 0.00022740193291642978 0.0
using 0.00011370096645821489 0.0
utc 0.00011370096645821489 0.0
utf 0.00011370096645821489 0.0
utm_campaign 0.00011370096645821489 0.0
utm_medium 0.00011370096645821489 0.0
utm_source 0.00011370096645821489 0.0
ux 0.00011370096645821489 0.08149303425118301
uz 0.00045480386583285955 1.749199854809259
uzbek 0.00011370096645821489 1.749199854809259
value 0.0014781125639567935 0.0
van 0.00022740193291642978 2.1058747987479913
var 0.00022740193291642978 0.0
variant 0.00011370096645821489 0.0
variants 0.0006822057987492893 0.0
various 0.00011370096645821489 1.377636298376776
ve 0.00011370096645821489 0.0
vector 0.025923820352472995 0.0
verifiability 0.00022740193291642978 1.2185716037470886
verlag 0.00011370096645821489 2.665490586683414
version 0.00034110289937464467 0.0
very 0.00011370096645821489 0.9607424944449889
vevent 0.00011370096645821489 0.22314355131420976
vi 0.00011370096645821489 1.6094379124341003
view 0.0011370096645821489 0.0
viewport 0.00011370096645821489 0.0
views 0.00034110289937464467 0.0
visit 0.00022740193291642978 0.0
visited 0.00011370096645821489 0.0
visualeditor 0.00045480386583285955 0.0
vol 0.00011370096645821489 1.449095262358921
volatile 0.00011370096645821489 4.051784947803305
vrije 0.00022740193291642978 4.051784947803305
vrije_universiteit_brussel 0.00011370096645821489 4.74493212836325
vub 0.00034110289937464467 4.051784947803305
vue 0.00022740193291642978 0.0
w 0.01023308698123934 0.0
walltime 0.00011370096645821489 0.0
was 0.00022740193291642978 0.0
watchlist 0.00011370096645821489 0.0
watchtoken 0.00011370096645821489 0.0
wb 0.00022740193291642978 0.0
wbc 0.00011370096645821489 0.0
wc 0.00011370096645821489 1.3437347467010947
we 0.00011370096645821489 1.4127276181880462
website 0.00022740193291642978 0.0
wgaction 0.00011370096645821489 0.0
wgarticleid 0.00011370096645821489 0.0
wgbackendresponsetime 0.00011370096645821489 0.0
wgbreakframes 0.00011370096645821489 0.0
wgcanonicalnamespace 0.00011370096645821489 0.0
wgcanonicalspecialpagename 0.00011370096645821489 0.0
wgcategories 0.00011370096645821489 0.0
wgcentralauthmobiledomain 0.00011370096645821489 0.0
wgcspnonce 0.00011370096645821489 0.0
wgcurrevisionid 0.00011370096645821489 0.0
wgdefaultdateformat 0.00011370096645821489 0.0
wgdigittransformtable 0.00011370096645821489 0.0
wgeditsubmitbuttonlabelpublish 0.00011370096645821489 0.0
wgflaggedrevsparams 0.00011370096645821489 0.0
wggestructuredtaskrejectionreasontextinputenabled 0.00011370096645821489 0.0
wggetopicsmatchmodeenabled 0.00011370096645821489 0.0
wghostname 0.00011370096645821489 0.0
wgisarticle 0.00011370096645821489 0.0
wgisprobablyeditable 0.00011370096645821489 0.0
wgisredirect 0.00011370096645821489 0.0
wgmediaviewerenabledbydefault 0.00011370096645821489 0.0
wgmediavieweronclick 0.00011370096645821489 0.0
wgmfdisplaywikibasedescriptions 0.00011370096645821489 0.0
wgmonthnames 0.00011370096645821489 0.0
wgnamespacenumber 0.00011370096645821489 0.0
wgnoticeproject 0.00011370096645821489 0.0
wgpagecontentlanguage 0.00011370096645821489 0.0
wgpagecontentmodel 0.00011370096645821489 0.0
wgpagename 0.00011370096645821489 0.0
wgpageparsereport 0.00011370096645821489 0.0
wgpopupsflags 0.00011370096645821489 0.0
wgrelevantarticleid 0.00011370096645821489 0.0
wgrelevantpageisprobablyeditable 0.00011370096645821489 0.0
wgrelevantpagename 0.00011370096645821489 0.0
wgrequestid 0.00011370096645821489 0.0
wgrestrictionedit 0.00011370096645821489 0.0
wgrestrictionmove 0.00011370096645821489 0.0
wgrevisionid 0.00011370096645821489 0.0
wgseparatortransformtable 0.00011370096645821489 0.0
wgtitle 0.00011370096645821489 0.0
wgulscurrentautonym 0.00011370096645821489 0.0
wgulsiscompactlinksenabled 0.00011370096645821489 0.0
wgulsislanguageselectorempty 0.00011370096645821489 0.0
wgulsposition 0.00011370096645821489 0.0
wgusergroups 0.00011370096645821489 0.0
wgusername 0.00011370096645821489 0.0
wgvector2022previewpages 0.00011370096645821489 0.0
wgvisualeditor 0.00011370096645821489 0.0
wgwikibaseitemid 0.00011370096645821489 0.0
wgwmepagelength 0.00011370096645821489 0.0
wgwmeschemaeditattemptstepoversample 0.00011370096645821489 0.0
what 0.00011370096645821489 0.0
whatlinkshere 0.00022740193291642978 0.0
when 0.0014781125639567935 0.0
whenever 0.00011370096645821489 2.7990219793079367
which 0.00022740193291642978 0.3022808718729337
white 0.00011370096645821489 0.12981161152199053
width 0.0036384309266628764 0.0
wiki 0.01159749857873792 0.0
wikibase 0.00045480386583285955 0.0
wikidata 0.0009096077316657191 0.0
wikimedia 0.004320636725412166 0.0
wikimediabadges 0.00011370096645821489 0.0
wikimediaevents 0.00011370096645821489 0.0
wikimediafoundation 0.00022740193291642978 0.0
wikipedia 0.009437180216031836 0.0
wikipedia_articles_with_possible_conflicts_of_interest_from_july_2019 0.00011370096645821489 4.74493212836325
wikitext 0.00011370096645821489 0.0
will 0.00011370096645821489 0.9607424944449889
window 0.00034110289937464467 0.0
with 0.0012507106310403638 0.0
wmf 0.00034110289937464467 0.0
wolfgang 0.00011370096645821489 3.3586377672433594
wordmark 0.00022740193291642978 0.0
works 0.00011370096645821489 0.0
world 0.0006822057987492893 0.8737311174553593
wpformidentifier 0.00011370096645821489 0.0
wrap 0.00011370096645821489 0.06280090123903044
writing 0.00011370096645821489 1.2791962255635234
www 0.0017055144968732233 0.0
x 0.00034110289937464467 0.0
xml 0.00034110289937464467 0.0
y 0.00022740193291642978 0.0
yes 0.00011370096645821489 0.0
you 0.0005685048322910744 0.0
yue 0.00045480386583285955 0.540239508972284
z 0.00022740193291642978 0.0
zh 0.00022740193291642978 0.48225225132193467
ўзбекча 0.00011370096645821489 1.749199854809259
粵語 0.00011370096645821489 0.540239508972284
