0 0.004760933142896008 0.0
00 0.0001360266612256002 0.0
000 0.0001360266612256002 0.0
01 0.0001360266612256002 0.3382128810989969
02 6.80133306128001e-05 0.48225225132193467
02z 0.0001360266612256002 3.3586377672433594
03 0.0002720533224512004 0.44086703515908027
039 0.0002720533224512004 0.0
04 6.80133306128001e-05 0.5254244231871433
048 0.0001360266612256002 3.6463198396951406
04t02 0.0001360266612256002 4.74493212836325
05 0.00034006665306400053 0.6340582641899388
06 0.0005441066449024008 0.5254244231871433
07 6.80133306128001e-05 0.6177977433181585
0741 0.0001360266612256002 4.74493212836325
08 0.00020403999183840033 0.4682660093471948
09 0.00020403999183840033 0.5860490450035782
09z 0.0001360266612256002 3.6463198396951406
0_unported_license 6.80133306128001e-05 0.0
0px 6.80133306128001e-05 0.7375989431307791
1 0.005577093110249609 0.0
10 0.0021764265796096033 0.0
100 0.0008841732979664014 0.0
1000 6.80133306128001e-05 0.0
10000 6.80133306128001e-05 1.2484245668967697
1000000 0.0001360266612256002 0.0
1007 0.00020403999183840033 1.749199854809259
100px 6.80133306128001e-05 0.9837320126696876
1057836 0.0001360266612256002 4.051784947803305
1093 0.00034006665306400053 2.953172659135195
10px 0.0005441066449024008 0.454472687214859
11 0.0008841732979664014 0.21233263520999412
112 0.00034006665306400053 2.1058747987479913
1125453531 0.00047609331428960077 4.74493212836325
114 6.80133306128001e-05 0.37548427589622857
1145 0.0007481466367408012 1.377636298376776
117 6.80133306128001e-05 0.0
12 0.0008841732979664014 0.18058393689541388
1238844 6.80133306128001e-05 4.051784947803305
1238846 0.00020403999183840033 4.74493212836325
125em 0.0001360266612256002 0.0
127 6.80133306128001e-05 0.09097177820572679
12px 6.80133306128001e-05 0.09097177820572679
12s5i 6.80133306128001e-05 0.0
13 0.00047609331428960077 0.0
133 0.0001360266612256002 0.08149303425118301
134 0.00047609331428960077 2.4423470353692043
136 0.00034006665306400053 2.665490586683414
14 0.00047609331428960077 0.22314355131420976
142 0.0001360266612256002 2.5477075510270306
143 0.0001360266612256002 2.4423470353692043
15 6.80133306128001e-05 0.3382128810989969
15px 6.80133306128001e-05 0.8531118302526235
160 0.0019723865877712033 0.0
17 0.00020403999183840033 0.44086703515908027
17343380 0.0001360266612256002 4.74493212836325
184 0.0001360266612256002 2.953172659135195
19 0.00020403999183840033 0.38822330167365837
191 0.0001360266612256002 3.3586377672433594
1963 0.00020403999183840033 2.7990219793079367
1970s 6.80133306128001e-05 1.911718784307034
1973 6.80133306128001e-05 2.5477075510270306
1974 0.0001360266612256002 2.4423470353692043
1975 0.00034006665306400053 2.03688192726104
1976 0.0002720533224512004 2.7990219793079367
1977 0.0001360266612256002 2.1799827709017134
1979 0.0001360266612256002 2.26002547857525
1981 0.0001360266612256002 2.4423470353692043
1989 0.00034006665306400053 1.749199854809259
1991 0.0001360266612256002 1.4127276181880462
1992 0.00020403999183840033 1.6538896750049343
1996 0.0001360266612256002 1.8004931491968095
1em 0.00047609331428960077 0.02643325706815543
1px 0.00040807998367680065 0.2451224580329849
1x1 6.80133306128001e-05 0.0
2 0.002584506563286404 0.0
20 0.00040807998367680065 0.0
2001 0.0001360266612256002 1.449095262358921
2003 6.80133306128001e-05 0.9837320126696876
20030917041834 6.80133306128001e-05 4.74493212836325
2004 0.0010201999591920017 0.06280090123903044
2007 0.0001360266612256002 0.9382696385929302
2009 0.00040807998367680065 0.9382696385929302
2010 6.80133306128001e-05 0.8329091229351039
20100703022703 6.80133306128001e-05 4.74493212836325
2013 0.0002720533224512004 0.6844891178168307
2014 0.00020403999183840033 0.8947845266531914
2016 0.00020403999183840033 0.9837320126696876
2017 6.80133306128001e-05 0.9837320126696876
2019 0.00034006665306400053 0.9162907318741551
20191123043655 6.80133306128001e-05 4.74493212836325
2020 0.00034006665306400053 0.8329091229351039
2022 0.000612119975515201 0.0
20230314215600 6.80133306128001e-05 4.74493212836325
20230314215601 0.0001360266612256002 4.74493212836325
2097152 0.0002720533224512004 0.0
20px 6.80133306128001e-05 0.8531118302526235
21 6.80133306128001e-05 0.3504829736908114
218 0.0001360266612256002 3.1354942159291497
22 0.00040807998367680065 0.26759531388504365
2230 0.0001360266612256002 4.74493212836325
22clu 0.00040807998367680065 4.74493212836325
23 0.00020403999183840033 0.48225225132193467
234286 6.80133306128001e-05 4.051784947803305
238px 6.80133306128001e-05 0.8329091229351039
23id 0.0002720533224512004 1.2185716037470886
23px 6.80133306128001e-05 0.5254244231871433
25 0.0002720533224512004 0.3260915205666521
252f6 6.80133306128001e-05 4.051784947803305
252fcomjnl 6.80133306128001e-05 3.1354942159291497
255 6.80133306128001e-05 0.09097177820572679
25em 0.00034006665306400053 0.035401927050916
26 0.0005441066449024008 0.0
26t17 0.0001360266612256002 4.74493212836325
27382594 0.0001360266612256002 4.74493212836325
27s 0.00020403999183840033 1.0813704822336037
28 0.0001360266612256002 0.5860490450035782
28programming 0.001292253281643202 1.1340142157190256
28programming_language 0.0001360266612256002 1.1340142157190256
28tots 6.80133306128001e-05 4.74493212836325
29 0.0014962932734816025 0.22314355131420976
2b 0.0005441066449024008 0.7195804376281008
2c 0.0014962932734816025 0.48225225132193467
2cicon 6.80133306128001e-05 0.0
2cstyles 6.80133306128001e-05 0.0
2cwikimediabadges 6.80133306128001e-05 0.6177977433181585
2em 0.0001360266612256002 0.06280090123903044
2f 0.001292253281643202 0.11020314013361425
2f10 0.00047609331428960077 0.8737311174553593
2f1238844 0.0001360266612256002 4.051784947803305
2f2019 6.80133306128001e-05 2.665490586683414
2f234286 6.80133306128001e-05 4.051784947803305
2f3 0.0001360266612256002 3.1354942159291497
2f359763 0.0001360266612256002 4.74493212836325
2f6 0.00020403999183840033 3.3586377672433594
2f7 6.80133306128001e-05 2.953172659135195
2f800233 0.0001360266612256002 4.74493212836325
2fapi 0.0001360266612256002 1.377636298376776
2fappfolio 6.80133306128001e-05 4.74493212836325
2fbfb0035014 0.0001360266612256002 4.74493212836325
2fcall 6.80133306128001e-05 4.74493212836325
2fciteseerx 0.0001360266612256002 2.1799827709017134
2fclu 0.0001360266612256002 4.74493212836325
2fclu2c 6.80133306128001e-05 4.74493212836325
2fcomjnl 0.00020403999183840033 2.953172659135195
2fcorpusid 0.0001360266612256002 1.377636298376776
2fdoc 6.80133306128001e-05 2.26002547857525
2fdocs 6.80133306128001e-05 1.5668782980153044
2fdoi 0.0001360266612256002 1.9723434061234688
2feffbot 6.80133306128001e-05 4.74493212836325
2fen 0.0010201999591920017 0.10054122922187746
2fengineering 6.80133306128001e-05 4.051784947803305
2ffmt 0.0010201999591920017 0.10054122922187746
2fftp 6.80133306128001e-05 3.6463198396951406
2ffunctional 6.80133306128001e-05 4.051784947803305
2fgithub 6.80133306128001e-05 1.449095262358921
2fhopl 6.80133306128001e-05 3.6463198396951406
2fhowto 6.80133306128001e-05 4.74493212836325
2fmit 6.80133306128001e-05 4.051784947803305
2fmitddc 6.80133306128001e-05 4.74493212836325
2fnondot 6.80133306128001e-05 4.051784947803305
2fpclu 0.0001360266612256002 4.74493212836325
2fpdf 6.80133306128001e-05 2.1058747987479913
2fpmg 6.80133306128001e-05 4.74493212836325
2fpub 0.0001360266612256002 2.665490586683414
2fpublications 6.80133306128001e-05 2.1799827709017134
2fpubs 6.80133306128001e-05 3.3586377672433594
2frubys 6.80133306128001e-05 4.74493212836325
2fsabre 6.80133306128001e-05 4.051784947803305
2fsummary 0.0001360266612256002 2.1799827709017134
2fviewdoc 0.0001360266612256002 2.1799827709017134
2fwoodsheep 6.80133306128001e-05 4.74493212836325
2fwww 0.0001360266612256002 0.3382128810989969
2fzone 6.80133306128001e-05 4.74493212836325
2px 0.00040807998367680065 0.26759531388504365
2x 0.00034006665306400053 0.0
3 0.0011562266204176018 0.0
3043 0.00020403999183840033 4.74493212836325
30em 6.80133306128001e-05 0.09097177820572679
31 0.0001360266612256002 0.0
3125em 6.80133306128001e-05 0.0
32 0.00020403999183840033 0.26759531388504365
33 0.0002720533224512004 0.8531118302526235
330 0.0002720533224512004 3.6463198396951406
333 0.0001360266612256002 3.3586377672433594
357 0.0001360266612256002 3.6463198396951406
359763 6.80133306128001e-05 4.74493212836325
359789 0.00020403999183840033 4.74493212836325
36c 6.80133306128001e-05 1.0072625100798818
39 6.80133306128001e-05 0.3141153295199365
399 6.80133306128001e-05 1.3109449238781037
3a 0.0011562266204176018 0.11020314013361425
3a17343380 6.80133306128001e-05 4.74493212836325
3a27382594 6.80133306128001e-05 4.74493212836325
3a3 6.80133306128001e-05 0.09097177820572679
3abook 0.00040807998367680065 0.22314355131420976
3aclu 0.0010201999591920017 4.74493212836325
3adoi 0.00034006665306400053 0.9382696385929302
3ajournal 0.000612119975515201 0.3260915205666521
3akev 0.0010201999591920017 0.10054122922187746
3amtx 0.0010201999591920017 0.10054122922187746
3aofi 0.0010201999591920017 0.10054122922187746
3asid 0.0010201999591920017 0.10054122922187746
3cols 6.80133306128001e-05 0.21233263520999412
3d10 0.0001360266612256002 2.1799827709017134
3dciteseerx 0.0001360266612256002 2.26002547857525
3ds2cid 0.0001360266612256002 1.377636298376776
3em 0.0001360266612256002 0.035401927050916
3fdoi 0.0001360266612256002 2.1799827709017134
3px 0.0001360266612256002 0.12981161152199053
4 0.00047609331428960077 0.02643325706815543
40 6.80133306128001e-05 0.0
400 0.0001360266612256002 0.0
42e3 6.80133306128001e-05 4.74493212836325
45 0.0001360266612256002 1.1895840668738364
472 0.0001360266612256002 3.6463198396951406
48 6.80133306128001e-05 0.8531118302526235
4c 6.80133306128001e-05 0.09097177820572679
4px 0.0001360266612256002 0.8329091229351039
5 0.0008161599673536013 0.11020314013361425
50 0.00034006665306400053 0.0
500 0.0002720533224512004 0.0
5000000 0.0001360266612256002 0.0
5073 0.0001360266612256002 4.74493212836325
50px 6.80133306128001e-05 1.0072625100798818
512 6.80133306128001e-05 0.6505875661411494
52312 0.0001360266612256002 4.74493212836325
52428800 0.0001360266612256002 0.008733679968754631
52px 6.80133306128001e-05 1.0072625100798818
55 0.0001360266612256002 1.1895840668738364
561 0.0002720533224512004 4.051784947803305
564 0.0001360266612256002 2.953172659135195
576 0.0001360266612256002 4.051784947803305
586 0.0001360266612256002 3.6463198396951406
59 0.00034006665306400053 0.40112670650956617
59593 0.0002720533224512004 4.051784947803305
5dc935d1c236b15a99b0750cf236b2d89ec951d0 0.0001360266612256002 4.74493212836325
5em 0.0005441066449024008 0.0
5x 0.00034006665306400053 0.0
6 0.0005441066449024008 0.044451762570833796
60 0.0001360266612256002 0.8131064956389242
60366 0.0001360266612256002 4.74493212836325
65 6.80133306128001e-05 0.05358424613410626
656 0.00020403999183840033 3.6463198396951406
663 0.0001360266612256002 4.051784947803305
699 0.0001360266612256002 3.1354942159291497
7 0.0008161599673536013 0.0
72 0.0002720533224512004 1.1895840668738364
720px 0.0001360266612256002 0.0
7575 0.00020403999183840033 4.74493212836325
75px 6.80133306128001e-05 1.0072625100798818
76 0.0001360266612256002 1.1895840668738364
765 0.0001360266612256002 3.6463198396951406
766 0.0002720533224512004 3.6463198396951406
769 0.0001360266612256002 3.1354942159291497
7cext 0.00020403999183840033 0.0
7cmediawiki 6.80133306128001e-05 0.0
7cskins 6.80133306128001e-05 0.0
7cwikibase 6.80133306128001e-05 0.0
7f1f3f87 6.80133306128001e-05 4.74493212836325
8 0.0008841732979664014 0.0
80 0.00047609331428960077 0.3022808718729337
800233 6.80133306128001e-05 4.74493212836325
8025035 0.0001360266612256002 4.74493212836325
807 0.0001360266612256002 4.74493212836325
807045 0.00020403999183840033 4.74493212836325
8125em 6.80133306128001e-05 0.0
81_ 6.80133306128001e-05 4.051784947803305
82 0.0002720533224512004 0.9162907318741551
83 0.00020403999183840033 0.8131064956389242
84 0.00020403999183840033 0.7018808605286999
85 6.80133306128001e-05 0.5705448584676129
85_ 6.80133306128001e-05 4.74493212836325
86 6.80133306128001e-05 0.7936884097818228
86400 0.0001360266612256002 0.8329091229351039
88 0.0014282799428688023 0.0
8a 0.00020403999183840033 0.7375989431307791
8b 6.80133306128001e-05 0.9837320126696876
8c 0.0002720533224512004 1.0313600616589422
8d 0.0001360266612256002 1.6094379124341003
8d_ 0.0001360266612256002 1.749199854809259
8e 6.80133306128001e-05 2.7990219793079367
8f 6.80133306128001e-05 1.0813704822336037
9 0.0008161599673536013 0.11020314013361425
90 6.80133306128001e-05 0.08149303425118301
91 0.0014962932734816025 0.0721032939013439
92 0.0001360266612256002 1.449095262358921
93 0.0015643066040944024 0.06280090123903044
931989 6.80133306128001e-05 4.74493212836325
94 0.0001360266612256002 0.9382696385929302
95 0.00020403999183840033 0.035401927050916
96 0.0002720533224512004 0.4682660093471948
97 6.80133306128001e-05 0.9607424944449889
976 6.80133306128001e-05 3.3586377672433594
978 0.0002720533224512004 0.9837320126696876
9783540108368 0.0002720533224512004 4.74493212836325
98 6.80133306128001e-05 0.8131064956389242
987007283915205171 6.80133306128001e-05 4.74493212836325
98a8 6.80133306128001e-05 4.74493212836325
99 0.0006801333061280011 0.6505875661411494
991 0.0001360266612256002 4.051784947803305
9932cc 6.80133306128001e-05 1.0072625100798818
9a 6.80133306128001e-05 2.26002547857525
9c 6.80133306128001e-05 1.7004096906398272
9e 6.80133306128001e-05 1.3109449238781037
9px 0.00020403999183840033 0.09097177820572679
_key 6.80133306128001e-05 4.051784947803305
a 0.04135210501258246 0.0
a0 0.0001360266612256002 0.25629575863111026
a1 6.80133306128001e-05 1.449095262358921
a2a9b1 0.00020403999183840033 0.27902400970866637
a3o 6.80133306128001e-05 2.1799827709017134
a7 0.00020403999183840033 0.8131064956389242
a8 6.80133306128001e-05 0.6844891178168307
a867 6.80133306128001e-05 4.74493212836325
a9_ 6.80133306128001e-05 1.911718784307034
aa 0.0001360266612256002 0.0721032939013439
about 0.000612119975515201 0.0
aboutsite 6.80133306128001e-05 0.0
above 6.80133306128001e-05 0.1599646496926782
abovebelow 0.0002720533224512004 0.44086703515908027
absolute 6.80133306128001e-05 0.0
abstract 0.00034006665306400053 1.449095262358921
abstract_data_type 6.80133306128001e-05 3.3586377672433594
abstraction 0.0002720533224512004 2.1799827709017134
abstractions 6.80133306128001e-05 2.665490586683414
ac 6.80133306128001e-05 0.9607424944449889
academic 0.00020403999183840033 2.1058747987479913
academic_programming_languages 6.80133306128001e-05 3.1354942159291497
acc 6.80133306128001e-05 1.3109449238781037
access 6.80133306128001e-05 0.8131064956389242
accessdate 0.0005441066449024008 0.2451224580329849
accessible 0.00020403999183840033 1.2484245668967697
accesskey 0.001292253281643202 0.0
account 0.0002720533224512004 0.0
accurate 6.80133306128001e-05 3.1354942159291497
acm 0.0005441066449024008 1.1895840668738364
acnh 6.80133306128001e-05 2.953172659135195
across 6.80133306128001e-05 0.0
action 0.0014962932734816025 0.0
actions 6.80133306128001e-05 0.0
actual 6.80133306128001e-05 1.8545603704670854
ad 6.80133306128001e-05 1.1895840668738364
ada 0.0002720533224512004 1.3109449238781037
ada_ 0.0001360266612256002 1.4127276181880462
add 0.0002720533224512004 0.0
adding 6.80133306128001e-05 0.8947845266531914
addition 6.80133306128001e-05 1.16141318990714
additional 0.0005441066449024008 0.0
address 0.0001360266612256002 0.0
adp_tr 6.80133306128001e-05 2.953172659135195
ae 6.80133306128001e-05 1.449095262358921
af 6.80133306128001e-05 1.377636298376776
af_l 6.80133306128001e-05 2.953172659135195
after 0.001224239951030402 0.0
ago 0.00020403999183840033 0.5108256237659907
agree 0.0001360266612256002 0.0
alert 0.0002720533224512004 0.0
algol 0.00034006665306400053 1.3109449238781037
algol_60 6.80133306128001e-05 2.03688192726104
algorithm 6.80133306128001e-05 1.9723434061234688
align 0.0006801333061280011 0.05358424613410626
all 0.0006801333061280011 0.0
all_articles_needing_additional_references 6.80133306128001e-05 1.911718784307034
all_articles_with_unsourced_statements 6.80133306128001e-05 1.749199854809259
allow 6.80133306128001e-05 1.0313600616589422
allows 6.80133306128001e-05 0.8329091229351039
alpha 0.0002720533224512004 0.08149303425118301
alphard 0.0001360266612256002 4.74493212836325
alphard_ 6.80133306128001e-05 4.74493212836325
also 0.00034006665306400053 0.19105523676270922
alt 0.0006801333061280011 0.0
alternate 0.00020403999183840033 0.0
ambox 0.002108413248996803 1.0072625100798818
amp 0.014690879412364823 0.0
an 0.000612119975515201 0.0
and 0.0035366931918656055 0.0
anon 0.0001360266612256002 0.0
anoncontribs 6.80133306128001e-05 0.0
anontalk 6.80133306128001e-05 0.0
anonymous 6.80133306128001e-05 0.0
another 0.00020403999183840033 0.09097177820572679
any 6.80133306128001e-05 0.6844891178168307
api 0.0002720533224512004 0.0
appear 6.80133306128001e-05 2.26002547857525
appeared 0.0001360266612256002 0.40112670650956617
appearing 6.80133306128001e-05 3.6463198396951406
appfolio 0.00047609331428960077 4.74493212836325
appfolio_13 0.0001360266612256002 4.74493212836325
apple 0.0001360266612256002 0.0
application 0.0005441066449024008 0.0
application_programming_interface 6.80133306128001e-05 2.7990219793079367
apply 0.0001360266612256002 0.0
april 0.0001360266612256002 0.0
ar 0.00034006665306400053 0.6844891178168307
arabic 6.80133306128001e-05 1.16141318990714
archive 0.0002720533224512004 0.3504829736908114
archived 0.00020403999183840033 0.6017974019717174
are 0.001224239951030402 0.0
argument 6.80133306128001e-05 0.0
arguments 6.80133306128001e-05 1.377636298376776
argus 0.0001360266612256002 3.6463198396951406
argus_ 6.80133306128001e-05 4.051784947803305
aria 0.0019723865877712033 0.0
array 6.80133306128001e-05 1.16141318990714
article 0.0007481466367408012 0.0
articles 0.0014962932734816025 0.0
articles_needing_additional_references_from_february_2013 6.80133306128001e-05 4.74493212836325
articles_with_example_clu_code 6.80133306128001e-05 4.74493212836325
articles_with_j9u_identifiers 6.80133306128001e-05 1.3437347467010947
articles_with_lccn_identifiers 6.80133306128001e-05 1.3437347467010947
articles_with_unsourced_statements_from_august_2020 6.80133306128001e-05 4.74493212836325
artificial 0.0002720533224512004 1.9723434061234688
as 0.0006801333061280011 0.0
as_eq 6.80133306128001e-05 1.377636298376776
assignment 0.0008841732979664014 1.9723434061234688
assignment_ 6.80133306128001e-05 3.3586377672433594
associated 0.0001360266612256002 0.0
association 0.0001360266612256002 1.3109449238781037
async 0.00020403999183840033 0.0
at 0.00040807998367680065 0.0
atitle 0.0007481466367408012 0.25629575863111026
atkinson 0.0002720533224512004 4.051784947803305
atom 0.00020403999183840033 0.0
attempts 6.80133306128001e-05 2.3470368555648795
attribution 6.80133306128001e-05 0.0
au 0.0010882132898048017 0.48225225132193467
aufirst 0.0008161599673536013 0.3629054936893685
august 0.00040807998367680065 0.0
aulast 0.0008161599673536013 0.3629054936893685
author 0.0001360266612256002 0.0
authorities 6.80133306128001e-05 1.3109449238781037
authority 0.00020403999183840033 1.16141318990714
authority_control 0.00020403999183840033 1.1340142157190256
auto 0.0002720533224512004 0.0
autocapitalize 6.80133306128001e-05 0.0
automatic 6.80133306128001e-05 1.377636298376776
autostart 6.80133306128001e-05 0.11020314013361425
available 0.0001360266612256002 0.0
avoid 0.0001360266612256002 0.09097177820572679
b 0.004624906481670407 0.0
b0 0.00034006665306400053 0.9607424944449889
b0_ 6.80133306128001e-05 2.03688192726104
b1 6.80133306128001e-05 0.9607424944449889
b2 0.0001360266612256002 0.8947845266531914
b3 0.0001360266612256002 0.7559480817989758
b32424 0.0001360266612256002 1.0072625100798818
b4 0.0010882132898048017 0.8329091229351039
b4n_ng 6.80133306128001e-05 2.7990219793079367
b5 0.00040807998367680065 1.5668782980153044
b7 0.0001360266612256002 0.9837320126696876
b8 0.0002720533224512004 0.9382696385929302
ba 6.80133306128001e-05 1.486835590341768
background 0.001292253281643202 0.017544309650909525
backlink 0.0009521866285792015 0.08149303425118301
barbara 0.0007481466367408012 3.1354942159291497
barbara_liskov 0.0002720533224512004 4.051784947803305
barron 0.0001360266612256002 4.051784947803305
base 6.80133306128001e-05 1.449095262358921
based 0.00040807998367680065 0.3504829736908114
based_programming_languages 6.80133306128001e-05 1.6094379124341003
battle 6.80133306128001e-05 3.6463198396951406
bb 0.0001360266612256002 1.749199854809259
bc 0.0001360266612256002 0.9607424944449889
bd 0.00020403999183840033 1.2484245668967697
bday 0.00020403999183840033 0.41419878807691896
bdi 0.0002720533224512004 0.7375989431307791
be 0.0006801333061280011 0.06280090123903044
because 6.80133306128001e-05 0.0
beer 0.0001360266612256002 3.6463198396951406
before 0.0010201999591920017 0.0
beginners 6.80133306128001e-05 1.7004096906398272
being 0.0002720533224512004 0.8737311174553593
below 6.80133306128001e-05 0.18058393689541388
benefited 6.80133306128001e-05 4.051784947803305
between 0.0001360266612256002 0.7375989431307791
bf 0.00020403999183840033 1.1340142157190256
bfb0035014 6.80133306128001e-05 4.74493212836325
bin 6.80133306128001e-05 2.3470368555648795
bjarne 0.0001360266612256002 3.6463198396951406
bks 0.0001360266612256002 1.377636298376776
bkt 6.80133306128001e-05 1.377636298376776
block 6.80133306128001e-05 0.18058393689541388
blocks 6.80133306128001e-05 1.449095262358921
bloom 0.0001360266612256002 4.74493212836325
body 0.0010882132898048017 0.0
bodycontent 0.0001360266612256002 0.0
bokmål 0.0001360266612256002 1.3437347467010947
bold 6.80133306128001e-05 0.2451224580329849
book 0.0002720533224512004 0.42744401482693967
books 6.80133306128001e-05 0.5552773863368246
booksources 0.0002720533224512004 0.6673946844575306
booleans 6.80133306128001e-05 2.953172659135195
bootstrap 6.80133306128001e-05 0.10054122922187746
border 0.0016323199347072026 0.0
borrowed 6.80133306128001e-05 3.3586377672433594
both 6.80133306128001e-05 0.3022808718729337
bottles 0.0001360266612256002 3.6463198396951406
bottom 0.0001360266612256002 0.05358424613410626
bounded 6.80133306128001e-05 3.6463198396951406
box 0.0010201999591920017 0.0
br 0.0001360266612256002 0.42744401482693967
bracket 0.0006801333061280011 0.0
break 0.0002720533224512004 0.05358424613410626
browsing 6.80133306128001e-05 0.0
btitle 0.00040807998367680065 0.22314355131420976
btn 0.00040807998367680065 0.0
but 0.00020403999183840033 0.3629054936893685
button 0.0021764265796096033 0.0
buttons 6.80133306128001e-05 0.0
buxton 0.0001360266612256002 4.051784947803305
by 0.0019723865877712033 0.0
bytes 0.0002720533224512004 0.0
c 0.001904373257158403 0.0
c13_en 6.80133306128001e-05 0.0
c3 0.0002720533224512004 0.7018808605286999
c_ 6.80133306128001e-05 0.8329091229351039
c_sharp_ 6.80133306128001e-05 1.377636298376776
ca 0.0005441066449024008 0.0
cache 0.0001360266612256002 0.0
cached 6.80133306128001e-05 0.0
cachereport 6.80133306128001e-05 0.0
cactions 0.00040807998367680065 0.0
call 0.0008841732979664014 1.1073459686368643
call_by_sharing 6.80133306128001e-05 4.74493212836325
called 0.00020403999183840033 0.6844891178168307
caller 6.80133306128001e-05 3.3586377672433594
calling 6.80133306128001e-05 1.7004096906398272
calls 0.0001360266612256002 0.0
campaigns 6.80133306128001e-05 0.0
can 0.0002720533224512004 0.17022114985986725
canonical 0.0001360266612256002 0.0
cantonese 6.80133306128001e-05 0.540239508972284
caption 0.0001360266612256002 0.21233263520999412
case 6.80133306128001e-05 1.0813704822336037
categories 0.0001360266612256002 0.02643325706815543
category 0.0020403999183840034 0.0
catlinks 0.00040807998367680065 0.0
cats 6.80133306128001e-05 0.0721032939013439
caught 6.80133306128001e-05 3.6463198396951406
ccf 6.80133306128001e-05 0.454472687214859
celes 0.0001360266612256002 4.74493212836325
cell 6.80133306128001e-05 0.7195804376281008
center 0.0006801333061280011 0.017544309650909525
centralauth 0.0001360266612256002 0.0
centralautologin 0.0001360266612256002 0.0
centralnotice 0.00020403999183840033 0.0
cep 0.0001360266612256002 4.051784947803305
certain 6.80133306128001e-05 1.749199854809259
cgi 6.80133306128001e-05 2.1058747987479913
cgibin 6.80133306128001e-05 4.051784947803305
chain 6.80133306128001e-05 2.7990219793079367
challenged 6.80133306128001e-05 1.8004931491968095
change 0.0001360266612256002 0.0
changes 0.0002720533224512004 0.0
characters 6.80133306128001e-05 1.3437347467010947
charinsert 6.80133306128001e-05 0.0
charset 6.80133306128001e-05 0.0
check 6.80133306128001e-05 1.6538896750049343
checkbox 0.0023124532408352037 0.0
checked 6.80133306128001e-05 2.4423470353692043
child 0.0017003332653200028 0.06280090123903044
chinese 6.80133306128001e-05 0.8131064956389242
chris 0.00040807998367680065 2.5477075510270306
citation 0.0017003332653200028 0.08149303425118301
citation_needed 6.80133306128001e-05 1.749199854809259
citations 0.0001360266612256002 1.2185716037470886
cite 0.0034686798612528057 0.0
cite_note 0.002380466571448004 0.08149303425118301
cite_ref 0.0028565598857376046 0.08149303425118301
cite_web 0.0001360266612256002 0.4682660093471948
citerefbarronbuxtonhartleynixon1963 6.80133306128001e-05 4.051784947803305
citerefcurtis2009 0.0001360266612256002 4.74493212836325
citerefierusalimschyde_figueiredoceles2007 6.80133306128001e-05 4.74493212836325
citereflattner2014 6.80133306128001e-05 4.051784947803305
citerefliskov1992 6.80133306128001e-05 4.74493212836325
citerefliskovatkinsonbloommoss1981 6.80133306128001e-05 4.74493212836325
citerefliskovsnyderatkinsonschaffert1977 6.80133306128001e-05 4.74493212836325
citerefliskovzilles1974 6.80133306128001e-05 4.74493212836325
citereflundh 6.80133306128001e-05 4.74493212836325
citerefstroustrup1996 6.80133306128001e-05 4.051784947803305
citerefushijima 6.80133306128001e-05 4.74493212836325
citeseerx 0.00040807998367680065 1.9723434061234688
citeseerx_ 0.0001360266612256002 2.26002547857525
citethispage 6.80133306128001e-05 0.0
claim 6.80133306128001e-05 1.5668782980153044
class 0.03353057199211045 0.0
class_ 6.80133306128001e-05 2.26002547857525
classes 6.80133306128001e-05 1.5260563034950492
classname 0.00020403999183840033 0.0
clause 6.80133306128001e-05 2.3470368555648795
clauses 6.80133306128001e-05 2.953172659135195
clear 0.0001360266612256002 0.11995931507897897
client 0.00040807998367680065 0.0
clients 6.80133306128001e-05 2.953172659135195
clu 0.00598517309392641 3.3586377672433594
clu2c 0.0006801333061280011 4.74493212836325
clu2c_4 0.0001360266612256002 4.74493212836325
clu_ 0.002584506563286404 3.6463198396951406
clu_programming_language 0.0001360266612256002 4.74493212836325
cluster 0.000612119975515201 2.953172659135195
clusters 0.0006801333061280011 4.051784947803305
code 0.0014282799428688023 0.035401927050916
coll 0.0002720533224512004 0.0
collapse 0.0001360266612256002 0.21233263520999412
collapsed 0.00020403999183840033 0.0
collapses 6.80133306128001e-05 0.0
collapsible 0.0006801333061280011 0.0
collection 0.0002720533224512004 1.3109449238781037
collections 6.80133306128001e-05 2.5477075510270306
color 0.001292253281643202 0.017544309650909525
colspan 0.000612119975515201 0.14981227822866008
column 0.00020403999183840033 0.09097177820572679
columns 0.00040807998367680065 0.09097177820572679
com 0.0006801333061280011 0.11995931507897897
comjnl 6.80133306128001e-05 2.953172659135195
common 6.80133306128001e-05 0.8737311174553593
commons 0.00034006665306400053 0.0
communications 0.00020403999183840033 1.6538896750049343
communications_of_the_acm 6.80133306128001e-05 3.3586377672433594
community 6.80133306128001e-05 0.0
community_portal 6.80133306128001e-05 0.0
compact 0.0001360266612256002 0.8947845266531914
compactlinks 6.80133306128001e-05 0.0
comparison 6.80133306128001e-05 0.7936884097818228
compile 6.80133306128001e-05 1.486835590341768
compiler 6.80133306128001e-05 0.5108256237659907
complex 0.0001360266612256002 1.2185716037470886
complex_number 0.00034006665306400053 3.1354942159291497
complications 6.80133306128001e-05 0.0
components 0.0001360266612256002 1.4127276181880462
computer 0.0006801333061280011 0.12981161152199053
computer_programming 6.80133306128001e-05 1.0560526742493137
computer_science 6.80133306128001e-05 0.5860490450035782
computing 0.0001360266612256002 0.3504829736908114
concept 0.0001360266612256002 1.8004931491968095
conditions 6.80133306128001e-05 2.1799827709017134
conference 0.00047609331428960077 0.9607424944449889
config 0.0001360266612256002 0.0
considered 0.0001360266612256002 1.5668782980153044
constraints 6.80133306128001e-05 2.1799827709017134
constructor 6.80133306128001e-05 2.4423470353692043
constructor_ 6.80133306128001e-05 3.6463198396951406
constructors 6.80133306128001e-05 2.26002547857525
contact 0.0002720533224512004 0.0
contact_us 0.0001360266612256002 0.0
contactpage 6.80133306128001e-05 0.0
container 0.0010201999591920017 0.0
containing 6.80133306128001e-05 0.0
content 0.004760933142896008 0.0
contentinfo 6.80133306128001e-05 0.0
contents 0.0008841732979664014 0.0
contentsub 6.80133306128001e-05 0.0
context 0.0001360266612256002 0.0
contribute 6.80133306128001e-05 0.0
contributions 0.0001360266612256002 0.0
contributors 0.0001360266612256002 0.0
control 0.00020403999183840033 0.44086703515908027
controls 0.0001360266612256002 0.0
conversion 0.0001360266612256002 0.0
conversions 0.00020403999183840033 2.953172659135195
converted 6.80133306128001e-05 1.8545603704670854
cookie 0.00034006665306400053 0.0
cookie_statement 6.80133306128001e-05 0.0
cookiestatement 6.80133306128001e-05 0.0
copyright 0.00020403999183840033 0.0
copyrightico 6.80133306128001e-05 0.0
coroutines 6.80133306128001e-05 4.051784947803305
corpusid 0.0001360266612256002 1.377636298376776
correspond 0.0001360266612256002 3.3586377672433594
could 6.80133306128001e-05 1.0813704822336037
count 0.0001360266612256002 0.0
counter 0.0002720533224512004 0.27902400970866637
course 6.80133306128001e-05 1.8545603704670854
cpl 0.0002720533224512004 2.953172659135195
cpl_ 6.80133306128001e-05 3.3586377672433594
cpp 0.0002720533224512004 2.4423470353692043
cpp_5 0.00040807998367680065 4.74493212836325
cpu 6.80133306128001e-05 0.0
cputime 6.80133306128001e-05 0.0
create 0.0002720533224512004 0.0
createaccount 0.0002720533224512004 0.0
created 0.0005441066449024008 0.44086703515908027
creative 6.80133306128001e-05 0.0
creativecommons 0.0001360266612256002 0.0
credited 0.0001360266612256002 3.1354942159291497
cross 6.80133306128001e-05 0.0
crossorigin 6.80133306128001e-05 0.0
cs1 0.0023124532408352037 0.09097177820572679
csail 0.00034006665306400053 2.1799827709017134
csrftoken 6.80133306128001e-05 0.0
ctx_ver 0.0010201999591920017 0.10054122922187746
current 0.0001360266612256002 0.0
current_events 6.80133306128001e-05 0.0
currentevents 6.80133306128001e-05 0.0
curtis 0.0002720533224512004 3.3586377672433594
cvt 6.80133306128001e-05 4.74493212836325
cx 0.0001360266612256002 0.0
cycle 6.80133306128001e-05 0.6844891178168307
d 0.00034006665306400053 0.06280090123903044
d0 0.0010201999591920017 1.4127276181880462
d1 0.00034006665306400053 1.486835590341768
d33 0.0001360266612256002 0.09097177820572679
d6 6.80133306128001e-05 0.09097177820572679
d8 0.0005441066449024008 0.7375989431307791
d9 0.0005441066449024008 0.7936884097818228
data 0.004216826497993606 0.0
date 0.0008841732979664014 0.08149303425118301
datemodified 0.0001360266612256002 0.0
datepublished 0.0001360266612256002 0.0
db 0.0001360266612256002 0.8737311174553593
dcurtis 0.0001360266612256002 4.051784947803305
dd 0.0010882132898048017 0.22314355131420976
ddf 6.80133306128001e-05 0.454472687214859
de 0.00047609331428960077 0.2905848321097423
december 0.0001360266612256002 0.0
decimal 6.80133306128001e-05 0.09097177820572679
decoding 0.0001360266612256002 0.11020314013361425
deduplicate 0.00040807998367680065 0.017544309650909525
deduplicated 0.0010201999591920017 0.06280090123903044
defined 6.80133306128001e-05 0.9162907318741551
defines 6.80133306128001e-05 1.911718784307034
delete 6.80133306128001e-05 0.9162907318741551
demo 6.80133306128001e-05 4.051784947803305
department 6.80133306128001e-05 2.1058747987479913
depth 0.00020403999183840033 0.0
description 0.0001360266612256002 0.0
design 6.80133306128001e-05 0.3141153295199365
designed 6.80133306128001e-05 0.3504829736908114
designs 6.80133306128001e-05 2.953172659135195
desktoparticletarget 0.00020403999183840033 0.0
detection 6.80133306128001e-05 0.0
deutsch 6.80133306128001e-05 0.5254244231871433
developer 0.00020403999183840033 0.0
developers 0.0001360266612256002 0.0
development 6.80133306128001e-05 0.38822330167365837
dictionary 6.80133306128001e-05 1.9723434061234688
did 6.80133306128001e-05 1.7004096906398272
different 0.00020403999183840033 0.38822330167365837
dir 0.00040807998367680065 0.0
direct 0.0001360266612256002 1.486835590341768
disabled 0.0007481466367408012 0.0
discipline 6.80133306128001e-05 0.8131064956389242
disclaimers 0.0001360266612256002 0.0
discuss 6.80133306128001e-05 0.0
discussion 0.0001360266612256002 0.0
display 0.0007481466367408012 0.0
distinctive 0.00020403999183840033 2.953172659135195
div 0.01251445283275522 0.0
dl 0.0006801333061280011 0.19105523676270922
dmy 6.80133306128001e-05 0.0
dns 0.0001360266612256002 0.0
dobasicsearch 6.80133306128001e-05 1.377636298376776
doc 0.0001360266612256002 1.5260563034950492
docs 0.00020403999183840033 1.1073459686368643
doctype 6.80133306128001e-05 0.0
document 0.0002720533224512004 0.0
documentation 0.00020403999183840033 1.2185716037470886
documentelement 0.00020403999183840033 0.0
does 6.80133306128001e-05 0.4682660093471948
dogfooding 6.80133306128001e-05 4.051784947803305
doi 0.001292253281643202 0.8131064956389242
doi_ 0.00034006665306400053 0.9162907318741551
donate 0.00020403999183840033 0.0
donating 6.80133306128001e-05 0.0
dorothy 0.0002720533224512004 4.74493212836325
down 6.80133306128001e-05 1.6094379124341003
download 0.0002720533224512004 0.0
downloadaspdf 6.80133306128001e-05 0.0
drawing 6.80133306128001e-05 2.953172659135195
dropdown 0.0017003332653200028 0.0
dt 0.0010882132898048017 0.26759531388504365
dtstart 0.00020403999183840033 0.41419878807691896
e 0.00040807998367680065 0.0
e0 0.0014282799428688023 1.1073459686368643
e1 0.0001360266612256002 2.3470368555648795
e2 0.00034006665306400053 0.7018808605286999
e6e6ff 6.80133306128001e-05 0.454472687214859
ea 6.80133306128001e-05 1.8545603704670854
each 6.80133306128001e-05 0.8531118302526235
eb 0.00020403999183840033 1.5668782980153044
ec 0.0001360266612256002 1.2185716037470886
echo 6.80133306128001e-05 0.0
ed 6.80133306128001e-05 0.8131064956389242
edit 0.0022444399102224035 0.0
editable 6.80133306128001e-05 0.0
edited 6.80133306128001e-05 0.0
editing 6.80133306128001e-05 0.0
editor 0.0001360266612256002 0.0
editors 0.0001360266612256002 0.0
editpage 6.80133306128001e-05 0.0
edits 0.0001360266612256002 0.0
editsection 0.0010201999591920017 0.0
edituri 6.80133306128001e-05 0.0
edu 0.0009521866285792015 0.9607424944449889
eee 0.00020403999183840033 0.48225225132193467
effbot 0.0005441066449024008 4.74493212836325
efficient 6.80133306128001e-05 1.8545603704670854
effort 6.80133306128001e-05 2.03688192726104
element 0.00047609331428960077 0.0
ellipsis 0.0001360266612256002 0.0
elt 0.0002720533224512004 0.0
empty 0.00040807998367680065 0.0
emptyportlet 0.0001360266612256002 0.0
en 0.0021764265796096033 0.0
enabled 0.0007481466367408012 0.0
encapsulates 6.80133306128001e-05 4.051784947803305
encouraged 0.0002720533224512004 0.0
encyclopedia 0.0001360266612256002 0.0
end 0.00034006665306400053 0.0
engineering 0.00034006665306400053 1.3109449238781037
english 0.00020403999183840033 0.0
enhancements 6.80133306128001e-05 0.0721032939013439
entities 6.80133306128001e-05 0.0
entity 0.0002720533224512004 0.0
entityaccesscount 6.80133306128001e-05 0.0
entitypage 0.0001360266612256002 0.0
enwiki 6.80133306128001e-05 0.0
enwikimwclientprefs 6.80133306128001e-05 0.0
erols 6.80133306128001e-05 4.051784947803305
error 0.0001360266612256002 0.09097177820572679
es 0.0002720533224512004 0.6844891178168307
es6 6.80133306128001e-05 0.0
esi 0.0001360266612256002 0.0
esitest 6.80133306128001e-05 0.0
español 6.80133306128001e-05 0.7195804376281008
even 6.80133306128001e-05 0.40112670650956617
event 0.0006801333061280011 0.0
eventlogging 0.0001360266612256002 0.0
events 0.0001360266612256002 0.0
evolution 0.0001360266612256002 2.665490586683414
exact 6.80133306128001e-05 0.0
example 0.00020403999183840033 0.4682660093471948
except 0.00020403999183840033 1.9723434061234688
exception 0.00040807998367680065 1.7004096906398272
exception_handling 6.80133306128001e-05 2.4423470353692043
exceptions 0.0002720533224512004 2.3470368555648795
exchange 6.80133306128001e-05 2.1058747987479913
execution 6.80133306128001e-05 0.9607424944449889
exists 6.80133306128001e-05 0.0
expand 0.00020403999183840033 0.0
expanded 0.00034006665306400053 0.008733679968754631
expansion 0.0001360266612256002 0.0
expansiondepth 6.80133306128001e-05 0.0
expensive 6.80133306128001e-05 0.0
expensivefunctioncount 6.80133306128001e-05 0.0
experiences 6.80133306128001e-05 3.1354942159291497
experts 6.80133306128001e-05 3.3586377672433594
expiry 0.0001360266612256002 0.0
explicit 6.80133306128001e-05 1.6094379124341003
explicitly 0.0001360266612256002 1.8545603704670854
export 6.80133306128001e-05 0.0
express 6.80133306128001e-05 1.3109449238781037
ext 0.001904373257158403 0.0
extension 6.80133306128001e-05 0.7375989431307791
extensive 6.80133306128001e-05 2.1058747987479913
external 0.002924573216350405 0.0
external_links 0.0002720533224512004 0.19105523676270922
extra 6.80133306128001e-05 0.0
f 0.0005441066449024008 0.0
f28500 6.80133306128001e-05 1.0072625100798818
f7f7f7 6.80133306128001e-05 0.454472687214859
fa 0.0002720533224512004 1.0072625100798818
fa8a495983347898 6.80133306128001e-05 0.0
fac917dcd7f4 6.80133306128001e-05 4.74493212836325
fact 6.80133306128001e-05 1.1340142157190256
failure 6.80133306128001e-05 3.1354942159291497
fallbacksearchbutton 6.80133306128001e-05 0.0
false 0.0006801333061280011 0.0
far 6.80133306128001e-05 1.911718784307034
favicon 6.80133306128001e-05 0.0
fbfbfb 6.80133306128001e-05 1.0072625100798818
fc3 6.80133306128001e-05 1.0072625100798818
fdfdfd 0.00020403999183840033 0.44086703515908027
feature 0.0017003332653200028 0.0
featurename 0.00020403999183840033 0.0
features 0.00040807998367680065 0.38822330167365837
february 0.00034006665306400053 0.0
fee7e6 6.80133306128001e-05 1.0072625100798818
feed 0.0001360266612256002 0.0
feedback 6.80133306128001e-05 3.3586377672433594
feels 6.80133306128001e-05 4.051784947803305
fi 0.0002720533224512004 1.377636298376776
field 6.80133306128001e-05 1.749199854809259
figueiredo 0.0001360266612256002 4.74493212836325
file 0.0005441066449024008 0.0
file_upload_wizard 0.0001360266612256002 0.0
files 0.00020403999183840033 0.0
final 6.80133306128001e-05 1.5668782980153044
find 0.00020403999183840033 0.6177977433181585
find_code 6.80133306128001e-05 1.3437347467010947
finnish 6.80133306128001e-05 1.5668782980153044
first 0.0011562266204176018 0.0
firstheading 0.00020403999183840033 0.0
float 0.0001360266612256002 0.06280090123903044
flow 6.80133306128001e-05 1.0813704822336037
flush 0.00034006665306400053 0.0
font 0.0008841732979664014 0.017544309650909525
footer 0.0017683465959328027 0.0
for 0.0017003332653200028 0.0
force 6.80133306128001e-05 2.1058747987479913
form 0.0002720533224512004 0.0
format 0.00040807998367680065 0.0
foundation 0.000612119975515201 0.0
fr 0.0002720533224512004 0.6177977433181585
français 6.80133306128001e-05 0.6844891178168307
fredrik 0.0001360266612256002 4.74493212836325
free 0.00047609331428960077 0.0
freely 0.00020403999183840033 1.1895840668738364
french 6.80133306128001e-05 0.6673946844575306
from 0.0017003332653200028 0.0
ftp 0.00020403999183840033 2.953172659135195
full 0.00040807998367680065 0.044451762570833796
fulltext 6.80133306128001e-05 0.0
func 6.80133306128001e-05 1.2185716037470886
function 0.0005441066449024008 0.0
functional 0.00020403999183840033 1.2185716037470886
functions 0.0001360266612256002 0.7018808605286999
fundraiserredirector 6.80133306128001e-05 0.0
g 0.0001360266612256002 0.0
gadget 0.0002720533224512004 0.0
galego 6.80133306128001e-05 1.9723434061234688
galician 6.80133306128001e-05 1.9723434061234688
gehomepagesuggestededitsenabletopics 6.80133306128001e-05 0.0
general_disclaimer 6.80133306128001e-05 0.0
generally 6.80133306128001e-05 2.03688192726104
generator 6.80133306128001e-05 0.0
generators 6.80133306128001e-05 2.1058747987479913
generic 6.80133306128001e-05 1.8004931491968095
generic_programming 6.80133306128001e-05 2.4423470353692043
generics 6.80133306128001e-05 2.5477075510270306
genre 0.0010201999591920017 0.10054122922187746
geoip 6.80133306128001e-05 0.0
german 6.80133306128001e-05 0.5108256237659907
get 6.80133306128001e-05 1.2791962255635234
github 6.80133306128001e-05 1.0560526742493137
gl 0.0002720533224512004 1.911718784307034
global 6.80133306128001e-05 1.4127276181880462
globalcssjs 0.0001360266612256002 0.0
go 0.00034006665306400053 0.0
google 0.00034006665306400053 0.540239508972284
googpub 0.0001360266612256002 0.0
got 6.80133306128001e-05 2.953172659135195
gov 6.80133306128001e-05 1.1340142157190256
gray 6.80133306128001e-05 0.09097177820572679
greatest 6.80133306128001e-05 2.7990219793079367
greatly 6.80133306128001e-05 2.953172659135195
greek 0.0001360266612256002 0.09097177820572679
green 6.80133306128001e-05 0.09097177820572679
group 0.001224239951030402 0.0
growthexperiments 6.80133306128001e-05 0.0
guidance 6.80133306128001e-05 0.0
guides 6.80133306128001e-05 0.0
gurus 6.80133306128001e-05 4.051784947803305
h 0.0002720533224512004 0.0
h1 0.0001360266612256002 0.0
h2 0.0008161599673536013 0.0
hack 0.00040807998367680065 0.0
had 6.80133306128001e-05 1.0313600616589422
hand 6.80133306128001e-05 2.26002547857525
handled 6.80133306128001e-05 2.7990219793079367
handling 0.00034006665306400053 1.377636298376776
hard 6.80133306128001e-05 2.1799827709017134
hartley 0.0001360266612256002 4.051784947803305
has 6.80133306128001e-05 0.0
haskell 6.80133306128001e-05 1.5668782980153044
haspopup 0.00034006665306400053 0.0
he 6.80133306128001e-05 1.16141318990714
head 0.00020403999183840033 0.0
header 0.0019723865877712033 0.0
heading 0.0015643066040944024 0.0
headline 0.00047609331428960077 0.0
heap 6.80133306128001e-05 2.953172659135195
height 0.0009521866285792015 0.0
help 0.0010201999591920017 0.0
her 0.0001360266612256002 2.7990219793079367
here 0.0001360266612256002 0.0
hidden 0.0010201999591920017 0.0
hide 0.0002720533224512004 0.0
high 0.0001360266612256002 0.8531118302526235
highest 6.80133306128001e-05 0.0
highlight 0.0001360266612256002 0.6177977433181585
history 0.001836359926545603 0.0
history_8 0.0002720533224512004 4.74493212836325
hlist 0.0038767598449296063 0.2905848321097423
home 0.0001360266612256002 1.4127276181880462
homepage 0.0001360266612256002 2.7990219793079367
hopl 0.0002720533224512004 2.5477075510270306
hor 0.0001360266612256002 0.0
hosted 6.80133306128001e-05 0.0
how 0.00040807998367680065 0.0
however 0.0002720533224512004 0.0
howto 0.00020403999183840033 4.74493212836325
href 0.020540025845065632 0.0
hreflang 0.001292253281643202 0.11020314013361425
htm 0.00020403999183840033 1.2484245668967697
html 0.0009521866285792015 0.0
http 0.0017003332653200028 0.0
https 0.004692919812283207 0.0
hub 6.80133306128001e-05 0.0
i 0.005645106440862409 0.008733679968754631
ico 6.80133306128001e-05 0.0
icon 0.002380466571448004 0.0
icons 0.0002720533224512004 0.0
id 0.01231041284091682 0.0
idea 6.80133306128001e-05 2.3470368555648795
ideas 0.0001360266612256002 2.03688192726104
identical 6.80133306128001e-05 2.953172659135195
identifier 0.0014962932734816025 0.42744401482693967
identifiers 0.00047609331428960077 1.0813704822336037
idhash 6.80133306128001e-05 0.0
ierusalimschy 0.0001360266612256002 4.051784947803305
if 0.0001360266612256002 0.0
iii 0.0001360266612256002 2.7990219793079367
il 6.80133306128001e-05 1.2484245668967697
imag_part 6.80133306128001e-05 4.74493212836325
image 0.0005441066449024008 0.0
imageobject 0.0001360266612256002 0.0
imageright 6.80133306128001e-05 0.8329091229351039
images 0.0008161599673536013 0.0
img 0.0005441066449024008 0.0
immediately 6.80133306128001e-05 2.7990219793079367
immutable 6.80133306128001e-05 2.7990219793079367
implement 6.80133306128001e-05 0.0
implementation 0.0001360266612256002 0.5705448584676129
implementations 6.80133306128001e-05 0.8531118302526235
implemented 6.80133306128001e-05 1.0072625100798818
implements 6.80133306128001e-05 1.8004931491968095
implicit 0.00020403999183840033 1.8545603704670854
implicit_type_conversion 6.80133306128001e-05 4.051784947803305
implicitly 6.80133306128001e-05 2.4423470353692043
important 0.0001360266612256002 0.7018808605286999
improve 6.80133306128001e-05 0.9382696385929302
improvements 6.80133306128001e-05 0.0
in 0.003128613208188805 0.0
inc 0.00020403999183840033 0.0
include 0.0002720533224512004 0.0
includes 6.80133306128001e-05 1.1340142157190256
incredibly 6.80133306128001e-05 4.051784947803305
increment 6.80133306128001e-05 0.26759531388504365
index 0.001836359926545603 0.0
indicators 6.80133306128001e-05 0.0
influence 0.0005441066449024008 2.26002547857525
influenced 0.00020403999183840033 0.454472687214859
info 0.0027205332245120043 0.0
infobox 0.002448479902060804 0.21233263520999412
infobox_programming_language 0.0001360266612256002 0.37548427589622857
infobox_software 0.0001360266612256002 1.0313600616589422
information 0.00020403999183840033 0.0
inherit 0.00047609331428960077 0.035401927050916
inheritance 0.0001360266612256002 2.1058747987479913
inheritance_ 6.80133306128001e-05 2.665490586683414
init 0.00020403999183840033 0.0
inline 0.0014962932734816025 0.035401927050916
inner 0.0002720533224512004 0.0
input 0.0008161599673536013 0.0
inside 0.00020403999183840033 0.0721032939013439
inspirations 6.80133306128001e-05 4.051784947803305
instance 0.00020403999183840033 1.449095262358921
institute 0.0006801333061280011 1.2185716037470886
integer 6.80133306128001e-05 1.4127276181880462
integers 6.80133306128001e-05 1.8545603704670854
intelligence 0.0002720533224512004 1.911718784307034
interaction 0.00020403999183840033 0.0
interchangeably 6.80133306128001e-05 4.051784947803305
interface 0.0002720533224512004 0.0
interlanguage 0.002924573216350405 0.0
internal 6.80133306128001e-05 1.16141318990714
interwiki 0.001292253281643202 0.11020314013361425
into 6.80133306128001e-05 0.48225225132193467
introduced 6.80133306128001e-05 1.1895840668738364
introduction 0.00020403999183840033 0.0
invention 6.80133306128001e-05 3.3586377672433594
ip 0.0001360266612256002 0.0
is 0.0013602666122560021 0.0
isbn 0.00040807998367680065 0.6673946844575306
isbn_ 0.0001360266612256002 0.6673946844575306
israel 6.80133306128001e-05 1.3437347467010947
issue 0.0001360266612256002 0.8947845266531914
ist 0.0002720533224512004 1.9723434061234688
it 0.0010882132898048017 0.0
italian 6.80133306128001e-05 0.7559480817989758
italiano 6.80133306128001e-05 0.7746402148111283
item 0.005169013126572808 0.0
items 6.80133306128001e-05 0.0
iterator 0.00047609331428960077 4.051784947803305
iterators 0.00047609331428960077 3.6463198396951406
its 0.00020403999183840033 0.25629575863111026
j 0.00040807998367680065 0.0
j9u 0.00020403999183840033 1.3437347467010947
ja 0.0002720533224512004 0.9162907318741551
january 6.80133306128001e-05 0.0
japanese 6.80133306128001e-05 0.9162907318741551
java 0.0001360266612256002 0.8947845266531914
java_ 6.80133306128001e-05 1.1073459686368643
journal 0.0002720533224512004 0.7195804376281008
jp 0.0002720533224512004 2.953172659135195
jquery 6.80133306128001e-05 0.0
js 0.00020403999183840033 0.0
json 0.0001360266612256002 0.0
jstor 0.0001360266612256002 1.377636298376776
jtitle 0.000612119975515201 0.3260915205666521
july 6.80133306128001e-05 0.0
jump 0.0001360266612256002 0.0
june 6.80133306128001e-05 0.0
k 0.0001360266612256002 0.0
kern 0.0001360266612256002 0.09097177820572679
key 0.0002720533224512004 0.0
ko 0.0002720533224512004 1.0813704822336037
korean 6.80133306128001e-05 1.0813704822336037
l 0.0001360266612256002 1.1895840668738364
label 0.003740733183704006 0.0
labelledby 6.80133306128001e-05 0.0
laboratory 0.0002720533224512004 1.8545603704670854
landmark 0.0002720533224512004 0.0
lang 0.002380466571448004 0.0
langage 0.0001360266612256002 1.8004931491968095
langlinks 0.0001360266612256002 0.0
language 0.005373053118411209 0.0
languages 0.0022444399102224035 0.0
last 0.0008841732979664014 0.0
lastmod 6.80133306128001e-05 0.0
later 0.0001360266612256002 0.8531118302526235
latter 6.80133306128001e-05 2.03688192726104
lattner 0.00040807998367680065 4.051784947803305
lattner2014 0.0001360266612256002 4.051784947803305
lattner2014_7 0.0001360266612256002 4.74493212836325
lazy 0.0001360266612256002 0.0
lccn 0.00020403999183840033 1.3109449238781037
lcs 0.000612119975515201 3.6463198396951406
ld 0.0001360266612256002 0.0
leadership 0.0002720533224512004 3.3586377672433594
leading 6.80133306128001e-05 2.953172659135195
learn 0.00040807998367680065 0.0
lecture 0.0001360266612256002 2.26002547857525
left 0.0014962932734816025 0.0
level 0.0005441066449024008 0.0
levels 6.80133306128001e-05 0.0
li 0.016391212677684827 0.0
license 0.0002720533224512004 0.0
licenses 0.0001360266612256002 0.0
life 6.80133306128001e-05 0.6340582641899388
like 0.00020403999183840033 0.41419878807691896
limit 0.0007481466367408012 0.0
limited 0.00040807998367680065 0.0
limitreport 0.00020403999183840033 0.0
line 0.00020403999183840033 0.10054122922187746
linguagem 6.80133306128001e-05 2.1799827709017134
linguagem_de_programa 6.80133306128001e-05 2.26002547857525
linguaggio 0.0001360266612256002 1.8004931491968095
link 0.005781133102088009 0.0
linked 6.80133306128001e-05 0.0
links 0.001292253281643202 0.0
liskov 0.0010201999591920017 4.051784947803305
liskov1977 0.0002720533224512004 4.74493212836325
liskov1977_10 0.00040807998367680065 4.74493212836325
lisp 0.0001360266612256002 1.2185716037470886
lisp_ 6.80133306128001e-05 1.3437347467010947
list 0.007005373053118411 0.0
listbullet 0.00020403999183840033 0.0
listitem 0.0002720533224512004 0.2905848321097423
live 6.80133306128001e-05 2.1799827709017134
load 0.00020403999183840033 0.0
loaded 6.80133306128001e-05 0.0
loader 6.80133306128001e-05 0.0
loading 0.00020403999183840033 0.0
loc 0.0001360266612256002 0.0
local_base 6.80133306128001e-05 1.3109449238781037
locally 6.80133306128001e-05 2.953172659135195
lock 0.0009521866285792015 0.09097177820572679
log 0.00047609331428960077 0.0
logged 0.0001360266612256002 0.0
login 0.00034006665306400053 0.0
logo 0.0005441066449024008 0.0
loops 6.80133306128001e-05 2.1058747987479913
lower 0.00040807998367680065 0.09097177820572679
ltr 0.0010201999591920017 0.0
lua 0.0007481466367408012 0.008733679968754631
lua_ 0.0001360266612256002 1.911718784307034
lundh 0.0001360266612256002 4.74493212836325
lập 6.80133306128001e-05 2.953172659135195
m 0.0001360266612256002 0.0
machinery 0.0001360266612256002 1.749199854809259
made 6.80133306128001e-05 0.0
main 0.001836359926545603 0.0
main_page 0.0001360266612256002 0.0
mainentity 0.0001360266612256002 0.0
mainpage 6.80133306128001e-05 0.0
maint 6.80133306128001e-05 0.09097177820572679
maintenance 6.80133306128001e-05 0.9382696385929302
maintenance_template_removal 6.80133306128001e-05 1.0813704822336037
major 0.0001360266612256002 0.8131064956389242
malayalam 6.80133306128001e-05 1.911718784307034
management 6.80133306128001e-05 1.0813704822336037
mandatory 0.0002720533224512004 0.0
manual 0.0001360266612256002 1.1340142157190256
many 0.0002720533224512004 0.6673946844575306
march 0.0001360266612256002 0.0
margin 0.001224239951030402 0.017544309650909525
massachusetts 0.0006801333061280011 1.7004096906398272
massachusetts_institute_of_technology 0.0001360266612256002 1.911718784307034
massachusetts_institute_of_technology_software 6.80133306128001e-05 3.3586377672433594
match 6.80133306128001e-05 0.0
material 6.80133306128001e-05 1.486835590341768
matter 6.80133306128001e-05 3.3586377672433594
matz 0.00020403999183840033 4.74493212836325
matzs 0.0001360266612256002 4.74493212836325
max 0.0001360266612256002 0.0
may 0.00034006665306400053 0.0
mbox 0.0007481466367408012 1.0072625100798818
mc 0.0001360266612256002 4.051784947803305
mechanism 6.80133306128001e-05 1.6538896750049343
mechanisms 0.00020403999183840033 2.1799827709017134
media 0.00020403999183840033 0.0
mediawiki 0.000612119975515201 0.0
memory 0.0001360266612256002 0.008733679968754631
memusage 6.80133306128001e-05 0.008733679968754631
menu 0.0067333197306672105 0.0
message 0.00020403999183840033 0.0
meta 0.0008841732979664014 0.0
metadata 6.80133306128001e-05 0.6017974019717174
method 6.80133306128001e-05 1.3109449238781037
methodology 0.0002720533224512004 3.3586377672433594
methods 6.80133306128001e-05 1.449095262358921
min 0.0001360266612256002 0.12981161152199053
minerva 0.0005441066449024008 0.13976194237515863
mit 0.0010201999591920017 1.2484245668967697
mitddc 6.80133306128001e-05 4.74493212836325
ml 0.00040807998367680065 1.1895840668738364
ml_ 6.80133306128001e-05 1.7004096906398272
mmv 0.0001360266612256002 0.11020314013361425
mobile 0.00020403999183840033 0.0
mobileaction 6.80133306128001e-05 0.0
mobileview 6.80133306128001e-05 0.0
model 6.80133306128001e-05 0.8737311174553593
modern 6.80133306128001e-05 1.449095262358921
module 0.0001360266612256002 0.0
modules 0.00020403999183840033 0.0
more 0.0010201999591920017 0.0
more_citations_needed 0.00020403999183840033 2.03688192726104
moss 0.0001360266612256002 4.74493212836325
most 0.00020403999183840033 0.6340582641899388
move 0.0001360266612256002 0.0
moved 6.80133306128001e-05 0.0
ms 6.80133306128001e-05 0.0
multi 0.0002720533224512004 0.8329091229351039
multiple 0.00040807998367680065 0.7936884097818228
multiply 0.00020403999183840033 2.953172659135195
mutable 6.80133306128001e-05 3.3586377672433594
mw 0.029245732163504047 0.0
mw1372 0.00020403999183840033 3.6463198396951406
mycontributions 6.80133306128001e-05 0.0
mytalk 6.80133306128001e-05 0.0
n 0.0010882132898048017 0.0
name 0.002448479902060804 0.0
named 0.00020403999183840033 1.1073459686368643
names 6.80133306128001e-05 1.486835590341768
namespace 6.80133306128001e-05 2.4423470353692043
namespaces 6.80133306128001e-05 0.0
national 6.80133306128001e-05 0.8947845266531914
native 0.00034006665306400053 1.3437347467010947
native_1 0.0002720533224512004 4.74493212836325
nav 0.0009521866285792015 0.0
navbar 0.00020403999183840033 0.06280090123903044
navbox 0.0033326532000272054 0.454472687214859
navigation 0.0008161599673536013 0.0
navigationtiming 6.80133306128001e-05 0.0
nb 0.0001360266612256002 0.8531118302526235
nearby 6.80133306128001e-05 0.0
needed 0.0001360266612256002 1.1340142157190256
needing 0.00040807998367680065 1.5260563034950492
needs 0.0001360266612256002 1.0813704822336037
neither 6.80133306128001e-05 2.7990219793079367
net 6.80133306128001e-05 0.7195804376281008
new 0.0006801333061280011 0.14981227822866008
newpp 6.80133306128001e-05 0.0
news 6.80133306128001e-05 0.5552773863368246
newspapers 6.80133306128001e-05 1.377636298376776
ng 6.80133306128001e-05 2.3470368555648795
ngôn 6.80133306128001e-05 2.7990219793079367
ngữ 6.80133306128001e-05 2.665490586683414
ninjas 6.80133306128001e-05 4.051784947803305
nixon 0.0001360266612256002 4.051784947803305
nli 6.80133306128001e-05 1.3437347467010947
nlx10 6.80133306128001e-05 1.3437347467010947
no 0.0006801333061280011 0.0
node 6.80133306128001e-05 0.0
nofollow 0.002652519893899204 0.0
noicon 0.00034006665306400053 0.0
nojs 6.80133306128001e-05 0.0
non 6.80133306128001e-05 0.0
nondot 6.80133306128001e-05 4.051784947803305
none 0.001224239951030402 0.0
noprint 0.0005441066449024008 0.0
nor 6.80133306128001e-05 2.26002547857525
normal 0.00034006665306400053 0.0
norsk 6.80133306128001e-05 1.3437347467010947
norwegian 6.80133306128001e-05 1.3437347467010947
noscript 0.0002720533224512004 0.0
nosnippet 6.80133306128001e-05 0.0
not 0.0005441066449024008 0.0
notable 6.80133306128001e-05 1.8004931491968095
notes 0.0001360266612256002 1.2185716037470886
notice 6.80133306128001e-05 0.0
november 0.0002720533224512004 0.0
now 0.0001360266612256002 1.0072625100798818
nowrap 0.0007481466367408012 0.05358424613410626
nowraplinks 6.80133306128001e-05 0.454472687214859
ns 0.0001360266612256002 0.0
nstab 6.80133306128001e-05 0.0
null 6.80133306128001e-05 0.0
numb 0.00034006665306400053 0.0
number 0.0001360266612256002 0.0
numbers 6.80133306128001e-05 1.16141318990714
nws 6.80133306128001e-05 1.377636298376776
ny 0.0001360266612256002 3.6463198396951406
o 0.0002720533224512004 0.0
object 0.001292253281643202 0.5254244231871433
object_6 0.0001360266612256002 4.74493212836325
objective 6.80133306128001e-05 1.9723434061234688
objects 0.00020403999183840033 1.0560526742493137
october 6.80133306128001e-05 0.0
odd 0.0001360266612256002 0.454472687214859
of 0.00605318642453921 0.0
offer 0.0001360266612256002 2.665490586683414
official 0.00034006665306400053 0.8737311174553593
official_website_different_in_wikidata_and_wikipedia 6.80133306128001e-05 1.8545603704670854
often 0.00020403999183840033 1.486835590341768
og 0.0001360266612256002 0.0
ol 0.001292253281643202 0.035401927050916
oldid 0.00020403999183840033 0.0
on 0.0013602666122560021 0.0
one 0.0001360266612256002 0.42744401482693967
oneofs 6.80133306128001e-05 4.74493212836325
only 0.0002720533224512004 0.0
oo 0.0001360266612256002 3.3586377672433594
oojs_ui_icon_edit 0.00040807998367680065 0.8737311174553593
oop 6.80133306128001e-05 2.5477075510270306
opensearch_desc 6.80133306128001e-05 0.0
opensearchdescription 6.80133306128001e-05 0.0
operator 6.80133306128001e-05 1.2791962255635234
optimization 6.80133306128001e-05 2.1799827709017134
options 0.00034006665306400053 0.0
or 0.00034006665306400053 0.0
ordinary 6.80133306128001e-05 2.953172659135195
org 0.008025573012310412 0.0
organiser 6.80133306128001e-05 0.9382696385929302
organization 0.00034006665306400053 0.0
oriented 0.00040807998367680065 0.6505875661411494
oriented_programming 0.0002720533224512004 1.0313600616589422
origin 0.00034006665306400053 0.0
original 0.00020403999183840033 0.3022808718729337
other 0.0006801333061280011 0.0
other_features 0.0002720533224512004 4.051784947803305
others 6.80133306128001e-05 1.486835590341768
otherwise 6.80133306128001e-05 2.03688192726104
out 0.00020403999183840033 0.0
output 0.010065972930694417 0.0
outside 6.80133306128001e-05 1.9723434061234688
overflow 0.00020403999183840033 0.0
p 0.004692919812283207 0.0
padding 0.0010201999591920017 0.017544309650909525
page 0.0032646398694144052 0.0
pagelanguagecode 6.80133306128001e-05 0.0
pagelanguagedir 6.80133306128001e-05 0.0
pageprop 6.80133306128001e-05 0.27902400970866637
pages 0.0008161599673536013 0.0
pagevariantfallbacks 6.80133306128001e-05 0.0
panel 0.0002720533224512004 0.0
paradigm 0.0002720533224512004 0.5705448584676129
paradigm_programming_language 6.80133306128001e-05 1.5260563034950492
parallel 0.00040807998367680065 1.8004931491968095
parallel_assignment 0.0001360266612256002 4.74493212836325
parameterized 0.0002720533224512004 3.1354942159291497
parameterized_type 6.80133306128001e-05 4.74493212836325
parsed 6.80133306128001e-05 0.0
parser 0.010201999591920016 0.0
part 6.80133306128001e-05 0.7375989431307791
past 6.80133306128001e-05 0.0
patroltoken 6.80133306128001e-05 0.0
pcache 6.80133306128001e-05 0.0
pclu 0.0001360266612256002 4.74493212836325
pdf 0.0009521866285792015 0.0
pdp 6.80133306128001e-05 2.5477075510270306
perform 6.80133306128001e-05 1.5260563034950492
perl 0.00020403999183840033 1.5260563034950492
permalink 6.80133306128001e-05 0.0
permanent 0.0001360266612256002 0.0
persian 6.80133306128001e-05 1.0313600616589422
personal 0.00034006665306400053 0.0
php 0.0020403999183840034 0.0
pin 0.0001360266612256002 0.0
pinnable 0.0008161599673536013 0.0
pinned 0.0006801333061280011 0.0
pl 0.00034006665306400053 0.9162907318741551
place 6.80133306128001e-05 0.8737311174553593
placeholder 6.80133306128001e-05 0.0
places 0.000612119975515201 0.0
plainlinks 0.0001360266612256002 0.20163734609324613
please 6.80133306128001e-05 0.9837320126696876
pmg 0.0002720533224512004 4.051784947803305
png 0.0010882132898048017 0.0
point 6.80133306128001e-05 0.9162907318741551
policy 0.0001360266612256002 0.0
polish 6.80133306128001e-05 0.9837320126696876
polski 6.80133306128001e-05 1.0560526742493137
popularized 6.80133306128001e-05 4.051784947803305
popups 6.80133306128001e-05 0.0
portable 0.00034006665306400053 1.5260563034950492
portable_2 0.0002720533224512004 4.74493212836325
portal 0.00020403999183840033 0.0
portlet 0.001836359926545603 0.0
portuguese 6.80133306128001e-05 0.8531118302526235
português 6.80133306128001e-05 0.8531118302526235
position 6.80133306128001e-05 0.0
post 0.0001360266612256002 0.0
postexpandincludesize 6.80133306128001e-05 0.0
powered 6.80133306128001e-05 0.0
poweredby_mediawiki_132x47 6.80133306128001e-05 0.0
poweredby_mediawiki_176x62 6.80133306128001e-05 0.0
poweredby_mediawiki_88x31 6.80133306128001e-05 0.0
poweredbyico 6.80133306128001e-05 0.0
pp 0.0001360266612256002 0.9382696385929302
ppvisitednodes 6.80133306128001e-05 0.0
pre 0.0001360266612256002 0.40112670650956617
preconnect 6.80133306128001e-05 0.11020314013361425
predates 6.80133306128001e-05 4.051784947803305
prefetch 0.0001360266612256002 0.0
preprocessor 6.80133306128001e-05 0.0
presentation 6.80133306128001e-05 0.6177977433181585
pretty 6.80133306128001e-05 3.6463198396951406
preview 6.80133306128001e-05 0.0
print 0.0001360266612256002 0.0
print_export 0.00020403999183840033 0.0
printable 0.00020403999183840033 0.0
printfooter 6.80133306128001e-05 0.0
privacy 0.00020403999183840033 0.0
privacy_policy 0.0001360266612256002 0.0
proc 0.00020403999183840033 2.3470368555648795
procedural 0.00034006665306400053 1.0813704822336037
procedural_programming 6.80133306128001e-05 1.5668782980153044
procedural_programming_languages 6.80133306128001e-05 1.749199854809259
procedure 0.0001360266612256002 1.6094379124341003
proceedings 0.0002720533224512004 1.2484245668967697
product 6.80133306128001e-05 1.4127276181880462
profit 6.80133306128001e-05 0.0
program 0.00020403999183840033 0.41419878807691896
programação 6.80133306128001e-05 2.26002547857525
programmiersprache 0.0001360266612256002 1.8004931491968095
programming 0.005100999795960008 0.0
programming_language 0.0032646398694144052 0.08149303425118301
programming_language_implementation 6.80133306128001e-05 1.377636298376776
programming_languages_created_by_women 6.80133306128001e-05 3.6463198396951406
programming_languages_created_in_1975 6.80133306128001e-05 4.74493212836325
programming_paradigm 6.80133306128001e-05 0.5860490450035782
progressive 0.000612119975515201 0.0
projects 0.0001360266612256002 0.0
property 0.00020403999183840033 0.0
protection 6.80133306128001e-05 0.9162907318741551
provide 6.80133306128001e-05 0.9382696385929302
provided 0.00020403999183840033 1.0560526742493137
psu 0.0002720533224512004 1.9723434061234688
pt 0.0006801333061280011 0.0
pub 0.00034006665306400053 0.41419878807691896
public 6.80133306128001e-05 0.9162907318741551
publications 0.0001360266612256002 1.5260563034950492
published 0.00020403999183840033 0.3504829736908114
publisher 0.0001360266612256002 0.0
pubs 0.0001360266612256002 2.7990219793079367
push 0.00020403999183840033 0.0
pygments 0.0001360266612256002 0.6177977433181585
python 0.0010882132898048017 1.377636298376776
python_ 0.00020403999183840033 1.377636298376776
q 0.0009521866285792015 0.0
q775159 0.0005441066449024008 4.74493212836325
query 6.80133306128001e-05 1.0813704822336037
question_book 0.00047609331428960077 1.3437347467010947
quick 6.80133306128001e-05 0.0
quiet 0.00040807998367680065 0.0
quotes 6.80133306128001e-05 0.09097177820572679
r 0.0006801333061280011 0.0
r1011085734 6.80133306128001e-05 0.09097177820572679
r1061467846 6.80133306128001e-05 0.454472687214859
r1066479718 0.0001360266612256002 0.21233263520999412
r1097763485 6.80133306128001e-05 1.0072625100798818
r1129693374 6.80133306128001e-05 0.2905848321097423
r1133582631 0.0010201999591920017 0.09097177820572679
raised 6.80133306128001e-05 3.3586377672433594
random 0.0001360266612256002 0.0
randomly 6.80133306128001e-05 0.0
randompage 6.80133306128001e-05 0.0
raw 6.80133306128001e-05 0.0
re 0.0001360266612256002 0.0
read 0.0001360266612256002 0.0
ready 0.001224239951030402 0.0
real 0.00020403999183840033 0.0
real_part 6.80133306128001e-05 4.74493212836325
recent 0.0002720533224512004 0.0
recentchanges 0.00020403999183840033 0.0
recentchangeslinked 0.0001360266612256002 0.0
recently 6.80133306128001e-05 2.7990219793079367
record 0.0001360266612256002 1.749199854809259
recursion 6.80133306128001e-05 0.0
red 6.80133306128001e-05 0.09097177820572679
redirect 0.0015643066040944024 0.008733679968754631
reduced 6.80133306128001e-05 0.0
reference 0.0030605998775760047 0.035401927050916
references 0.001224239951030402 0.008733679968754631
referencetooltips 6.80133306128001e-05 0.0
referencing 6.80133306128001e-05 1.8004931491968095
referencing_for_beginners 6.80133306128001e-05 1.911718784307034
referred 6.80133306128001e-05 1.9723434061234688
referrer 0.00020403999183840033 0.0
refimprove 6.80133306128001e-05 1.911718784307034
refine 6.80133306128001e-05 3.3586377672433594
reflist 0.0010201999591920017 0.09097177820572679
registered 6.80133306128001e-05 0.0
registration 0.0001360266612256002 0.08149303425118301
rel 0.0048289464735088074 0.0
related 0.0001360266612256002 0.0
release 0.0001360266612256002 0.49643688631389105
reliable 0.0001360266612256002 0.8947845266531914
removal 6.80133306128001e-05 1.0313600616589422
remove 6.80133306128001e-05 0.9382696385929302
removed 6.80133306128001e-05 1.3109449238781037
rendering 6.80133306128001e-05 0.0
rep 0.0001360266612256002 4.051784947803305
repeat 0.0002720533224512004 0.0721032939013439
replace 0.0001360266612256002 0.0
report 0.0001360266612256002 0.0
representation 0.0001360266612256002 1.8545603704670854
request 6.80133306128001e-05 1.1895840668738364
require 6.80133306128001e-05 0.0
reset 6.80133306128001e-05 0.26759531388504365
resignaled 0.0001360266612256002 4.74493212836325
resourceloaderdynamicstyles 6.80133306128001e-05 0.0
retrieved 0.000612119975515201 0.0
return 0.00040807998367680065 1.1073459686368643
returns 6.80133306128001e-05 2.03688192726104
returnto 0.0002720533224512004 0.0
revision 0.00020403999183840033 0.0
revisions 6.80133306128001e-05 0.0
rfr_id 0.0010201999591920017 0.10054122922187746
rft 0.007345439706182412 0.10054122922187746
rft_id 0.0014282799428688023 0.11020314013361425
rft_val_fmt 0.0010201999591920017 0.10054122922187746
rgba 6.80133306128001e-05 0.09097177820572679
right 0.0007481466367408012 0.0
rl 6.80133306128001e-05 0.0
rlconf 6.80133306128001e-05 0.0
rlpagemodules 6.80133306128001e-05 0.0
rlq 0.00040807998367680065 0.0
rlstate 6.80133306128001e-05 0.0
robots 6.80133306128001e-05 0.0
role 0.0010882132898048017 0.0
roman 0.0002720533224512004 0.09097177820572679
root 6.80133306128001e-05 1.8545603704670854
rootpage 6.80133306128001e-05 0.0
roots 0.0002720533224512004 3.1354942159291497
row 0.0005441066449024008 0.12981161152199053
rsd 0.0001360266612256002 0.0
ru 0.0002720533224512004 0.6505875661411494
ruby 0.000612119975515201 1.6094379124341003
ruby_ 0.0001360266612256002 1.7004096906398272
rubys 6.80133306128001e-05 4.74493212836325
russian 6.80133306128001e-05 0.6505875661411494
rust 6.80133306128001e-05 1.749199854809259
s 0.0008161599673536013 0.0
s2cid 0.0002720533224512004 1.377636298376776
s2cid_ 0.0001360266612256002 1.377636298376776
sa 0.0001360266612256002 0.0
sabre 6.80133306128001e-05 3.6463198396951406
safe 0.00034006665306400053 1.911718784307034
same 6.80133306128001e-05 0.8737311174553593
sameas 0.0001360266612256002 0.0
sather 0.00040807998367680065 4.74493212836325
saved 6.80133306128001e-05 0.0
schaffert 0.0002720533224512004 4.74493212836325
scheifler 0.0001360266612256002 4.051784947803305
schema 0.0001360266612256002 0.0
scholar 0.00020403999183840033 1.3109449238781037
science 0.00047609331428960077 0.3504829736908114
scope 0.0005441066449024008 0.11995931507897897
screen 0.0001360266612256002 0.0
scribunto 6.80133306128001e-05 0.008733679968754631
script 0.0009521866285792015 0.0
scripts 6.80133306128001e-05 0.0
search 0.002108413248996803 0.0
searchbutton 0.0002720533224512004 0.0
searchform 6.80133306128001e-05 0.0
searchinput 6.80133306128001e-05 0.0
second 6.80133306128001e-05 1.1073459686368643
seconds 0.00020403999183840033 0.0
section 0.0006801333061280011 0.0
seen 6.80133306128001e-05 2.1799827709017134
selected 0.0002720533224512004 0.0
selector 6.80133306128001e-05 0.0
selflink 6.80133306128001e-05 0.08149303425118301
semanticscholar 0.0002720533224512004 1.377636298376776
sentences 6.80133306128001e-05 0.0
september 6.80133306128001e-05 0.0
serially 6.80133306128001e-05 4.051784947803305
series 6.80133306128001e-05 1.1073459686368643
set 0.00020403999183840033 0.0
several 6.80133306128001e-05 0.7195804376281008
sh85027223 6.80133306128001e-05 4.74493212836325
sha1 6.80133306128001e-05 0.10054122922187746
sharealike 6.80133306128001e-05 0.0
sharealike_3 6.80133306128001e-05 0.0
sharing 0.00034006665306400053 2.26002547857525
sharp 6.80133306128001e-05 1.3109449238781037
show 0.0002720533224512004 0.0
side 6.80133306128001e-05 1.2791962255635234
sidebar 0.0007481466367408012 0.0
signal 6.80133306128001e-05 2.1058747987479913
signified 6.80133306128001e-05 4.74493212836325
sigplan 0.00034006665306400053 1.8004931491968095
simple 0.0001360266612256002 0.6017974019717174
simplesearch 6.80133306128001e-05 0.0
simula 0.00020403999183840033 1.6094379124341003
simultaneous 6.80133306128001e-05 3.3586377672433594
site 0.00040807998367680065 0.0
sitedir 6.80133306128001e-05 0.0
sitelinks 6.80133306128001e-05 0.0
sitenotice 0.0001360266612256002 0.0
sitesub 6.80133306128001e-05 0.0
sitesupport 6.80133306128001e-05 0.0
size 0.0008161599673536013 0.0
sizing 0.0001360266612256002 0.25629575863111026
skin 0.0009521866285792015 0.0
skins 0.00040807998367680065 0.0
small 0.00034006665306400053 0.0721032939013439
snyder 0.0002720533224512004 3.6463198396951406
software 0.00040807998367680065 0.08149303425118301
software_design 6.80133306128001e-05 0.5705448584676129
software_developer 6.80133306128001e-05 0.9382696385929302
software_release_life_cycle 6.80133306128001e-05 0.7018808605286999
softwareheritage 6.80133306128001e-05 4.74493212836325
solid 0.0007481466367408012 0.2340726218464
sources 0.00020403999183840033 0.6177977433181585
space 0.00020403999183840033 0.11995931507897897
spacing 6.80133306128001e-05 0.2905848321097423
span 0.02557301231041284 0.0
spanish 6.80133306128001e-05 0.7195804376281008
sparc 0.00020403999183840033 2.665490586683414
special 0.001904373257158403 0.0
specialpages 0.0001360266612256002 0.0
speedy 6.80133306128001e-05 1.0072625100798818
springer 0.0001360266612256002 1.911718784307034
square 0.0001360266612256002 2.665490586683414
src 0.0006801333061280011 0.0
srcset 0.0002720533224512004 0.0
stable 6.80133306128001e-05 0.7195804376281008
standard 6.80133306128001e-05 0.0
start 0.0001360266612256002 0.0
starting 0.0001360266612256002 2.03688192726104
startup 0.0001360266612256002 0.0
statement 0.00020403999183840033 0.0
statements 0.00040807998367680065 0.9382696385929302
states 6.80133306128001e-05 1.0072625100798818
static 0.0008841732979664014 0.0
statistics 6.80133306128001e-05 0.0
stats 6.80133306128001e-05 0.0
statslink 6.80133306128001e-05 0.0
status 6.80133306128001e-05 0.0
step 6.80133306128001e-05 1.6094379124341003
stephen 0.0001360266612256002 1.9723434061234688
sticky 0.0001360266612256002 0.0
stopmobileredirecttoggle 6.80133306128001e-05 0.0
strachey 0.0001360266612256002 4.051784947803305
strings 6.80133306128001e-05 1.6538896750049343
strong 0.0001360266612256002 0.8737311174553593
strong_typing 6.80133306128001e-05 1.911718784307034
stroustrup 0.0001360266612256002 3.6463198396951406
structured 6.80133306128001e-05 0.0
students 0.0001360266612256002 2.3470368555648795
style 0.004080799836768007 0.0
styles 0.0008161599673536013 0.0
stylesheet 0.0001360266612256002 0.0
subbox 6.80133306128001e-05 0.21233263520999412
subgroup 0.00034006665306400053 0.454472687214859
subheader 6.80133306128001e-05 0.21233263520999412
subject 6.80133306128001e-05 0.0
subjects 6.80133306128001e-05 1.3437347467010947
sublist 0.00034006665306400053 0.0
submit 0.0001360266612256002 0.0
subscription 0.0001360266612256002 0.09097177820572679
subtitle 6.80133306128001e-05 0.0
subtract 0.00020403999183840033 3.1354942159291497
such 0.00020403999183840033 0.454472687214859
suggestededitsession 6.80133306128001e-05 0.0
summary 0.00020403999183840033 0.19105523676270922
suomi 6.80133306128001e-05 1.5668782980153044
sup 0.004624906481670407 0.0721032939013439
support 6.80133306128001e-05 0.0
supports 6.80133306128001e-05 0.8531118302526235
svg 0.001292253281643202 0.0
swh 0.0001360266612256002 4.74493212836325
swift 0.00020403999183840033 1.8545603704670854
swift_ 6.80133306128001e-05 1.911718784307034
switcher 6.80133306128001e-05 0.0
symposium 0.0001360266612256002 2.26002547857525
syntax 0.0002720533224512004 0.540239508972284
system 0.00020403999183840033 0.11020314013361425
t 0.0009521866285792015 0.0
tab 0.00034006665306400053 0.0
tabindex 0.0001360266612256002 0.0
table 0.0007481466367408012 0.0
tabs 0.0001360266612256002 0.0
tagline 0.00020403999183840033 0.0
tags 6.80133306128001e-05 0.0
talk 0.0002720533224512004 0.0
tapes 0.0001360266612256002 4.74493212836325
target 0.0014282799428688023 0.0
targetloader 6.80133306128001e-05 0.0
tb 0.00020403999183840033 0.0
tbm 0.0001360266612256002 1.377636298376776
tbody 0.00040807998367680065 0.044451762570833796
tbs 0.00020403999183840033 1.377636298376776
td 0.002584506563286404 0.044451762570833796
team 6.80133306128001e-05 1.6538896750049343
tech 0.0001360266612256002 2.1058747987479913
technology 0.0006801333061280011 0.7195804376281008
telephone 6.80133306128001e-05 0.0
template 0.0017683465959328027 0.0
template_ 6.80133306128001e-05 3.6463198396951406
templateargumentsize 6.80133306128001e-05 0.0
templates 6.80133306128001e-05 2.4423470353692043
templatestyles 0.0014282799428688023 0.017544309650909525
terminates 6.80133306128001e-05 2.953172659135195
terms 0.0001360266612256002 0.0
terms_of_use 6.80133306128001e-05 0.0
test 6.80133306128001e-05 1.486835590341768
tetsu 0.0001360266612256002 4.74493212836325
text 0.005305039787798408 0.0
text_of_the_creative_commons_attribution 6.80133306128001e-05 0.0
th 0.0014962932734816025 0.11995931507897897
than 6.80133306128001e-05 0.6340582641899388
that 0.0007481466367408012 0.18058393689541388
the 0.0048289464735088074 0.0
them 0.00020403999183840033 0.9837320126696876
then 6.80133306128001e-05 0.6017974019717174
there 6.80133306128001e-05 0.8737311174553593
these 0.0001360266612256002 0.6340582641899388
they 0.00020403999183840033 0.7195804376281008
third 0.0001360266612256002 1.377636298376776
this 0.001904373257158403 0.0
those 0.0001360266612256002 1.3437347467010947
though 0.0001360266612256002 1.5668782980153044
thumb 0.00040807998367680065 0.12981161152199053
thumbnail 6.80133306128001e-05 0.0
thus 6.80133306128001e-05 1.0313600616589422
time 0.00034006665306400053 0.0
timestamp 0.0001360266612256002 0.0
timeusage 6.80133306128001e-05 0.008733679968754631
timingprofile 6.80133306128001e-05 0.0
tireless 6.80133306128001e-05 4.051784947803305
title 0.015507039379718425 0.0
titlebar 0.0005441066449024008 0.0
titleform 6.80133306128001e-05 0.0
tiếng 6.80133306128001e-05 1.8004931491968095
to 0.002992586546963205 0.0
toc 0.005577093110249609 0.0
toggle 0.000612119975515201 0.0
toggle_view_mobile 6.80133306128001e-05 0.0
tokens 6.80133306128001e-05 0.0
too 6.80133306128001e-05 1.6538896750049343
took 6.80133306128001e-05 1.9723434061234688
toolbar 0.00020403999183840033 0.0
tools 0.000612119975515201 0.0
top 0.0006801333061280011 0.0
total 0.0001360266612256002 0.0
tots 6.80133306128001e-05 4.74493212836325
touch 0.0001360266612256002 0.0
tr 0.0032646398694144052 0.044451762570833796
trademark 6.80133306128001e-05 0.0
transclusion 6.80133306128001e-05 0.0
transientcontent 6.80133306128001e-05 0.0
transparent 0.00020403999183840033 0.06280090123903044
triggered 6.80133306128001e-05 0.0
true 0.0016323199347072026 0.0
trình 6.80133306128001e-05 2.953172659135195
ttl 6.80133306128001e-05 0.0
type 0.0039447731755424065 0.0
type_system 6.80133306128001e-05 0.7746402148111283
types 0.000612119975515201 0.7375989431307791
typically 6.80133306128001e-05 1.486835590341768
typing 0.0001360266612256002 0.7018808605286999
u 0.0001360266612256002 0.0
ui 0.0036047065224784056 0.0
uid 0.00020403999183840033 1.1073459686368643
uk 0.0002720533224512004 0.6340582641899388
ukrainian 6.80133306128001e-05 0.8131064956389242
ul 0.004080799836768007 0.0
uli 6.80133306128001e-05 1.3109449238781037
uls 0.00034006665306400053 0.0
under 6.80133306128001e-05 0.0
united 6.80133306128001e-05 0.9837320126696876
universal 6.80133306128001e-05 1.8004931491968095
unknown 0.000612119975515201 0.26759531388504365
unlike 0.00020403999183840033 1.6538896750049343
unpin 0.0001360266612256002 0.0
unpinned 0.0001360266612256002 0.0
unsourced 0.00047609331428960077 1.3109449238781037
unstrip 0.0002720533224512004 0.0
up 0.0001360266612256002 0.8947845266531914
updated 0.00020403999183840033 0.41419878807691896
upload 0.0010882132898048017 0.0
upper 0.0002720533224512004 0.09097177820572679
url 0.0006801333061280011 0.0
us 0.0001360266612256002 0.0
usa 0.0001360266612256002 2.03688192726104
usage 0.0002720533224512004 0.0
use 0.00040807998367680065 0.0
used 0.00020403999183840033 0.19105523676270922
uselang 6.80133306128001e-05 0.0
user 0.001904373257158403 0.0
useradd 0.0001360266612256002 0.0
userlogin 0.0001360266612256002 0.0
ushijima 0.0001360266612256002 4.74493212836325
using 0.0002720533224512004 0.0
utc 6.80133306128001e-05 0.0
utf 6.80133306128001e-05 0.0
utm_campaign 6.80133306128001e-05 0.0
utm_medium 6.80133306128001e-05 0.0
utm_source 6.80133306128001e-05 0.0
ux 6.80133306128001e-05 0.08149303425118301
value 0.0009521866285792015 0.0
values 0.00034006665306400053 0.9837320126696876
var 0.0001360266612256002 0.0
variable 6.80133306128001e-05 0.9382696385929302
variant 0.00034006665306400053 0.0
variant_type 0.0001360266612256002 4.051784947803305
variants 0.00040807998367680065 0.0
various 6.80133306128001e-05 1.377636298376776
vary 6.80133306128001e-05 0.10054122922187746
vax 0.00020403999183840033 2.7990219793079367
ve 6.80133306128001e-05 0.0
vector 0.016459226008297627 0.0
verifiability 0.0001360266612256002 1.2185716037470886
verification 6.80133306128001e-05 1.6538896750049343
version 0.0001360266612256002 0.0
vertical 6.80133306128001e-05 0.6017974019717174
very 0.0001360266612256002 0.9607424944449889
vevent 6.80133306128001e-05 0.22314355131420976
vi 0.0002720533224512004 1.6094379124341003
via 6.80133306128001e-05 1.0313600616589422
vietnamese 6.80133306128001e-05 1.8004931491968095
view 0.000612119975515201 0.0
viewdoc 0.0001360266612256002 1.9723434061234688
viewport 6.80133306128001e-05 0.0
views 0.00020403999183840033 0.0
visible 6.80133306128001e-05 0.09097177820572679
visit 0.0001360266612256002 0.0
visited 6.80133306128001e-05 0.0
visualeditor 0.0002720533224512004 0.0
việt 6.80133306128001e-05 1.8004931491968095
vol 6.80133306128001e-05 1.449095262358921
volume 0.0001360266612256002 0.8329091229351039
vue 0.0001360266612256002 0.0
w 0.0023124532408352037 0.0
walltime 6.80133306128001e-05 0.0
was 0.00040807998367680065 0.0
watchlist 6.80133306128001e-05 0.0
watchtoken 6.80133306128001e-05 0.0
way 0.0001360266612256002 0.8947845266531914
wb 0.0001360266612256002 0.0
wbc 6.80133306128001e-05 0.0
wbr 0.00034006665306400053 0.7195804376281008
wc 6.80133306128001e-05 1.3437347467010947
web 0.0010201999591920017 0.09097177820572679
website 0.00047609331428960077 0.0
weight 0.0002720533224512004 0.05358424613410626
were 6.80133306128001e-05 0.6844891178168307
wgaction 6.80133306128001e-05 0.0
wgarticleid 6.80133306128001e-05 0.0
wgbackendresponsetime 6.80133306128001e-05 0.0
wgbreakframes 6.80133306128001e-05 0.0
wgcanonicalnamespace 6.80133306128001e-05 0.0
wgcanonicalspecialpagename 6.80133306128001e-05 0.0
wgcategories 6.80133306128001e-05 0.0
wgcentralauthmobiledomain 6.80133306128001e-05 0.0
wgcspnonce 6.80133306128001e-05 0.0
wgcurrevisionid 6.80133306128001e-05 0.0
wgdefaultdateformat 6.80133306128001e-05 0.0
wgdigittransformtable 6.80133306128001e-05 0.0
wgeditsubmitbuttonlabelpublish 6.80133306128001e-05 0.0
wgflaggedrevsparams 6.80133306128001e-05 0.0
wggestructuredtaskrejectionreasontextinputenabled 6.80133306128001e-05 0.0
wggetopicsmatchmodeenabled 6.80133306128001e-05 0.0
wghostname 6.80133306128001e-05 0.0
wgisarticle 6.80133306128001e-05 0.0
wgisprobablyeditable 6.80133306128001e-05 0.0
wgisredirect 6.80133306128001e-05 0.0
wgmediaviewerenabledbydefault 6.80133306128001e-05 0.0
wgmediavieweronclick 6.80133306128001e-05 0.0
wgmfdisplaywikibasedescriptions 6.80133306128001e-05 0.0
wgmonthnames 6.80133306128001e-05 0.0
wgnamespacenumber 6.80133306128001e-05 0.0
wgnoticeproject 6.80133306128001e-05 0.0
wgpagecontentlanguage 6.80133306128001e-05 0.0
wgpagecontentmodel 6.80133306128001e-05 0.0
wgpagename 6.80133306128001e-05 0.0
wgpageparsereport 6.80133306128001e-05 0.0
wgpopupsflags 6.80133306128001e-05 0.0
wgrelevantarticleid 6.80133306128001e-05 0.0
wgrelevantpageisprobablyeditable 6.80133306128001e-05 0.0
wgrelevantpagename 6.80133306128001e-05 0.0
wgrequestid 6.80133306128001e-05 0.0
wgrestrictionedit 6.80133306128001e-05 0.0
wgrestrictionmove 6.80133306128001e-05 0.0
wgrevisionid 6.80133306128001e-05 0.0
wgseparatortransformtable 6.80133306128001e-05 0.0
wgtitle 6.80133306128001e-05 0.0
wgulscurrentautonym 6.80133306128001e-05 0.0
wgulsiscompactlinksenabled 6.80133306128001e-05 0.0
wgulsislanguageselectorempty 6.80133306128001e-05 0.0
wgulsposition 6.80133306128001e-05 0.0
wgusergroups 6.80133306128001e-05 0.0
wgusername 6.80133306128001e-05 0.0
wgvector2022previewpages 6.80133306128001e-05 0.0
wgvisualeditor 6.80133306128001e-05 0.0
wgwikibaseitemid 6.80133306128001e-05 0.0
wgwmepagelength 6.80133306128001e-05 0.0
wgwmeschemaeditattemptstepoversample 6.80133306128001e-05 0.0
what 0.0001360266612256002 0.0
whatlinkshere 0.0001360266612256002 0.0
when 0.00040807998367680065 0.0
where 0.0001360266612256002 0.9382696385929302
which 0.00020403999183840033 0.3022808718729337
while 6.80133306128001e-05 0.7195804376281008
white 0.00020403999183840033 0.12981161152199053
who 6.80133306128001e-05 1.486835590341768
widely 6.80133306128001e-05 1.6538896750049343
width 0.0021764265796096033 0.0
wiki 0.011154186220499218 0.0
wikibase 0.0002720533224512004 0.0
wikidata 0.0009521866285792015 0.0
wikimedia 0.002652519893899204 0.0
wikimediabadges 6.80133306128001e-05 0.0
wikimediaevents 6.80133306128001e-05 0.0
wikimediafoundation 0.0001360266612256002 0.0
wikipedia 0.007481466367408012 0.0
wikisource 6.80133306128001e-05 0.09097177820572679
wikitext 6.80133306128001e-05 0.0
window 0.00020403999183840033 0.0
with 0.0021764265796096033 0.0
without 0.0001360266612256002 0.9162907318741551
wmf 0.00020403999183840033 0.0
women 0.00020403999183840033 3.1354942159291497
won 6.80133306128001e-05 2.7990219793079367
woodsheep 0.00020403999183840033 4.74493212836325
word 0.0001360266612256002 0.05358424613410626
wordmark 0.0001360266612256002 0.0
works 6.80133306128001e-05 0.0
would 6.80133306128001e-05 1.1895840668738364
wpformidentifier 6.80133306128001e-05 0.0
wrap 0.0001360266612256002 0.06280090123903044
writing 6.80133306128001e-05 1.2791962255635234
ws 6.80133306128001e-05 0.09097177820572679
www 0.0013602666122560021 0.0
x 0.00047609331428960077 0.0
xml 0.00020403999183840033 0.0
y 0.00040807998367680065 0.0
years 0.00020403999183840033 0.454472687214859
yes 6.80133306128001e-05 0.0
yield 0.0001360266612256002 4.051784947803305
york 0.0001360266612256002 2.3470368555648795
you 0.00040807998367680065 0.0
yue 0.0002720533224512004 0.540239508972284
z 0.00020403999183840033 0.0
z39 0.0010201999591920017 0.10054122922187746
z3988 0.0010201999591920017 0.10054122922187746
zh 0.00040807998367680065 0.48225225132193467
zilles 0.0001360266612256002 4.74493212836325
ziring 6.80133306128001e-05 4.051784947803305
zone 0.0001360266612256002 3.1354942159291497
клу 6.80133306128001e-05 4.74493212836325
мова 6.80133306128001e-05 2.1799827709017134
програмування 6.80133306128001e-05 2.5477075510270306
русский 6.80133306128001e-05 0.6505875661411494
українська 6.80133306128001e-05 0.8329091229351039
ال 6.80133306128001e-05 3.6463198396951406
العربية 6.80133306128001e-05 1.16141318990714
برمجة 6.80133306128001e-05 2.1058747987479913
سی 6.80133306128001e-05 2.3470368555648795
فارسی 6.80133306128001e-05 1.0313600616589422
كلو 6.80133306128001e-05 4.74493212836325
نظام 6.80133306128001e-05 4.74493212836325
یو 6.80133306128001e-05 4.74493212836325
എൽയ 6.80133306128001e-05 4.74493212836325
ഗ 6.80133306128001e-05 2.7990219793079367
ങ 6.80133306128001e-05 2.7990219793079367
പ 6.80133306128001e-05 2.5477075510270306
ഭ 6.80133306128001e-05 2.665490586683414
മ 6.80133306128001e-05 2.7990219793079367
മലയ 6.80133306128001e-05 1.911718784307034
ര 0.0001360266612256002 2.665490586683414
ള 6.80133306128001e-05 1.911718784307034
ഷ 6.80133306128001e-05 2.5477075510270306
സ 6.80133306128001e-05 2.665490586683414
中文 6.80133306128001e-05 0.8329091229351039
日本語 6.80133306128001e-05 0.9382696385929302
粵語 6.80133306128001e-05 0.540239508972284
언어 6.80133306128001e-05 2.03688192726104
프로그래밍 6.80133306128001e-05 2.1058747987479913
한국어 6.80133306128001e-05 1.0813704822336037
