0 0.005400098183603338 0.0
00 0.0001402622904832036 0.0
000 0.0001402622904832036 0.0
008 0.0001402622904832036 0.06280090123903044
009ex 7.01311452416018e-05 0.0
029ex 7.01311452416018e-05 0.0
03 0.0001402622904832036 0.017544309650909525
039 0.0002805245809664072 0.22314355131420976
04 0.000350655726208009 0.017544309650909525
0408027 7.01311452416018e-05 0.0
05 7.01311452416018e-05 0.0
0521877763 0.0002805245809664072 0.2905848321097423
07 0.0001402622904832036 0.0
09 7.01311452416018e-05 0.09097177820572679
0906 0.0001402622904832036 0.2905848321097423
0_7 0.00021039343572480537 0.2905848321097423
0_unported_license 7.01311452416018e-05 0.0
1 0.007994950557542605 0.0
10 0.001683147485798443 0.0
100 0.0005610491619328144 0.0
1000 7.01311452416018e-05 0.0
1000000 0.0001402622904832036 0.0
10005 7.01311452416018e-05 0.2905848321097423
1007 0.00021039343572480537 0.008733679968754631
1016 0.0001402622904832036 0.10054122922187746
1017 0.00021039343572480537 0.2905848321097423
104 0.0001402622904832036 0.11020314013361425
1066 0.0001402622904832036 0.2905848321097423
10dd04e00f38fadbe7876e7e43542ec5d018d36d 7.01311452416018e-05 0.0
10z 0.0001402622904832036 0.0
11 0.0006311803071744162 0.008733679968754631
11044594 0.0001402622904832036 0.2905848321097423
1127214600 0.0004909180166912126 0.2905848321097423
1145 0.00021039343572480537 0.008733679968754631
117 7.01311452416018e-05 0.0
12 0.000701311452416018 0.008733679968754631
120 7.01311452416018e-05 0.08149303425118301
123456789 0.00021039343572480537 0.0
125em 7.01311452416018e-05 0.0
126ex 7.01311452416018e-05 0.0
127 7.01311452416018e-05 0.11020314013361425
129 0.0001402622904832036 0.11995931507897897
129ex 7.01311452416018e-05 0.0
12px 7.01311452416018e-05 0.0
12s5i 7.01311452416018e-05 0.0
13 0.0006311803071744162 0.0
133 7.01311452416018e-05 0.008733679968754631
13t14 0.0001402622904832036 0.0
14 0.0006311803071744162 0.008733679968754631
140 0.0001402622904832036 0.2340726218464
146 0.0001402622904832036 0.044451762570833796
1460 0.0001402622904832036 0.2905848321097423
1462166 7.01311452416018e-05 0.2905848321097423
1462169 0.00021039343572480537 0.2905848321097423
15 0.0001402622904832036 0.0
1550 0.0001402622904832036 0.2905848321097423
160 0.0007714425976576198 0.2340726218464
162ex 7.01311452416018e-05 0.0
1632911306254d09bcc1bc331d6c95e8106a9826 7.01311452416018e-05 0.0
17 0.0002805245809664072 0.0
1753362 0.00021039343572480537 0.2905848321097423
176ex 0.00021039343572480537 0.0
17t12 0.0001402622904832036 0.0
18 7.01311452416018e-05 0.0
186 0.0001402622904832036 0.11020314013361425
197033 7.01311452416018e-05 0.0
1987 0.00021039343572480537 0.08149303425118301
1991 0.00042078687144961075 0.02643325706815543
1998 0.0012623606143488324 0.02643325706815543
1be60c179f8eebd7d94b8708148393c9430caa94 7.01311452416018e-05 0.0
1em 0.0002805245809664072 0.0
1x1 7.01311452416018e-05 0.0
2 0.0029455081001472753 0.0
20 0.0004909180166912126 0.0
20000 7.01311452416018e-05 0.0
2002 7.01311452416018e-05 0.0
2004 0.0007714425976576198 0.06280090123903044
2005 0.00021039343572480537 0.0
2007 0.0001402622904832036 0.008733679968754631
2008 0.0001402622904832036 0.02643325706815543
2009 0.00042078687144961075 0.0
2011 7.01311452416018e-05 0.0
20110304133204 7.01311452416018e-05 0.0
2012 7.01311452416018e-05 0.0721032939013439
2014 7.01311452416018e-05 0.017544309650909525
2021 0.0002805245809664072 0.008733679968754631
2022 0.0005610491619328144 0.0
20230314045216 0.00021039343572480537 0.2905848321097423
205ex 7.01311452416018e-05 0.0
2097152 0.0002805245809664072 0.0
21 0.00042078687144961075 0.0
218524 7.01311452416018e-05 0.0
22 0.0001402622904832036 0.0
22671 0.0002805245809664072 0.2905848321097423
227bcca0 7.01311452416018e-05 0.2905848321097423
23 7.01311452416018e-05 0.02643325706815543
23id 0.0001402622904832036 0.0
25222 0.0001402622904832036 0.2905848321097423
255 7.01311452416018e-05 0.044451762570833796
257ex 7.01311452416018e-05 0.0
25em 7.01311452416018e-05 0.0
26 7.01311452416018e-05 0.0
262 7.01311452416018e-05 0.19105523676270922
2691882 0.0001402622904832036 0.2905848321097423
269ex 7.01311452416018e-05 0.0
277 0.0001402622904832036 0.2905848321097423
27775 0.00021039343572480537 0.2905848321097423
2787 7.01311452416018e-05 0.0
288 0.0002805245809664072 0.2340726218464
2898 7.01311452416018e-05 0.0
29 0.0001402622904832036 0.0
2910005 7.01311452416018e-05 0.0
2c 0.000701311452416018 0.8531118302526235
2cicon 7.01311452416018e-05 0.0
2cstyles 7.01311452416018e-05 0.0
2cwikimediabadges 7.01311452416018e-05 0.0
2em 0.0001402622904832036 0.0
2f 0.0007714425976576198 0.0
2f0906 7.01311452416018e-05 0.0
2f1 7.01311452416018e-05 0.0
2f10 0.00021039343572480537 0.0
2f123456789 0.0001402622904832036 0.0
2f1462166 0.0001402622904832036 0.0
2f197033 7.01311452416018e-05 0.0
2f1987 0.0001402622904832036 0.0
2f218524 7.01311452416018e-05 0.0
2f978 0.0001402622904832036 0.0
2faaai 7.01311452416018e-05 0.0
2faaai87 7.01311452416018e-05 0.0
2fapi 0.0001402622904832036 0.0
2fatzedijkstra 7.01311452416018e-05 0.0
2fawto 7.01311452416018e-05 0.0
2fbitstream 7.01311452416018e-05 0.0
2fchr 0.0001402622904832036 0.0
2fchr2sql 7.01311452416018e-05 0.0
2fcorpusid 0.0001402622904832036 0.0
2fcw 7.01311452416018e-05 0.0
2fcw2008_14 7.01311452416018e-05 0.0
2fdoctoraten 7.01311452416018e-05 0.0
2fdraft_chr_survey 7.01311452416018e-05 0.0
2fdtai 7.01311452416018e-05 0.0
2fen 0.0006311803071744162 0.0
2ffmt 0.0006311803071744162 0.0
2fgithub 0.0001402622904832036 0.0
2fhandle 7.01311452416018e-05 0.0
2flirias 0.0001402622904832036 0.0
2fp1 7.01311452416018e-05 0.0
2fpapers 0.00021039343572480537 0.0
2fprojects 7.01311452416018e-05 0.0
2fpublicaties 7.01311452416018e-05 0.0
2frefined 7.01311452416018e-05 0.0
2fs0743 7.01311452416018e-05 0.0
2fs1471068409990123 0.0001402622904832036 0.0
2fww2 7.01311452416018e-05 0.0
2fwww 0.0001402622904832036 0.0
2x 0.00021039343572480537 0.0
3 0.0016130163405568413 0.0
30em 7.01311452416018e-05 0.0
31 0.0002805245809664072 0.008733679968754631
3125em 7.01311452416018e-05 0.0
3132 0.0001402622904832036 0.2905848321097423
32 0.0002805245809664072 0.0
338ex 0.00021039343572480537 0.0
343ex 7.01311452416018e-05 0.0
36 0.0001402622904832036 0.02643325706815543
360286 7.01311452416018e-05 0.0
36362 0.0001402622904832036 0.2905848321097423
37 0.00021039343572480537 0.0
39 0.0001402622904832036 0.035401927050916
3a 0.001051967178624027 0.09097177820572679
3a11044594 7.01311452416018e-05 0.0
3a2691882 7.01311452416018e-05 0.0
3a3 7.01311452416018e-05 0.0
3aarxiv 7.01311452416018e-05 0.0
3abook 0.00021039343572480537 0.0
3aconstraint 0.0006311803071744162 0.0
3adissertation 7.01311452416018e-05 0.0
3adoi 0.00021039343572480537 0.0
3ajournal 0.000350655726208009 0.0
3akev 0.0006311803071744162 0.0
3amtx 0.0006311803071744162 0.0
3aofi 0.0006311803071744162 0.0
3asid 0.0006311803071744162 0.0
3cols 7.01311452416018e-05 0.0
3ds2cid 0.0001402622904832036 0.0
3em 0.0001402622904832036 0.0
3px 7.01311452416018e-05 0.0
4 0.000701311452416018 0.0
40 0.0001402622904832036 0.017544309650909525
400 0.0001402622904832036 0.0
405 0.0001402622904832036 0.2340726218464
416 0.0001402622904832036 0.2905848321097423
41z 0.0001402622904832036 0.0
42 0.0002805245809664072 0.017544309650909525
4474 0.00021039343572480537 0.2905848321097423
45 0.0001402622904832036 0.044451762570833796
467 7.01311452416018e-05 0.0
47 0.0001402622904832036 0.008733679968754631
47136aad860d145f75f3eed3022df827cee94d7a 7.01311452416018e-05 0.0
48a3 7.01311452416018e-05 0.2905848321097423
48ex 7.01311452416018e-05 0.0
4c 7.01311452416018e-05 4.74493212836325
4f8c87042cee9cdab55852fbfe276577e3d846ef 7.01311452416018e-05 0.0
5 0.001051967178624027 0.0
50 0.000350655726208009 0.0
500 0.0001402622904832036 0.0
5000000 0.0001402622904832036 0.0
501 7.01311452416018e-05 0.2340726218464
505ex 7.01311452416018e-05 0.0
5079841 0.0001402622904832036 0.2905848321097423
509ex 0.000350655726208009 0.0
51055 7.01311452416018e-05 0.2905848321097423
5169fb46633438db8265478bb3ac6bc177ee4c01 7.01311452416018e-05 0.0
52428800 0.0001402622904832036 0.0
539ex 7.01311452416018e-05 0.0
540 0.0004909180166912126 0.008733679968754631
546 0.0001402622904832036 0.2905848321097423
56 7.01311452416018e-05 0.02643325706815543
58 0.0001402622904832036 0.0
59 0.00021039343572480537 0.044451762570833796
5em 0.0001402622904832036 0.0
5x 0.00021039343572480537 0.11020314013361425
6 0.0008415737428992215 0.0
61 0.0001402622904832036 0.008733679968754631
617ex 7.01311452416018e-05 0.0
62 0.0002805245809664072 0.044451762570833796
624 7.01311452416018e-05 0.17022114985986725
63 7.01311452416018e-05 0.017544309650909525
64 7.01311452416018e-05 0.0
65 7.01311452416018e-05 0.02643325706815543
67 0.0001402622904832036 0.008733679968754631
671ex 0.00042078687144961075 0.0
672 0.0001402622904832036 0.2905848321097423
6e865e5b244a7a5d4fdf7a95fe4cea6d25e581ac 7.01311452416018e-05 0.0
7 0.000701311452416018 0.0
711939b3d809f2e35b8619db01c2f20449f355e2 7.01311452416018e-05 0.0
72 7.01311452416018e-05 0.02643325706815543
720px 7.01311452416018e-05 0.0
764ex 7.01311452416018e-05 0.0
77 0.0001402622904832036 0.08149303425118301
779 0.0001402622904832036 0.2905848321097423
7cb99e1f70c2e63bb69d3e31149376138b52cabb 7.01311452416018e-05 0.0
7cext 0.0002805245809664072 0.0
7cmediawiki 7.01311452416018e-05 0.0
7cskins 7.01311452416018e-05 0.0
7cwikibase 7.01311452416018e-05 0.0
8 0.00042078687144961075 0.008733679968754631
80 0.00021039343572480537 0.0
8125em 7.01311452416018e-05 0.0
815 0.0001402622904832036 0.14981227822866008
821a 7.01311452416018e-05 0.2905848321097423
827ex 7.01311452416018e-05 0.0
83 0.0001402622904832036 0.1599646496926782
838ex 0.000350655726208009 0.0
843ex 0.000350655726208009 0.0
86 7.01311452416018e-05 0.017544309650909525
86400 0.0001402622904832036 0.02643325706815543
866 0.0001402622904832036 0.2905848321097423
86d0945f0ac4c840c07e43090600bd34 7.01311452416018e-05 0.0
87 7.01311452416018e-05 0.008733679968754631
88 0.0007714425976576198 0.035401927050916
8c 0.00021039343572480537 0.7195804376281008
9 0.0005610491619328144 0.0
90 0.00021039343572480537 0.0
900 0.0001402622904832036 0.2905848321097423
91 0.001402622904832036 0.035401927050916
93 0.0014727540500736377 0.13976194237515863
95 7.01311452416018e-05 0.09097177820572679
955cd66ec01b475bdde55487f1dba882d68e26a3 7.01311452416018e-05 0.0
959ex 0.0001402622904832036 0.0
9707 7.01311452416018e-05 0.2905848321097423
978 0.000701311452416018 0.0
97ex 7.01311452416018e-05 0.0
98 7.01311452416018e-05 0.017544309650909525
9px 0.00021039343572480537 0.0
9th 7.01311452416018e-05 0.2905848321097423
_joinability_and_the_word_problem 7.01311452416018e-05 0.0
_miranker 7.01311452416018e-05 0.0
a 0.03667858896135774 0.0
a00977acd1a2 7.01311452416018e-05 0.2905848321097423
a11y 0.001051967178624027 0.0
a2 7.01311452416018e-05 0.08149303425118301
a7 7.01311452416018e-05 0.3504829736908114
aa 7.01311452416018e-05 0.2340726218464
aaai 0.0004909180166912126 0.26759531388504365
aaai87 7.01311452416018e-05 0.0
abductive 0.0001402622904832036 0.2905848321097423
abductive_reasoning 7.01311452416018e-05 0.0
about 0.0007714425976576198 0.0
aboutsite 7.01311452416018e-05 0.0
above 0.0001402622904832036 0.008733679968754631
abs 0.0001402622904832036 0.035401927050916
absolute 7.01311452416018e-05 0.035401927050916
abstract 0.0001402622904832036 0.11020314013361425
abstract_rewriting 7.01311452416018e-05 0.0
ac 7.01311452416018e-05 2.665490586683414
accessdate 7.01311452416018e-05 0.0
accessible 7.01311452416018e-05 0.0721032939013439
accesskey 0.001332491759590434 0.0
according 0.0001402622904832036 0.09097177820572679
account 0.0002805245809664072 0.0
acm 0.0001402622904832036 0.008733679968754631
across 7.01311452416018e-05 0.0
action 0.001683147485798443 0.0
actions 7.01311452416018e-05 0.0
ada 0.0001402622904832036 0.035401927050916
add 0.00021039343572480537 0.0
added 7.01311452416018e-05 0.02643325706815543
additional 7.01311452416018e-05 0.0
address 0.0001402622904832036 0.0
adds 7.01311452416018e-05 0.0
advancement 0.0001402622904832036 0.2905848321097423
after 0.0001402622904832036 0.02643325706815543
against 7.01311452416018e-05 0.19105523676270922
agent 0.0001402622904832036 0.10054122922187746
agent_system 7.01311452416018e-05 0.0
ago 7.01311452416018e-05 0.017544309650909525
agree 7.01311452416018e-05 0.0
ai 0.0001402622904832036 0.26759531388504365
al 7.01311452416018e-05 0.008733679968754631
alert 0.0002805245809664072 0.11995931507897897
algebra 7.01311452416018e-05 0.1599646496926782
algorithm 0.0005610491619328144 0.017544309650909525
algorithms 7.01311452416018e-05 0.08149303425118301
align 0.0011922294691072304 0.0721032939013439
all 0.0006311803071744162 0.0
along 7.01311452416018e-05 0.0721032939013439
alpha 0.0002805245809664072 0.14981227822866008
also 0.00042078687144961075 0.0
alt 0.0016130163405568413 0.0
alternate 0.00021039343572480537 0.14981227822866008
although 0.0001402622904832036 0.017544309650909525
alttext 0.001051967178624027 0.0
alves 7.01311452416018e-05 0.2905848321097423
always 7.01311452416018e-05 0.11020314013361425
amp 0.010870327512448279 0.18058393689541388
an 0.000350655726208009 0.0
and 0.003997475278771302 0.0
annotation 0.002103934357248054 0.11020314013361425
anon 0.0001402622904832036 0.0
anoncontribs 7.01311452416018e-05 0.0
anontalk 7.01311452416018e-05 0.0
anonymous 7.01311452416018e-05 0.12981161152199053
another 7.01311452416018e-05 0.0
answer 7.01311452416018e-05 0.2340726218464
antisymmetry 0.0004909180166912126 0.2905848321097423
anything 7.01311452416018e-05 0.12981161152199053
api 0.0012623606143488324 0.14981227822866008
appeared 7.01311452416018e-05 0.044451762570833796
apple 0.0001402622904832036 0.13976194237515863
applicable 0.0001402622904832036 0.008733679968754631
application 0.001683147485798443 0.0
applications 0.0001402622904832036 0.0
applied 7.01311452416018e-05 0.08149303425118301
apply 7.01311452416018e-05 0.0
applying 0.0001402622904832036 0.10054122922187746
april 7.01311452416018e-05 0.0
archive 7.01311452416018e-05 0.044451762570833796
archived 7.01311452416018e-05 0.035401927050916
archives 7.01311452416018e-05 0.14981227822866008
are 0.0016130163405568413 0.0
argument 7.01311452416018e-05 0.0
aria 0.003085770390630479 0.0
article 0.0007714425976576198 0.0
articles 0.0002805245809664072 0.0
articles_with_short_description 7.01311452416018e-05 0.0
artificial 0.0002805245809664072 0.20163734609324613
arxiv 0.0002805245809664072 0.2905848321097423
arxiv_ 7.01311452416018e-05 0.0
as 0.0009117048881408233 0.0
assignment 7.01311452416018e-05 0.11020314013361425
associated 0.0001402622904832036 0.035401927050916
association 0.0001402622904832036 0.08149303425118301
async 7.01311452416018e-05 0.37548427589622857
at 0.000350655726208009 0.0
atitle 0.0004909180166912126 0.0
atom 0.0018234097762816466 0.11995931507897897
attribution 7.01311452416018e-05 0.0
atzedijkstra 7.01311452416018e-05 0.0
au 0.0011220983238656287 0.37548427589622857
aufirst 0.000350655726208009 0.0
august 7.01311452416018e-05 0.035401927050916
aulast 0.000350655726208009 0.0
author 0.0001402622904832036 0.02643325706815543
auto 0.00021039343572480537 0.035401927050916
autocapitalize 7.01311452416018e-05 0.0
available 0.0001402622904832036 0.0
avoid 0.0001402622904832036 0.19105523676270922
awto 7.01311452416018e-05 0.0
axioms 7.01311452416018e-05 0.2905848321097423
b 0.005961147345536153 0.017544309650909525
b1 7.01311452416018e-05 0.3504829736908114
b3 7.01311452416018e-05 0.0
b_ 0.0015428851953152396 0.2905848321097423
b_1 7.01311452416018e-05 0.0
b_o 7.01311452416018e-05 0.0
background 0.0005610491619328144 0.2340726218464
backlink 0.0009818360333824251 0.0
backslash 0.0006311803071744162 0.2905848321097423
banda 0.0001402622904832036 0.2905848321097423
bart 0.0002805245809664072 0.2905848321097423
based 0.00021039343572480537 0.0
bchwirth 7.01311452416018e-05 0.0
bday 7.01311452416018e-05 0.0
bdi 0.0002805245809664072 0.0
be 0.0018234097762816466 0.0
because 0.0001402622904832036 0.0
becomes 7.01311452416018e-05 0.0721032939013439
before 0.0001402622904832036 0.017544309650909525
below 7.01311452416018e-05 0.0
berlin 7.01311452416018e-05 0.2905848321097423
better 0.0001402622904832036 0.0
between 0.0001402622904832036 0.017544309650909525
biblio 7.01311452416018e-05 0.0
bibliography 7.01311452416018e-05 0.044451762570833796
binds 7.01311452416018e-05 0.19105523676270922
bitstream 0.0001402622904832036 0.0
body 0.0011220983238656287 0.11995931507897897
bodycontent 0.0001402622904832036 0.0
book 0.0001402622904832036 0.0721032939013439
bookitem 7.01311452416018e-05 0.0
booksources 0.0002805245809664072 0.0
border 0.00021039343572480537 0.7936884097818228
bottom 0.0001402622904832036 0.12981161152199053
box 0.000701311452416018 0.0
bracket 0.0009818360333824251 0.3141153295199365
break 0.00021039343572480537 0.19105523676270922
browsing 7.01311452416018e-05 0.27902400970866637
btitle 0.00021039343572480537 0.0
btn 0.00042078687144961075 0.0
built 0.000350655726208009 0.008733679968754631
business 0.0001402622904832036 0.08149303425118301
business_rules_engine 7.01311452416018e-05 0.0
but 0.000350655726208009 0.0
button 0.002384458938214461 0.0
buttons 7.01311452416018e-05 0.0
by 0.001332491759590434 0.0
bytes 0.0002805245809664072 0.0
c 0.0015428851953152396 0.0
c1 7.01311452416018e-05 0.9382696385929302
c13_en 7.01311452416018e-05 0.0
c3 0.00021039343572480537 0.0
c_ 7.01311452416018e-05 0.19105523676270922
ca 0.0005610491619328144 0.035401927050916
cache 0.0001402622904832036 0.0
cached 7.01311452416018e-05 0.0
cachereport 7.01311452416018e-05 0.0
cactions 0.00042078687144961075 0.0
called 0.000350655726208009 0.0
calls 7.01311452416018e-05 0.0
cambridge 0.0001402622904832036 0.2340726218464
campaigns 7.01311452416018e-05 0.0
can 0.0005610491619328144 0.0
candidate 7.01311452416018e-05 0.2905848321097423
canonical 0.0001402622904832036 0.0
caption 0.0001402622904832036 0.0
case 7.01311452416018e-05 0.008733679968754631
cased 7.01311452416018e-05 0.2905848321097423
catalog_lookup_link 0.0001402622904832036 0.0721032939013439
categories 0.0001402622904832036 0.0
category 0.0011220983238656287 0.0
catlinks 0.00042078687144961075 0.0
cats 7.01311452416018e-05 0.0
cb3f2276c2b1d36fd6bf0a9ab8d460ce79af817e 0.0001402622904832036 0.0
cc 7.01311452416018e-05 4.74493212836325
center 0.00042078687144961075 0.02643325706815543
centralauth 0.0001402622904832036 0.0
centralautologin 0.0001402622904832036 0.0
centralnotice 0.00021039343572480537 0.0
centre 7.01311452416018e-05 0.08149303425118301
chaining 0.0001402622904832036 0.11020314013361425
change 7.01311452416018e-05 0.0
changes 0.0002805245809664072 0.02643325706815543
changing 7.01311452416018e-05 0.035401927050916
charinsert 7.01311452416018e-05 0.0
charset 7.01311452416018e-05 0.0
checkbox 0.002384458938214461 0.0
child 7.01311452416018e-05 0.21233263520999412
choice 7.01311452416018e-05 0.008733679968754631
chr 0.0032260326811136826 0.2905848321097423
chr2 0.0001402622904832036 0.2905848321097423
chr2sql 7.01311452416018e-05 0.0
chrbook 0.0001402622904832036 0.0
chrbook_6 0.0001402622904832036 0.0
christian 0.0001402622904832036 0.06280090123903044
christiansen 7.01311452416018e-05 0.2905848321097423
chrjs 7.01311452416018e-05 0.0
chrs 7.01311452416018e-05 0.2905848321097423
chrtheorypractice 0.00021039343572480537 0.0
chrtheorypractice_2 0.0002805245809664072 0.0
citation 0.0011922294691072304 0.017544309650909525
cite 0.00273511466442247 0.0
cite_journal 0.0001402622904832036 0.008733679968754631
cite_note 0.002384458938214461 0.0
cite_ref 0.002805245809664072 0.0
citerefduckstuckeygarcía_de_la_bandaholzbaur2004 7.01311452416018e-05 0.0
citereffrühwirth2009 7.01311452416018e-05 0.0
citerefleslie_de_koninck2008 7.01311452416018e-05 0.0
citerefmiranker1987 7.01311452416018e-05 0.0
citerefpeter_van_weertpieter_wuilletom_schrijversbart_demoen 7.01311452416018e-05 0.0
citerefsneyersschrijversdemoen2009 7.01311452416018e-05 0.0
citerefsneyersvan_weertschrijversde_koninck2009 7.01311452416018e-05 0.0
citethispage 7.01311452416018e-05 0.0
class 0.03822147415667298 0.0
classname 0.00021039343572480537 0.0
clear 7.01311452416018e-05 0.11020314013361425
client 0.000350655726208009 0.0
code 0.0022441966477312575 0.0
coll 0.0002805245809664072 0.0
collapsed 0.00021039343572480537 0.0
collapses 7.01311452416018e-05 0.0
collapsible 0.000701311452416018 0.0
collection 7.01311452416018e-05 0.017544309650909525
color 0.0004909180166912126 0.3629054936893685
colspan 0.00021039343572480537 0.0
column 0.00021039343572480537 0.11020314013361425
columns 0.00042078687144961075 0.11020314013361425
com 0.000350655726208009 0.0
combine 7.01311452416018e-05 0.19105523676270922
combined 7.01311452416018e-05 0.008733679968754631
come 7.01311452416018e-05 0.0
committed 7.01311452416018e-05 0.11995931507897897
common 7.01311452416018e-05 0.0
commonly 7.01311452416018e-05 0.14981227822866008
commons 0.000350655726208009 0.0
community 7.01311452416018e-05 0.10054122922187746
community_portal 7.01311452416018e-05 0.0
compactlinks 7.01311452416018e-05 0.0
compilation 7.01311452416018e-05 0.0
compiler 0.0001402622904832036 0.0
complete 0.0001402622904832036 0.008733679968754631
complexity 0.000350655726208009 0.1599646496926782
complexity_7 0.0002805245809664072 0.0
complications 7.01311452416018e-05 0.0
computation 7.01311452416018e-05 0.008733679968754631
computational 0.0001402622904832036 0.0
computations 7.01311452416018e-05 0.008733679968754631
computer 0.0006311803071744162 0.0
computer_science 0.0002805245809664072 0.0
computing 0.0001402622904832036 0.008733679968754631
conclusion 7.01311452416018e-05 0.2905848321097423
concrete 7.01311452416018e-05 0.19105523676270922
concurrent 0.0002805245809664072 0.008733679968754631
concurrent_programming_languages 7.01311452416018e-05 0.0
conference 0.0002805245809664072 0.10054122922187746
config 0.0001402622904832036 0.0
confluence 0.0001402622904832036 0.008733679968754631
confluence_ 7.01311452416018e-05 0.0
confluent 0.00021039343572480537 0.2905848321097423
conjunction 7.01311452416018e-05 0.19105523676270922
considered 7.01311452416018e-05 0.02643325706815543
consists 7.01311452416018e-05 0.008733679968754631
constraint 0.004768917876428922 0.008733679968754631
constraint_handling_rules 0.002454590083456063 0.2905848321097423
constraint_logic_programming 0.00021039343572480537 0.0
constraint_programming 0.0001402622904832036 0.0
constraint_programming_languages 7.01311452416018e-05 0.0
constraints 0.001051967178624027 0.008733679968754631
contact 0.0002805245809664072 0.0
contact_us 0.0001402622904832036 0.0
contactpage 7.01311452416018e-05 0.0
contain 7.01311452416018e-05 0.035401927050916
container 0.0009818360333824251 0.14981227822866008
containing 7.01311452416018e-05 0.008733679968754631
contains 7.01311452416018e-05 0.0
content 0.004277999859737709 0.0
contentinfo 7.01311452416018e-05 0.0
contents 0.0009117048881408233 0.0
contentsub 7.01311452416018e-05 0.0
context 0.0001402622904832036 0.017544309650909525
contrast 7.01311452416018e-05 0.008733679968754631
contribute 7.01311452416018e-05 0.0
contributions 7.01311452416018e-05 0.2340726218464
contributors 0.0001402622904832036 0.017544309650909525
control 0.0001402622904832036 0.0
controls 0.00021039343572480537 0.0
convenience 7.01311452416018e-05 0.035401927050916
conversion 7.01311452416018e-05 0.0
converter 0.0001402622904832036 0.2905848321097423
cookie 0.000350655726208009 0.0
cookie_statement 7.01311452416018e-05 0.0
cookiestatement 7.01311452416018e-05 0.0
copyright 0.00021039343572480537 0.0
copyrightico 7.01311452416018e-05 0.0
corpusid 0.0001402622904832036 0.0
correctly 7.01311452416018e-05 0.19105523676270922
correctness 7.01311452416018e-05 0.19105523676270922
count 0.0001402622904832036 0.0
cpu 7.01311452416018e-05 0.0
cputime 7.01311452416018e-05 0.0
create 0.0002805245809664072 0.0
createaccount 0.0002805245809664072 0.0
creative 7.01311452416018e-05 0.0
creativecommons 0.0001402622904832036 0.0
critical 0.00021039343572480537 0.14981227822866008
critical_pair_ 7.01311452416018e-05 0.0
cross 7.01311452416018e-05 0.0
crossorigin 7.01311452416018e-05 0.0
cs 0.000701311452416018 0.035401927050916
cs1 0.0019636720667648502 0.017544309650909525
csrftoken 7.01311452416018e-05 0.0
ctx_ver 0.0006311803071744162 0.0
current 0.000350655726208009 0.08149303425118301
current_events 7.01311452416018e-05 0.0
currentevents 7.01311452416018e-05 0.0
cw 0.0001402622904832036 0.27902400970866637
cw2008_14 7.01311452416018e-05 0.0
cw624 7.01311452416018e-05 0.0
cx 0.0001402622904832036 0.0
d 0.0001402622904832036 0.017544309650909525
d33 0.0001402622904832036 0.0
d6 7.01311452416018e-05 0.0
d8 0.0002805245809664072 0.0
da 7.01311452416018e-05 0.3141153295199365
dagstuhl 7.01311452416018e-05 0.2905848321097423
dahl 7.01311452416018e-05 0.08149303425118301
daniel 0.00021039343572480537 0.11995931507897897
daniel_p 7.01311452416018e-05 0.0
data 0.002664983519180868 0.0
data_types 7.01311452416018e-05 0.044451762570833796
date 0.0005610491619328144 0.02643325706815543
datemodified 0.0001402622904832036 0.0
datepublished 0.0001402622904832036 0.0
db 7.01311452416018e-05 0.6505875661411494
dd 0.0001402622904832036 0.035401927050916
de 0.0004909180166912126 0.017544309650909525
december 0.0001402622904832036 0.02643325706815543
decide 7.01311452416018e-05 0.2905848321097423
decimal 7.01311452416018e-05 0.11020314013361425
declarative 0.000701311452416018 0.008733679968754631
declarative_programming 0.0001402622904832036 0.0
declarative_programming_languages 7.01311452416018e-05 0.0
ded290540c1b2d269f0d5c03550b48d7117f3788 7.01311452416018e-05 0.0
deduplicate 0.00021039343572480537 0.0
deduplicated 0.0006311803071744162 0.0
define 7.01311452416018e-05 0.008733679968754631
defined 7.01311452416018e-05 0.0
demoen 0.0002805245809664072 0.2905848321097423
depends 7.01311452416018e-05 0.11020314013361425
depth 0.00021039343572480537 0.0
derived 7.01311452416018e-05 0.09097177820572679
description 0.0004909180166912126 0.0
design 7.01311452416018e-05 0.035401927050916
designed 7.01311452416018e-05 0.0
desktoparticletarget 0.00021039343572480537 0.0
detection 7.01311452416018e-05 0.10054122922187746
determinism 7.01311452416018e-05 0.008733679968754631
deterministic 0.0002805245809664072 0.008733679968754631
deterministic_programming 7.01311452416018e-05 0.0
developer 7.01311452416018e-05 0.02643325706815543
developers 0.0001402622904832036 0.0
different 0.00042078687144961075 0.0
dir 0.0002805245809664072 0.4682660093471948
disabled 0.0007714425976576198 0.11020314013361425
disclaimers 0.0001402622904832036 0.0
discuss 7.01311452416018e-05 0.05358424613410626
discussion 0.0001402622904832036 0.26759531388504365
display 0.001402622904832036 0.0
displaystyle 0.003436426116838488 0.2340726218464
div 0.012483343853005119 0.0
dl 0.0001402622904832036 0.22314355131420976
dmy 7.01311452416018e-05 0.08149303425118301
dns 0.0001402622904832036 0.540239508972284
doctoraten 7.01311452416018e-05 0.0
doctype 7.01311452416018e-05 0.0
document 0.0002805245809664072 0.09097177820572679
documentelement 0.00021039343572480537 0.0
does 0.0002805245809664072 0.0
doi 0.0009818360333824251 0.008733679968754631
doi_ 0.0002805245809664072 0.0
domain 7.01311452416018e-05 0.0
donate 0.00021039343572480537 0.0
donating 7.01311452416018e-05 0.0
done 7.01311452416018e-05 0.06280090123903044
dots 0.00273511466442247 0.2340726218464
down 7.01311452416018e-05 0.044451762570833796
download 0.0002805245809664072 0.0
downloadaspdf 7.01311452416018e-05 0.0
draft_chr_survey 7.01311452416018e-05 0.0
dropdown 0.001753278631040045 0.0
dtai 0.00021039343572480537 0.0
dtstart 7.01311452416018e-05 0.0
duck 0.00021039343572480537 0.2905848321097423
duplicate 7.01311452416018e-05 0.2451224580329849
duplicates 7.01311452416018e-05 0.2905848321097423
e 0.00021039343572480537 0.0
e2 0.00021039343572480537 1.911718784307034
each 7.01311452416018e-05 0.008733679968754631
easily 7.01311452416018e-05 0.0
echo 7.01311452416018e-05 0.0
ecrc 0.00021039343572480537 0.2905848321097423
edit 0.002664983519180868 0.0
editable 7.01311452416018e-05 0.49643688631389105
edited 7.01311452416018e-05 0.0
editing 7.01311452416018e-05 0.11020314013361425
editor 0.0001402622904832036 0.044451762570833796
editors 0.0001402622904832036 0.0
editpage 7.01311452416018e-05 0.0
edits 0.0001402622904832036 0.0
editsection 0.0014727540500736377 0.0
edituri 7.01311452416018e-05 0.0
eds 7.01311452416018e-05 0.2340726218464
eee 7.01311452416018e-05 0.0
effectively 7.01311452416018e-05 0.19105523676270922
either 7.01311452416018e-05 0.0
electronic 7.01311452416018e-05 0.044451762570833796
element 0.0015428851953152396 0.0
eliminated 7.01311452416018e-05 0.2905848321097423
ell 0.0008415737428992215 0.2905848321097423
ellipsis 0.0001402622904832036 0.2340726218464
elt 7.01311452416018e-05 0.0
embed 7.01311452416018e-05 0.26759531388504365
emilio 7.01311452416018e-05 0.2905848321097423
empty 0.0001402622904832036 0.008733679968754631
emptyportlet 0.0001402622904832036 0.0
en 0.001753278631040045 0.0
enabled 0.0007714425976576198 0.008733679968754631
encoding 0.001051967178624027 0.08149303425118301
encouraged 0.0002805245809664072 1.5668782980153044
encyclopaedia 7.01311452416018e-05 0.0
encyclopedia 0.0001402622904832036 0.0
end 7.01311452416018e-05 0.0
engine 7.01311452416018e-05 0.02643325706815543
engines 7.01311452416018e-05 0.11995931507897897
english 0.00021039343572480537 0.0
enhancements 7.01311452416018e-05 0.0
entirely 7.01311452416018e-05 0.12981161152199053
entities 7.01311452416018e-05 0.0
entity 0.0002805245809664072 0.0
entityaccesscount 7.01311452416018e-05 0.0
entitypage 0.0001402622904832036 0.0
enwiki 7.01311452416018e-05 0.0
enwikimwclientprefs 7.01311452416018e-05 0.0
equal 0.0001402622904832036 0.008733679968754631
equality 0.0001402622904832036 0.19105523676270922
equation 7.01311452416018e-05 0.008733679968754631
error 0.0001402622904832036 0.11020314013361425
es6 7.01311452416018e-05 0.0
esi 0.0001402622904832036 0.7195804376281008
esitest 7.01311452416018e-05 0.0
establishing 7.01311452416018e-05 0.26759531388504365
et 7.01311452416018e-05 0.008733679968754631
european 7.01311452416018e-05 0.2905848321097423
evaluation 7.01311452416018e-05 0.008733679968754631
event 0.000701311452416018 0.0
eventlogging 0.0001402622904832036 0.0
events 0.0001402622904832036 0.11020314013361425
exact 7.01311452416018e-05 0.0
example 0.00021039343572480537 0.0
example_program 0.0002805245809664072 0.2905848321097423
execute 7.01311452416018e-05 0.0
executed 0.0001402622904832036 0.0
execution 0.0005610491619328144 0.0
execution_of_chr_programs 0.0002805245809664072 0.2905848321097423
exist 0.00021039343572480537 0.0721032939013439
exists 7.01311452416018e-05 0.0
expand 0.0002805245809664072 0.0
expanded 0.00042078687144961075 0.0
expansion 0.0001402622904832036 0.0
expansiondepth 7.01311452416018e-05 0.0
expensive 7.01311452416018e-05 0.0
expensivefunctioncount 7.01311452416018e-05 0.0
expiry 0.0001402622904832036 0.0
export 7.01311452416018e-05 0.0
express 7.01311452416018e-05 0.0
expresses 7.01311452416018e-05 0.008733679968754631
ext 0.002103934357248054 0.0
extend 7.01311452416018e-05 0.11020314013361425
external 0.002033803212006452 0.0
external_links 0.0002805245809664072 0.0
extra 7.01311452416018e-05 0.0
f 0.0002805245809664072 0.0
f066e981e530bacc07efc6a10fa82deee985929e 7.01311452416018e-05 0.0
f5f3c8921a3b352de45446a6789b104458c9f90b 7.01311452416018e-05 0.0
fa 0.0002805245809664072 1.8004931491968095
fa8a495983347898 7.01311452416018e-05 0.0
fact 0.0002805245809664072 0.008733679968754631
facts 0.0004909180166912126 0.26759531388504365
fail 0.0001402622904832036 0.14981227822866008
failure 7.01311452416018e-05 0.19105523676270922
fallback 0.001051967178624027 0.0
fallbacksearchbutton 7.01311452416018e-05 0.0
false 0.0012623606143488324 0.0
far 7.01311452416018e-05 0.11020314013361425
favicon 7.01311452416018e-05 0.0
feature 0.0014727540500736377 0.0
featurename 0.00021039343572480537 0.0
features 7.01311452416018e-05 0.0
february 7.01311452416018e-05 0.017544309650909525
feed 0.0001402622904832036 0.19105523676270922
file 0.00021039343572480537 0.0
file_upload_wizard 0.0001402622904832036 0.0
files 7.01311452416018e-05 0.0
finally 7.01311452416018e-05 0.14981227822866008
finds 0.0001402622904832036 0.1599646496926782
fire 0.00021039343572480537 0.2905848321097423
first 0.00021039343572480537 0.0
firstheading 0.00021039343572480537 0.0
float 7.01311452416018e-05 0.06280090123903044
florido 7.01311452416018e-05 0.2905848321097423
flush 0.000350655726208009 0.0
fnogatz 7.01311452416018e-05 0.0
follow 7.01311452416018e-05 0.11020314013361425
following 0.0002805245809664072 0.0
font 0.0004909180166912126 0.14981227822866008
footer 0.0018234097762816466 0.0
for 0.0022441966477312575 0.0
form 0.0005610491619328144 0.0
formal_definition 7.01311452416018e-05 0.0
format 0.0006311803071744162 0.035401927050916
former 7.01311452416018e-05 0.06280090123903044
formulas 0.0001402622904832036 0.2340726218464
forward 0.0001402622904832036 0.14981227822866008
forward_chaining 7.01311452416018e-05 0.0
found 0.0001402622904832036 0.11020314013361425
foundation 0.0006311803071744162 0.0
four 7.01311452416018e-05 0.044451762570833796
fr 7.01311452416018e-05 0.09097177820572679
free 0.000350655726208009 0.0
freely 7.01311452416018e-05 0.1599646496926782
from 0.001051967178624027 0.0
frühwirth 0.000350655726208009 0.2905848321097423
full 0.00021039343572480537 0.044451762570833796
fulltext 7.01311452416018e-05 0.0
function 0.00042078687144961075 0.0
fundraiserredirector 7.01311452416018e-05 0.0
further 0.0002805245809664072 0.0
further_reading 0.0002805245809664072 0.0
g 0.0015428851953152396 0.0
g_ 0.0015428851953152396 0.2905848321097423
g_1 7.01311452416018e-05 0.0
g_m 7.01311452416018e-05 0.0
gadget 0.0002805245809664072 0.0
garc 7.01311452416018e-05 0.0
garcía 7.01311452416018e-05 0.2905848321097423
gehomepagesuggestededitsenabletopics 7.01311452416018e-05 0.0
general_disclaimer 7.01311452416018e-05 0.0
generator 7.01311452416018e-05 0.0
genre 0.0005610491619328144 0.0
geoip 7.01311452416018e-05 0.0
germany 0.0002805245809664072 0.008733679968754631
github 0.0007714425976576198 0.017544309650909525
given 0.00021039343572480537 0.008733679968754631
globalcssjs 0.0001402622904832036 0.0
go 0.000350655726208009 0.0
goes 0.0001402622904832036 0.11020314013361425
googpub 0.0001402622904832036 0.0
goosen 7.01311452416018e-05 0.2905848321097423
grammar 0.00021039343572480537 0.06280090123903044
grammar_induction 7.01311452416018e-05 0.0
grammars 0.0001402622904832036 0.2905848321097423
gray 7.01311452416018e-05 1.449095262358921
greek 0.0001402622904832036 0.3141153295199365
green 7.01311452416018e-05 0.08149303425118301
gregory 0.0001402622904832036 0.2905848321097423
group 0.0002805245809664072 0.05358424613410626
growthexperiments 7.01311452416018e-05 0.0
gt 0.0002805245809664072 0.2340726218464
guard 7.01311452416018e-05 0.49643688631389105
guard_ 7.01311452416018e-05 0.0
guards 0.0002805245809664072 0.19105523676270922
guidance 7.01311452416018e-05 0.2340726218464
guides 7.01311452416018e-05 4.74493212836325
h 0.001402622904832036 0.035401927050916
h1 0.0001402622904832036 1.2484245668967697
h2 0.0009818360333824251 1.2484245668967697
h3 0.0001402622904832036 0.0
h_ 0.0032260326811136826 0.2905848321097423
h_1 7.01311452416018e-05 0.0
h_k 0.00021039343572480537 0.0
h_n 7.01311452416018e-05 0.0
h_r 0.00021039343572480537 0.0
hack 0.00042078687144961075 0.0
handle 0.0001402622904832036 0.09097177820572679
handled 7.01311452416018e-05 0.19105523676270922
handler 7.01311452416018e-05 0.11020314013361425
handling 0.0029455081001472753 0.06280090123903044
has 0.00021039343572480537 0.0
haskell 0.0001402622904832036 0.008733679968754631
haskell_ 7.01311452416018e-05 0.0
haspopup 0.000350655726208009 0.0
have 0.0001402622904832036 0.008733679968754631
head 0.00021039343572480537 0.0
headed 7.01311452416018e-05 0.2905848321097423
header 0.0018935409215232485 0.0
heading 0.0016130163405568413 0.0
headline 0.0006311803071744162 0.0
heads 0.0002805245809664072 0.21233263520999412
height 0.0015428851953152396 0.0
help 0.0004909180166912126 0.0
henning 7.01311452416018e-05 0.2905848321097423
here 7.01311452416018e-05 0.008733679968754631
hidden 0.0019636720667648502 0.0
hide 0.0001402622904832036 0.0
highest 7.01311452416018e-05 0.0
highlight 0.0001402622904832036 3.1354942159291497
history 0.00042078687144961075 0.0
hold 0.0001402622904832036 0.035401927050916
holds 0.0001402622904832036 0.11020314013361425
holzbaur 0.0001402622904832036 0.2905848321097423
hor 0.0001402622904832036 0.0
host 0.0009117048881408233 0.10054122922187746
hosted 7.01311452416018e-05 0.0721032939013439
how 0.000350655726208009 0.0
however 0.0002805245809664072 0.0
href 0.016621081422259626 0.0
hreflang 0.0001402622904832036 0.0
html 0.0002805245809664072 0.06280090123903044
http 0.0022441966477312575 0.017544309650909525
https 0.004207868714496108 0.0
hub 7.01311452416018e-05 0.2451224580329849
i 0.010870327512448279 0.0
ico 7.01311452416018e-05 0.0
icon 0.002664983519180868 0.0
icons 0.0002805245809664072 0.0
id 0.012623606143488323 0.0
idempotence 0.00021039343572480537 0.2905848321097423
identifier 0.0012623606143488324 0.044451762570833796
identifiers 7.01311452416018e-05 0.008733679968754631
idhash 7.01311452416018e-05 0.0
if 0.0006311803071744162 0.0
image 0.0011922294691072304 0.0
imageobject 0.0001402622904832036 0.0
images 0.0008415737428992215 0.0
img 0.0014727540500736377 0.0
imperative 0.00042078687144961075 0.08149303425118301
imperative_9 0.00042078687144961075 0.0
implement 0.0001402622904832036 0.05358424613410626
implementation 0.0001402622904832036 0.0
implementations 0.0001402622904832036 0.0
implemented 0.00021039343572480537 0.035401927050916
implicitly 7.01311452416018e-05 0.11020314013361425
improvements 7.01311452416018e-05 0.08149303425118301
in 0.003716950697804895 0.0
inc 0.00021039343572480537 0.0
include 0.0002805245809664072 0.0
included 7.01311452416018e-05 0.02643325706815543
including 0.0001402622904832036 0.008733679968754631
index 0.0019636720667648502 0.0
indicators 7.01311452416018e-05 0.454472687214859
induction 0.00021039343572480537 0.2905848321097423
industry 7.01311452416018e-05 0.14981227822866008
inference 7.01311452416018e-05 0.017544309650909525
inferred 7.01311452416018e-05 0.017544309650909525
infinite 7.01311452416018e-05 0.008733679968754631
influenced 7.01311452416018e-05 0.008733679968754631
info 0.0018935409215232485 0.044451762570833796
infobox 0.001753278631040045 0.008733679968754631
infobox_programming_language 0.0001402622904832036 0.008733679968754631
informatik 7.01311452416018e-05 0.6673946844575306
information 0.00021039343572480537 0.0
inherit 0.00042078687144961075 0.11020314013361425
init 0.00021039343572480537 0.0
initial 7.01311452416018e-05 0.10054122922187746
inline 0.00273511466442247 0.05358424613410626
inner 0.0001402622904832036 0.0
input 0.0008415737428992215 0.0
inside 0.0001402622904832036 0.0
inst 7.01311452416018e-05 0.0
instead 7.01311452416018e-05 0.0
intelligence 0.0002805245809664072 0.20163734609324613
intended 7.01311452416018e-05 0.035401927050916
interaction 0.00021039343572480537 0.0
interest 7.01311452416018e-05 0.044451762570833796
interface 0.00021039343572480537 0.0
interlanguage 0.0006311803071744162 0.0
internal 7.01311452416018e-05 0.035401927050916
interwiki 0.0001402622904832036 0.0
into 7.01311452416018e-05 0.0
introduced 7.01311452416018e-05 0.06280090123903044
introducing 7.01311452416018e-05 0.05358424613410626
introduction 0.00021039343572480537 0.11020314013361425
io 7.01311452416018e-05 0.14981227822866008
ip 0.0001402622904832036 0.3141153295199365
is 0.0025948523739392666 0.0
isbn 0.0004909180166912126 0.0
isbn_ 0.0001402622904832036 0.0
issue 0.0001402622904832036 0.14981227822866008
it 0.001051967178624027 0.0
item 0.004348131004979311 0.0
items 7.01311452416018e-05 0.0
its 0.00042078687144961075 0.0
j 0.0004909180166912126 0.0
ja 0.0002805245809664072 0.3141153295199365
january 7.01311452416018e-05 0.0
japanese 7.01311452416018e-05 0.2340726218464
java 0.0001402622904832036 0.0
java_ 7.01311452416018e-05 0.0
javascript 0.0001402622904832036 0.11995931507897897
joinable 0.0001402622904832036 0.2905848321097423
jon 0.0002805245809664072 0.14981227822866008
journal 0.0002805245809664072 0.008733679968754631
jquery 7.01311452416018e-05 0.0
js 0.00021039343572480537 0.0
json 0.0001402622904832036 0.11995931507897897
jtitle 0.000350655726208009 0.0
july 0.0001402622904832036 0.008733679968754631
jump 0.0001402622904832036 0.0
june 7.01311452416018e-05 0.017544309650909525
k 0.0011922294691072304 0.0
katholieke 0.00021039343572480537 0.2905848321097423
katholieke_universiteit_leuven 7.01311452416018e-05 0.0
kept 7.01311452416018e-05 0.0
kern 0.0001402622904832036 0.0
key 7.01311452416018e-05 0.0
koninck 0.0002805245809664072 0.2905848321097423
kuleuven 0.0008415737428992215 0.0
la 0.0001402622904832036 0.02643325706815543
label 0.0035766884073216917 0.0
labeled 7.01311452416018e-05 0.2905848321097423
labelledby 7.01311452416018e-05 0.0
labels 7.01311452416018e-05 0.035401927050916
landmark 0.0002805245809664072 0.0
lang 0.0012623606143488324 0.0
langlinks 0.0001402622904832036 0.0
language 0.002664983519180868 0.0
language_overview 0.000350655726208009 0.2905848321097423
languages 0.0011220983238656287 0.0
last 7.01311452416018e-05 0.0
lastmod 7.01311452416018e-05 0.0
lazy 0.0002805245809664072 0.008733679968754631
lazy_evaluation 7.01311452416018e-05 0.0
ld 0.0001402622904832036 0.7195804376281008
leaps 0.0001402622904832036 0.2905848321097423
leaps_ 7.01311452416018e-05 0.0
learn 0.000350655726208009 0.0
least 7.01311452416018e-05 0.0
lecture 7.01311452416018e-05 0.008733679968754631
left 0.0004909180166912126 0.0
leq 0.001753278631040045 0.2905848321097423
leslie 0.0002805245809664072 0.2905848321097423
less 0.0001402622904832036 0.14981227822866008
leuven 0.0002805245809664072 0.2905848321097423
level 0.0005610491619328144 0.0
levels 7.01311452416018e-05 0.0
li 0.014657409355494776 0.0
library 0.0001402622904832036 0.0
license 0.0002805245809664072 0.0
licenses 0.0001402622904832036 0.12981161152199053
limit 0.0007714425976576198 0.0
limited 0.00042078687144961075 0.008733679968754631
limitreport 0.00021039343572480537 0.0
link 0.002664983519180868 0.08149303425118301
linked 7.01311452416018e-05 0.0721032939013439
links 0.001332491759590434 0.0
lirias 0.00021039343572480537 0.0
list 0.0060312784907777545 0.0
listbullet 0.00021039343572480537 0.0
listserv 7.01311452416018e-05 0.0
literature 7.01311452416018e-05 0.035401927050916
load 0.00021039343572480537 0.0
loaded 7.01311452416018e-05 0.0
loader 7.01311452416018e-05 0.035401927050916
loading 0.00021039343572480537 0.0
loc 7.01311452416018e-05 0.0
locally 7.01311452416018e-05 0.11020314013361425
lock 0.0008415737428992215 0.11020314013361425
log 0.0004909180166912126 0.0
logged 0.0001402622904832036 0.0
logic 0.0014727540500736377 0.008733679968754631
logic_programming 7.01311452416018e-05 0.0
logical 0.0002805245809664072 0.0721032939013439
logical_variable 7.01311452416018e-05 0.0
login 0.000350655726208009 0.3141153295199365
logisches 7.01311452416018e-05 0.2905848321097423
logo 0.0005610491619328144 0.0
longleftrightarrow 0.0006311803071744162 0.2905848321097423
longrightarrow 0.00021039343572480537 0.2905848321097423
look 7.01311452416018e-05 0.0
lower 0.00042078687144961075 0.044451762570833796
lp 7.01311452416018e-05 0.1599646496926782
lt 0.00021039343572480537 0.20163734609324613
ltr 0.0006311803071744162 0.0
lua 0.0001402622904832036 0.0
m 0.0011922294691072304 0.08149303425118301
made 7.01311452416018e-05 0.035401927050916
mailing 7.01311452416018e-05 0.008733679968754631
main 0.0018234097762816466 0.0
main_other 0.0001402622904832036 0.035401927050916
main_page 0.0001402622904832036 0.0
mainentity 0.0001402622904832036 0.0
mainpage 7.01311452416018e-05 0.0
maint 7.01311452416018e-05 0.09097177820572679
maintain 7.01311452416018e-05 0.11020314013361425
maintaining 7.01311452416018e-05 0.19105523676270922
mandatory 0.0002805245809664072 0.2340726218464
manipulate 7.01311452416018e-05 0.11020314013361425
manner 7.01311452416018e-05 0.0721032939013439
mar 7.01311452416018e-05 0.12981161152199053
march 0.0001402622904832036 0.017544309650909525
margin 0.0004909180166912126 0.0
marriott 7.01311452416018e-05 0.2905848321097423
maría 7.01311452416018e-05 0.017544309650909525
match 0.00042078687144961075 0.008733679968754631
matching 0.0004909180166912126 0.008733679968754631
math 0.008626130864717021 0.19105523676270922
mathematical 7.01311452416018e-05 0.08149303425118301
mathml 0.0031559015358720807 0.0
mathvariant 0.00021039343572480537 0.0
max 0.0001402622904832036 0.11020314013361425
may 0.0005610491619328144 0.0
md5 7.01311452416018e-05 0.0
means 7.01311452416018e-05 0.0
media 0.0011922294691072304 0.11995931507897897
mediawiki 0.0005610491619328144 0.0
memory 7.01311452416018e-05 0.0
memusage 7.01311452416018e-05 0.0
menu 0.006942983378918578 0.0
message 0.0001402622904832036 0.0
meta 0.0009117048881408233 0.09097177820572679
mi 0.009537835752857843 0.11020314013361425
min 7.01311452416018e-05 0.11020314013361425
minerva 0.0004909180166912126 0.0
miralles 7.01311452416018e-05 0.2905848321097423
miranker 0.00021039343572480537 0.2905848321097423
mjx 0.0039273441335297005 0.0
mn 0.0018234097762816466 0.0
mo 0.007574163686092994 0.0
mobile 0.00021039343572480537 0.0
mobileaction 7.01311452416018e-05 0.0
mobileview 7.01311452416018e-05 0.0
module 7.01311452416018e-05 0.044451762570833796
modules 0.00021039343572480537 0.0721032939013439
more 0.001051967178624027 0.0
most 0.00021039343572480537 0.0
move 7.01311452416018e-05 0.0
moved 7.01311452416018e-05 0.0
mrow 0.00743390139560979 0.0
ms 7.01311452416018e-05 0.0
mspace 0.0008415737428992215 0.0
mstyle 0.002103934357248054 0.0
msub 0.004768917876428922 0.0
mu 0.00021039343572480537 0.3260915205666521
much 7.01311452416018e-05 0.017544309650909525
multi 0.0006311803071744162 0.10054122922187746
munich 0.0001402622904832036 0.2905848321097423
must 0.0005610491619328144 0.008733679968754631
mw 0.02068868784627253 0.0
mw1430 7.01311452416018e-05 0.0
mw2386 0.0001402622904832036 0.2905848321097423
mwe 0.004207868714496108 0.0
mycontributions 7.01311452416018e-05 0.0
mytalk 7.01311452416018e-05 0.0
mário 7.01311452416018e-05 0.2905848321097423
n 0.0023143277929728594 0.08149303425118301
name 0.0023143277929728594 0.0
namespaces 7.01311452416018e-05 0.21233263520999412
national 0.0001402622904832036 0.008733679968754631
natural 0.0001402622904832036 0.044451762570833796
natural_language_processing 7.01311452416018e-05 0.0
nav 0.0009818360333824251 0.7018808605286999
navbar 7.01311452416018e-05 0.20163734609324613
navigation 0.0007714425976576198 0.0
navigationtiming 7.01311452416018e-05 0.0
nearby 7.01311452416018e-05 0.0
needs 7.01311452416018e-05 0.0
neutral 7.01311452416018e-05 0.10054122922187746
never 7.01311452416018e-05 0.10054122922187746
new 0.0001402622904832036 0.0
newpp 7.01311452416018e-05 0.0
no 0.0006311803071744162 0.0
node 7.01311452416018e-05 0.0
noexcerpt 7.01311452416018e-05 0.0
nofollow 0.0018935409215232485 0.0
noicon 0.000350655726208009 0.0
nojs 7.01311452416018e-05 0.0
nomobile 7.01311452416018e-05 0.0
non 0.0004909180166912126 0.0
nondeterministic 7.01311452416018e-05 0.008733679968754631
none 0.0018234097762816466 0.21233263520999412
noprint 0.000350655726208009 0.37548427589622857
normal 0.000350655726208009 0.008733679968754631
normal_forms 7.01311452416018e-05 0.0
noscript 0.0002805245809664072 0.0
nosnippet 7.01311452416018e-05 0.0
not 0.000701311452416018 0.0
notation 7.01311452416018e-05 0.08149303425118301
notes 0.0001402622904832036 0.008733679968754631
notice 7.01311452416018e-05 0.11020314013361425
november 7.01311452416018e-05 0.0
now 0.00021039343572480537 0.0
nowrap 7.01311452416018e-05 0.035401927050916
ns 0.0001402622904832036 0.19105523676270922
nstab 7.01311452416018e-05 0.0
null 7.01311452416018e-05 0.0
numb 0.0004909180166912126 0.0
number 7.01311452416018e-05 0.0
nv 0.0012623606143488324 0.0
o 0.001402622904832036 0.035401927050916
object 7.01311452416018e-05 0.0
objects 7.01311452416018e-05 0.0
occur 0.0001402622904832036 0.11020314013361425
october 0.000350655726208009 0.02643325706815543
of 0.004909180166912126 0.0
off 7.01311452416018e-05 0.02643325706815543
official 0.000350655726208009 0.017544309650909525
official_website_different_in_wikidata_and_wikipedia 7.01311452416018e-05 0.0
og 0.0001402622904832036 0.0
ol 0.00021039343572480537 0.0
oldid 0.00021039343572480537 0.0
on 0.001402622904832036 0.0
one 0.00021039343572480537 0.0
only 0.00042078687144961075 0.0
opensearch_desc 7.01311452416018e-05 0.0
opensearchdescription 7.01311452416018e-05 0.0
operation 7.01311452416018e-05 0.008733679968754631
operational 0.0001402622904832036 0.2905848321097423
optional 7.01311452416018e-05 0.008733679968754631
options 0.000350655726208009 0.0
or 0.000350655726208009 0.0
ord 0.003716950697804895 0.0
order 0.0001402622904832036 0.008733679968754631
ordered 7.01311452416018e-05 0.035401927050916
ordering 7.01311452416018e-05 0.19105523676270922
org 0.006942983378918578 0.0
organization 0.000350655726208009 0.0
origin 0.000350655726208009 0.11020314013361425
original 0.00021039343572480537 0.02643325706815543
originally 7.01311452416018e-05 0.0
other 7.01311452416018e-05 0.0
otherwise 7.01311452416018e-05 0.12981161152199053
out 0.0001402622904832036 0.0
output 0.0030156392453888773 0.008733679968754631
over 7.01311452416018e-05 0.008733679968754631
overflow 0.0001402622904832036 0.19105523676270922
overview 0.0002805245809664072 0.09097177820572679
own 7.01311452416018e-05 0.0721032939013439
oz 0.00021039343572480537 0.17022114985986725
p 0.005610491619328144 0.0
p1 7.01311452416018e-05 0.017544309650909525
padding 0.0002805245809664072 0.0
page 0.003436426116838488 0.0
pagelanguagecode 7.01311452416018e-05 0.0
pagelanguagedir 7.01311452416018e-05 0.0
pageprop 7.01311452416018e-05 0.0
pages 0.0007714425976576198 0.0
pagetype 0.0001402622904832036 0.0
pagevariantfallbacks 7.01311452416018e-05 0.0
pair 7.01311452416018e-05 0.14981227822866008
pairs 0.0001402622904832036 0.12981161152199053
panel 0.0002805245809664072 0.0
paper 7.01311452416018e-05 0.06280090123903044
papers 0.0002805245809664072 0.19105523676270922
paradigm 7.01311452416018e-05 0.017544309650909525
paradigms 7.01311452416018e-05 0.26759531388504365
parsed 7.01311452416018e-05 0.0
parser 0.0031559015358720807 0.0
part 7.01311452416018e-05 0.0
partial 7.01311452416018e-05 0.1599646496926782
partially 7.01311452416018e-05 0.11020314013361425
partially_ordered_set 7.01311452416018e-05 0.0
past 7.01311452416018e-05 0.14981227822866008
patroltoken 7.01311452416018e-05 0.0
pattern 0.0002805245809664072 0.008733679968754631
pattern_matching 0.0001402622904832036 1.2484245668967697
pcache 7.01311452416018e-05 0.0
pdf 0.0015428851953152396 0.0
performance 7.01311452416018e-05 0.0
permalink 7.01311452416018e-05 0.0
permanent 0.0001402622904832036 0.035401927050916
persian 7.01311452416018e-05 0.0
personal 0.000350655726208009 0.0
peter 0.00042078687144961075 0.0721032939013439
ph 7.01311452416018e-05 0.2905848321097423
php 0.0023143277929728594 0.0
pid 7.01311452416018e-05 0.0
pieter 0.0001402622904832036 0.2905848321097423
pii 7.01311452416018e-05 0.0
pin 0.0001402622904832036 0.454472687214859
pinnable 0.0008415737428992215 0.0
pinned 0.000701311452416018 0.0
pjs 0.00021039343572480537 0.0
place 7.01311452416018e-05 0.09097177820572679
placeholder 7.01311452416018e-05 0.0
places 0.0006311803071744162 0.035401927050916
png 0.000701311452416018 0.0
policy 0.0001402622904832036 0.0
popular 7.01311452416018e-05 0.09097177820572679
popups 7.01311452416018e-05 0.0
portal 0.00021039343572480537 0.06280090123903044
portlet 0.0018935409215232485 0.0
position 7.01311452416018e-05 0.008733679968754631
post 0.0001402622904832036 0.0
postexpandincludesize 7.01311452416018e-05 0.0
power 0.0001402622904832036 0.008733679968754631
powered 7.01311452416018e-05 1.1340142157190256
poweredby_mediawiki_132x47 7.01311452416018e-05 0.0
poweredby_mediawiki_176x62 7.01311452416018e-05 0.0
poweredby_mediawiki_88x31 7.01311452416018e-05 0.0
poweredbyico 7.01311452416018e-05 0.0
pp 0.0001402622904832036 0.044451762570833796
ppvisitednodes 7.01311452416018e-05 0.0
practice 0.0002805245809664072 0.19105523676270922
pre 0.0002805245809664072 0.02643325706815543
prefetch 0.0001402622904832036 0.0
preprocessor 7.01311452416018e-05 0.0
presented 7.01311452416018e-05 0.10054122922187746
press 0.0001402622904832036 0.10054122922187746
preview 7.01311452416018e-05 0.14981227822866008
print 0.0001402622904832036 0.0
print_export 0.00021039343572480537 0.0
printable 0.00021039343572480537 0.14981227822866008
printfooter 7.01311452416018e-05 0.0
privacy 0.00021039343572480537 0.0
privacy_policy 0.0001402622904832036 0.0
problem 7.01311452416018e-05 0.08149303425118301
proceedings 0.00021039343572480537 0.10054122922187746
proceeds 7.01311452416018e-05 0.2905848321097423
process 7.01311452416018e-05 0.0
processes 7.01311452416018e-05 0.017544309650909525
processing 0.0001402622904832036 0.035401927050916
production 0.000350655726208009 0.11020314013361425
production_processes 7.01311452416018e-05 0.0
production_system_ 7.01311452416018e-05 0.0
profit 7.01311452416018e-05 0.0
program 0.0011922294691072304 0.0
programmieren 7.01311452416018e-05 0.26759531388504365
programming 0.0028753769549056734 0.0
programming_language 0.0002805245809664072 0.008733679968754631
programming_paradigm 7.01311452416018e-05 0.0
programs 0.00042078687144961075 0.008733679968754631
progressive 0.00021039343572480537 0.0
projects 0.00021039343572480537 0.06280090123903044
prolog 0.001051967178624027 0.008733679968754631
prolog_syntax_and_semantics 7.01311452416018e-05 0.0
propagation 0.00042078687144961075 0.2905848321097423
properties 7.01311452416018e-05 0.11020314013361425
property 0.00021039343572480537 0.008733679968754631
pt 0.00042078687144961075 0.02643325706815543
pub 0.00021039343572480537 0.26759531388504365
publicaties 7.01311452416018e-05 0.0
published 7.01311452416018e-05 0.044451762570833796
publisher 0.0001402622904832036 0.41419878807691896
purpose 7.01311452416018e-05 0.0
push 0.00021039343572480537 0.0
pygments 0.0001402622904832036 0.0
q 0.00021039343572480537 0.0
q5164373 0.0004909180166912126 0.2905848321097423
quantified 7.01311452416018e-05 0.008733679968754631
query 0.0001402622904832036 0.0
quick 7.01311452416018e-05 0.0
quiet 0.00042078687144961075 0.0
quotes 7.01311452416018e-05 0.19105523676270922
r 0.001051967178624027 0.0
r1011085734 7.01311452416018e-05 0.0
r1066479718 7.01311452416018e-05 0.0
r1133582631 0.000701311452416018 0.0
random 0.0001402622904832036 0.21233263520999412
randomly 7.01311452416018e-05 0.2340726218464
randompage 7.01311452416018e-05 0.0
rather 7.01311452416018e-05 0.0
raw 7.01311452416018e-05 0.11020314013361425
re 0.0001402622904832036 0.02643325706815543
read 0.000350655726208009 0.11020314013361425
reading 0.000350655726208009 0.0
ready 0.001332491759590434 0.0
real 7.01311452416018e-05 0.0
reasoning 0.0002805245809664072 0.008733679968754631
recent 0.00021039343572480537 0.0721032939013439
recentchanges 0.00021039343572480537 0.0
recentchangeslinked 0.0001402622904832036 0.0
recursion 7.01311452416018e-05 0.0
red 7.01311452416018e-05 0.12981161152199053
redirect 0.0012623606143488324 0.02643325706815543
redlink 0.0001402622904832036 0.0
reduced 7.01311452416018e-05 0.0
refer 7.01311452416018e-05 0.0
reference 0.002454590083456063 0.035401927050916
references 0.0007714425976576198 0.0
referencetooltips 7.01311452416018e-05 0.0
referrer 0.00021039343572480537 0.0
refined 0.00042078687144961075 0.2905848321097423
reflexivity 0.00021039343572480537 0.2905848321097423
reflist 0.001051967178624027 0.0
registered 7.01311452416018e-05 0.0
registration 0.0001402622904832036 0.5705448584676129
rel 0.0036468195525632932 0.0
related 0.0001402622904832036 0.02643325706815543
rely 7.01311452416018e-05 0.10054122922187746
remaining 7.01311452416018e-05 0.2905848321097423
remove 0.0001402622904832036 0.0
removed 0.0002805245809664072 0.0
removes 7.01311452416018e-05 0.06280090123903044
removing 7.01311452416018e-05 0.0
render 0.001051967178624027 0.21233263520999412
rendering 7.01311452416018e-05 0.0
repeat 0.0002805245809664072 0.0721032939013439
replace 7.01311452416018e-05 0.008733679968754631
replaced 0.0001402622904832036 0.008733679968754631
report 0.0002805245809664072 0.0
represent 7.01311452416018e-05 0.08149303425118301
representing 7.01311452416018e-05 0.0
require 0.0001402622904832036 0.0
research 0.000350655726208009 0.02643325706815543
resourceloaderdynamicstyles 7.01311452416018e-05 0.0
rest 7.01311452416018e-05 0.11020314013361425
rest_v1 0.001051967178624027 0.0
results 7.01311452416018e-05 0.0
rete 0.0001402622904832036 0.2905848321097423
rete_algorithm 7.01311452416018e-05 0.0
retrieved 0.0001402622904832036 0.0
returned 7.01311452416018e-05 0.19105523676270922
returnto 0.0002805245809664072 0.0
revision 0.00021039343572480537 0.0
revisions 7.01311452416018e-05 0.6844891178168307
rewrite 7.01311452416018e-05 0.11020314013361425
rewriting 0.0005610491619328144 0.2905848321097423
rfr_id 0.0006311803071744162 0.0
rft 0.004909180166912126 0.0
rft_id 0.0009818360333824251 0.0
rft_val_fmt 0.0006311803071744162 0.0
rgba 7.01311452416018e-05 0.0
right 0.000701311452416018 0.0
rl 7.01311452416018e-05 0.0
rlconf 7.01311452416018e-05 0.0
rlpagemodules 7.01311452416018e-05 0.0
rlq 0.00042078687144961075 0.0
rlstate 7.01311452416018e-05 0.0
robots 7.01311452416018e-05 0.5108256237659907
role 0.0009818360333824251 0.0
roman 0.0002805245809664072 0.37548427589622857
rootpage 7.01311452416018e-05 0.0
row 0.0002805245809664072 0.11020314013361425
rsd 0.0001402622904832036 0.0
rule 0.0011922294691072304 0.008733679968754631
rules 0.0049793113121537275 0.008733679968754631
s 0.00350655726208009 0.0
s0743 7.01311452416018e-05 0.2905848321097423
s1471068409990123 7.01311452416018e-05 0.2905848321097423
s1571066104803463 0.0001402622904832036 0.0
s2 7.01311452416018e-05 0.7195804376281008
s2cid 0.0002805245809664072 0.008733679968754631
s2cid_ 0.0001402622904832036 0.0
sa 0.0001402622904832036 0.0
same 0.0001402622904832036 0.0
sameas 0.0001402622904832036 0.0
sandra 7.01311452416018e-05 0.2905848321097423
satisfying 7.01311452416018e-05 0.2340726218464
saved 7.01311452416018e-05 0.0
scheduling 0.0001402622904832036 0.14981227822866008
scheduling_ 7.01311452416018e-05 0.0
schema 0.0001402622904832036 0.02643325706815543
schrijvers 0.00042078687144961075 0.2905848321097423
science 0.0005610491619328144 0.008733679968754631
sciencedirect 7.01311452416018e-05 0.0
scope 0.0002805245809664072 0.0721032939013439
screen 0.0001402622904832036 0.044451762570833796
scribunto 7.01311452416018e-05 0.044451762570833796
script 0.0009818360333824251 0.14981227822866008
scriptlevel 0.001051967178624027 0.0
scripts 0.0001402622904832036 0.10054122922187746
search 0.0018935409215232485 0.0
searchaux 7.01311452416018e-05 0.0
searchbutton 0.0002805245809664072 0.0
searchform 7.01311452416018e-05 0.0
searching 7.01311452416018e-05 0.14981227822866008
searchinput 7.01311452416018e-05 0.0
seattle 0.0001402622904832036 0.1599646496926782
second 0.0001402622904832036 0.0
seconds 0.00021039343572480537 0.0
section 0.001051967178624027 0.008733679968754631
see 0.00021039343572480537 0.0
see_also 0.0002805245809664072 0.0
selected 0.0002805245809664072 0.008733679968754631
selector 7.01311452416018e-05 0.0
selflink 7.01311452416018e-05 0.0
semantics 0.002664983519180868 0.08149303425118301
semantics_ 7.01311452416018e-05 0.0
semanticscholar 0.0002805245809664072 0.0
sentences 7.01311452416018e-05 0.0
separately 7.01311452416018e-05 0.19105523676270922
september 0.0001402622904832036 0.008733679968754631
set 0.0006311803071744162 0.0
sets 7.01311452416018e-05 0.035401927050916
several 7.01311452416018e-05 0.0
sha1 7.01311452416018e-05 0.0
sharealike 7.01311452416018e-05 0.0
sharealike_3 7.01311452416018e-05 0.0
short 0.00042078687144961075 0.0
short_description 0.0001402622904832036 0.0
short_description_is_different_from_wikidata 7.01311452416018e-05 0.0
shortdescription 7.01311452416018e-05 0.0
should 7.01311452416018e-05 0.10054122922187746
show 0.0002805245809664072 0.0
sicstus 7.01311452416018e-05 0.2905848321097423
side 7.01311452416018e-05 0.008733679968754631
sidebar 0.0007714425976576198 0.0
signal 7.01311452416018e-05 0.035401927050916
simpagation 0.0002805245809664072 0.2905848321097423
simplesearch 7.01311452416018e-05 0.0
simplification 0.0006311803071744162 0.2905848321097423
since 7.01311452416018e-05 0.008733679968754631
single 7.01311452416018e-05 0.0
site 0.000350655726208009 0.0
sitedir 7.01311452416018e-05 0.0
sitelinks 7.01311452416018e-05 0.0
sitenotice 0.0001402622904832036 0.0
sitesub 7.01311452416018e-05 0.0
sitesupport 7.01311452416018e-05 0.0
sixth 0.0001402622904832036 0.2905848321097423
size 0.0006311803071744162 0.0
skin 0.0009117048881408233 0.8131064956389242
skins 0.00042078687144961075 0.0
small 7.01311452416018e-05 0.0
sneyers 0.00042078687144961075 0.2905848321097423
so 0.000350655726208009 0.0
software 0.00021039343572480537 0.017544309650909525
software_design 7.01311452416018e-05 0.0
software_testing 7.01311452416018e-05 0.0
software_verification 7.01311452416018e-05 0.0
solver 7.01311452416018e-05 0.1599646496926782
solving 7.01311452416018e-05 0.008733679968754631
some 0.0001402622904832036 0.0
sometimes 7.01311452416018e-05 0.19105523676270922
span 0.031699277649204015 0.044451762570833796
spatial 0.00021039343572480537 0.2905848321097423
special 0.0018935409215232485 0.0
specialpages 0.0001402622904832036 0.0
specification 7.01311452416018e-05 0.0
specify 7.01311452416018e-05 0.0
springer 0.0001402622904832036 0.18058393689541388
sql 0.000350655726208009 0.02643325706815543
src 0.0016130163405568413 0.0
srcset 0.0001402622904832036 0.0
standard 7.01311452416018e-05 0.0
start 0.0001402622904832036 0.0721032939013439
starts 7.01311452416018e-05 0.2451224580329849
startup 0.0001402622904832036 0.0
state 7.01311452416018e-05 0.035401927050916
statement 7.01311452416018e-05 0.0
statements 7.01311452416018e-05 0.0
static 0.0009117048881408233 0.0
statistics 7.01311452416018e-05 0.0
stats 7.01311452416018e-05 0.0
statslink 7.01311452416018e-05 0.0
status 7.01311452416018e-05 0.0
sticky 0.0001402622904832036 0.0
stopmobileredirecttoggle 7.01311452416018e-05 0.0
store 0.0011922294691072304 0.0
stores 7.01311452416018e-05 0.21233263520999412
stretchy 0.0005610491619328144 0.0
structure 7.01311452416018e-05 0.035401927050916
structured 7.01311452416018e-05 0.035401927050916
structures 7.01311452416018e-05 0.008733679968754631
stuckey 0.00021039343572480537 0.2905848321097423
style 0.004277999859737709 0.0
styles 0.0008415737428992215 0.0
stylesheet 0.0001402622904832036 0.0
subbox 7.01311452416018e-05 0.0
subheader 7.01311452416018e-05 0.0
subject 7.01311452416018e-05 0.10054122922187746
sublist 0.0005610491619328144 0.0
submit 0.0001402622904832036 0.0
subscription 0.0001402622904832036 0.0
subsection 7.01311452416018e-05 0.0
subsume 7.01311452416018e-05 0.2905848321097423
subtitle 7.01311452416018e-05 0.0
success 7.01311452416018e-05 0.02643325706815543
such 7.01311452416018e-05 0.0
suggestededitsession 7.01311452416018e-05 0.0
summary 7.01311452416018e-05 0.14981227822866008
sup 0.004207868714496108 0.0
supplied 7.01311452416018e-05 0.19105523676270922
supplies 7.01311452416018e-05 0.1599646496926782
support 0.0001402622904832036 0.0
supports 7.01311452416018e-05 0.008733679968754631
survey 0.0001402622904832036 0.2340726218464
svg 0.0014727540500736377 0.0
swi 0.00021039343572480537 0.2905848321097423
switcher 7.01311452416018e-05 0.0
syntax 0.0002805245809664072 0.0
system 0.00042078687144961075 0.0
systems 0.00042078687144961075 0.02643325706815543
t 0.0007714425976576198 0.02643325706815543
tab 0.000350655726208009 0.19105523676270922
tabindex 0.0001402622904832036 0.0
table 0.0006311803071744162 0.0
tabs 0.0001402622904832036 4.051784947803305
tagline 0.00021039343572480537 0.0
tags 7.01311452416018e-05 0.0
talk 0.0002805245809664072 0.05358424613410626
target 0.0002805245809664072 0.0
targetloader 7.01311452416018e-05 0.0
tautology 0.0001402622904832036 0.2905848321097423
tautology_ 7.01311452416018e-05 0.0
tb 0.00021039343572480537 0.0
tbody 0.0002805245809664072 0.0
td 0.0025247212286976647 0.0
technical 7.01311452416018e-05 0.044451762570833796
telephone 7.01311452416018e-05 0.48225225132193467
template 0.001402622904832036 0.0
templateargumentsize 7.01311452416018e-05 0.0
templatestyles 0.0008415737428992215 0.0
temporal 0.0001402622904832036 0.11020314013361425
temporal_reasoning 7.01311452416018e-05 0.0
term 7.01311452416018e-05 0.008733679968754631
term_algebra 7.01311452416018e-05 0.0
terminating 0.0001402622904832036 0.0721032939013439
terms 0.0004909180166912126 0.0
terms_of_use 7.01311452416018e-05 0.0
testing 0.0001402622904832036 0.008733679968754631
tex 0.001051967178624027 0.40112670650956617
texatom 0.003716950697804895 0.0
text 0.003787081843046497 0.0
text_of_the_creative_commons_attribution 7.01311452416018e-05 0.0
th 0.0011220983238656287 1.8545603704670854
that 0.0008415737428992215 0.0
the 0.008415737428992216 0.0
their 7.01311452416018e-05 0.008733679968754631
them 0.0001402622904832036 0.0
then 0.00042078687144961075 0.0
theoretical 7.01311452416018e-05 0.10054122922187746
theory 0.000350655726208009 0.0
there 7.01311452416018e-05 0.0
these 0.00021039343572480537 0.0
thesis 0.0001402622904832036 0.2905848321097423
they 0.000350655726208009 0.008733679968754631
thinmathspace 0.0008415737428992215 0.0
third 7.01311452416018e-05 0.10054122922187746
this 0.0015428851953152396 0.0
thom 0.00042078687144961075 0.2905848321097423
thought 7.01311452416018e-05 0.008733679968754631
three 0.000350655726208009 0.02643325706815543
thumbnail 7.01311452416018e-05 0.0
thus 7.01311452416018e-05 0.008733679968754631
time 0.0005610491619328144 0.0
timegoesby 0.0002805245809664072 0.0
timegoesby_5 0.00042078687144961075 0.0
timestamp 0.0001402622904832036 0.0
timeusage 7.01311452416018e-05 0.0
timingprofile 7.01311452416018e-05 0.0
title 0.012272950417280314 0.0
titlebar 0.0005610491619328144 0.0
titleform 7.01311452416018e-05 0.0
to 0.0028753769549056734 0.0
toc 0.007083245669401782 0.0
toggle 0.0007714425976576198 0.0
toggle_view_mobile 7.01311452416018e-05 0.0
tokens 7.01311452416018e-05 3.6463198396951406
tom 0.00042078687144961075 0.08149303425118301
toolbar 0.00021039343572480537 0.0
tools 0.0006311803071744162 0.0
top 0.00042078687144961075 0.0
topics 0.0001402622904832036 0.05358424613410626
total 0.0001402622904832036 0.0
touch 0.0001402622904832036 2.4423470353692043
tr 0.001683147485798443 0.08149303425118301
trademark 7.01311452416018e-05 0.0
traditionally 7.01311452416018e-05 0.11020314013361425
transactions 0.0001402622904832036 0.11020314013361425
transclusion 7.01311452416018e-05 0.0
transformations 7.01311452416018e-05 0.21233263520999412
transientcontent 7.01311452416018e-05 0.0
transitivity 0.000350655726208009 0.2905848321097423
transparent 7.01311452416018e-05 0.11020314013361425
transpiler 7.01311452416018e-05 0.2905848321097423
treat 0.000350655726208009 0.11995931507897897
triggered 7.01311452416018e-05 0.0
true 0.004067606424012904 0.0
ttl 7.01311452416018e-05 0.0
turing 0.0001402622904832036 0.08149303425118301
turing_complete 7.01311452416018e-05 0.0
two 0.0002805245809664072 0.0
type 0.0025948523739392666 0.0
type_system 7.01311452416018e-05 0.06280090123903044
types 7.01311452416018e-05 0.0
typically 7.01311452416018e-05 0.0
u 0.00021039343572480537 0.035401927050916
ui 0.0039273441335297005 0.0
ul 0.004488393295462515 0.0
ulm 7.01311452416018e-05 2.1799827709017134
uls 0.000350655726208009 0.0
under 7.01311452416018e-05 0.0
underlying 7.01311452416018e-05 0.11020314013361425
uni 7.01311452416018e-05 0.17022114985986725
unification 0.00042078687144961075 0.10054122922187746
unification_ 0.0001402622904832036 0.0
universally 7.01311452416018e-05 0.11020314013361425
universiteit 0.00021039343572480537 0.2905848321097423
university 0.0001402622904832036 0.08149303425118301
unknown 0.0001402622904832036 0.008733679968754631
unlike 7.01311452416018e-05 0.044451762570833796
unpin 0.0001402622904832036 0.0
unpinned 0.0001402622904832036 0.0
unpredictable 7.01311452416018e-05 0.19105523676270922
unstrip 0.0002805245809664072 0.0
until 7.01311452416018e-05 0.008733679968754631
updated 7.01311452416018e-05 0.08149303425118301
upload 0.0006311803071744162 0.14981227822866008
upper 0.000350655726208009 0.11020314013361425
url 0.000701311452416018 0.0721032939013439
us 0.0001402622904832036 0.02643325706815543
usage 0.0002805245809664072 0.0
use 0.000350655726208009 0.0
used 0.000350655726208009 0.0
uselang 7.01311452416018e-05 0.0
user 0.0018935409215232485 0.0
useradd 0.0001402622904832036 0.0
userlogin 0.0001402622904832036 0.0
uses 7.01311452416018e-05 0.008733679968754631
using 0.00021039343572480537 0.0
usually 7.01311452416018e-05 0.008733679968754631
utc 7.01311452416018e-05 0.0
utf 7.01311452416018e-05 0.21233263520999412
utm_campaign 7.01311452416018e-05 0.0
utm_medium 7.01311452416018e-05 0.0
utm_source 7.01311452416018e-05 0.0
ux 7.01311452416018e-05 0.0
value 0.0009818360333824251 0.0
van 0.0002805245809664072 0.08149303425118301
var 0.0001402622904832036 0.11020314013361425
variable 0.00021039343572480537 0.0
variables 0.000350655726208009 0.008733679968754631
variant 0.0002805245809664072 0.0
variants 0.00042078687144961075 0.0
vary 7.01311452416018e-05 0.0
ve 7.01311452416018e-05 0.25629575863111026
vector 0.01795357318185006 0.0
verification 0.0001402622904832036 0.0
veronica 7.01311452416018e-05 0.2905848321097423
version 0.0001402622904832036 0.0
vertical 0.001051967178624027 0.19105523676270922
vevent 7.01311452416018e-05 0.0
view 0.0006311803071744162 0.0
viewpoint 7.01311452416018e-05 0.2905848321097423
viewport 7.01311452416018e-05 0.0
views 0.00021039343572480537 0.02643325706815543
visible 7.01311452416018e-05 0.044451762570833796
visit 0.0001402622904832036 0.0
visited 7.01311452416018e-05 0.0
visualeditor 0.0002805245809664072 0.0
vol 0.00021039343572480537 0.0721032939013439
volume 0.00021039343572480537 0.08149303425118301
vue 0.0001402622904832036 0.11995931507897897
w 0.0023143277929728594 0.0
w3 0.001051967178624027 0.0
walltime 7.01311452416018e-05 0.0
was 0.00021039343572480537 0.0
washington 0.0001402622904832036 0.2340726218464
watchlist 7.01311452416018e-05 0.0
watchtoken 7.01311452416018e-05 0.0
way 0.00021039343572480537 0.008733679968754631
ways 7.01311452416018e-05 0.0
wb 0.0001402622904832036 0.0
wbc 7.01311452416018e-05 0.0
wbr 7.01311452416018e-05 0.0
web 0.000350655726208009 0.0
webchr 0.0001402622904832036 0.2905848321097423
website 0.0004909180166912126 0.0
weert 0.0002805245809664072 0.2905848321097423
weight 7.01311452416018e-05 0.7195804376281008
wgaction 7.01311452416018e-05 0.0
wgarticleid 7.01311452416018e-05 0.0
wgbackendresponsetime 7.01311452416018e-05 0.0
wgbreakframes 7.01311452416018e-05 0.0
wgcanonicalnamespace 7.01311452416018e-05 0.0
wgcanonicalspecialpagename 7.01311452416018e-05 0.0
wgcategories 7.01311452416018e-05 0.0
wgcentralauthmobiledomain 7.01311452416018e-05 0.0
wgcspnonce 7.01311452416018e-05 0.0
wgcurrevisionid 7.01311452416018e-05 0.0
wgdefaultdateformat 7.01311452416018e-05 0.0
wgdigittransformtable 7.01311452416018e-05 0.0
wgeditsubmitbuttonlabelpublish 7.01311452416018e-05 0.0
wgflaggedrevsparams 7.01311452416018e-05 0.0
wggestructuredtaskrejectionreasontextinputenabled 7.01311452416018e-05 0.0
wggetopicsmatchmodeenabled 7.01311452416018e-05 0.0
wghostname 7.01311452416018e-05 0.0
wgisarticle 7.01311452416018e-05 0.0
wgisprobablyeditable 7.01311452416018e-05 0.0
wgisredirect 7.01311452416018e-05 0.0
wgmediaviewerenabledbydefault 7.01311452416018e-05 0.0
wgmediavieweronclick 7.01311452416018e-05 0.0
wgmfdisplaywikibasedescriptions 7.01311452416018e-05 0.0
wgmonthnames 7.01311452416018e-05 0.0
wgnamespacenumber 7.01311452416018e-05 0.0
wgnoticeproject 7.01311452416018e-05 0.0
wgpagecontentlanguage 7.01311452416018e-05 0.0
wgpagecontentmodel 7.01311452416018e-05 0.0
wgpagename 7.01311452416018e-05 0.0
wgpageparsereport 7.01311452416018e-05 0.0
wgpopupsflags 7.01311452416018e-05 0.0
wgrelevantarticleid 7.01311452416018e-05 0.0
wgrelevantpageisprobablyeditable 7.01311452416018e-05 0.0
wgrelevantpagename 7.01311452416018e-05 0.0
wgrequestid 7.01311452416018e-05 0.0
wgrestrictionedit 7.01311452416018e-05 0.0
wgrestrictionmove 7.01311452416018e-05 0.0
wgrevisionid 7.01311452416018e-05 0.0
wgseparatortransformtable 7.01311452416018e-05 0.0
wgtitle 7.01311452416018e-05 0.0
wgulscurrentautonym 7.01311452416018e-05 0.0
wgulsiscompactlinksenabled 7.01311452416018e-05 0.0
wgulsislanguageselectorempty 7.01311452416018e-05 0.0
wgulsposition 7.01311452416018e-05 0.0
wgusergroups 7.01311452416018e-05 0.0
wgusername 7.01311452416018e-05 0.0
wgvector2022previewpages 7.01311452416018e-05 0.0
wgvisualeditor 7.01311452416018e-05 0.0
wgwikibaseitemid 7.01311452416018e-05 0.0
wgwmepagelength 7.01311452416018e-05 0.0
wgwmeschemaeditattemptstepoversample 7.01311452416018e-05 0.0
what 7.01311452416018e-05 0.0
whatlinkshere 0.0001402622904832036 0.0
when 0.0005610491619328144 0.0
where 7.01311452416018e-05 0.0
which 0.00021039343572480537 0.0
while 7.01311452416018e-05 0.017544309650909525
width 0.0031559015358720807 0.0
wiki 0.008065081702784206 0.0
wikibase 0.0002805245809664072 0.0
wikidata 0.0009818360333824251 0.0
wikimedia 0.003366294971596886 0.0
wikimediabadges 7.01311452416018e-05 0.0
wikimediaevents 7.01311452416018e-05 0.0
wikimediafoundation 0.0001402622904832036 0.0
wikipedia 0.005119573602636931 0.0
wikisource 7.01311452416018e-05 3.6463198396951406
wikitable 7.01311452416018e-05 0.0
wikitext 7.01311452416018e-05 0.0
will 7.01311452416018e-05 0.0
window 0.00021039343572480537 0.11020314013361425
with 0.0009117048881408233 0.0
without 7.01311452416018e-05 0.02643325706815543
wmf 0.00021039343572480537 0.0
womb 7.01311452416018e-05 0.2905848321097423
word 0.0001402622904832036 0.044451762570833796
wordmark 0.0001402622904832036 0.0
works 7.01311452416018e-05 0.11020314013361425
workshop 0.00021039343572480537 0.10054122922187746
wpformidentifier 7.01311452416018e-05 0.0
wrap 0.0001402622904832036 0.5108256237659907
writers 7.01311452416018e-05 0.2905848321097423
written 7.01311452416018e-05 0.0
ws 7.01311452416018e-05 0.0
wuille 0.0001402622904832036 0.2905848321097423
ww2 0.0001402622904832036 0.0
www 0.0019636720667648502 0.0
x 0.003085770390630479 0.0
x2026 0.0009117048881408233 0.0
x2113 0.0002805245809664072 0.0
x2212 7.01311452416018e-05 0.0
x2216 0.00021039343572480537 0.0
x27f9 7.01311452416018e-05 0.0
x27fa 0.00021039343572480537 0.0
xml 0.00021039343572480537 0.14981227822866008
xmlns 0.001051967178624027 0.21233263520999412
y 0.0016130163405568413 0.008733679968754631
years 7.01311452416018e-05 0.017544309650909525
yes 7.01311452416018e-05 0.7936884097818228
you 0.000350655726208009 0.0
z 0.0005610491619328144 0.11020314013361425
z39 0.0006311803071744162 0.0
z3988 0.0006311803071744162 0.0
آر 7.01311452416018e-05 0.0
اچ 7.01311452416018e-05 0.0
سی 7.01311452416018e-05 0.0
فارسی 7.01311452416018e-05 0.0
ℓ 0.0002805245809664072 0.2905848321097423
日本語 7.01311452416018e-05 0.0
