0 0.007961124896608768 0.0
00 0.00020678246484698098 0.0
000 0.00020678246484698098 0.0
01 0.00031017369727047146 0.008733679968754631
039 0.00041356492969396195 0.22314355131420976
08 0.00020678246484698098 0.0
09766 0.00010339123242349049 0.0
0_unported_license 0.00010339123242349049 0.0
0px 0.00010339123242349049 0.0
1 0.004859387923904053 0.0
10 0.0009305210918114144 0.0
100 0.001964433416046319 0.0
1000 0.00010339123242349049 0.0
1000000 0.00020678246484698098 0.0
1007 0.00010339123242349049 0.008733679968754631
1064175 0.00031017369727047146 1.2791962255635234
107 0.00010339123242349049 0.08149303425118301
10px 0.0007237386269644334 0.0
11 0.00020678246484698098 0.008733679968754631
111 0.00020678246484698098 0.044451762570833796
1128612054 0.0007237386269644334 1.2791962255635234
114 0.00031017369727047146 0.2340726218464
117 0.00010339123242349049 0.0
1174 0.00020678246484698098 1.2791962255635234
12 0.00020678246484698098 0.008733679968754631
12195 0.00020678246484698098 1.2791962255635234
125em 0.0005169561621174524 0.0
12s5i 0.00010339123242349049 0.0
13 0.00031017369727047146 0.0
133 0.00020678246484698098 0.008733679968754631
136 0.00020678246484698098 0.2340726218464
13t12 0.00020678246484698098 0.0
14 0.00020678246484698098 0.008733679968754631
141 0.00020678246484698098 0.044451762570833796
15 0.00020678246484698098 0.0
16 0.00031017369727047146 0.0
160 0.0009305210918114144 0.2340726218464
16671ca84c8f 0.00010339123242349049 1.2791962255635234
16px 0.00010339123242349049 0.0
17 0.00020678246484698098 0.0
18 0.00020678246484698098 0.0
180 0.00010339123242349049 0.2340726218464
1814400 0.00020678246484698098 0.0
185 0.00010339123242349049 0.10054122922187746
1987 0.00031017369727047146 0.08149303425118301
1991 0.00010339123242349049 0.02643325706815543
1993 0.0006203473945409429 0.02643325706815543
1em 0.00031017369727047146 0.0
1px 0.0006203473945409429 0.0
1st 0.00010339123242349049 0.19105523676270922
1stworldpublishing 0.00010339123242349049 0.0
1x1 0.00010339123242349049 0.0
2 0.0025847808105872623 0.0
20 0.00020678246484698098 0.0
2004 0.00020678246484698098 0.06280090123903044
2006 0.00010339123242349049 0.008733679968754631
20070927013603 0.00010339123242349049 0.0
2011 0.00010339123242349049 0.0
2017 0.00041356492969396195 0.0
2022 0.0008271298593879239 0.0
20230314121509 0.00031017369727047146 1.2791962255635234
207 0.00010339123242349049 0.12981161152199053
2092 0.00020678246484698098 1.2791962255635234
2097152 0.00041356492969396195 0.0
21 0.0005169561621174524 0.0
212 0.0005169561621174524 0.5552773863368246
21t01 0.00020678246484698098 0.0
21z 0.00020678246484698098 0.0
238px 0.00010339123242349049 0.0
23px 0.00020678246484698098 0.0
247 0.00020678246484698098 0.25629575863111026
25em 0.0011373035566583955 0.0
25z 0.00020678246484698098 0.0
26 0.00010339123242349049 0.0
2603251 0.00020678246484698098 1.2791962255635234
27 0.0009305210918114144 0.0
2a 0.0006203473945409429 0.8531118302526235
2b 0.0011373035566583955 0.8531118302526235
2b_compiler 0.00010339123242349049 0.0
2cicon 0.00010339123242349049 0.0
2cstyles 0.00010339123242349049 0.0
2nd 0.00010339123242349049 0.19105523676270922
2px 0.0006203473945409429 0.0
2x 0.0005169561621174524 0.0
3 0.0005169561621174524 0.0
30 0.00020678246484698098 0.035401927050916
3000 0.00010339123242349049 0.3504829736908114
30em 0.00010339123242349049 0.0
31 0.00020678246484698098 0.008733679968754631
3125em 0.00010339123242349049 0.0
31px 0.00010339123242349049 0.0
32 0.00031017369727047146 0.0
32484 0.00020678246484698098 1.2791962255635234
33 0.00041356492969396195 0.008733679968754631
347 0.00020678246484698098 0.13976194237515863
36c 0.00010339123242349049 0.0
383 0.00020678246484698098 0.0
387 0.00010339123242349049 0.2340726218464
3cols 0.00010339123242349049 0.0
3em 0.00010339123242349049 0.0
3px 0.00020678246484698098 0.0
4 0.00010339123242349049 0.0
40 0.00031017369727047146 0.017544309650909525
400 0.00020678246484698098 0.0
403 0.00020678246484698098 0.21233263520999412
40px 0.00010339123242349049 0.0
42 0.00020678246484698098 0.017544309650909525
45 0.00020678246484698098 0.044451762570833796
462 0.00020678246484698098 0.08149303425118301
48 0.00020678246484698098 0.008733679968754631
4dd7 0.00010339123242349049 1.2791962255635234
4em 0.00020678246484698098 0.0
4px 0.00020678246484698098 0.0
5 0.00010339123242349049 0.0
50 0.00020678246484698098 0.0
500 0.00020678246484698098 0.0
5000000 0.00020678246484698098 0.0
52428800 0.00020678246484698098 0.0
525 0.00020678246484698098 0.26759531388504365
52px 0.00010339123242349049 0.0
53 0.00041356492969396195 0.008733679968754631
553 0.00020678246484698098 1.2791962255635234
59 0.00020678246484698098 0.044451762570833796
5cstarusersguide 0.00010339123242349049 0.0
5e 0.00010339123242349049 1.2791962255635234
5em 0.0010339123242349049 0.0
5x 0.0005169561621174524 0.11020314013361425
6 0.00020678246484698098 0.0
60 0.00020678246484698098 0.035401927050916
60px 0.00010339123242349049 0.0
625 0.00020678246484698098 0.7936884097818228
644 0.00020678246484698098 0.017544309650909525
6em 0.00010339123242349049 0.0
7 0.00020678246484698098 0.0
708 0.00020678246484698098 0.40112670650956617
72 0.00020678246484698098 0.02643325706815543
720px 0.00020678246484698098 0.0
74 0.00020678246484698098 0.008733679968754631
75 0.00020678246484698098 0.035401927050916
76 0.00020678246484698098 0.02643325706815543
779 0.00020678246484698098 0.2905848321097423
7cext 0.00020678246484698098 0.0
7cjquery 0.00010339123242349049 0.0
7cmediawiki 0.00010339123242349049 0.0
7cskins 0.00010339123242349049 0.0
7cwikibase 0.00010339123242349049 0.0
7em 0.00010339123242349049 0.0
7f50 0.00010339123242349049 1.2791962255635234
8 0.00010339123242349049 0.008733679968754631
80px 0.00010339123242349049 0.0
8125em 0.00010339123242349049 0.0
8194 0.00010339123242349049 1.2791962255635234
85 0.00020678246484698098 0.0
88 0.0005169561621174524 0.035401927050916
9 0.0005169561621174524 0.0
90 0.00010339123242349049 0.0
96 0.00031017369727047146 0.0
978 0.00010339123242349049 0.0
9932cc 0.00010339123242349049 0.0
_jr 0.00010339123242349049 0.0
_steele 0.00010339123242349049 0.0
a 0.04094292803970223 0.0
a0 0.00020678246484698098 0.3504829736908114
a150d2bb 0.00010339123242349049 1.2791962255635234
a2a9b1 0.00031017369727047146 0.0
a4 0.00031017369727047146 0.0
abbr 0.0008271298593879239 0.0
about 0.0010339123242349049 0.0
aboutsite 0.00010339123242349049 0.0
above 0.00020678246484698098 0.008733679968754631
abovebelow 0.0006203473945409429 0.0
absolute 0.00010339123242349049 0.035401927050916
accesskey 0.001964433416046319 0.0
account 0.00041356492969396195 0.0
ack 0.00010339123242349049 0.19105523676270922
across 0.00010339123242349049 0.0
acting 0.00010339123242349049 0.3141153295199365
action 0.001964433416046319 0.0
actions 0.00010339123242349049 0.0
add 0.0006203473945409429 0.0
additional 0.00010339123242349049 0.0
address 0.00020678246484698098 0.0
adds 0.00010339123242349049 0.0
after 0.001964433416046319 0.02643325706815543
agree 0.00010339123242349049 0.0
al 0.00010339123242349049 0.008733679968754631
alef 0.00020678246484698098 0.19105523676270922
alef_ 0.00010339123242349049 0.5552773863368246
alert 0.00041356492969396195 0.11995931507897897
algebra 0.00041356492969396195 0.1599646496926782
align 0.0010339123242349049 0.0721032939013439
all 0.0005169561621174524 0.0
all_articles_lacking_in 0.00010339123242349049 0.0
allocation 0.00010339123242349049 0.0721032939013439
alpha 0.00041356492969396195 0.14981227822866008
alt 0.0008271298593879239 0.0
alternate 0.00031017369727047146 0.14981227822866008
alternative 0.00010339123242349049 0.06280090123903044
ambox 0.003205128205128205 0.0
amp 0.00423904052936311 0.18058393689541388
amsterdam 0.00010339123242349049 0.08149303425118301
amsterdam_compiler_kit 0.00010339123242349049 0.0
an 0.0006203473945409429 0.0
and 0.002688172043010753 0.0
anjuta 0.00031017369727047146 0.19105523676270922
anon 0.00020678246484698098 0.0
anoncontribs 0.00010339123242349049 0.0
anontalk 0.00010339123242349049 0.0
anonymous 0.00010339123242349049 0.12981161152199053
ansi 0.0008271298593879239 0.19105523676270922
ansi_c 0.00031017369727047146 0.0
ansi_c_ 0.00010339123242349049 0.0
apache 0.00020678246484698098 0.017544309650909525
apache_cassandra 0.00010339123242349049 0.0
api 0.00010339123242349049 0.14981227822866008
appeared 0.00010339123242349049 0.044451762570833796
apple 0.00020678246484698098 0.13976194237515863
application 0.0006203473945409429 0.0
apply 0.00010339123242349049 0.0
april 0.00010339123242349049 0.0
archive 0.00010339123242349049 0.044451762570833796
are 0.00031017369727047146 0.0
argument 0.00010339123242349049 0.0
aria 0.003101736972704715 0.0
art 0.00010339123242349049 0.2340726218464
article 0.0011373035566583955 0.0
articles 0.0010339123242349049 0.0
articles_lacking_in 0.00010339123242349049 0.0
articles_with_short_description 0.00010339123242349049 0.0
as 0.0006203473945409429 0.0
asp 0.00010339123242349049 0.0
associated 0.00020678246484698098 0.035401927050916
astronomical 0.00010339123242349049 1.2791962255635234
async 0.00031017369727047146 0.37548427589622857
at 0.00031017369727047146 0.0
atom 0.00031017369727047146 0.11995931507897897
attribution 0.00010339123242349049 0.0
august 0.00041356492969396195 0.035401927050916
author 0.00020678246484698098 0.02643325706815543
auto 0.00041356492969396195 0.035401927050916
autocapitalize 0.00010339123242349049 0.0
autostart 0.00010339123242349049 0.0
available 0.00020678246484698098 0.0
avoid 0.00020678246484698098 0.19105523676270922
b 0.0007237386269644334 0.017544309650909525
b32424 0.00020678246484698098 0.0
background 0.0015508684863523574 0.2340726218464
based 0.00010339123242349049 0.0
bday 0.00020678246484698098 0.0
be 0.00010339123242349049 0.0
because 0.00020678246484698098 0.0
before 0.0015508684863523574 0.017544309650909525
being 0.00010339123242349049 0.008733679968754631
below 0.00010339123242349049 0.0
bionic 0.00020678246484698098 0.19105523676270922
bionic_ 0.00010339123242349049 0.0
block 0.00020678246484698098 0.044451762570833796
blocks 0.00031017369727047146 0.035401927050916
body 0.0016542597187758478 0.11995931507897897
bodycontent 0.00020678246484698098 0.0
bold 0.00010339123242349049 0.21233263520999412
books 0.00010339123242349049 0.0
bootstrap 0.00010339123242349049 0.0
border 0.002791563275434243 0.7936884097818228
borland 0.00020678246484698098 0.19105523676270922
borland_turbo_c 0.00010339123242349049 0.0
both 0.00010339123242349049 0.008733679968754631
bottom 0.00041356492969396195 0.12981161152199053
box 0.0018610421836228288 0.0
boxtext 0.00010339123242349049 0.0
br 0.00031017369727047146 0.0
bracket 0.0006203473945409429 0.3141153295199365
brackets 0.00020678246484698098 0.11995931507897897
bradley 0.00020678246484698098 0.6844891178168307
break 0.00020678246484698098 0.19105523676270922
browsing 0.00010339123242349049 0.27902400970866637
btn 0.0006203473945409429 0.0
builder 0.00020678246484698098 0.11020314013361425
but 0.00010339123242349049 0.0
button 0.003515301902398677 0.0
buttons 0.00010339123242349049 0.0
by 0.0010339123242349049 0.0
bytes 0.00041356492969396195 0.0
c 0.013854425144747726 0.0
c11 0.00020678246484698098 0.19105523676270922
c11_ 0.00020678246484698098 0.0
c13_en 0.00010339123242349049 0.0
c17 0.00020678246484698098 0.19105523676270922
c17_ 0.00020678246484698098 0.0
c2x 0.00031017369727047146 0.19105523676270922
c2x_ 0.00010339123242349049 0.0
c99 0.00031017369727047146 0.19105523676270922
c99_ 0.00010339123242349049 0.0
c_ 0.00020678246484698098 0.19105523676270922
c_character_classification 0.00010339123242349049 0.0
c_data_types 0.00010339123242349049 0.0
c_date_and_time_functions 0.00010339123242349049 0.0
c_dynamic_memory_allocation 0.00010339123242349049 0.0
c_file_input 0.00010339123242349049 0.0
c_mathematical_functions 0.00010339123242349049 0.0
c_posix_library 0.00010339123242349049 0.0
c_preprocessor 0.00010339123242349049 0.0
c_programming_language 0.0007237386269644334 0.19105523676270922
c_sharp_ 0.00010339123242349049 1.0560526742493137
c_standard_library 0.00010339123242349049 0.0
c_standard_revision 0.00020678246484698098 0.0
c_string_handling 0.00020678246484698098 0.0
c_syntax 0.00010339123242349049 0.0
ca 0.0008271298593879239 0.035401927050916
cache 0.00020678246484698098 0.0
cached 0.00010339123242349049 0.0
cachereport 0.00010339123242349049 0.0
cactions 0.0006203473945409429 0.0
calling 0.00010339123242349049 0.06280090123903044
calls 0.00020678246484698098 0.0
campaigns 0.00010339123242349049 0.0
canonical 0.00020678246484698098 0.0
caps 0.00010339123242349049 0.0
caption 0.00020678246484698098 0.0
cassandra 0.00020678246484698098 0.6505875661411494
categories 0.00010339123242349049 0.0
category 0.0017576509511993384 0.0
catlinks 0.0006203473945409429 0.0
cats 0.00010339123242349049 0.0
ccf 0.00010339123242349049 1.0560526742493137
cell 0.00010339123242349049 0.21233263520999412
center 0.0006203473945409429 0.02643325706815543
centralauth 0.00020678246484698098 0.0
centralautologin 0.00020678246484698098 0.0
centralnotice 0.00031017369727047146 0.0
change 0.00010339123242349049 0.0
changes 0.00041356492969396195 0.02643325706815543
char 0.00010339123242349049 0.035401927050916
character 0.00010339123242349049 0.035401927050916
characteristic 0.00020678246484698098 0.11020314013361425
characteristic_velocity 0.00010339123242349049 0.0
charinsert 0.00010339123242349049 0.0
charset 0.00010339123242349049 0.0
check 0.00010339123242349049 0.06280090123903044
checkbox 0.003515301902398677 0.0
child 0.0025847808105872623 0.21233263520999412
citations 0.0008271298593879239 0.0
cite 0.00041356492969396195 0.0
citethispage 0.00010339123242349049 0.0
citing 0.00020678246484698098 0.05358424613410626
citing_sources 0.00020678246484698098 0.0
clang 0.00031017369727047146 0.19105523676270922
class 0.02998345740281224 0.0
classification 0.00010339123242349049 0.0
classname 0.00031017369727047146 0.0
clear 0.00020678246484698098 0.11020314013361425
client 0.0006203473945409429 0.0
clion 0.00031017369727047146 0.19105523676270922
cluster 0.00020678246484698098 0.11020314013361425
cm 0.0007237386269644334 0.02643325706815543
cm5docs 0.00020678246484698098 0.0
code 0.0007237386269644334 0.0
codelite 0.00031017369727047146 0.19105523676270922
col 0.00010339123242349049 0.2340726218464
coll 0.00041356492969396195 0.0
collapse 0.00031017369727047146 0.0
collapsed 0.00041356492969396195 0.0
collapses 0.00010339123242349049 0.0
collapsible 0.0011373035566583955 0.0
collection 0.00010339123242349049 0.017544309650909525
color 0.0013440860215053765 0.3629054936893685
colspan 0.0010339123242349049 0.0
column 0.00031017369727047146 0.11020314013361425
columns 0.0005169561621174524 0.11020314013361425
com 0.00020678246484698098 0.0
commons 0.00041356492969396195 0.0
community 0.00010339123242349049 0.10054122922187746
community_portal 0.00010339123242349049 0.0
compact 0.00020678246484698098 0.0
compactlinks 0.00010339123242349049 0.0
compared 0.00010339123242349049 0.0
comparison 0.00031017369727047146 0.0
comparison_of_pascal_and_c 0.00010339123242349049 0.0
compatibility 0.00020678246484698098 0.11020314013361425
compatibility_of_c_and_c 0.00010339123242349049 0.0
compiler 0.0012406947890818859 0.0
compilers 0.00020678246484698098 0.044451762570833796
complications 0.00010339123242349049 0.0
computer 0.00031017369727047146 0.0
computing 0.00010339123242349049 0.008733679968754631
concurrent 0.00031017369727047146 0.008733679968754631
concurrent_programming_languages 0.00010339123242349049 0.0
conference 0.00010339123242349049 0.10054122922187746
config 0.00020678246484698098 0.0
confused 0.00010339123242349049 0.0
connection 0.0005169561621174524 0.11020314013361425
connection_machine 0.00020678246484698098 0.0
contact 0.00041356492969396195 0.0
contact_us 0.00020678246484698098 0.0
contactpage 0.00010339123242349049 0.0
container 0.0015508684863523574 0.14981227822866008
containing 0.00010339123242349049 0.008733679968754631
content 0.007237386269644334 0.0
contentinfo 0.00010339123242349049 0.0
contents 0.0013440860215053765 0.0
contentsub 0.00010339123242349049 0.0
context 0.00020678246484698098 0.017544309650909525
contribute 0.00010339123242349049 0.0
contributions 0.00010339123242349049 0.2340726218464
contributors 0.00020678246484698098 0.017544309650909525
controls 0.00031017369727047146 0.0
convergence 0.00020678246484698098 0.10054122922187746
convergence_ 0.00010339123242349049 0.0
conversion 0.00010339123242349049 0.0
cookie 0.0005169561621174524 0.0
cookie_statement 0.00010339123242349049 0.0
cookiestatement 0.00010339123242349049 0.0
copyright 0.00031017369727047146 0.0
copyrightico 0.00010339123242349049 0.0
corporation 0.00031017369727047146 0.035401927050916
count 0.00020678246484698098 0.0
counter 0.00041356492969396195 0.11020314013361425
cpu 0.00010339123242349049 0.0
cputime 0.00010339123242349049 0.0
create 0.00041356492969396195 0.0
createaccount 0.00041356492969396195 0.0
creative 0.00010339123242349049 0.0
creativecommons 0.00020678246484698098 0.0
crescent 0.00020678246484698098 1.2791962255635234
cross 0.00010339123242349049 0.0
crossorigin 0.00010339123242349049 0.0
crt 0.00010339123242349049 0.19105523676270922
cs 0.00010339123242349049 0.035401927050916
csail 0.00020678246484698098 0.20163734609324613
csrftoken 0.00010339123242349049 0.0
cstarprogrammingguide 0.00010339123242349049 0.0
ct 0.00020678246484698098 0.6844891178168307
current 0.00020678246484698098 0.08149303425118301
current_events 0.00010339123242349049 0.0
currentevents 0.00010339123242349049 0.0
cursor 0.00010339123242349049 0.5860490450035782
cx 0.00020678246484698098 0.0
cycle 0.00010339123242349049 0.8737311174553593
d 0.00031017369727047146 0.017544309650909525
d_ 0.00010339123242349049 0.0
data 0.005169561621174525 0.0
dataparallel 0.0006203473945409429 1.2791962255635234
date 0.00031017369727047146 0.02643325706815543
datemodified 0.00020678246484698098 0.0
datepublished 0.00020678246484698098 0.0
dbms 0.00010339123242349049 0.11020314013361425
dd 0.0016542597187758478 0.035401927050916
ddf 0.00010339123242349049 0.0
december 0.0006203473945409429 0.02643325706815543
decimal 0.00010339123242349049 0.11020314013361425
decoding 0.00020678246484698098 0.21233263520999412
decoration 0.00020678246484698098 0.0
deduplicate 0.0007237386269644334 0.0
deduplicated 0.00020678246484698098 0.0
delete 0.00010339123242349049 0.0721032939013439
depth 0.00031017369727047146 0.0
descendant 0.00010339123242349049 1.0560526742493137
description 0.0007237386269644334 0.0
design 0.00020678246484698098 0.035401927050916
designed 0.00010339123242349049 0.0
desktoparticletarget 0.00031017369727047146 0.0
detection 0.00010339123242349049 0.10054122922187746
developed 0.00010339123242349049 0.017544309650909525
developer 0.00031017369727047146 0.02643325706815543
developers 0.00020678246484698098 0.0
device 0.00010339123242349049 0.035401927050916
dietlibc 0.00031017369727047146 0.19105523676270922
different 0.00031017369727047146 0.0
dir 0.00031017369727047146 0.4682660093471948
directive 0.00010339123242349049 0.044451762570833796
directly 0.00010339123242349049 0.0
disabled 0.0011373035566583955 0.11020314013361425
discipline 0.00010339123242349049 0.06280090123903044
disclaimers 0.00020678246484698098 0.0
discuss 0.00020678246484698098 0.05358424613410626
discussion 0.00020678246484698098 0.26759531388504365
display 0.0011373035566583955 0.0
div 0.02098842018196857 0.0
dl 0.0010339123242349049 0.22314355131420976
dmy 0.00010339123242349049 0.08149303425118301
dns 0.00020678246484698098 0.540239508972284
doctype 0.00010339123242349049 0.0
document 0.00041356492969396195 0.09097177820572679
documentelement 0.00031017369727047146 0.0
domain 0.00010339123242349049 0.0
domains 0.00010339123242349049 0.11020314013361425
donate 0.00031017369727047146 0.0
donating 0.00010339123242349049 0.0
download 0.00041356492969396195 0.0
downloadable 0.00010339123242349049 0.3141153295199365
downloadaspdf 0.00010339123242349049 0.0
dropdown 0.0025847808105872623 0.0
dt 0.0016542597187758478 0.0
dtstart 0.00020678246484698098 0.0
dubbed 0.00010339123242349049 0.21233263520999412
dynamic 0.00020678246484698098 0.0
e 0.00031017369727047146 0.0
e6e6ff 0.00010339123242349049 0.0
echo 0.00010339123242349049 0.0
eclipse 0.00020678246484698098 0.11020314013361425
eclipse_ 0.00010339123242349049 0.0
ed 0.00020678246484698098 0.008733679968754631
edit 0.0024813895781637717 0.0
editable 0.00010339123242349049 0.49643688631389105
edited 0.00010339123242349049 0.0
editing 0.00010339123242349049 0.11020314013361425
editor 0.00020678246484698098 0.044451762570833796
editors 0.00020678246484698098 0.0
editpage 0.00010339123242349049 0.0
edits 0.00020678246484698098 0.0
editsection 0.0009305210918114144 0.0
edituri 0.00010339123242349049 0.0
eds 0.00010339123242349049 0.2340726218464
edu 0.00020678246484698098 0.06280090123903044
eee 0.00020678246484698098 0.0
eglibc 0.00010339123242349049 0.19105523676270922
element 0.0007237386269644334 0.0
elements 0.00010339123242349049 0.008733679968754631
ellipsis 0.00020678246484698098 0.2340726218464
elt 0.00041356492969396195 0.0
embedded 0.00031017369727047146 0.035401927050916
embedded_c 0.00010339123242349049 0.19105523676270922
embedded_c_ 0.00010339123242349049 0.0
embedded_glibc 0.00010339123242349049 0.0
emblems 0.00010339123242349049 1.2791962255635234
empty 0.0006203473945409429 0.008733679968754631
emptyportlet 0.00020678246484698098 0.0
en 0.0029983457402812243 0.0
enabled 0.0011373035566583955 0.008733679968754631
encouraged 0.00041356492969396195 1.5668782980153044
encyclopedia 0.00031017369727047146 0.0
end 0.00041356492969396195 0.0
english 0.00031017369727047146 0.0
entities 0.00010339123242349049 0.0
entity 0.00041356492969396195 0.0
entityaccesscount 0.00010339123242349049 0.0
entitypage 0.00020678246484698098 0.0
enwiki 0.00010339123242349049 0.0
enwikimwclientprefs 0.00010339123242349049 0.0
es6 0.00010339123242349049 0.0
esi 0.00020678246484698098 0.7195804376281008
esitest 0.00010339123242349049 0.0
et 0.00010339123242349049 0.008733679968754631
even 0.00041356492969396195 0.11020314013361425
event 0.0010339123242349049 0.0
eventlogging 0.00020678246484698098 0.0
events 0.00020678246484698098 0.11020314013361425
exact 0.00010339123242349049 0.0
executables 0.00010339123242349049 0.18058393689541388
executed 0.00041356492969396195 0.0
execution 0.00010339123242349049 0.0
exist 0.00010339123242349049 0.0721032939013439
exists 0.00010339123242349049 0.0
expand 0.00041356492969396195 0.0
expanded 0.00020678246484698098 0.0
expansion 0.00020678246484698098 0.0
expansiondepth 0.00010339123242349049 0.0
expensive 0.00010339123242349049 0.0
expensivefunctioncount 0.00010339123242349049 0.0
expiry 0.00020678246484698098 0.0
export 0.00010339123242349049 0.0
express 0.00020678246484698098 0.0
ext 0.0025847808105872623 0.0
extended 0.00010339123242349049 0.035401927050916
extension 0.00010339123242349049 0.008733679968754631
extensions 0.00010339123242349049 0.0
external 0.0007237386269644334 0.0
external_links 0.00010339123242349049 0.0
extra 0.00010339123242349049 0.0
f 0.00041356492969396195 0.0
f28500 0.00010339123242349049 0.0
f7f7f7 0.00010339123242349049 0.0
fa8a495983347898 0.00010339123242349049 0.0
fact 0.00010339123242349049 0.008733679968754631
fallbacksearchbutton 0.00010339123242349049 0.0
false 0.0012406947890818859 0.0
fashion 0.00010339123242349049 0.12981161152199053
favicon 0.00010339123242349049 0.0
fbfbfb 0.00010339123242349049 0.0
fc3 0.00010339123242349049 0.0
fdfdfd 0.00031017369727047146 0.0
feature 0.0021712158808933004 0.0
featurename 0.00031017369727047146 0.0
features 0.00010339123242349049 0.0
february 0.00010339123242349049 0.017544309650909525
fee7e6 0.00010339123242349049 0.0
feed 0.00020678246484698098 0.19105523676270922
festival 0.00031017369727047146 1.2791962255635234
file 0.0009305210918114144 0.0
file_upload_wizard 0.00020678246484698098 0.0
filename 0.00020678246484698098 0.12981161152199053
filename_extension 0.00010339123242349049 0.0
files 0.00031017369727047146 0.0
first 0.0014474772539288668 0.0
firstheading 0.00031017369727047146 0.0
flags 0.00010339123242349049 0.044451762570833796
float 0.00031017369727047146 0.06280090123903044
flush 0.0005169561621174524 0.0
font 0.0018610421836228288 0.14981227822866008
footer 0.002688172043010753 0.0
for 0.002274607113316791 0.0
form 0.00031017369727047146 0.0
format 0.00010339123242349049 0.035401927050916
fortran 0.00010339123242349049 0.035401927050916
foundation 0.0009305210918114144 0.0
free 0.00020678246484698098 0.0
from 0.0012406947890818859 0.0
front 0.00031017369727047146 0.19105523676270922
full 0.0006203473945409429 0.044451762570833796
fulltext 0.00010339123242349049 0.0
function 0.0006203473945409429 0.0
functions 0.00041356492969396195 0.0
fundraiserredirector 0.00010339123242349049 0.0
further 0.00010339123242349049 0.0
further_reading 0.00010339123242349049 0.0
g 0.00020678246484698098 0.0
gadget 0.00041356492969396195 0.0
gcc 0.00010339123242349049 0.19105523676270922
geany 0.00031017369727047146 0.19105523676270922
gehomepagesuggestededitsenabletopics 0.00010339123242349049 0.0
general 0.0007237386269644334 0.0
general_disclaimer 0.00010339123242349049 0.0
generator 0.00010339123242349049 0.0
geoip 0.00010339123242349049 0.0
glibc 0.00041356492969396195 0.19105523676270922
globalcssjs 0.00020678246484698098 0.0
gnome 0.00020678246484698098 0.19105523676270922
gnome_builder 0.00010339123242349049 0.0
gnu 0.00010339123242349049 0.02643325706815543
gnu_compiler_collection 0.00010339123242349049 0.0
go 0.0006203473945409429 0.0
go_ 0.00010339123242349049 0.0
googpub 0.00020678246484698098 0.0
goth 0.00031017369727047146 1.2791962255635234
goth_festival 0.00010339123242349049 0.0
greek 0.00020678246484698098 0.3141153295199365
group 0.0024813895781637717 0.05358424613410626
growthexperiments 0.00010339123242349049 0.0
guidance 0.00010339123242349049 0.2340726218464
guide 0.00010339123242349049 0.09097177820572679
guides 0.00010339123242349049 4.74493212836325
guy 0.00031017369727047146 0.08149303425118301
guy_l 0.00010339123242349049 0.0
h 0.00041356492969396195 0.035401927050916
h1 0.00020678246484698098 1.2484245668967697
h2 0.0006203473945409429 1.2484245668967697
h3 0.00020678246484698098 0.0
hack 0.0006203473945409429 0.0
handling 0.00020678246484698098 0.06280090123903044
has 0.00010339123242349049 0.0
haspopup 0.0005169561621174524 0.0
hatnote 0.0006203473945409429 0.0
head 0.00031017369727047146 0.0
header 0.0029983457402812243 0.0
heading 0.002377998345740281 0.0
headline 0.0005169561621174524 0.0
height 0.0015508684863523574 0.0
help 0.0010339123242349049 0.0
here 0.00010339123242349049 0.008733679968754631
hidden 0.0013440860215053765 0.0
hide 0.00041356492969396195 0.0
highest 0.00010339123242349049 0.0
history 0.0013440860215053765 0.0
hlist 0.0059966914805624485 0.0
hor 0.00020678246484698098 0.0
hosted 0.00010339123242349049 0.0721032939013439
how 0.0006203473945409429 0.0
however 0.00041356492969396195 0.0
href 0.02109181141439206 0.0
html 0.0005169561621174524 0.06280090123903044
http 0.0007237386269644334 0.017544309650909525
https 0.002274607113316791 0.0
hub 0.00010339123242349049 0.2451224580329849
hybris 0.00010339123242349049 0.0
hybris_ 0.00010339123242349049 0.0
i 0.0020678246484698098 0.0
icc 0.00010339123242349049 0.19105523676270922
ico 0.00010339123242349049 0.0
icon 0.003825475599669148 0.0
icons 0.00041356492969396195 0.0
id 0.012923904052936312 0.0
ides 0.00010339123242349049 0.0
idhash 0.00010339123242349049 0.0
if 0.00031017369727047146 0.0
ii 0.00010339123242349049 0.19105523676270922
image 0.0007237386269644334 0.0
imageobject 0.00020678246484698098 0.0
imageright 0.00010339123242349049 0.0
images 0.0012406947890818859 0.0
img 0.0008271298593879239 0.0
imperative 0.00020678246484698098 0.08149303425118301
imperative_programming 0.00010339123242349049 0.0
implement 0.00010339123242349049 0.05358424613410626
implementations 0.00010339123242349049 0.0
important 0.00010339123242349049 0.008733679968754631
improve 0.00010339123242349049 0.0
improvements 0.00010339123242349049 0.08149303425118301
in 0.0028949545078577337 0.0
inc 0.00031017369727047146 0.0
include 0.00031017369727047146 0.0
include_directive 0.00010339123242349049 0.0
includes 0.00010339123242349049 0.05358424613410626
increment 0.00010339123242349049 0.06280090123903044
index 0.002377998345740281 0.0
indicators 0.00010339123242349049 0.454472687214859
influenced 0.00031017369727047146 0.008733679968754631
info 0.0005169561621174524 0.044451762570833796
infobox 0.0037220843672456576 0.008733679968754631
infobox_programming_language 0.00020678246484698098 0.008733679968754631
infobox_software 0.00020678246484698098 0.017544309650909525
information 0.00031017369727047146 0.0
inherit 0.0005169561621174524 0.11020314013361425
init 0.00031017369727047146 0.0
inline 0.0011373035566583955 0.05358424613410626
inline_citations 0.00010339123242349049 0.0
inner 0.00041356492969396195 0.0
input 0.0013440860215053765 0.0
inside 0.00020678246484698098 0.0
instruction 0.00010339123242349049 0.0
intel 0.00010339123242349049 0.19105523676270922
intel_c 0.00010339123242349049 0.0
interaction 0.00031017369727047146 0.0
interface 0.00020678246484698098 0.0
interlanguage 0.0005169561621174524 0.0
international 0.00010339123242349049 0.08149303425118301
into 0.00010339123242349049 0.0
introducing 0.00010339123242349049 0.05358424613410626
introduction 0.00031017369727047146 0.11020314013361425
ip 0.00020678246484698098 0.3141153295199365
is 0.0011373035566583955 0.0
it 0.0008271298593879239 0.0
italic 0.00010339123242349049 0.3141153295199365
item 0.005376344086021506 0.0
items 0.00010339123242349049 0.0
its 0.00010339123242349049 0.0
j 0.00020678246484698098 0.0
january 0.00010339123242349049 0.0
john 0.00010339123242349049 0.08149303425118301
jquery 0.00031017369727047146 0.0
jr 0.00031017369727047146 0.19105523676270922
js 0.00031017369727047146 0.0
json 0.00020678246484698098 0.11995931507897897
july 0.00010339123242349049 0.008733679968754631
jump 0.00020678246484698098 0.0
june 0.00010339123242349049 0.017544309650909525
k 0.00020678246484698098 0.0
kartashev 0.00010339123242349049 1.2791962255635234
kdevelop 0.00031017369727047146 0.19105523676270922
key 0.00010339123242349049 0.0
kit 0.00010339123242349049 0.1599646496926782
klibc 0.00031017369727047146 0.19105523676270922
l 0.00041356492969396195 0.008733679968754631
label 0.005686517783291977 0.0
labelledby 0.00020678246484698098 0.0
lacking 0.0006203473945409429 0.008733679968754631
lacks 0.00010339123242349049 0.05358424613410626
landmark 0.00041356492969396195 0.0
lang 0.0015508684863523574 0.0
langlinks 0.00020678246484698098 0.0
language 0.003205128205128205 0.0
languages 0.0008271298593879239 0.0
last 0.0013440860215053765 0.0
lastmod 0.00010339123242349049 0.0
latest 0.00010339123242349049 0.0721032939013439
lazy 0.00020678246484698098 0.008733679968754631
lcc 0.00020678246484698098 0.19105523676270922
lcc_ 0.00010339123242349049 0.0
ld 0.00020678246484698098 0.7195804376281008
learn 0.0006203473945409429 0.0
left 0.002274607113316791 0.0
lester 0.00010339123242349049 1.2791962255635234
level 0.00041356492969396195 0.0
levels 0.00010339123242349049 0.0
li 0.029363110008271298 0.0
libhybris 0.00010339123242349049 0.19105523676270922
library 0.0005169561621174524 0.0
license 0.00041356492969396195 0.0
licenses 0.00020678246484698098 0.12981161152199053
life 0.00010339123242349049 0.02643325706815543
limbo 0.00020678246484698098 0.19105523676270922
limbo_ 0.00010339123242349049 0.0
limit 0.0011373035566583955 0.0
limited 0.00041356492969396195 0.008733679968754631
limitreport 0.00031017369727047146 0.0
line 0.00041356492969396195 0.008733679968754631
link 0.003618693134822167 0.08149303425118301
linked 0.00010339123242349049 0.0721032939013439
links 0.0018610421836228288 0.0
lisp 0.0006203473945409429 0.09097177820572679
list 0.009305210918114143 0.0
list_of_c_compilers 0.00010339123242349049 0.0
listbullet 0.00031017369727047146 0.0
listitem 0.00041356492969396195 0.0
load 0.00031017369727047146 0.0
loaded 0.00010339123242349049 0.0
loader 0.00010339123242349049 0.035401927050916
loading 0.00031017369727047146 0.0
loc 0.00010339123242349049 0.0
log 0.0007237386269644334 0.0
logged 0.00020678246484698098 0.0
login 0.0005169561621174524 0.3141153295199365
logo 0.0007237386269644334 0.0
lower 0.0006203473945409429 0.044451762570833796
ltr 0.0007237386269644334 0.0
lua 0.00020678246484698098 0.0
m 0.00020678246484698098 0.08149303425118301
machine 0.0005169561621174524 0.0
machines 0.0005169561621174524 0.10054122922187746
made 0.00010339123242349049 0.035401927050916
main 0.0025847808105872623 0.0
main_page 0.00020678246484698098 0.0
mainentity 0.00020678246484698098 0.0
mainpage 0.00010339123242349049 0.0
maintenance 0.00010339123242349049 0.008733679968754631
maintenance_template_removal 0.00010339123242349049 0.0
makecollapsible 0.00031017369727047146 0.0
manager 0.00010339123242349049 0.02643325706815543
mandatory 0.00041356492969396195 0.2340726218464
manifest 0.00020678246484698098 0.0
manifest_typing 0.00010339123242349049 0.0
manual 0.00010339123242349049 0.035401927050916
march 0.00010339123242349049 0.017544309650909525
margin 0.0024813895781637717 0.0
match 0.00010339123242349049 0.008733679968754631
math 0.00010339123242349049 0.19105523676270922
mathematical 0.00010339123242349049 0.08149303425118301
max 0.00020678246484698098 0.11020314013361425
may 0.00031017369727047146 0.0
mbox 0.0011373035566583955 0.0
media 0.00031017369727047146 0.11995931507897897
mediawiki 0.0008271298593879239 0.0
memory 0.00031017369727047146 0.0
memusage 0.00010339123242349049 0.0
menu 0.010235732009925558 0.0
message 0.00031017369727047146 0.0
meta 0.0012406947890818859 0.09097177820572679
metadata 0.00010339123242349049 0.0
microsoft 0.00031017369727047146 0.0
microsoft_visual_c 0.00010339123242349049 0.0
microsoft_visual_studio_express 0.00010339123242349049 0.0
microsoft_windows_library_files 0.00010339123242349049 0.0
min 0.00020678246484698098 0.11020314013361425
minerva 0.0008271298593879239 0.0
mini 0.00031017369727047146 0.20163734609324613
misra 0.00020678246484698098 0.19105523676270922
misra_c 0.00020678246484698098 0.0
mit 0.00020678246484698098 0.08149303425118301
mmv 0.00020678246484698098 0.0
mobile 0.00031017369727047146 0.0
mobileaction 0.00010339123242349049 0.0
mobileview 0.00010339123242349049 0.0
models 0.00010339123242349049 0.11020314013361425
module 0.00010339123242349049 0.044451762570833796
modules 0.00031017369727047146 0.0721032939013439
more 0.0015508684863523574 0.0
move 0.00020678246484698098 0.0
moved 0.00010339123242349049 0.0
ms 0.00010339123242349049 0.0
multi 0.00031017369727047146 0.10054122922187746
musl 0.00031017369727047146 0.19105523676270922
mw 0.035773366418527706 0.0
mw1351 0.00010339123242349049 0.12981161152199053
mw1369 0.00020678246484698098 0.017544309650909525
mycontributions 0.00010339123242349049 0.0
mytalk 0.00010339123242349049 0.0
n 0.0014474772539288668 0.08149303425118301
name 0.003205128205128205 0.0
namespaces 0.00010339123242349049 0.21233263520999412
native 0.00010339123242349049 0.0
nav 0.0014474772539288668 0.7018808605286999
navbar 0.0017576509511993384 0.20163734609324613
navbox 0.007961124896608768 0.0
navigation 0.0013440860215053765 0.0
navigationtiming 0.00010339123242349049 0.0
nearby 0.00010339123242349049 0.0
netbeans 0.00031017369727047146 0.19105523676270922
newlib 0.00031017369727047146 0.19105523676270922
newpp 0.00010339123242349049 0.0
no 0.00020678246484698098 0.0
no_footnotes 0.00041356492969396195 0.05358424613410626
node 0.00020678246484698098 0.0
noexcerpt 0.00010339123242349049 0.0
nofollow 0.0005169561621174524 0.0
noicon 0.0005169561621174524 0.0
nojs 0.00010339123242349049 0.0
nomobile 0.00010339123242349049 0.0
non 0.00010339123242349049 0.0
none 0.002688172043010753 0.21233263520999412
noprint 0.00041356492969396195 0.37548427589622857
norcroft 0.00020678246484698098 0.19105523676270922
norcroft_c_compiler 0.00010339123242349049 0.0
normal 0.0006203473945409429 0.008733679968754631
noscript 0.00041356492969396195 0.0
nosnippet 0.00010339123242349049 0.0
not 0.0006203473945409429 0.0
note 0.00010339123242349049 0.11020314013361425
notice 0.00010339123242349049 0.11020314013361425
november 0.00010339123242349049 0.0
noviewer 0.00010339123242349049 0.0
nowrap 0.00031017369727047146 0.035401927050916
nowraplinks 0.00010339123242349049 0.0
ns 0.00020678246484698098 0.19105523676270922
nstab 0.00010339123242349049 0.0
null 0.00010339123242349049 0.0
numb 0.00031017369727047146 0.0
number 0.00010339123242349049 0.0
nv 0.00031017369727047146 0.0
o 0.0005169561621174524 0.035401927050916
object 0.0010339123242349049 0.0
objective 0.00031017369727047146 0.19105523676270922
october 0.00010339123242349049 0.02643325706815543
odd 0.0005169561621174524 0.11995931507897897
of 0.003205128205128205 0.0
og 0.00020678246484698098 0.0
ol 0.0017576509511993384 0.0
oldid 0.00031017369727047146 0.0
on 0.0014474772539288668 0.0
only 0.0005169561621174524 0.0
opensearch_desc 0.00010339123242349049 0.0
opensearchdescription 0.00010339123242349049 0.0
operating 0.00010339123242349049 0.035401927050916
operating_system 0.00010339123242349049 0.540239508972284
operators 0.00020678246484698098 0.008733679968754631
operators_in_c_and_c 0.00010339123242349049 0.0
options 0.0005169561621174524 0.0
or 0.00031017369727047146 0.0
org 0.004859387923904053 0.0
organiser 0.00010339123242349049 0.0
organization 0.0005169561621174524 0.0
oriented 0.0007237386269644334 0.0
oriented_programming 0.00020678246484698098 0.2340726218464
origin 0.0005169561621174524 0.11020314013361425
os 0.00010339123242349049 0.02643325706815543
other 0.00031017369727047146 0.0
out 0.00020678246484698098 0.0
output 0.015095119933829611 0.008733679968754631
overflow 0.00031017369727047146 0.19105523676270922
p 0.004342431761786601 0.0
padding 0.0028949545078577337 0.0
padua 0.00010339123242349049 0.18058393689541388
page 0.004755996691480562 0.0
pagelanguagecode 0.00010339123242349049 0.0
pagelanguagedir 0.00010339123242349049 0.0
pages 0.0007237386269644334 0.0
pagetype 0.00020678246484698098 0.0
pagevariantfallbacks 0.00010339123242349049 0.0
panel 0.00041356492969396195 0.0
paradigm 0.00041356492969396195 0.017544309650909525
paradigm_programming_language 0.00010339123242349049 0.0
parallel 0.0015508684863523574 0.0
parallel_programming 0.00010339123242349049 0.0
parallelprogramming 0.00010339123242349049 0.0
paris 0.00020678246484698098 0.3629054936893685
parsed 0.00010339123242349049 0.0
parser 0.015095119933829611 0.0
partition 0.00010339123242349049 0.37548427589622857
pascal 0.00020678246484698098 0.044451762570833796
passed 0.00010339123242349049 0.0
past 0.00010339123242349049 0.14981227822866008
patroltoken 0.00010339123242349049 0.0
pcache 0.00010339123242349049 0.0
pcc 0.00010339123242349049 0.19105523676270922
pdf 0.00041356492969396195 0.0
people 0.00020678246484698098 0.02643325706815543
permalink 0.00010339123242349049 0.0
permanent 0.00020678246484698098 0.035401927050916
personal 0.0005169561621174524 0.0
php 0.0028949545078577337 0.0
pin 0.00020678246484698098 0.454472687214859
pinnable 0.0012406947890818859 0.0
pinned 0.0010339123242349049 0.0
placeholder 0.00010339123242349049 0.0
places 0.0009305210918114144 0.035401927050916
plainlinks 0.00020678246484698098 0.0
please 0.00010339123242349049 0.0
pm 0.00020678246484698098 0.044451762570833796
png 0.0016542597187758478 0.0
policy 0.00020678246484698098 0.0
popups 0.00010339123242349049 0.0
portable 0.00010339123242349049 0.0
portable_c_compiler 0.00010339123242349049 0.0
portal 0.00031017369727047146 0.06280090123903044
portlet 0.0028949545078577337 0.0
position 0.00010339123242349049 0.008733679968754631
posix 0.00020678246484698098 0.11020314013361425
post 0.00020678246484698098 0.0
postexpandincludesize 0.00010339123242349049 0.0
powered 0.00010339123242349049 1.1340142157190256
poweredby_mediawiki_132x47 0.00010339123242349049 0.0
poweredby_mediawiki_176x62 0.00010339123242349049 0.0
poweredby_mediawiki_88x31 0.00010339123242349049 0.0
poweredbyico 0.00010339123242349049 0.0
pp 0.00020678246484698098 0.044451762570833796
ppvisitednodes 0.00010339123242349049 0.0
precise 0.00010339123242349049 0.035401927050916
preconnect 0.00010339123242349049 0.0
prefetch 0.00020678246484698098 0.0
preprocessor 0.00031017369727047146 0.0
presentation 0.00010339123242349049 0.0
preview 0.00010339123242349049 0.14981227822866008
print 0.00020678246484698098 0.0
print_export 0.00031017369727047146 0.0
printable 0.00031017369727047146 0.14981227822866008
printfooter 0.00010339123242349049 0.0
privacy 0.00031017369727047146 0.0
privacy_policy 0.00020678246484698098 0.0
proceedings 0.00010339123242349049 0.10054122922187746
processing 0.00010339123242349049 0.035401927050916
profit 0.00010339123242349049 0.0
programming 0.002688172043010753 0.0
programming_language 0.0009305210918114144 0.008733679968754631
programming_paradigm 0.00010339123242349049 0.0
progressive 0.00031017369727047146 0.0
projects 0.00020678246484698098 0.06280090123903044
property 0.00020678246484698098 0.008733679968754631
propulsion 0.00010339123242349049 0.26759531388504365
protection 0.00010339123242349049 0.21233263520999412
pt 0.0006203473945409429 0.02643325706815543
published 0.00020678246484698098 0.044451762570833796
publisher 0.00031017369727047146 0.41419878807691896
publishing 0.00010339123242349049 0.1599646496926782
push 0.00031017369727047146 0.0
q 0.00020678246484698098 0.0
q5005842 0.0007237386269644334 1.2791962255635234
quick 0.00010339123242349049 0.0
quiet 0.0006203473945409429 0.0
r 0.00031017369727047146 0.0
r1011085734 0.00010339123242349049 0.0
r1033289096 0.00010339123242349049 0.0
r1061467846 0.00010339123242349049 0.0
r1063604349 0.00010339123242349049 0.0
r1066479718 0.00020678246484698098 0.0
r1097763485 0.00010339123242349049 0.0
r1129693374 0.00020678246484698098 0.0
random 0.00020678246484698098 0.21233263520999412
randomly 0.00010339123242349049 0.2340726218464
randompage 0.00010339123242349049 0.0
raw 0.00010339123242349049 0.11020314013361425
re 0.00020678246484698098 0.02643325706815543
read 0.00020678246484698098 0.11020314013361425
reading 0.00020678246484698098 0.0
ready 0.0017576509511993384 0.0
real 0.00010339123242349049 0.0
recent 0.00031017369727047146 0.0721032939013439
recentchanges 0.00031017369727047146 0.0
recentchangeslinked 0.00020678246484698098 0.0
recursion 0.00010339123242349049 0.0
redirect 0.0011373035566583955 0.02643325706815543
reduced 0.00010339123242349049 0.0
reference 0.00010339123242349049 0.035401927050916
references 0.0011373035566583955 0.0
referencetooltips 0.00010339123242349049 0.0
referencework 0.00010339123242349049 0.0
referrer 0.00031017369727047146 0.0
reflist 0.0013440860215053765 0.0
registered 0.00010339123242349049 0.0
rel 0.0024813895781637717 0.0
related 0.00031017369727047146 0.02643325706815543
release 0.00020678246484698098 0.02643325706815543
remain 0.00010339123242349049 0.05358424613410626
removal 0.00010339123242349049 0.14981227822866008
remove 0.00010339123242349049 0.0
rendering 0.00010339123242349049 0.0
replace 0.00010339123242349049 0.008733679968754631
report 0.00020678246484698098 0.0
require 0.00010339123242349049 0.0
reset 0.00010339123242349049 0.044451762570833796
resourceloaderdynamicstyles 0.00010339123242349049 0.0
resulting 0.00020678246484698098 0.0
retrieved 0.00010339123242349049 0.0
returnto 0.00041356492969396195 0.0
revision 0.00041356492969396195 0.0
revisions 0.00010339123242349049 0.6844891178168307
right 0.0006203473945409429 0.0
rl 0.00010339123242349049 0.0
rlconf 0.00010339123242349049 0.0
rlpagemodules 0.00010339123242349049 0.0
rlq 0.0006203473945409429 0.0
rlstate 0.00010339123242349049 0.0
robots 0.00010339123242349049 0.5108256237659907
rocket 0.00010339123242349049 1.2791962255635234
role 0.0017576509511993384 0.0
roman 0.00041356492969396195 0.37548427589622857
rootpage 0.00010339123242349049 0.0
rose 0.00010339123242349049 0.37548427589622857
row 0.0015508684863523574 0.11020314013361425
rsd 0.00020678246484698098 0.0
s 0.00041356492969396195 0.0
sa 0.00020678246484698098 0.0
sameas 0.00020678246484698098 0.0
saved 0.00010339123242349049 0.0
schema 0.00020678246484698098 0.02643325706815543
scope 0.0016542597187758478 0.0721032939013439
screen 0.00020678246484698098 0.044451762570833796
scribunto 0.00010339123242349049 0.044451762570833796
script 0.0014474772539288668 0.14981227822866008
scripts 0.00010339123242349049 0.10054122922187746
sdcc 0.00010339123242349049 0.19105523676270922
search 0.002791563275434243 0.0
searchable 0.00010339123242349049 0.0
searchaux 0.00010339123242349049 0.0
searchbutton 0.00041356492969396195 0.0
searchform 0.00010339123242349049 0.0
searchinput 0.00010339123242349049 0.0
second 0.00010339123242349049 0.0
seconds 0.00031017369727047146 0.0
section 0.0006203473945409429 0.008733679968754631
see 0.0006203473945409429 0.0
selected 0.00041356492969396195 0.008733679968754631
selection 0.00010339123242349049 0.0721032939013439
selector 0.00010339123242349049 0.0
semantics 0.00031017369727047146 0.08149303425118301
sentences 0.00010339123242349049 0.0
september 0.00010339123242349049 0.008733679968754631
serial 0.00020678246484698098 0.37548427589622857
set 0.00041356492969396195 0.0
shadow 0.00031017369727047146 0.26759531388504365
sharealike 0.00010339123242349049 0.0
sharealike_3 0.00010339123242349049 0.0
sharp 0.00010339123242349049 0.3141153295199365
short 0.0006203473945409429 0.0
short_description 0.00020678246484698098 0.0
short_description_is_different_from_wikidata 0.00010339123242349049 0.0
shortdescription 0.00010339123242349049 0.0
show 0.00031017369727047146 0.0
sidebar 0.0011373035566583955 0.0
simd 0.00010339123242349049 0.18058393689541388
simple 0.00020678246484698098 0.017544309650909525
simplesearch 0.00010339123242349049 0.0
simulation 0.00010339123242349049 0.18058393689541388
site 0.0006203473945409429 0.0
sitedir 0.00010339123242349049 0.0
sitelinks 0.00010339123242349049 0.0
sitenotice 0.00020678246484698098 0.0
sitesub 0.00010339123242349049 0.0
sitesupport 0.00010339123242349049 0.0
size 0.0015508684863523574 0.0
sizing 0.00020678246484698098 0.11020314013361425
skin 0.0014474772539288668 0.8131064956389242
skins 0.0006203473945409429 0.0
small 0.0006203473945409429 0.0
small_device_c_compiler 0.00010339123242349049 0.0
software 0.0009305210918114144 0.017544309650909525
software_design 0.00010339123242349049 0.0
software_developer 0.00010339123242349049 0.0
software_release_life_cycle 0.00010339123242349049 0.0
solid 0.0011373035566583955 0.19105523676270922
sources 0.00031017369727047146 0.0
space 0.00031017369727047146 0.0721032939013439
spacing 0.00031017369727047146 0.0
span 0.017059553349875932 0.044451762570833796
special 0.002274607113316791 0.0
specialpages 0.00020678246484698098 0.0
speedy 0.00010339123242349049 0.0
springer 0.00020678246484698098 0.18058393689541388
src 0.0010339123242349049 0.0
srcset 0.00041356492969396195 0.0
stable 0.00010339123242349049 0.017544309650909525
standard 0.0006203473945409429 0.0
star 0.0005169561621174524 0.26759531388504365
star_and_crescent 0.00010339123242349049 0.0
star_cluster 0.00010339123242349049 0.0
start 0.00020678246484698098 0.0721032939013439
startup 0.00020678246484698098 0.0
statement 0.00020678246484698098 0.0
static 0.0014474772539288668 0.0
statistics 0.00010339123242349049 0.0
stats 0.00010339123242349049 0.0
statslink 0.00010339123242349049 0.0
status 0.00010339123242349049 0.0
stdarg 0.00020678246484698098 0.0
steele 0.00031017369727047146 0.19105523676270922
sticky 0.00020678246484698098 0.0
stopmobileredirecttoggle 0.00010339123242349049 0.0
string 0.00041356492969396195 0.0
structured 0.00010339123242349049 0.035401927050916
studio 0.0005169561621174524 0.0
style 0.0073407775020678245 0.0
styles 0.0012406947890818859 0.0
stylesheet 0.00020678246484698098 0.0
subbox 0.00010339123242349049 0.0
subgroup 0.0005169561621174524 0.0
subheader 0.00010339123242349049 0.0
subject 0.00010339123242349049 0.10054122922187746
sublist 0.00041356492969396195 0.0
submit 0.00020678246484698098 0.0
subroutine 0.00020678246484698098 0.11020314013361425
subsection 0.00010339123242349049 0.0
subtitle 0.00010339123242349049 0.0
suggestededitsession 0.00010339123242349049 0.0
summary 0.00010339123242349049 0.14981227822866008
supercomputing 0.00010339123242349049 1.2791962255635234
superset 0.00031017369727047146 0.008733679968754631
support 0.00010339123242349049 0.0
svg 0.0014474772539288668 0.0
switcher 0.00010339123242349049 0.0
symbol_category_class 0.0006203473945409429 0.0
symbols 0.00010339123242349049 0.035401927050916
synchronous 0.00031017369727047146 0.05358424613410626
syntax 0.00020678246484698098 0.0
system 0.00041356492969396195 0.0
t 0.0012406947890818859 0.02643325706815543
tab 0.0005169561621174524 0.19105523676270922
tabindex 0.00020678246484698098 0.0
table 0.0011373035566583955 0.0
tabs 0.00020678246484698098 4.051784947803305
tagline 0.00031017369727047146 0.0
tags 0.00010339123242349049 0.0
talk 0.0006203473945409429 0.05358424613410626
target 0.00010339123242349049 0.0
targetloader 0.00010339123242349049 0.0
tb 0.00031017369727047146 0.0
tbody 0.0006203473945409429 0.0
tcc 0.00010339123242349049 0.19105523676270922
td 0.005583126550868486 0.0
telephone 0.00010339123242349049 0.48225225132193467
template 0.0029983457402812243 0.0
template_talk 0.00010339123242349049 0.0
templateargumentsize 0.00010339123242349049 0.0
templatestyles 0.0009305210918114144 0.0
term 0.00010339123242349049 0.008733679968754631
terms 0.00020678246484698098 0.0
terms_of_use 0.00010339123242349049 0.0
text 0.003618693134822167 0.0
text_citations 0.00010339123242349049 0.0
text_citations_from_december_2017 0.00010339123242349049 0.0
text_document_with_red_question_mark 0.0006203473945409429 0.0
text_of_the_creative_commons_attribution 0.00010339123242349049 0.0
th 0.0037220843672456576 1.8545603704670854
the 0.004342431761786601 0.0
thinking 0.0005169561621174524 0.5108256237659907
thinking_machines_corporation 0.00010339123242349049 0.0
this 0.0029983457402812243 0.0
thumb 0.0006203473945409429 0.0
thumbnail 0.00010339123242349049 0.0
time 0.0007237386269644334 0.0
timestamp 0.00020678246484698098 0.0
timeusage 0.00010339123242349049 0.0
timingprofile 0.00010339123242349049 0.0
tiny 0.00010339123242349049 1.3109449238781037
tiny_c_compiler 0.00010339123242349049 0.0
title 0.02129859387923904 0.0
titlebar 0.0008271298593879239 0.0
titleform 0.00010339123242349049 0.0
to 0.003205128205128205 0.0
toc 0.00641025641025641 0.0
toggle 0.0011373035566583955 0.0
toggle_view_mobile 0.00010339123242349049 0.0
tokens 0.00010339123242349049 3.6463198396951406
toolbar 0.00031017369727047146 0.0
tools 0.0009305210918114144 0.0
top 0.0010339123242349049 0.0
total 0.00020678246484698098 0.0
touch 0.00020678246484698098 2.4423470353692043
tr 0.00620347394540943 0.08149303425118301
trademark 0.00010339123242349049 0.0
transclusion 0.00010339123242349049 0.0
transientcontent 0.00010339123242349049 0.0
translated 0.00010339123242349049 0.0
transparent 0.0006203473945409429 0.11020314013361425
triggered 0.00010339123242349049 0.0
true 0.002274607113316791 0.0
ttl 0.00010339123242349049 0.0
turbo 0.00020678246484698098 0.19105523676270922
type 0.003928866832092638 0.0
type_system 0.00020678246484698098 0.06280090123903044
types 0.00020678246484698098 0.0
typing 0.00031017369727047146 0.008733679968754631
u 0.00020678246484698098 0.035401927050916
uclibc 0.00031017369727047146 0.19105523676270922
ui 0.005789909015715467 0.0
ul 0.00816790736145575 0.0
uls 0.0006203473945409429 0.0
unclear 0.00010339123242349049 0.05358424613410626
under 0.00010339123242349049 0.0
unified 0.00020678246484698098 0.10054122922187746
unified_parallel_c 0.00010339123242349049 0.0
unimplemented 0.00010339123242349049 1.2791962255635234
unpin 0.00020678246484698098 0.0
unpinned 0.00020678246484698098 0.0
unstrip 0.00041356492969396195 0.0
updated 0.00020678246484698098 0.08149303425118301
upload 0.0012406947890818859 0.14981227822866008
upper 0.00041356492969396195 0.11020314013361425
url 0.00041356492969396195 0.0721032939013439
us 0.00020678246484698098 0.02643325706815543
usage 0.00041356492969396195 0.0
use 0.00031017369727047146 0.0
used 0.00010339123242349049 0.0
uselang 0.00010339123242349049 0.0
user 0.0028949545078577337 0.0
useradd 0.00020678246484698098 0.0
userlogin 0.00020678246484698098 0.0
using 0.00010339123242349049 0.0
utc 0.00010339123242349049 0.0
utf 0.00010339123242349049 0.21233263520999412
utm_campaign 0.00010339123242349049 0.0
utm_medium 0.00010339123242349049 0.0
utm_source 0.00010339123242349049 0.0
v 0.00010339123242349049 0.044451762570833796
vala 0.00020678246484698098 0.19105523676270922
vala_ 0.00010339123242349049 0.0
value 0.0013440860215053765 0.0
var 0.00020678246484698098 0.11020314013361425
variadic 0.00010339123242349049 0.06280090123903044
variant 0.00020678246484698098 0.0
variants 0.0006203473945409429 0.0
ve 0.00010339123242349049 0.25629575863111026
vector 0.02357320099255583 0.0
velocity 0.00020678246484698098 0.6505875661411494
version 0.00041356492969396195 0.0
vevent 0.00010339123242349049 0.0
view 0.0011373035566583955 0.0
viewport 0.00010339123242349049 0.0
views 0.00031017369727047146 0.02643325706815543
visit 0.00020678246484698098 0.0
visited 0.00010339123242349049 0.0
visual 0.0006203473945409429 0.0
visual_studio 0.00020678246484698098 0.0
visualeditor 0.00041356492969396195 0.0
vol 0.00010339123242349049 0.0721032939013439
vue 0.00020678246484698098 0.11995931507897897
w 0.0028949545078577337 0.0
walltime 0.00010339123242349049 0.0
was 0.0006203473945409429 0.0
watchlist 0.00010339123242349049 0.0
watchtoken 0.00010339123242349049 0.0
watcom 0.00020678246484698098 0.19105523676270922
watcom_c 0.00010339123242349049 0.0
wb 0.00020678246484698098 0.0
wbc 0.00010339123242349049 0.0
weak 0.00020678246484698098 0.044451762570833796
weak_typing 0.00010339123242349049 0.0
web 0.00031017369727047146 0.0
website 0.00010339123242349049 0.0
weight 0.00041356492969396195 0.7195804376281008
were 0.00010339123242349049 0.02643325706815543
wgaction 0.00010339123242349049 0.0
wgarticleid 0.00010339123242349049 0.0
wgbackendresponsetime 0.00010339123242349049 0.0
wgbreakframes 0.00010339123242349049 0.0
wgcanonicalnamespace 0.00010339123242349049 0.0
wgcanonicalspecialpagename 0.00010339123242349049 0.0
wgcategories 0.00010339123242349049 0.0
wgcentralauthmobiledomain 0.00010339123242349049 0.0
wgcspnonce 0.00010339123242349049 0.0
wgcurrevisionid 0.00010339123242349049 0.0
wgdefaultdateformat 0.00010339123242349049 0.0
wgdigittransformtable 0.00010339123242349049 0.0
wgeditsubmitbuttonlabelpublish 0.00010339123242349049 0.0
wgflaggedrevsparams 0.00010339123242349049 0.0
wggestructuredtaskrejectionreasontextinputenabled 0.00010339123242349049 0.0
wggetopicsmatchmodeenabled 0.00010339123242349049 0.0
wghostname 0.00010339123242349049 0.0
wgisarticle 0.00010339123242349049 0.0
wgisprobablyeditable 0.00010339123242349049 0.0
wgisredirect 0.00010339123242349049 0.0
wgmediaviewerenabledbydefault 0.00010339123242349049 0.0
wgmediavieweronclick 0.00010339123242349049 0.0
wgmfdisplaywikibasedescriptions 0.00010339123242349049 0.0
wgmonthnames 0.00010339123242349049 0.0
wgnamespacenumber 0.00010339123242349049 0.0
wgnoticeproject 0.00010339123242349049 0.0
wgpagecontentlanguage 0.00010339123242349049 0.0
wgpagecontentmodel 0.00010339123242349049 0.0
wgpagename 0.00010339123242349049 0.0
wgpageparsereport 0.00010339123242349049 0.0
wgpopupsflags 0.00010339123242349049 0.0
wgrelevantarticleid 0.00010339123242349049 0.0
wgrelevantpageisprobablyeditable 0.00010339123242349049 0.0
wgrelevantpagename 0.00010339123242349049 0.0
wgrequestid 0.00010339123242349049 0.0
wgrestrictionedit 0.00010339123242349049 0.0
wgrestrictionmove 0.00010339123242349049 0.0
wgrevisionid 0.00010339123242349049 0.0
wgseparatortransformtable 0.00010339123242349049 0.0
wgtitle 0.00010339123242349049 0.0
wgulscurrentautonym 0.00010339123242349049 0.0
wgulsiscompactlinksenabled 0.00010339123242349049 0.0
wgulsislanguageselectorempty 0.00010339123242349049 0.0
wgulsposition 0.00010339123242349049 0.0
wgusergroups 0.00010339123242349049 0.0
wgusername 0.00010339123242349049 0.0
wgvector2022previewpages 0.00010339123242349049 0.0
wgvisualeditor 0.00010339123242349049 0.0
wgwikibaseitemid 0.00010339123242349049 0.0
wgwmepagelength 0.00010339123242349049 0.0
wgwmeschemaeditattemptstepoversample 0.00010339123242349049 0.0
what 0.00010339123242349049 0.0
whatlinkshere 0.00020678246484698098 0.0
when 0.0006203473945409429 0.0
when_to_cite 0.00010339123242349049 0.0
whereas 0.00010339123242349049 0.11020314013361425
white 0.00031017369727047146 0.0721032939013439
width 0.004549214226633582 0.0
wiki 0.016439205955334987 0.0
wikibase 0.00041356492969396195 0.0
wikidata 0.0011373035566583955 0.0
wikimedia 0.0037220843672456576 0.0
wikimediabadges 0.00020678246484698098 0.0
wikimediaevents 0.00010339123242349049 0.0
wikimediafoundation 0.00020678246484698098 0.0
wikipedia 0.007650951199338296 0.0
wikiproject 0.00010339123242349049 0.540239508972284
wikiproject_fact_and_reference_check 0.00010339123242349049 0.0
wikitext 0.00010339123242349049 0.0
window 0.00031017369727047146 0.11020314013361425
windows 0.00020678246484698098 0.0
with 0.0021712158808933004 0.0
wmf 0.00031017369727047146 0.0
word 0.00020678246484698098 0.044451762570833796
wordmark 0.00020678246484698098 0.0
works 0.00010339123242349049 0.11020314013361425
world 0.00010339123242349049 0.0
wpformidentifier 0.00010339123242349049 0.0
www 0.0011373035566583955 0.0
x 0.0005169561621174524 0.0
xml 0.00031017369727047146 0.14981227822866008
y 0.00020678246484698098 0.008733679968754631
yes 0.00010339123242349049 0.7936884097818228
you 0.0005169561621174524 0.0
z 0.00020678246484698098 0.11020314013361425
