0 0.009992372234935164 0.0
00 0.00015255530129672007 0.0
000 0.00015255530129672007 0.0
01 0.00015255530129672007 0.008733679968754631
01z 0.00015255530129672007 0.0
039 0.00030511060259344014 0.22314355131420976
04 0.00015255530129672007 0.017544309650909525
072 0.00015255530129672007 0.0721032939013439
09 0.00015255530129672007 0.09097177820572679
0_unported_license 7.627765064836003e-05 0.0
1 0.005949656750572082 0.0
10 0.00030511060259344014 0.0
100 0.002517162471395881 0.0
1000 7.627765064836003e-05 0.0
1000000 0.00015255530129672007 0.0
107 7.627765064836003e-05 0.08149303425118301
1087 0.00015255530129672007 0.7018808605286999
10px 0.0005339435545385202 0.0
1135726646 0.0005339435545385202 0.7018808605286999
114 0.00030511060259344014 0.2340726218464
115 7.627765064836003e-05 0.08149303425118301
117 7.627765064836003e-05 0.0
12 0.00015255530129672007 0.008733679968754631
123 0.00015255530129672007 0.12981161152199053
125em 0.00038138825324180017 0.0
129 0.00015255530129672007 0.11995931507897897
12s5i 7.627765064836003e-05 0.0
13 0.0004576659038901602 0.0
13281075 0.0002288329519450801 0.7018808605286999
135px 7.627765064836003e-05 0.0
14 7.627765064836003e-05 0.008733679968754631
148 0.00015255530129672007 0.02643325706815543
149 0.00015255530129672007 0.14981227822866008
15 0.00015255530129672007 0.0
15t19 0.00015255530129672007 0.0
16 0.00015255530129672007 0.0
160 0.00015255530129672007 0.2340726218464
16px 7.627765064836003e-05 0.0
16z 0.00015255530129672007 0.0
180 7.627765064836003e-05 0.2340726218464
180px 7.627765064836003e-05 0.0
1814400 0.00015255530129672007 0.0
184 7.627765064836003e-05 0.2340726218464
185 7.627765064836003e-05 0.10054122922187746
1958 7.627765064836003e-05 0.2340726218464
1977 7.627765064836003e-05 0.08149303425118301
1983 7.627765064836003e-05 0.044451762570833796
1986 7.627765064836003e-05 0.02643325706815543
1988 7.627765064836003e-05 0.02643325706815543
1991 0.00015255530129672007 0.02643325706815543
1em 0.00030511060259344014 0.0
1px 0.0005339435545385202 0.0
1x1 7.627765064836003e-05 0.0
2 0.0018306636155606408 0.0
20 0.00030511060259344014 0.0
2007 0.00015255530129672007 0.008733679968754631
2009 0.0004576659038901602 0.0
2022 0.00038138825324180017 0.0
2023 0.0002288329519450801 0.0
20230314105233 7.627765064836003e-05 0.7018808605286999
20230314105234 0.00015255530129672007 0.7018808605286999
2097152 0.00030511060259344014 0.0
234 0.00015255530129672007 0.0
2365 7.627765064836003e-05 0.0
238px 7.627765064836003e-05 0.0
239 7.627765064836003e-05 0.26759531388504365
23px 0.00015255530129672007 0.0
24 0.00015255530129672007 0.008733679968754631
250 0.00015255530129672007 0.3260915205666521
25em 0.001983218916857361 0.0
26 0.00015255530129672007 0.0
26t13 0.00015255530129672007 0.0
270 0.00015255530129672007 0.7018808605286999
27312 0.00015255530129672007 0.7018808605286999
2762920 0.00015255530129672007 0.7018808605286999
2817 7.627765064836003e-05 0.0
29abd93ef8e7 7.627765064836003e-05 0.7018808605286999
2b 0.0009916094584286805 0.8531118302526235
2cicon 7.627765064836003e-05 0.0
2cstyles 7.627765064836003e-05 0.0
2cwikimediabadges 7.627765064836003e-05 0.0
2fal 0.0004576659038901602 0.0
2px 0.0005339435545385202 0.0
2x 0.0005339435545385202 0.0
3 0.0012967200610221204 0.0
3000 7.627765064836003e-05 0.3504829736908114
30em 7.627765064836003e-05 0.0
31 0.0002288329519450801 0.008733679968754631
3125em 7.627765064836003e-05 0.0
31260210 7.627765064836003e-05 0.7018808605286999
31px 7.627765064836003e-05 0.0
325 0.00015255530129672007 0.1599646496926782
365 0.00015255530129672007 0.26759531388504365
36c 7.627765064836003e-05 0.0
38 0.00015255530129672007 0.035401927050916
39 0.0006864988558352403 0.035401927050916
3cols 7.627765064836003e-05 0.0
3em 7.627765064836003e-05 0.0
3px 0.0002288329519450801 0.0
4 0.00038138825324180017 0.0
40 0.0004576659038901602 0.017544309650909525
400 0.00015255530129672007 0.0
40px 0.00015255530129672007 0.0
411 0.00015255530129672007 0.7018808605286999
42 0.00015255530129672007 0.017544309650909525
43 0.00015255530129672007 0.008733679968754631
48 0.00030511060259344014 0.008733679968754631
49 0.00015255530129672007 0.008733679968754631
4b98 7.627765064836003e-05 0.7018808605286999
4em 0.0002288329519450801 0.0
4fd70242 7.627765064836003e-05 0.7018808605286999
4px 0.00015255530129672007 0.0
5 0.0002288329519450801 0.0
50 0.00015255530129672007 0.0
500 0.00015255530129672007 0.0
5000000 0.00015255530129672007 0.0
503 0.00015255530129672007 0.7018808605286999
523 0.00015255530129672007 0.09097177820572679
52428800 0.00015255530129672007 0.0
52px 7.627765064836003e-05 0.0
56 0.00015255530129672007 0.02643325706815543
573 0.00015255530129672007 0.3382128810989969
59 0.00015255530129672007 0.044451762570833796
5em 0.0007627765064836003 0.0
5x 0.0005339435545385202 0.11020314013361425
6 0.0005339435545385202 0.0
60px 0.00015255530129672007 0.0
63024 0.00015255530129672007 0.7018808605286999
647 0.00015255530129672007 0.21233263520999412
65 0.00015255530129672007 0.02643325706815543
679 0.00015255530129672007 0.7018808605286999
68 0.00015255530129672007 0.044451762570833796
6em 7.627765064836003e-05 0.0
7 0.0005339435545385202 0.0
70 0.00015255530129672007 0.044451762570833796
720px 0.00015255530129672007 0.0
74 0.00015255530129672007 0.008733679968754631
75em 7.627765064836003e-05 0.0
779 0.00015255530129672007 0.2905848321097423
7cext 0.0002288329519450801 0.0
7cjquery 7.627765064836003e-05 0.0
7cmediawiki 7.627765064836003e-05 0.0
7cskins 7.627765064836003e-05 0.0
7cwikibase 7.627765064836003e-05 0.0
7em 7.627765064836003e-05 0.0
8 0.00038138825324180017 0.008733679968754631
80 0.0002288329519450801 0.0
80px 0.00015255530129672007 0.0
8125em 7.627765064836003e-05 0.0
82 0.0002288329519450801 0.017544309650909525
88 0.0005339435545385202 0.035401927050916
8d88 7.627765064836003e-05 0.7018808605286999
9 0.0004576659038901602 0.0
90 0.00015255530129672007 0.0
90px 7.627765064836003e-05 0.0
91 7.627765064836003e-05 0.035401927050916
93 7.627765064836003e-05 0.13976194237515863
96 0.0002288329519450801 0.0
98 0.00038138825324180017 0.017544309650909525
982 0.00015255530129672007 0.7018808605286999
9932cc 7.627765064836003e-05 0.0
_ 7.627765064836003e-05 0.044451762570833796
_flavors_and_implementations 7.627765064836003e-05 0.0
a 0.0490465293668955 0.0
a0 0.00015255530129672007 0.3504829736908114
a2a9b1 0.0002288329519450801 0.0
a4 0.0002288329519450801 0.0
abbr 0.0015255530129672007 0.0
about 0.0006864988558352403 0.0
aboutsite 7.627765064836003e-05 0.0
above 7.627765064836003e-05 0.008733679968754631
abovebelow 0.0004576659038901602 0.0
absolute 0.00015255530129672007 0.035401927050916
access 0.00030511060259344014 0.0
access_database_engine 7.627765064836003e-05 0.0
accesskey 0.0014492753623188406 0.0
account 0.00030511060259344014 0.0
achieved 7.627765064836003e-05 0.2340726218464
ack 7.627765064836003e-05 0.19105523676270922
across 7.627765064836003e-05 0.0
action 0.0021357742181540807 0.0
actions 7.627765064836003e-05 0.0
active 0.00015255530129672007 0.017544309650909525
active_setup 7.627765064836003e-05 0.0
ada 0.00015255530129672007 0.035401927050916
ada_ 7.627765064836003e-05 3.6463198396951406
add 7.627765064836003e-05 0.0
additional 7.627765064836003e-05 0.0
address 0.00015255530129672007 0.0
ado 0.0002288329519450801 0.0
af32 7.627765064836003e-05 0.7018808605286999
after 0.0013729977116704805 0.02643325706815543
agree 7.627765064836003e-05 0.0
ajax 0.00015255530129672007 0.0
al 0.0040427154843630814 0.008733679968754631
al_ 7.627765064836003e-05 0.0
alert 0.00030511060259344014 0.11995931507897897
algol 0.0002288329519450801 0.044451762570833796
align 0.0007627765064836003 0.0721032939013439
all 0.0006102212051868803 0.0
all_articles_lacking_in 7.627765064836003e-05 0.0
all_stub_articles 7.627765064836003e-05 0.0
alpha 0.00030511060259344014 0.14981227822866008
also 0.0002288329519450801 0.0
alt 0.0007627765064836003 0.0
alternate 0.0002288329519450801 0.14981227822866008
ambox 0.002364607170099161 0.0
amp 0.0042715484363081615 0.18058393689541388
amsterdam 7.627765064836003e-05 0.08149303425118301
amsterdam_compiler_kit 7.627765064836003e-05 0.0
an 0.0002288329519450801 0.0
analysis 0.00015255530129672007 0.11995931507897897
and 0.002059496567505721 0.0
anguage 7.627765064836003e-05 0.0
anon 0.00015255530129672007 0.0
anoncontribs 7.627765064836003e-05 0.0
anontalk 7.627765064836003e-05 0.0
anonymous 7.627765064836003e-05 0.12981161152199053
another 7.627765064836003e-05 0.0
api 0.0004576659038901602 0.14981227822866008
apis 7.627765064836003e-05 0.18058393689541388
app 0.00030511060259344014 0.14981227822866008
apple 0.00030511060259344014 0.13976194237515863
apple_pascal 7.627765064836003e-05 0.0
application 0.0005339435545385202 0.0
applications 0.0002288329519450801 0.0
apply 7.627765064836003e-05 0.0
april 7.627765064836003e-05 0.0
are 0.00038138825324180017 0.0
argument 7.627765064836003e-05 0.0
aria 0.002364607170099161 0.0
article 0.0007627765064836003 0.0
articles 0.0009916094584286805 0.0
articles_lacking_in 7.627765064836003e-05 0.0
articles_with_short_description 7.627765064836003e-05 0.0
as 0.00038138825324180017 0.0
asbox 0.0006864988558352403 0.05358424613410626
asp 0.0011441647597254005 0.0
aspx 7.627765064836003e-05 0.0
assembler 0.00015255530129672007 0.0
assistant 7.627765064836003e-05 0.26759531388504365
associated 0.00015255530129672007 0.035401927050916
assumed 7.627765064836003e-05 0.19105523676270922
async 0.00038138825324180017 0.37548427589622857
at 0.00015255530129672007 0.0
atom 0.0002288329519450801 0.11995931507897897
attain 7.627765064836003e-05 0.7018808605286999
attribution 7.627765064836003e-05 0.0
august 7.627765064836003e-05 0.035401927050916
author 0.00015255530129672007 0.02643325706815543
auto 0.00030511060259344014 0.035401927050916
autocapitalize 7.627765064836003e-05 0.0
autocollapse 0.00015255530129672007 0.0
autostart 7.627765064836003e-05 0.0
available 0.00015255530129672007 0.0
avoid 0.00015255530129672007 0.19105523676270922
ax 0.00015255530129672007 0.7018808605286999
azure 7.627765064836003e-05 0.02643325706815543
azure_devops_server 7.627765064836003e-05 0.0
b 0.0018306636155606408 0.017544309650909525
b32424 0.00015255530129672007 0.0
background 0.0014492753623188406 0.2340726218464
backlink 7.627765064836003e-05 0.0
badge 7.627765064836003e-05 0.0
based 7.627765064836003e-05 0.0
basic 0.0009916094584286805 0.0
be 0.00015255530129672007 0.0
because 7.627765064836003e-05 0.0
been 7.627765064836003e-05 0.008733679968754631
before 0.0011441647597254005 0.017544309650909525
begin 7.627765064836003e-05 0.08149303425118301
below 7.627765064836003e-05 0.0
blaise 7.627765064836003e-05 0.0
blaise_pascal_versailles 0.0005339435545385202 0.0
blend 0.00015255530129672007 0.0
block 0.00015255530129672007 0.044451762570833796
blocked 0.00015255530129672007 0.2340726218464
body 0.0013729977116704805 0.11995931507897897
bodycontent 0.00015255530129672007 0.0
bold 7.627765064836003e-05 0.21233263520999412
books 7.627765064836003e-05 0.0
bootstrap 7.627765064836003e-05 0.0
border 0.002669717772692601 0.7936884097818228
bosque 0.00015255530129672007 0.7018808605286999
bosque_ 7.627765064836003e-05 0.0
both 7.627765064836003e-05 0.008733679968754631
bottom 0.00030511060259344014 0.12981161152199053
box 0.0016781083142639206 0.0
boxtext 7.627765064836003e-05 0.0
br 0.0002288329519450801 0.0
bracket 0.0010678871090770404 0.3141153295199365
brackets 0.00015255530129672007 0.11995931507897897
break 0.00015255530129672007 0.19105523676270922
browsing 7.627765064836003e-05 0.27902400970866637
btn 0.0004576659038901602 0.0
business 0.00030511060259344014 0.08149303425118301
business_intelligence_development_studio 7.627765064836003e-05 0.0
but 0.00015255530129672007 0.0
button 0.002593440122044241 0.0
buttons 7.627765064836003e-05 0.0
by 0.0009916094584286805 0.0
bytes 0.00030511060259344014 0.0
c 0.0062547673531655225 0.0
c13_en 7.627765064836003e-05 0.0
c_al 0.00015255530129672007 0.0
c_sharp_ 7.627765064836003e-05 1.0560526742493137
ca 0.0006102212051868803 0.035401927050916
cache 0.00015255530129672007 0.0
cached 7.627765064836003e-05 0.0
cachereport 7.627765064836003e-05 0.0
cactions 0.0004576659038901602 0.0
cal 0.00015255530129672007 0.7018808605286999
cal_ 7.627765064836003e-05 0.0
calls 7.627765064836003e-05 0.0
campaigns 7.627765064836003e-05 0.0
can 7.627765064836003e-05 0.0
canonical 0.00015255530129672007 0.0
cantonese 7.627765064836003e-05 0.0
caps 7.627765064836003e-05 0.0
caption 0.00015255530129672007 0.0
cardspace 0.00015255530129672007 0.7018808605286999
categories 0.00015255530129672007 0.0
category 0.001983218916857361 0.0
catlinks 0.0004576659038901602 0.0
cats 7.627765064836003e-05 0.0
ccf 7.627765064836003e-05 1.0560526742493137
cell 7.627765064836003e-05 0.21233263520999412
center 0.0004576659038901602 0.02643325706815543
central 0.00015255530129672007 0.11020314013361425
centralauth 0.00015255530129672007 0.0
centralautologin 0.00015255530129672007 0.0
centralnotice 0.0002288329519450801 0.0
change 7.627765064836003e-05 0.0
changes 0.00030511060259344014 0.02643325706815543
charinsert 7.627765064836003e-05 0.0
charset 7.627765064836003e-05 0.0
checkbox 0.002593440122044241 0.0
child 0.0019069412662090007 0.21233263520999412
citations 0.0006102212051868803 0.0
cite 0.0006102212051868803 0.0
cite_note 0.00015255530129672007 0.0
cite_ref 0.00015255530129672007 0.0
citethispage 7.627765064836003e-05 0.0
citing 0.00015255530129672007 0.05358424613410626
citing_sources 0.00015255530129672007 0.0
clascal 0.0002288329519450801 0.7018808605286999
class 0.03737604881769641 0.0
classic 0.0002288329519450801 0.0721032939013439
classname 0.0002288329519450801 0.0
clear 0.00015255530129672007 0.11020314013361425
cli 0.0002288329519450801 0.0
clickonce 0.0002288329519450801 0.0
client 0.0005339435545385202 0.0
clr 0.00015255530129672007 0.0
clr_profiler 7.627765064836003e-05 0.0
clx 7.627765064836003e-05 0.26759531388504365
code 0.00030511060259344014 0.0
codeview 0.0002288329519450801 0.7018808605286999
col 0.00015255530129672007 0.2340726218464
coll 0.00030511060259344014 0.0
collapse 0.0002288329519450801 0.0
collapsed 0.0002288329519450801 0.0
collapses 7.627765064836003e-05 0.0
collapsible 0.0009153318077803204 0.0
color 0.0009916094584286805 0.3629054936893685
colspan 0.0005339435545385202 0.0
column 0.0002288329519450801 0.11020314013361425
columns 0.00038138825324180017 0.11020314013361425
com 0.00015255530129672007 0.0
commons 0.0007627765064836003 0.0
communication 0.00015255530129672007 0.0
community 7.627765064836003e-05 0.10054122922187746
community_portal 7.627765064836003e-05 0.0
compact 0.00030511060259344014 0.0
compactlinks 7.627765064836003e-05 0.0
comparison 0.00030511060259344014 0.0
comparison_of_pascal_and_c 7.627765064836003e-05 0.0
comparison_of_pascal_and_delphi 7.627765064836003e-05 0.0
compiler 0.0004576659038901602 0.0
compilers 7.627765064836003e-05 0.044451762570833796
compilers_and_interpreters 7.627765064836003e-05 0.0
complications 7.627765064836003e-05 0.0
component 0.0005339435545385202 0.0
component_library_for_cross_platform 7.627765064836003e-05 0.0
component_pascal 7.627765064836003e-05 0.49643688631389105
compu 0.0005339435545385202 0.05358424613410626
computer 0.00038138825324180017 0.0
computer_programming 7.627765064836003e-05 1.4127276181880462
computer_programming_stubs 7.627765064836003e-05 0.0
concurrent 0.00015255530129672007 0.008733679968754631
concurrent_pascal 7.627765064836003e-05 0.8737311174553593
config 0.00015255530129672007 0.0
confused 7.627765064836003e-05 0.0
console 7.627765064836003e-05 0.0
contact 0.00030511060259344014 0.0
contact_us 0.00015255530129672007 0.0
contactpage 7.627765064836003e-05 0.0
container 0.0011441647597254005 0.14981227822866008
containing 7.627765064836003e-05 0.008733679968754631
content 0.005568268497330282 0.0
contentinfo 7.627765064836003e-05 0.0
contents 0.0009916094584286805 0.0
contentsub 7.627765064836003e-05 0.0
context 0.00015255530129672007 0.017544309650909525
contribute 7.627765064836003e-05 0.0
contributions 7.627765064836003e-05 0.2340726218464
contributors 0.00015255530129672007 0.017544309650909525
control 0.00015255530129672007 0.0
controls 0.0002288329519450801 0.0
conversion 7.627765064836003e-05 0.0
cookie 0.00038138825324180017 0.0
cookie_statement 7.627765064836003e-05 0.0
cookiestatement 7.627765064836003e-05 0.0
copyright 0.0002288329519450801 0.0
copyrightico 7.627765064836003e-05 0.0
core 0.00015255530129672007 0.0
corresponding 7.627765064836003e-05 0.0
count 0.00015255530129672007 0.0
counter 0.00030511060259344014 0.11020314013361425
cpu 7.627765064836003e-05 0.0
cputime 7.627765064836003e-05 0.0
create 0.00030511060259344014 0.0
createaccount 0.00030511060259344014 0.0
creative 7.627765064836003e-05 0.0
creativecommons 0.00015255530129672007 0.0
cross 0.00015255530129672007 0.0
crossorigin 7.627765064836003e-05 0.0
csrftoken 7.627765064836003e-05 0.0
ct 0.00015255530129672007 0.6844891178168307
current 0.0002288329519450801 0.08149303425118301
current_events 7.627765064836003e-05 0.0
currentevents 7.627765064836003e-05 0.0
cursor 7.627765064836003e-05 0.5860490450035782
cx 0.00038138825324180017 0.0
d 7.627765064836003e-05 0.017544309650909525
dafny 0.0002288329519450801 0.7018808605286999
data 0.003966437833714722 0.0
database 0.00038138825324180017 0.02643325706815543
date 0.00015255530129672007 0.02643325706815543
datemodified 0.00015255530129672007 0.0
datepublished 0.00015255530129672007 0.0
david 7.627765064836003e-05 0.017544309650909525
dd 0.002288329519450801 0.035401927050916
ddf 7.627765064836003e-05 0.0
de 0.00030511060259344014 0.017544309650909525
debugger 0.00015255530129672007 0.044451762570833796
debugging 7.627765064836003e-05 0.035401927050916
december 0.00038138825324180017 0.02643325706815543
decimal 7.627765064836003e-05 0.11020314013361425
declaration 7.627765064836003e-05 0.008733679968754631
decoding 0.00030511060259344014 0.21233263520999412
decoration 0.00015255530129672007 0.0
deduplicate 0.0006864988558352403 0.0
deduplicated 0.0005339435545385202 0.0
defined 0.00015255530129672007 0.0
delete 7.627765064836003e-05 0.0721032939013439
delivery 7.627765064836003e-05 0.26759531388504365
delphi 0.00038138825324180017 0.19105523676270922
delphi_ 7.627765064836003e-05 0.0
depth 0.0002288329519450801 0.0
description 0.0006102212051868803 0.0
design 7.627765064836003e-05 0.035401927050916
designed 7.627765064836003e-05 0.0
designer 0.00015255530129672007 0.19105523676270922
desktoparticletarget 0.0002288329519450801 0.0
detection 7.627765064836003e-05 0.10054122922187746
deutsch 7.627765064836003e-05 0.0
developer 0.00038138825324180017 0.02643325706815543
developers 0.00015255530129672007 0.0
development 0.0007627765064836003 0.017544309650909525
device 0.00015255530129672007 0.035401927050916
device_driver 7.627765064836003e-05 0.0
devops 7.627765064836003e-05 0.02643325706815543
dexterity 0.00015255530129672007 0.7018808605286999
dexterity_ 7.627765064836003e-05 0.0
dialects 0.00015255530129672007 0.08149303425118301
dialog 7.627765064836003e-05 0.20163734609324613
dir 0.0004576659038901602 0.4682660093471948
directx 0.00038138825324180017 0.21233263520999412
disabled 0.0008390541571319603 0.11020314013361425
disclaimers 0.00015255530129672007 0.0
discontinued 7.627765064836003e-05 0.09097177820572679
discuss 0.00030511060259344014 0.05358424613410626
discussion 0.00015255530129672007 0.26759531388504365
display 0.0006864988558352403 0.0
div 0.020366132723112128 0.0
dl 0.0009153318077803204 0.22314355131420976
dmy 7.627765064836003e-05 0.08149303425118301
dns 0.00015255530129672007 0.540239508972284
doctype 7.627765064836003e-05 0.0
document 0.00030511060259344014 0.09097177820572679
documentelement 0.0002288329519450801 0.0
does 0.0002288329519450801 0.0
donate 0.0002288329519450801 0.0
donating 7.627765064836003e-05 0.0
download 0.00030511060259344014 0.0
downloadaspdf 7.627765064836003e-05 0.0
driver 0.0004576659038901602 0.21233263520999412
drivers 7.627765064836003e-05 0.044451762570833796
dropdown 0.0019069412662090007 0.0
dt 0.0013729977116704805 0.0
dutch 7.627765064836003e-05 0.13976194237515863
dynamic 0.00015255530129672007 0.0
dynamics 0.0011441647597254005 0.7018808605286999
e 0.0004576659038901602 0.0
e6e6ff 7.627765064836003e-05 0.0
echo 7.627765064836003e-05 0.0
edit 0.0036613272311212816 0.0
editable 7.627765064836003e-05 0.49643688631389105
edited 7.627765064836003e-05 0.0
editing 7.627765064836003e-05 0.11020314013361425
edition 7.627765064836003e-05 0.044451762570833796
editor 0.0002288329519450801 0.044451762570833796
editors 0.00015255530129672007 0.0
editpage 7.627765064836003e-05 0.0
edits 0.00015255530129672007 0.0
editsection 0.0016018306636155606 0.0
edituri 7.627765064836003e-05 0.0
eee 7.627765064836003e-05 0.0
element 0.0005339435545385202 0.0
ellipsis 0.00015255530129672007 0.2340726218464
elt 0.00030511060259344014 0.0
empty 0.0004576659038901602 0.008733679968754631
emptyportlet 0.00015255530129672007 0.0
en 0.002517162471395881 0.0
enabled 0.0008390541571319603 0.008733679968754631
encouraged 0.00030511060259344014 1.5668782980153044
encyclopedia 0.00015255530129672007 0.0
end 0.00015255530129672007 0.0
engine 0.00030511060259344014 0.02643325706815543
english 0.0002288329519450801 0.0
enhancements 7.627765064836003e-05 0.0
entities 7.627765064836003e-05 0.0
entity 0.0004576659038901602 0.0
entity_framework 7.627765064836003e-05 0.0
entityaccesscount 7.627765064836003e-05 0.0
entitypage 0.00015255530129672007 0.0
environment 7.627765064836003e-05 0.0
environments 7.627765064836003e-05 0.0
enwiki 7.627765064836003e-05 0.0
enwikimwclientprefs 7.627765064836003e-05 0.0
erp 7.627765064836003e-05 0.11020314013361425
err 0.0007627765064836003 0.0
erver 7.627765064836003e-05 0.0
es6 7.627765064836003e-05 0.0
esi 0.00015255530129672007 0.7195804376281008
esitest 7.627765064836003e-05 0.0
evelopment 7.627765064836003e-05 0.0
even 0.0006864988558352403 0.11020314013361425
event 0.0007627765064836003 0.0
eventlogging 0.00015255530129672007 0.0
events 0.00015255530129672007 0.11020314013361425
exact 7.627765064836003e-05 0.0
example 0.0002288329519450801 0.0
examples 0.0006864988558352403 0.008733679968754631
exist 0.00015255530129672007 0.0721032939013439
exists 7.627765064836003e-05 0.0
expand 0.00030511060259344014 0.0
expanded 0.00030511060259344014 0.0
expanding 7.627765064836003e-05 0.05358424613410626
expansion 0.00015255530129672007 0.0
expansiondepth 7.627765064836003e-05 0.0
expensive 7.627765064836003e-05 0.0
expensivefunctioncount 7.627765064836003e-05 0.0
expiry 0.00015255530129672007 0.0
export 7.627765064836003e-05 0.0
express 0.00030511060259344014 0.0
expression 0.00015255530129672007 0.008733679968754631
ext 0.0021357742181540807 0.0
extensible 0.0002288329519450801 0.0
extensible_application_markup_language 7.627765064836003e-05 0.0
extensible_storage_engine 7.627765064836003e-05 0.0
extensions 7.627765064836003e-05 0.0
external 0.0006864988558352403 0.0
external_links 0.00030511060259344014 0.0
extra 7.627765064836003e-05 0.0
f 0.0006864988558352403 0.0
f28500 7.627765064836003e-05 0.0
f7f7f7 7.627765064836003e-05 0.0
f_sharp_ 7.627765064836003e-05 0.0
fa8a495983347898 7.627765064836003e-05 0.0
fallbacksearchbutton 7.627765064836003e-05 0.0
false 0.0009916094584286805 0.0
family 0.0004576659038901602 0.008733679968754631
favicon 7.627765064836003e-05 0.0
fbfbfb 7.627765064836003e-05 0.0
fc3 7.627765064836003e-05 0.0
fcl 7.627765064836003e-05 0.0
fdfdfd 0.0002288329519450801 0.0
feature 0.0016018306636155606 0.0
featurename 0.0002288329519450801 0.0
february 7.627765064836003e-05 0.017544309650909525
fee7e6 7.627765064836003e-05 0.0
feed 0.00015255530129672007 0.19105523676270922
few 7.627765064836003e-05 0.06280090123903044
file 0.0009916094584286805 0.0
file_upload_wizard 0.00015255530129672007 0.0
files 7.627765064836003e-05 0.0
filtering 0.0002288329519450801 0.11020314013361425
filtering_and_retrieving_record 0.00030511060259344014 0.7018808605286999
findlast 7.627765064836003e-05 0.7018808605286999
findset 7.627765064836003e-05 0.7018808605286999
firemonkey 0.0002288329519450801 0.7018808605286999
first 0.0009916094584286805 0.0
firstheading 0.0002288329519450801 0.0
float 0.0002288329519450801 0.06280090123903044
flush 0.00038138825324180017 0.0
font 0.0021357742181540807 0.14981227822866008
footer 0.001983218916857361 0.0
for 0.0014492753623188406 0.0
form 0.0002288329519450801 0.0
format 7.627765064836003e-05 0.035401927050916
formerly 7.627765064836003e-05 0.0
forms 0.00015255530129672007 0.0
foundation 0.0013729977116704805 0.0
foxpro 0.00030511060259344014 0.27902400970866637
framework 0.00030511060259344014 0.0
frameworks 0.00015255530129672007 0.0
free 0.0004576659038901602 0.0
free_component_library 7.627765064836003e-05 0.0
free_pascal 7.627765064836003e-05 0.0
free_pascal_runtime_library 7.627765064836003e-05 0.0
from 0.0006864988558352403 0.0
fromitem 7.627765064836003e-05 0.7018808605286999
frontpage 0.00015255530129672007 0.7018808605286999
full 0.00030511060259344014 0.044451762570833796
fulltext 7.627765064836003e-05 0.0
function 0.0004576659038901602 0.0
fundraiserredirector 7.627765064836003e-05 0.0
fx 0.00015255530129672007 0.21233263520999412
fxcop 0.0002288329519450801 0.7018808605286999
g 0.00015255530129672007 0.0
gadget 0.00030511060259344014 0.0
gehomepagesuggestededitsenabletopics 7.627765064836003e-05 0.0
general 7.627765064836003e-05 0.0
general_disclaimer 7.627765064836003e-05 0.0
generator 0.0002288329519450801 0.0
geoip 7.627765064836003e-05 0.0
german 7.627765064836003e-05 0.017544309650909525
get 7.627765064836003e-05 0.008733679968754631
globalcssjs 0.00015255530129672007 0.0
gnu 0.00015255530129672007 0.02643325706815543
gnu_pascal 7.627765064836003e-05 0.0
go 0.00038138825324180017 0.0
google 7.627765064836003e-05 0.10054122922187746
googpub 0.00015255530129672007 0.0
greek 0.00015255530129672007 0.3141153295199365
group 0.003966437833714722 0.05358424613410626
growthexperiments 7.627765064836003e-05 0.0
guidance 7.627765064836003e-05 0.2340726218464
guides 7.627765064836003e-05 4.74493212836325
gw 0.0002288329519450801 0.41419878807691896
h 0.00015255530129672007 0.035401927050916
h1 0.00015255530129672007 1.2484245668967697
h2 0.0007627765064836003 1.2484245668967697
h3 0.0004576659038901602 0.0
hack 0.0004576659038901602 0.0
hardware 7.627765064836003e-05 0.035401927050916
has 0.00015255530129672007 0.0
haspopup 0.00038138825324180017 0.0
hatnote 0.0004576659038901602 0.0
have 7.627765064836003e-05 0.008733679968754631
head 0.0002288329519450801 0.0
header 0.002059496567505721 0.0
heading 0.0017543859649122807 0.0
headline 0.0006864988558352403 0.0
height 0.0014492753623188406 0.0
hello 0.0004576659038901602 0.0
hello_world 0.00030511060259344014 0.017544309650909525
hello_world_program 7.627765064836003e-05 0.0
help 0.0008390541571319603 0.0
here 7.627765064836003e-05 0.008733679968754631
hidden 0.0010678871090770404 0.0
hide 0.00030511060259344014 0.0
highest 7.627765064836003e-05 0.0
highlight 0.0004576659038901602 3.1354942159291497
history 0.0006102212051868803 0.0
history_of_delphi_ 7.627765064836003e-05 0.0
hlist 0.005110602593440122 0.0
hlk 7.627765064836003e-05 0.7018808605286999
hor 0.00015255530129672007 0.0
hosted 7.627765064836003e-05 0.0721032939013439
how 0.0004576659038901602 0.0
however 0.00030511060259344014 0.0
href 0.02517162471395881 0.0
hreflang 0.0002288329519450801 0.0
html 0.00038138825324180017 0.06280090123903044
http 0.00038138825324180017 0.017544309650909525
https 0.002059496567505721 0.0
hub 7.627765064836003e-05 0.2451224580329849
i 0.0006102212051868803 0.0
ico 7.627765064836003e-05 0.0
icon 0.002898550724637681 0.0
icons 0.00030511060259344014 0.0
id 0.010602593440122043 0.0
identity 0.00015255530129672007 0.0
idhash 7.627765064836003e-05 0.0
if 0.00038138825324180017 0.0
ilasm 0.0002288329519450801 0.0
image 0.0009153318077803204 0.0
imageobject 0.00015255530129672007 0.0
imageright 7.627765064836003e-05 0.0
images 0.0009153318077803204 0.0
img 0.0007627765064836003 0.0
imperative 0.00015255530129672007 0.08149303425118301
imperative_programming 7.627765064836003e-05 0.0
implement 7.627765064836003e-05 0.05358424613410626
important 7.627765064836003e-05 0.008733679968754631
improve 7.627765064836003e-05 0.0
improvements 7.627765064836003e-05 0.08149303425118301
in 0.0021357742181540807 0.0
inc 0.0002288329519450801 0.0
include 0.00015255530129672007 0.0
includes 7.627765064836003e-05 0.05358424613410626
including 7.627765064836003e-05 0.008733679968754631
increment 7.627765064836003e-05 0.06280090123903044
index 0.002440884820747521 0.0
indicators 7.627765064836003e-05 0.454472687214859
individual 7.627765064836003e-05 0.017544309650909525
influenced 7.627765064836003e-05 0.008733679968754631
info 0.00038138825324180017 0.044451762570833796
infobox 0.0017543859649122807 0.008733679968754631
infobox_programming_language 0.00015255530129672007 0.008733679968754631
information 0.0002288329519450801 0.0
inherit 0.0004576659038901602 0.11020314013361425
init 0.0002288329519450801 0.0
inline 0.0012204424103737605 0.05358424613410626
inline_citations 7.627765064836003e-05 0.0
inner 0.00038138825324180017 0.0
input 0.0009153318077803204 0.0
inserting 7.627765064836003e-05 0.27902400970866637
inside 0.00015255530129672007 0.0
installer 0.0004576659038901602 0.09097177820572679
integrated 0.00015255530129672007 0.0
integration 0.00015255530129672007 0.008733679968754631
intelligence 0.00015255530129672007 0.20163734609324613
interaction 0.0002288329519450801 0.0
interface 0.0002288329519450801 0.0
interlanguage 0.0008390541571319603 0.0
interwiki 0.0002288329519450801 0.0
introducing 7.627765064836003e-05 0.05358424613410626
introduction 0.0002288329519450801 0.11020314013361425
ip 0.00030511060259344014 0.3141153295199365
ip_pascal 7.627765064836003e-05 0.0
ironpython 0.0002288329519450801 0.0
ironruby 0.0002288329519450801 0.0
is 0.0009916094584286805 0.0
it 0.0007627765064836003 0.0
italic 0.00015255530129672007 0.3141153295199365
item 0.005797101449275362 0.0
items 7.627765064836003e-05 0.0
j 0.0004576659038901602 0.0
january 0.00015255530129672007 0.0
java 0.00015255530129672007 0.0
java_ 7.627765064836003e-05 0.0
javascript 0.0002288329519450801 0.11995931507897897
joyce 0.00015255530129672007 0.7018808605286999
joyce_ 7.627765064836003e-05 0.0
jpg 0.0006102212051868803 0.40112670650956617
jquery 0.0002288329519450801 0.0
jrt 0.00015255530129672007 0.7018808605286999
jrt_pascal 7.627765064836003e-05 0.0
js 0.0002288329519450801 0.0
jscript 0.0002288329519450801 0.0
json 0.00015255530129672007 0.11995931507897897
july 7.627765064836003e-05 0.008733679968754631
jump 0.00015255530129672007 0.0
june 7.627765064836003e-05 0.017544309650909525
k 0.0011441647597254005 0.0
kernel 0.00015255530129672007 0.11020314013361425
key 7.627765064836003e-05 0.0
kit 0.00038138825324180017 0.1599646496926782
kmdf 7.627765064836003e-05 0.7018808605286999
known 7.627765064836003e-05 0.0
l 7.627765064836003e-05 0.008733679968754631
lab 7.627765064836003e-05 0.17022114985986725
label 0.0038138825324180014 0.0
labelledby 0.0002288329519450801 0.0
lacking 0.0004576659038901602 0.008733679968754631
lacks 7.627765064836003e-05 0.05358424613410626
landmark 0.00030511060259344014 0.0
lang 0.0016018306636155606 0.0
langlinks 0.00015255530129672007 0.0
language 0.0036613272311212816 0.0
language_integrated_query 7.627765064836003e-05 0.0
languages 0.0007627765064836003 0.0
last 0.0009916094584286805 0.0
lastmod 7.627765064836003e-05 0.0
lazarus 0.0002288329519450801 0.19105523676270922
lazarus_ 7.627765064836003e-05 0.0
lazarus_component_library 7.627765064836003e-05 0.0
lazy 0.00015255530129672007 0.008733679968754631
lcl 7.627765064836003e-05 0.11020314013361425
ld 0.00015255530129672007 0.7195804376281008
lean 0.00015255530129672007 0.7018808605286999
lean_ 7.627765064836003e-05 0.0
learn 0.0004576659038901602 0.0
left 0.0016781083142639206 0.0
legacy 7.627765064836003e-05 0.14981227822866008
level 0.0006102212051868803 0.0
levels 7.627765064836003e-05 0.0
li 0.03966437833714721 0.0
library 0.0007627765064836003 0.0
license 0.00030511060259344014 0.0
licenses 0.00015255530129672007 0.12981161152199053
lient 0.00015255530129672007 0.0
limit 0.0008390541571319603 0.0
limited 0.00030511060259344014 0.008733679968754631
limitreport 0.0002288329519450801 0.0
line 0.00030511060259344014 0.008733679968754631
lines 7.627765064836003e-05 0.044451762570833796
link 0.0036613272311212816 0.08149303425118301
linked 7.627765064836003e-05 0.0721032939013439
links 0.0014492753623188406 0.0
linq 7.627765064836003e-05 0.0
list 0.009916094584286803 0.0
listbullet 0.0002288329519450801 0.0
listitem 0.00030511060259344014 0.0
load 0.0002288329519450801 0.0
loaded 7.627765064836003e-05 0.0
loader 7.627765064836003e-05 0.035401927050916
loading 0.0002288329519450801 0.0
loc 7.627765064836003e-05 0.0
log 0.0005339435545385202 0.0
logged 0.00015255530129672007 0.0
login 0.00038138825324180017 0.3141153295199365
logo 0.0005339435545385202 0.0
looping 0.00030511060259344014 0.11995931507897897
looping_and_data_manipulation 0.00030511060259344014 0.7018808605286999
lower 0.0004576659038901602 0.044451762570833796
lt 7.627765064836003e-05 0.20163734609324613
ltr 0.0009916094584286805 0.0
lua 0.00015255530129672007 0.0
m 0.00015255530129672007 0.08149303425118301
macro 0.00030511060259344014 0.017544309650909525
made 0.00015255530129672007 0.035401927050916
main 0.0019069412662090007 0.0
main_page 0.00015255530129672007 0.0
mainentity 0.00015255530129672007 0.0
mainpage 7.627765064836003e-05 0.0
maintenance 7.627765064836003e-05 0.008733679968754631
maintenance_template_removal 7.627765064836003e-05 0.0
makecollapsible 0.0002288329519450801 0.0
managed 0.00030511060259344014 0.0
managed_directx 7.627765064836003e-05 0.0
managed_extensions_for_c 7.627765064836003e-05 0.0
management 0.00015255530129672007 0.0
manager 0.00015255530129672007 0.02643325706815543
mandatory 0.00030511060259344014 0.2340726218464
manipulation 0.0002288329519450801 0.0
march 7.627765064836003e-05 0.017544309650909525
margin 0.001983218916857361 0.0
markup 7.627765064836003e-05 0.0
match 7.627765064836003e-05 0.008733679968754631
matches 0.0002288329519450801 0.08149303425118301
maui 0.00015255530129672007 0.7018808605286999
max 0.00015255530129672007 0.11020314013361425
may 0.00015255530129672007 0.0
mbox 0.0008390541571319603 0.0
media 0.0002288329519450801 0.11995931507897897
mediawiki 0.0006864988558352403 0.0
memory 7.627765064836003e-05 0.0
memusage 7.627765064836003e-05 0.0
menu 0.007627765064836003 0.0
message 0.00038138825324180017 0.0
meta 0.0009916094584286805 0.09097177820572679
metadata 0.00015255530129672007 0.0
mi 0.0002288329519450801 0.11020314013361425
michael 0.00015255530129672007 0.008733679968754631
micro 0.00015255530129672007 0.0
microcomputer 0.0002288329519450801 0.3141153295199365
microengine 0.00015255530129672007 0.7018808605286999
microsoft 0.004118993135011442 0.0
microsoft_access 7.627765064836003e-05 0.0
microsoft_analysis_services 7.627765064836003e-05 0.0
microsoft_basic 7.627765064836003e-05 0.0
microsoft_blend 7.627765064836003e-05 0.0
microsoft_development_tools 0.0004576659038901602 0.0
microsoft_dynamics 7.627765064836003e-05 0.0
microsoft_dynamics_365_business_central 7.627765064836003e-05 0.0
microsoft_dynamics_ax 7.627765064836003e-05 0.0
microsoft_dynamics_nav 0.0002288329519450801 0.0
microsoft_expression_web 7.627765064836003e-05 0.0
microsoft_frontpage 7.627765064836003e-05 0.0
microsoft_macro 7.627765064836003e-05 0.0
microsoft_macro_assembler 7.627765064836003e-05 0.0
microsoft_pascal 0.00015255530129672007 0.0
microsoft_power_fx 7.627765064836003e-05 0.0
microsoft_programming_languages 7.627765064836003e-05 0.0
microsoft_robotics_developer_studio 7.627765064836003e-05 0.0
microsoft_script_debugger 7.627765064836003e-05 0.0
microsoft_sharepoint_designer 7.627765064836003e-05 0.0
microsoft_silverlight 7.627765064836003e-05 0.0
microsoft_small_basic 0.00015255530129672007 0.0
microsoft_sql_server 7.627765064836003e-05 0.0
microsoft_store 7.627765064836003e-05 0.0
microsoft_visual_c 7.627765064836003e-05 0.0
microsoft_visual_programming_language 7.627765064836003e-05 0.0
microsoft_visual_sourcesafe 7.627765064836003e-05 0.0
microsoft_visual_studio 7.627765064836003e-05 0.0
microsoft_visual_studio_express 7.627765064836003e-05 0.0
microsoft_webmatrix 7.627765064836003e-05 0.0
microsoft_windows_sdk 7.627765064836003e-05 0.0
microsoft_xna 7.627765064836003e-05 0.0
midletpascal 0.0002288329519450801 0.7018808605286999
min 0.00015255530129672007 0.11020314013361425
minerva 0.0006102212051868803 0.0
mini 0.00038138825324180017 0.20163734609324613
mmv 0.00015255530129672007 0.0
mobile 0.0002288329519450801 0.0
mobileaction 7.627765064836003e-05 0.0
mobileview 7.627765064836003e-05 0.0
mode 0.00015255530129672007 0.11020314013361425
mode_driver_framework 0.00015255530129672007 0.0
model 7.627765064836003e-05 0.0
modify 7.627765064836003e-05 0.11020314013361425
modifyall 7.627765064836003e-05 0.7018808605286999
modifying 0.00015255530129672007 0.2340726218464
modula 0.0004576659038901602 0.06280090123903044
module 7.627765064836003e-05 0.044451762570833796
modules 0.0002288329519450801 0.0721032939013439
more 0.0011441647597254005 0.0
more_footnotes 0.00030511060259344014 0.2451224580329849
move 0.00015255530129672007 0.0
moved 7.627765064836003e-05 0.0
ms 7.627765064836003e-05 0.0
msbuild 0.0002288329519450801 0.27902400970866637
msde 0.0002288329519450801 0.7018808605286999
mt 0.0002288329519450801 0.7018808605286999
mvc 0.00015255530129672007 0.0
mw 0.03028222730739893 0.0
mw1364 0.00015255530129672007 0.7018808605286999
mw1481 7.627765064836003e-05 0.0
mycontributions 7.627765064836003e-05 0.0
mytalk 7.627765064836003e-05 0.0
n 0.0036613272311212816 0.08149303425118301
name 0.002440884820747521 0.0
namespaces 7.627765064836003e-05 0.21233263520999412
native 0.0002288329519450801 0.0
native_image_generator 7.627765064836003e-05 0.0
nav 0.0016781083142639206 0.7018808605286999
navbar 0.0016781083142639206 0.20163734609324613
navbox 0.010831426392067125 0.0
navigation 0.0010678871090770404 0.0
navigationtiming 7.627765064836003e-05 0.0
navision 0.00015255530129672007 0.7018808605286999
nearby 7.627765064836003e-05 0.0
nederlands 7.627765064836003e-05 0.0
net 0.0019069412662090007 0.0
net_ajax 7.627765064836003e-05 0.0
net_core 7.627765064836003e-05 0.0
net_dynamic_data 7.627765064836003e-05 0.0
net_maui 7.627765064836003e-05 0.0
net_mvc 7.627765064836003e-05 0.0
net_razor 7.627765064836003e-05 0.0
net_web_forms 7.627765064836003e-05 0.0
new 0.00015255530129672007 0.0
newpp 7.627765064836003e-05 0.0
next 7.627765064836003e-05 0.008733679968754631
nielsen 0.00015255530129672007 0.7018808605286999
nl 0.00030511060259344014 0.0721032939013439
no 0.0002288329519450801 0.0
nobold 0.00015255530129672007 0.0
node 7.627765064836003e-05 0.0
noexcerpt 7.627765064836003e-05 0.0
nofollow 0.0002288329519450801 0.0
noicon 0.00038138825324180017 0.0
nojs 7.627765064836003e-05 0.0
nomobile 7.627765064836003e-05 0.0
non 7.627765064836003e-05 0.0
none 0.002517162471395881 0.21233263520999412
noprint 0.00030511060259344014 0.37548427589622857
noresize 7.627765064836003e-05 0.0
normal 0.0009916094584286805 0.008733679968754631
noscript 0.00030511060259344014 0.0
nosnippet 7.627765064836003e-05 0.0
not 0.0007627765064836003 0.0
note 0.0002288329519450801 0.11020314013361425
notice 7.627765064836003e-05 0.11020314013361425
notification 0.00015255530129672007 0.14981227822866008
november 7.627765064836003e-05 0.0
noviewer 0.00015255530129672007 0.0
nowrap 0.00015255530129672007 0.035401927050916
nowraplinks 0.0004576659038901602 0.0
npm 0.00015255530129672007 0.11995931507897897
npm_ 7.627765064836003e-05 0.0
ns 0.00015255530129672007 0.19105523676270922
nstab 7.627765064836003e-05 0.0
ntegrated 7.627765064836003e-05 0.0
nuget 0.0002288329519450801 0.27902400970866637
null 7.627765064836003e-05 0.0
numb 0.0005339435545385202 0.0
number 7.627765064836003e-05 0.0
nv 0.0006864988558352403 0.0
nvironment 7.627765064836003e-05 0.0
o 0.002898550724637681 0.035401927050916
oberon 0.00038138825324180017 0.08149303425118301
oberon_ 7.627765064836003e-05 0.0
object 0.00030511060259344014 0.0
object_pascal 7.627765064836003e-05 0.0
object_windows_library 7.627765064836003e-05 0.0
october 7.627765064836003e-05 0.02643325706815543
odd 0.0010678871090770404 0.11995931507897897
of 0.0018306636155606408 0.0
office 0.00015255530129672007 0.02643325706815543
official 7.627765064836003e-05 0.017544309650909525
og 0.00015255530129672007 0.0
ol 0.0014492753623188406 0.0
oldid 0.0002288329519450801 0.0
on 0.0005339435545385202 0.0
onefuzz 0.0002288329519450801 0.7018808605286999
only 0.00038138825324180017 0.0
opensearch_desc 7.627765064836003e-05 0.0
opensearchdescription 7.627765064836003e-05 0.0
openwire 0.00015255530129672007 0.7018808605286999
openwire_ 7.627765064836003e-05 0.0
options 0.00038138825324180017 0.0
or 7.627765064836003e-05 0.0
org 0.004424103737604882 0.0
organiser 7.627765064836003e-05 0.0
organization 0.00038138825324180017 0.0
origin 0.00038138825324180017 0.11020314013361425
original 7.627765064836003e-05 0.02643325706815543
osbd 7.627765064836003e-05 0.0
other 0.00015255530129672007 0.0
others 7.627765064836003e-05 0.14981227822866008
out 0.00015255530129672007 0.0
output 0.011670480549199084 0.008733679968754631
over 7.627765064836003e-05 0.008733679968754631
overflow 0.00030511060259344014 0.19105523676270922
overview 7.627765064836003e-05 0.09097177820572679
oxygene 0.00030511060259344014 0.0
oxygene_ 0.00015255530129672007 0.0
p 0.004958047292143402 0.0
p_ 7.627765064836003e-05 0.0
package 0.00015255530129672007 0.035401927050916
padding 0.004652936689549962 0.0
page 0.0036613272311212816 0.0
pagelanguagecode 7.627765064836003e-05 0.0
pagelanguagedir 7.627765064836003e-05 0.0
pageprop 7.627765064836003e-05 0.0
pages 0.0005339435545385202 0.0
pagetype 0.00015255530129672007 0.0
pagevariantfallbacks 7.627765064836003e-05 0.0
panel 0.00030511060259344014 0.0
paradigm 0.00015255530129672007 0.017544309650909525
parsed 7.627765064836003e-05 0.0
parser 0.011746758199847445 0.0
pascal 0.0045003813882532415 0.044451762570833796
pascal_ 0.00038138825324180017 0.0
pascal_microengine 7.627765064836003e-05 0.0
pascal_programming_language_family 0.0006102212051868803 0.7018808605286999
pascal_script 7.627765064836003e-05 0.0
pascalabc 0.0002288329519450801 0.19105523676270922
past 7.627765064836003e-05 0.14981227822866008
patroltoken 7.627765064836003e-05 0.0
pcache 7.627765064836003e-05 0.0
pcs88sc 7.627765064836003e-05 0.0
pdf 0.00015255530129672007 0.0
permalink 7.627765064836003e-05 0.0
permanent 0.00015255530129672007 0.035401927050916
personal 0.00038138825324180017 0.0
php 0.0028222730739893213 0.0
pic 0.00015255530129672007 0.2340726218464
pic_micro_pascal 7.627765064836003e-05 0.0
pin 0.00015255530129672007 0.454472687214859
pinnable 0.0009153318077803204 0.0
pinned 0.0007627765064836003 0.0
placeholder 7.627765064836003e-05 0.0
places 0.0006864988558352403 0.035401927050916
plainlinks 0.00038138825324180017 0.0
platform 0.00030511060259344014 0.0
please 7.627765064836003e-05 0.0
png 0.0017543859649122807 0.0
pocketstudio 0.0002288329519450801 0.7018808605286999
policy 0.00015255530129672007 0.0
popups 7.627765064836003e-05 0.0
portal 0.0002288329519450801 0.06280090123903044
portlet 0.002059496567505721 0.0
position 0.0002288329519450801 0.008733679968754631
post 0.00015255530129672007 0.0
postexpandincludesize 7.627765064836003e-05 0.0
power 0.00015255530129672007 0.008733679968754631
powered 7.627765064836003e-05 1.1340142157190256
poweredby_mediawiki_132x47 7.627765064836003e-05 0.0
poweredby_mediawiki_176x62 7.627765064836003e-05 0.0
poweredby_mediawiki_88x31 7.627765064836003e-05 0.0
poweredbyico 7.627765064836003e-05 0.0
powershell 0.0002288329519450801 0.0
pplication 7.627765064836003e-05 0.0
ppvisitednodes 7.627765064836003e-05 0.0
pre 0.0004576659038901602 0.02643325706815543
precise 7.627765064836003e-05 0.035401927050916
preconnect 7.627765064836003e-05 0.0
prefetch 0.00015255530129672007 0.0
preprocessor 7.627765064836003e-05 0.0
presentation 0.00030511060259344014 0.0
preview 7.627765064836003e-05 0.14981227822866008
primarily 7.627765064836003e-05 0.035401927050916
print 0.00015255530129672007 0.0
print_export 0.0002288329519450801 0.0
printable 0.0002288329519450801 0.14981227822866008
printfooter 7.627765064836003e-05 0.0
privacy 0.0002288329519450801 0.0
privacy_policy 0.00015255530129672007 0.0
profiler 0.00030511060259344014 0.0
profit 0.0002288329519450801 0.0
prog 0.0005339435545385202 0.25629575863111026
program 7.627765064836003e-05 0.0
programming 0.0033562166285278413 0.0
programming_language 0.0015255530129672007 0.008733679968754631
programming_microsoft_dynamics_nav_2009 7.627765064836003e-05 0.0
programming_paradigm 7.627765064836003e-05 0.0
progressive 0.0002288329519450801 0.0
project 0.00015255530129672007 0.0
project_verona 7.627765064836003e-05 0.0
projects 0.00015255530129672007 0.06280090123903044
proof 7.627765064836003e-05 0.3629054936893685
proof_assistant 7.627765064836003e-05 0.0
property 0.0002288329519450801 0.008733679968754631
protection 7.627765064836003e-05 0.21233263520999412
pt 0.0004576659038901602 0.02643325706815543
publisher 0.00015255530129672007 0.41419878807691896
push 0.0002288329519450801 0.0
pygments 0.00015255530129672007 0.0
q 0.00030511060259344014 0.0
q1926221 0.0005339435545385202 0.7018808605286999
q70894304 7.627765064836003e-05 0.0
q_sharp 7.627765064836003e-05 0.0
qbasic 0.0002288329519450801 0.19105523676270922
query 0.00030511060259344014 0.0
query_languages 7.627765064836003e-05 2.7990219793079367
quick 7.627765064836003e-05 0.0
quickbasic 0.0002288329519450801 0.19105523676270922
quickc 0.0002288329519450801 0.7018808605286999
quiet 0.0004576659038901602 0.0
quot 0.0007627765064836003 0.0
r 0.00015255530129672007 0.0
r1011085734 7.627765064836003e-05 0.0
r1012311289 7.627765064836003e-05 0.0
r1033289096 7.627765064836003e-05 0.0
r1061467846 0.00015255530129672007 0.0
r1063604349 0.0002288329519450801 0.0
r1066479718 7.627765064836003e-05 0.0
r1097763485 7.627765064836003e-05 0.0
r1129693374 0.00038138825324180017 0.0
r886047488 7.627765064836003e-05 0.0
random 0.00015255530129672007 0.21233263520999412
randomly 7.627765064836003e-05 0.2340726218464
randompage 7.627765064836003e-05 0.0
raw 7.627765064836003e-05 0.11020314013361425
razor 0.00015255530129672007 0.0
re 0.00015255530129672007 0.02643325706815543
read 0.00015255530129672007 0.11020314013361425
ready 0.0014492753623188406 0.0
real 7.627765064836003e-05 0.0
recent 0.0002288329519450801 0.0721032939013439
recentchanges 0.0002288329519450801 0.0
recentchangeslinked 0.00015255530129672007 0.0
record 0.00030511060259344014 0.035401927050916
records 0.00015255530129672007 0.0
recordset 7.627765064836003e-05 0.7018808605286999
recursion 7.627765064836003e-05 0.0
redirect 0.0007627765064836003 0.02643325706815543
redlink 0.00015255530129672007 0.0
reduced 7.627765064836003e-05 0.0
reference 0.00015255530129672007 0.035401927050916
references 0.0008390541571319603 0.0
referencetooltips 7.627765064836003e-05 0.0
referrer 0.0002288329519450801 0.0
reflist 0.0009916094584286805 0.0
registered 7.627765064836003e-05 0.0
rel 0.002059496567505721 0.0
related 0.00030511060259344014 0.02643325706815543
relative 7.627765064836003e-05 0.11020314013361425
reliability 7.627765064836003e-05 0.0
removal 7.627765064836003e-05 0.14981227822866008
remove 7.627765064836003e-05 0.0
rendering 7.627765064836003e-05 0.0
repeat 7.627765064836003e-05 0.0721032939013439
replace 7.627765064836003e-05 0.008733679968754631
replaced 7.627765064836003e-05 0.008733679968754631
report 0.00015255530129672007 0.0
reporting 0.00015255530129672007 0.14981227822866008
require 7.627765064836003e-05 0.0
resembles 7.627765064836003e-05 0.08149303425118301
reset 0.0002288329519450801 0.044451762570833796
resourceloaderdynamicstyles 7.627765064836003e-05 0.0
retrieved 7.627765064836003e-05 0.0
retrieving 0.00030511060259344014 0.11020314013361425
returnto 0.00030511060259344014 0.0
revision 0.00015255530129672007 0.0
revisions 7.627765064836003e-05 0.6844891178168307
right 0.0005339435545385202 0.0
rl 7.627765064836003e-05 0.0
rlconf 7.627765064836003e-05 0.0
rlpagemodules 7.627765064836003e-05 0.0
rlq 0.0004576659038901602 0.0
rlstate 7.627765064836003e-05 0.0
robotics 0.00015255530129672007 0.21233263520999412
robots 7.627765064836003e-05 0.5108256237659907
role 0.0015255530129672007 0.0
roman 0.00030511060259344014 0.37548427589622857
rootpage 7.627765064836003e-05 0.0
roslyn 0.00015255530129672007 0.7018808605286999
roslyn_ 7.627765064836003e-05 0.0
row 0.0018306636155606408 0.11020314013361425
rowspan 7.627765064836003e-05 0.0
rsd 0.00015255530129672007 0.0
rtl 7.627765064836003e-05 0.0721032939013439
runtime 7.627765064836003e-05 0.0
s 0.0004576659038901602 0.0
sa 0.00015255530129672007 0.0
sameas 0.00015255530129672007 0.0
saved 7.627765064836003e-05 0.0
schema 0.00015255530129672007 0.02643325706815543
scope 0.001983218916857361 0.0721032939013439
screen 0.00015255530129672007 0.044451762570833796
scribunto 7.627765064836003e-05 0.044451762570833796
script 0.0013729977116704805 0.14981227822866008
scripts 7.627765064836003e-05 0.10054122922187746
sdk 0.00030511060259344014 0.21233263520999412
search 0.002059496567505721 0.0
searchable 7.627765064836003e-05 0.0
searchaux 7.627765064836003e-05 0.0
searchbutton 0.00030511060259344014 0.0
searchform 7.627765064836003e-05 0.0
searchinput 7.627765064836003e-05 0.0
seconds 0.0002288329519450801 0.0
section 0.0010678871090770404 0.008733679968754631
see 0.0002288329519450801 0.0
see_also 0.00030511060259344014 0.0
selected 0.00030511060259344014 0.008733679968754631
selector 7.627765064836003e-05 0.0
selflink 0.00015255530129672007 0.0
sentences 7.627765064836003e-05 0.0
september 7.627765064836003e-05 0.008733679968754631
server 0.0008390541571319603 0.017544309650909525
services 0.00038138825324180017 0.0
set 0.0002288329519450801 0.0
setrange 0.00015255530129672007 0.7018808605286999
setup 0.00015255530129672007 0.7018808605286999
shadow 0.0004576659038901602 0.26759531388504365
sharealike 7.627765064836003e-05 0.0
sharealike_3 7.627765064836003e-05 0.0
sharepoint 0.00015255530129672007 0.14981227822866008
sharp 0.00030511060259344014 0.3141153295199365
short 0.0004576659038901602 0.0
short_description 0.00015255530129672007 0.0
short_description_matches_wikidata 7.627765064836003e-05 0.0
shortdescription 7.627765064836003e-05 0.0
show 0.00030511060259344014 0.0
side 0.00030511060259344014 0.008733679968754631
sidebar 0.0008390541571319603 0.0
silverlight 0.00015255530129672007 0.0
simplesearch 7.627765064836003e-05 0.0
since 7.627765064836003e-05 0.008733679968754631
site 0.0004576659038901602 0.0
sitedir 7.627765064836003e-05 0.0
sitelinks 7.627765064836003e-05 0.0
sitenotice 0.00015255530129672007 0.0
sitesub 7.627765064836003e-05 0.0
sitesupport 7.627765064836003e-05 0.0
size 0.0012967200610221204 0.0
sizing 0.00015255530129672007 0.11020314013361425
skin 0.0010678871090770404 0.8131064956389242
skins 0.0004576659038901602 0.0
small 0.0006864988558352403 0.0
smaller 7.627765064836003e-05 0.02643325706815543
software 0.0007627765064836003 0.017544309650909525
software_design 7.627765064836003e-05 0.0
software_developer 7.627765064836003e-05 0.0
software_spanner 0.0005339435545385202 0.0
solid 0.0008390541571319603 0.19105523676270922
source 7.627765064836003e-05 0.0
sources 0.00015255530129672007 0.0
sourcesafe 0.00015255530129672007 0.02643325706815543
space 0.00015255530129672007 0.0721032939013439
spacing 0.0006102212051868803 0.0
span 0.03333333333333333 0.044451762570833796
special 0.0016781083142639206 0.0
specialpages 0.00015255530129672007 0.0
specific 7.627765064836003e-05 0.0
speedy 7.627765064836003e-05 0.0
sql 0.0006864988558352403 0.02643325706815543
sql_server_compact 7.627765064836003e-05 0.0
sql_server_express 7.627765064836003e-05 0.0
sql_server_integration_services 7.627765064836003e-05 0.0
sql_server_management_studio 7.627765064836003e-05 0.0
sql_server_notification_services 7.627765064836003e-05 0.0
sql_server_reporting_services 7.627765064836003e-05 0.0
src 0.0009153318077803204 0.0
srcset 0.0004576659038901602 0.0
standard 7.627765064836003e-05 0.0
start 0.00015255530129672007 0.0721032939013439
startup 0.00015255530129672007 0.0
statement 7.627765064836003e-05 0.0
static 0.0009916094584286805 0.0
statistics 7.627765064836003e-05 0.0
stats 7.627765064836003e-05 0.0
statslink 7.627765064836003e-05 0.0
status 7.627765064836003e-05 0.0
sticky 0.00015255530129672007 0.0
stopmobileredirecttoggle 7.627765064836003e-05 0.0
storage 0.00015255530129672007 0.035401927050916
store 0.00015255530129672007 0.0
strsubstno 7.627765064836003e-05 0.7018808605286999
structured 7.627765064836003e-05 0.035401927050916
stub 0.0011441647597254005 0.05358424613410626
stubs 0.0002288329519450801 0.05358424613410626
studebaker 7.627765064836003e-05 0.7018808605286999
studio 0.0010678871090770404 0.0
style 0.009687261632341723 0.0
styles 0.0011441647597254005 0.0
stylesheet 0.00015255530129672007 0.0
subbox 7.627765064836003e-05 0.0
subgroup 0.0006864988558352403 0.0
subheader 7.627765064836003e-05 0.0
subject 7.627765064836003e-05 0.10054122922187746
sublist 0.0006102212051868803 0.0
submit 0.00015255530129672007 0.0
subsection 7.627765064836003e-05 0.0
subtitle 7.627765064836003e-05 0.0
sufficient 7.627765064836003e-05 0.10054122922187746
suggestededitsession 7.627765064836003e-05 0.0
summary 7.627765064836003e-05 0.14981227822866008
sup 0.00015255530129672007 0.0
superpascal 0.0002288329519450801 0.7018808605286999
support 7.627765064836003e-05 0.0
svg 0.0010678871090770404 0.0
switcher 7.627765064836003e-05 0.0
symbol_category_class 0.0004576659038901602 0.0
system 7.627765064836003e-05 0.0
t 0.0010678871090770404 0.02643325706815543
tab 0.00038138825324180017 0.19105523676270922
tabindex 0.00015255530129672007 0.0
table 0.0018306636155606408 0.0
tabs 0.00015255530129672007 4.051784947803305
tagline 0.0002288329519450801 0.0
tags 7.627765064836003e-05 0.0
talk 0.0007627765064836003 0.05358424613410626
target 0.00030511060259344014 0.0
targetloader 7.627765064836003e-05 0.0
tb 0.0002288329519450801 0.0
tbody 0.0013729977116704805 0.0
td 0.005491990846681922 0.0
team 0.00015255530129672007 0.02643325706815543
telephone 7.627765064836003e-05 0.48225225132193467
template 0.0032799389778794814 0.0
template_talk 0.0002288329519450801 0.0
templateargumentsize 7.627765064836003e-05 0.0
templatestyles 0.0012204424103737605 0.0
terms 0.00015255530129672007 0.0
terms_of_use 7.627765064836003e-05 0.0
testing 7.627765064836003e-05 0.008733679968754631
text 0.003203661327231121 0.0
text_citations 7.627765064836003e-05 0.0
text_citations_from_december_2009 7.627765064836003e-05 0.0
text_document_with_red_question_mark 0.0004576659038901602 0.0
text_of_the_creative_commons_attribution 7.627765064836003e-05 0.0
tfvc 7.627765064836003e-05 0.02643325706815543
th 0.004118993135011442 1.8545603704670854
the 0.002059496567505721 0.0
then 0.0002288329519450801 0.0
this 0.002745995423340961 0.0
through 7.627765064836003e-05 0.0
thumb 0.0009153318077803204 0.0
thumbnail 7.627765064836003e-05 0.0
time 0.00038138825324180017 0.0
timestamp 0.00015255530129672007 0.0
timeusage 7.627765064836003e-05 0.0
timingprofile 7.627765064836003e-05 0.0
title 0.02555301296720061 0.0
titlebar 0.0006102212051868803 0.0
titleform 7.627765064836003e-05 0.0
to 0.002364607170099161 0.0
toc 0.007551487414187643 0.0
toggle 0.0008390541571319603 0.0
toggle_view_mobile 7.627765064836003e-05 0.0
toitem 7.627765064836003e-05 0.7018808605286999
tokens 7.627765064836003e-05 3.6463198396951406
toolbar 0.0002288329519450801 0.0
tools 0.0012967200610221204 0.0
top 0.0009153318077803204 0.0
total 0.00015255530129672007 0.0
touch 0.00015255530129672007 2.4423470353692043
tr 0.005644546147978643 0.08149303425118301
trademark 7.627765064836003e-05 0.0
transclusion 7.627765064836003e-05 0.0
transientcontent 7.627765064836003e-05 0.0
transparent 0.0008390541571319603 0.11020314013361425
triggered 7.627765064836003e-05 0.0
true 0.0018306636155606408 0.0
ttl 7.627765064836003e-05 0.0
turbo 0.00030511060259344014 0.19105523676270922
turbo51 0.0002288329519450801 0.7018808605286999
turbo_pascal 7.627765064836003e-05 0.0
turbo_vision 7.627765064836003e-05 0.0
type 0.002669717772692601 0.0
typescript 0.0002288329519450801 0.11995931507897897
u 0.00015255530129672007 0.035401927050916
ucsd 0.00015255530129672007 0.7018808605286999
ucsd_pascal 7.627765064836003e-05 0.0
ui 0.0042715484363081615 0.0
ul 0.009992372234935164 0.0
uls 0.00038138825324180017 0.0
umdf 7.627765064836003e-05 0.7018808605286999
under 7.627765064836003e-05 0.0
universal 7.627765064836003e-05 0.19105523676270922
universal_windows_platform 7.627765064836003e-05 0.0
unpin 0.00015255530129672007 0.0
unpinned 0.00015255530129672007 0.0
unstrip 0.00030511060259344014 0.0
until 0.00015255530129672007 0.008733679968754631
up 7.627765064836003e-05 0.0
upload 0.0013729977116704805 0.14981227822866008
upper 0.00030511060259344014 0.11020314013361425
url 0.00030511060259344014 0.0721032939013439
us 0.0002288329519450801 0.02643325706815543
usage 0.00030511060259344014 0.0
use 0.0002288329519450801 0.0
used 0.00015255530129672007 0.0
uselang 7.627765064836003e-05 0.0
user 0.002212051868802441 0.0
useradd 0.00015255530129672007 0.0
userlogin 0.00015255530129672007 0.0
using 0.00015255530129672007 0.0
utc 7.627765064836003e-05 0.0
utf 7.627765064836003e-05 0.21233263520999412
utm_campaign 7.627765064836003e-05 0.0
utm_medium 7.627765064836003e-05 0.0
utm_source 7.627765064836003e-05 0.0
uwp 7.627765064836003e-05 0.7018808605286999
ux 7.627765064836003e-05 0.0
v 0.0002288329519450801 0.044451762570833796
value 0.0009916094584286805 0.0
var 0.00015255530129672007 0.11020314013361425
variable 0.00015255530129672007 0.0
variables 7.627765064836003e-05 0.008733679968754631
variant 0.00015255530129672007 0.0
variants 0.0004576659038901602 0.0
vb 7.627765064836003e-05 0.27902400970866637
vba 7.627765064836003e-05 0.20163734609324613
vbscript 0.0002288329519450801 0.7018808605286999
vcpkg 0.0002288329519450801 0.7018808605286999
ve 7.627765064836003e-05 0.25629575863111026
vector 0.019374523264683446 0.0
verona 0.00015255530129672007 0.7018808605286999
versailles 7.627765064836003e-05 0.0
version 0.00030511060259344014 0.0
vevent 7.627765064836003e-05 0.0
via 7.627765064836003e-05 0.017544309650909525
view 0.0011441647597254005 0.0
viewport 7.627765064836003e-05 0.0
views 0.0002288329519450801 0.02643325706815543
virtual 0.00015255530129672007 0.0
virtual_pascal 7.627765064836003e-05 0.0
vision 0.00015255530129672007 0.3141153295199365
visit 0.00015255530129672007 0.0
visited 7.627765064836003e-05 0.0
visual 0.0018306636155606408 0.0
visual_basic_ 0.00015255530129672007 0.0
visual_basic_for_applications 7.627765064836003e-05 0.0
visual_component_library 7.627765064836003e-05 0.0
visual_foxpro 0.00015255530129672007 0.0
visual_j 7.627765064836003e-05 0.0
visual_j_sharp 7.627765064836003e-05 0.0
visual_studio_code 7.627765064836003e-05 0.0
visual_studio_tools_for_applications 7.627765064836003e-05 0.0
visual_studio_tools_for_office 7.627765064836003e-05 0.0
visualeditor 0.00030511060259344014 0.0
vpl 7.627765064836003e-05 0.7018808605286999
vsi 7.627765064836003e-05 0.7018808605286999
vsts 7.627765064836003e-05 0.0
vsts_profiler 7.627765064836003e-05 0.0
vue 0.00015255530129672007 0.11995931507897897
w 0.0028222730739893213 0.0
walltime 7.627765064836003e-05 0.0
was 0.00030511060259344014 0.0
watchlist 7.627765064836003e-05 0.0
watchtoken 7.627765064836003e-05 0.0
wb 0.00015255530129672007 0.0
wbc 7.627765064836003e-05 0.0
wdf 7.627765064836003e-05 0.7018808605286999
wdk 7.627765064836003e-05 0.7018808605286999
wdm 7.627765064836003e-05 0.7018808605286999
web 0.0004576659038901602 0.0
web_platform_installer 7.627765064836003e-05 0.0
webmatrix 0.00015255530129672007 0.7018808605286999
website 7.627765064836003e-05 0.0
weight 0.0008390541571319603 0.7195804376281008
wgaction 7.627765064836003e-05 0.0
wgarticleid 7.627765064836003e-05 0.0
wgbackendresponsetime 7.627765064836003e-05 0.0
wgbreakframes 7.627765064836003e-05 0.0
wgcanonicalnamespace 7.627765064836003e-05 0.0
wgcanonicalspecialpagename 7.627765064836003e-05 0.0
wgcategories 7.627765064836003e-05 0.0
wgcentralauthmobiledomain 7.627765064836003e-05 0.0
wgcspnonce 7.627765064836003e-05 0.0
wgcurrevisionid 7.627765064836003e-05 0.0
wgdefaultdateformat 7.627765064836003e-05 0.0
wgdigittransformtable 7.627765064836003e-05 0.0
wgeditsubmitbuttonlabelpublish 7.627765064836003e-05 0.0
wgflaggedrevsparams 7.627765064836003e-05 0.0
wggestructuredtaskrejectionreasontextinputenabled 7.627765064836003e-05 0.0
wggetopicsmatchmodeenabled 7.627765064836003e-05 0.0
wghostname 7.627765064836003e-05 0.0
wgisarticle 7.627765064836003e-05 0.0
wgisprobablyeditable 7.627765064836003e-05 0.0
wgisredirect 7.627765064836003e-05 0.0
wgmediaviewerenabledbydefault 7.627765064836003e-05 0.0
wgmediavieweronclick 7.627765064836003e-05 0.0
wgmfdisplaywikibasedescriptions 7.627765064836003e-05 0.0
wgmonthnames 7.627765064836003e-05 0.0
wgnamespacenumber 7.627765064836003e-05 0.0
wgnoticeproject 7.627765064836003e-05 0.0
wgpagecontentlanguage 7.627765064836003e-05 0.0
wgpagecontentmodel 7.627765064836003e-05 0.0
wgpagename 7.627765064836003e-05 0.0
wgpageparsereport 7.627765064836003e-05 0.0
wgpopupsflags 7.627765064836003e-05 0.0
wgrelevantarticleid 7.627765064836003e-05 0.0
wgrelevantpageisprobablyeditable 7.627765064836003e-05 0.0
wgrelevantpagename 7.627765064836003e-05 0.0
wgrequestid 7.627765064836003e-05 0.0
wgrestrictionedit 7.627765064836003e-05 0.0
wgrestrictionmove 7.627765064836003e-05 0.0
wgrevisionid 7.627765064836003e-05 0.0
wgseparatortransformtable 7.627765064836003e-05 0.0
wgtitle 7.627765064836003e-05 0.0
wgulscurrentautonym 7.627765064836003e-05 0.0
wgulsiscompactlinksenabled 7.627765064836003e-05 0.0
wgulsislanguageselectorempty 7.627765064836003e-05 0.0
wgulsposition 7.627765064836003e-05 0.0
wgusergroups 7.627765064836003e-05 0.0
wgusername 7.627765064836003e-05 0.0
wgvector2022previewpages 7.627765064836003e-05 0.0
wgvisualeditor 7.627765064836003e-05 0.0
wgwikibaseitemid 7.627765064836003e-05 0.0
wgwmepagelength 7.627765064836003e-05 0.0
wgwmeschemaeditattemptstepoversample 7.627765064836003e-05 0.0
what 7.627765064836003e-05 0.0
whatlinkshere 0.00015255530129672007 0.0
when 0.0004576659038901602 0.0
when_to_cite 7.627765064836003e-05 0.0
which 7.627765064836003e-05 0.0
white 0.00015255530129672007 0.0721032939013439
width 0.005873379099923723 0.0
wiki 0.020366132723112128 0.0
wikibase 0.00030511060259344014 0.0
wikidata 0.0008390541571319603 0.0
wikimedia 0.003203661327231121 0.0
wikimediabadges 7.627765064836003e-05 0.0
wikimediaevents 7.627765064836003e-05 0.0
wikimediafoundation 0.00015255530129672007 0.0
wikipedia 0.0064836003051106025 0.0
wikiproject 7.627765064836003e-05 0.540239508972284
wikiproject_reliability 7.627765064836003e-05 0.0
wikitext 7.627765064836003e-05 0.0
windbg 0.0002288329519450801 0.7018808605286999
windiff 0.0002288329519450801 0.7018808605286999
window 0.0002288329519450801 0.11020314013361425
windows 0.002059496567505721 0.0
windows_api 7.627765064836003e-05 0.0
windows_app_sdk 7.627765064836003e-05 0.0
windows_app_studio 7.627765064836003e-05 0.0
windows_cardspace 7.627765064836003e-05 0.0
windows_communication_foundation 7.627765064836003e-05 0.0
windows_driver_frameworks 7.627765064836003e-05 0.0
windows_driver_kit 7.627765064836003e-05 0.0
windows_driver_model 7.627765064836003e-05 0.0
windows_hardware_lab_kit 7.627765064836003e-05 0.0
windows_identity_foundation 7.627765064836003e-05 0.0
windows_installer 0.00015255530129672007 0.0
windows_package_manager 7.627765064836003e-05 0.0
windows_presentation_foundation 7.627765064836003e-05 0.0
windows_workflow_foundation 7.627765064836003e-05 0.0
winrt 0.0002288329519450801 0.7018808605286999
winui 0.0002288329519450801 0.7018808605286999
with 0.002212051868802441 0.0
within 7.627765064836003e-05 0.0
wix 0.0002288329519450801 0.7018808605286999
wmf 0.0002288329519450801 0.0
word 0.00015255530129672007 0.044451762570833796
wordmark 0.00015255530129672007 0.0
workflow 0.00015255530129672007 0.0
works 7.627765064836003e-05 0.11020314013361425
world 0.0004576659038901602 0.0
wpformidentifier 7.627765064836003e-05 0.0
wrap 7.627765064836003e-05 0.5108256237659907
written 7.627765064836003e-05 0.0
www 0.0009153318077803204 0.0
x 0.0002288329519450801 0.0
xaml 7.627765064836003e-05 0.0
xamlpad 0.0002288329519450801 0.0
xbox 0.00015255530129672007 0.7018808605286999
xbox_development_kit 7.627765064836003e-05 0.0
xml 0.0002288329519450801 0.14981227822866008
xna 0.00015255530129672007 0.0
xunit 0.0002288329519450801 0.7018808605286999
y 0.00015255530129672007 0.008733679968754631
yes 7.627765064836003e-05 0.7936884097818228
you 0.0004576659038901602 0.0
yue 0.00030511060259344014 0.0
z 0.00015255530129672007 0.11020314013361425
zh 0.00015255530129672007 1.3109449238781037
 7.627765064836003e-05 0.6177977433181585
