0 0.010107616386229859 0.0
00 0.0002378262679112908 0.0
000 0.0001189131339556454 0.0
01 5.94565669778227e-05 0.3382128810989969
013 0.0001189131339556454 2.953172659135195
016 0.0001189131339556454 3.3586377672433594
01t21 0.0001189131339556454 4.74493212836325
02 5.94565669778227e-05 0.48225225132193467
03 5.94565669778227e-05 0.44086703515908027
039 0.0002378262679112908 0.0
03t04 0.0001189131339556454 4.051784947803305
04 0.0001189131339556454 0.5254244231871433
06 0.0001189131339556454 0.5254244231871433
06d6 5.94565669778227e-05 4.74493212836325
08 0.0001189131339556454 0.4682660093471948
0_unported_license 5.94565669778227e-05 0.0
0px 5.94565669778227e-05 0.7375989431307791
1 0.005053808193114929 0.0
10 0.0008323919376895178 0.0
100 0.0024377192460907308 0.0
1000 5.94565669778227e-05 0.0
10000 5.94565669778227e-05 1.2484245668967697
1000000 0.0001189131339556454 0.0
103 0.0001189131339556454 2.26002547857525
104 5.94565669778227e-05 1.911718784307034
104760 0.0001189131339556454 4.74493212836325
1091045540 0.0004161959688447589 4.74493212836325
10px 5.94565669778227e-05 0.454472687214859
10th 5.94565669778227e-05 2.7990219793079367
11 0.0001189131339556454 0.21233263520999412
112 5.94565669778227e-05 2.1058747987479913
114 0.0002378262679112908 0.37548427589622857
117 5.94565669778227e-05 0.0
12 5.94565669778227e-05 0.18058393689541388
123112 5.94565669778227e-05 4.74493212836325
125em 0.0002972828348891135 0.0
127 5.94565669778227e-05 0.09097177820572679
12px 5.94565669778227e-05 0.09097177820572679
12s5i 5.94565669778227e-05 0.0
13 0.0003567394018669362 0.0
133 5.94565669778227e-05 0.08149303425118301
14 0.0006540222367560497 0.22314355131420976
15 0.0003567394018669362 0.3382128810989969
15px 5.94565669778227e-05 0.8531118302526235
16 0.000594565669778227 0.2451224580329849
160 0.002556632380046376 0.0
16px 0.0001783697009334681 1.0072625100798818
17 5.94565669778227e-05 0.44086703515908027
18 0.0001189131339556454 0.48225225132193467
180 0.0001783697009334681 0.8947845266531914
185 0.0001783697009334681 0.9607424944449889
187 0.0001189131339556454 3.1354942159291497
19 5.94565669778227e-05 0.38822330167365837
1955 5.94565669778227e-05 3.1354942159291497
1960 5.94565669778227e-05 2.5477075510270306
1965 5.94565669778227e-05 2.5477075510270306
1970 5.94565669778227e-05 2.3470368555648795
1975 5.94565669778227e-05 2.03688192726104
1980 5.94565669778227e-05 2.1058747987479913
1985 5.94565669778227e-05 1.4127276181880462
1986 0.0001783697009334681 1.6538896750049343
1990 5.94565669778227e-05 1.6538896750049343
1995 0.0002378262679112908 1.377636298376776
1997 5.94565669778227e-05 1.7004096906398272
1999 5.94565669778227e-05 1.377636298376776
1_lisp 5.94565669778227e-05 3.3586377672433594
1em 0.0003567394018669362 0.02643325706815543
1px 0.0002378262679112908 0.2451224580329849
1x1 5.94565669778227e-05 0.0
2 0.0021404364112016174 0.0
20 0.0004161959688447589 0.0
2000 0.0001783697009334681 1.0813704822336037
2001 0.0001189131339556454 1.449095262358921
2004 0.0004756525358225816 0.06280090123903044
2005 5.94565669778227e-05 0.8531118302526235
2010 5.94565669778227e-05 0.8329091229351039
2011 0.0002972828348891135 0.6017974019717174
2013 5.94565669778227e-05 0.6844891178168307
2014 0.0008323919376895178 0.8947845266531914
20140315233311 5.94565669778227e-05 4.74493212836325
20140415063148 5.94565669778227e-05 4.74493212836325
20140415063735 5.94565669778227e-05 4.74493212836325
2015 5.94565669778227e-05 1.0072625100798818
2020 5.94565669778227e-05 0.8329091229351039
2022 0.0004756525358225816 0.0
20230315230112 5.94565669778227e-05 4.74493212836325
20230315230113 0.0001189131339556454 4.74493212836325
2066 0.0001189131339556454 4.74493212836325
2097152 0.0002378262679112908 0.0
20px 5.94565669778227e-05 0.8531118302526235
21 0.0001189131339556454 0.3504829736908114
2195 0.0001189131339556454 4.74493212836325
22 0.0001189131339556454 0.26759531388504365
23px 0.0001783697009334681 0.5254244231871433
25 0.0001189131339556454 0.3260915205666521
255 5.94565669778227e-05 0.09097177820572679
25em 0.001783697009334681 0.035401927050916
26 0.0001783697009334681 0.0
26id 5.94565669778227e-05 3.6463198396951406
27s 5.94565669778227e-05 1.0813704822336037
27s_tenth_rule 5.94565669778227e-05 3.3586377672433594
28 0.0002972828348891135 0.5860490450035782
29 0.0002378262679112908 0.22314355131420976
2b 0.0001189131339556454 0.7195804376281008
2cicon 5.94565669778227e-05 0.0
2cstyles 5.94565669778227e-05 0.0
2cwikimediabadges 5.94565669778227e-05 0.6177977433181585
2em 0.0001189131339556454 0.06280090123903044
2f 0.0005351091028004043 0.11020314013361425
2f2013 5.94565669778227e-05 2.4423470353692043
2facdmac 5.94565669778227e-05 4.74493212836325
2facdmac_2013_autolisp_developers_guide 5.94565669778227e-05 4.74493212836325
2fadsk 5.94565669778227e-05 4.74493212836325
2fahistory 5.94565669778227e-05 4.74493212836325
2fautocad 5.94565669778227e-05 4.74493212836325
2fautodesk 5.94565669778227e-05 4.74493212836325
2fautolisp 0.0001189131339556454 4.74493212836325
2fbricscad 5.94565669778227e-05 4.74493212836325
2fcaas 5.94565669778227e-05 4.74493212836325
2fcompare 0.0001189131339556454 4.74493212836325
2fcomparison 5.94565669778227e-05 4.74493212836325
2fdocs 5.94565669778227e-05 1.5668782980153044
2fen 0.0004756525358225816 0.10054122922187746
2fen_intl 5.94565669778227e-05 4.74493212836325
2fenu 5.94565669778227e-05 4.74493212836325
2ffmt 0.0004756525358225816 0.10054122922187746
2findex 5.94565669778227e-05 1.5668782980153044
2fintellicad 5.94565669778227e-05 4.74493212836325
2fknowledge 5.94565669778227e-05 4.74493212836325
2fpdfs 5.94565669778227e-05 3.6463198396951406
2fproducts 5.94565669778227e-05 2.7990219793079367
2fronleigh 5.94565669778227e-05 4.74493212836325
2fservlet 5.94565669778227e-05 4.051784947803305
2fsfdcarticles 0.0001189131339556454 4.74493212836325
2fsupport 5.94565669778227e-05 2.7990219793079367
2ftroubleshooting 5.94565669778227e-05 4.74493212836325
2fusa 5.94565669778227e-05 4.051784947803305
2fvba 5.94565669778227e-05 4.74493212836325
2fwww 0.0002378262679112908 0.3382128810989969
2px 0.0001189131339556454 0.26759531388504365
2x 0.0004161959688447589 0.0
3 0.001189131339556454 0.0
30 0.0001189131339556454 0.5705448584676129
30em 5.94565669778227e-05 0.09097177820572679
31 0.0001783697009334681 0.0
3125em 5.94565669778227e-05 0.0
31px 0.0001783697009334681 0.9837320126696876
32 0.0003567394018669362 0.26759531388504365
33 0.0001189131339556454 0.8531118302526235
344 0.0001189131339556454 3.1354942159291497
35 0.0001783697009334681 1.1073459686368643
355 0.0001189131339556454 2.7990219793079367
37 5.94565669778227e-05 1.0072625100798818
379 0.0001189131339556454 2.665490586683414
39 0.0002378262679112908 0.3141153295199365
395 0.0001189131339556454 4.051784947803305
3a 0.0004756525358225816 0.11020314013361425
3a3 5.94565669778227e-05 0.09097177820572679
3aautolisp 0.0004756525358225816 4.74493212836325
3abook 0.0004756525358225816 0.22314355131420976
3akev 0.0004756525358225816 0.10054122922187746
3amtx 0.0004756525358225816 0.10054122922187746
3aofi 0.0004756525358225816 0.10054122922187746
3asid 0.0004756525358225816 0.10054122922187746
3cols 5.94565669778227e-05 0.21233263520999412
3d 0.0001189131339556454 1.7004096906398272
3d123112 5.94565669778227e-05 4.74493212836325
3d770215 5.94565669778227e-05 4.74493212836325
3em 0.0001189131339556454 0.035401927050916
3fsiteid 5.94565669778227e-05 4.74493212836325
3px 0.0002378262679112908 0.12981161152199053
4 0.001189131339556454 0.02643325706815543
40 0.0001189131339556454 0.0
400 0.0001189131339556454 0.0
424 0.0001189131339556454 3.3586377672433594
428a871a 5.94565669778227e-05 4.74493212836325
434 0.0001189131339556454 3.3586377672433594
458 0.0001189131339556454 3.6463198396951406
48 0.0002378262679112908 0.8531118302526235
48z 0.0001189131339556454 3.6463198396951406
49 0.0001189131339556454 0.9607424944449889
4c 5.94565669778227e-05 0.09097177820572679
4e73 5.94565669778227e-05 4.74493212836325
4em 0.0001783697009334681 0.40112670650956617
5 0.0010702182056008087 0.11020314013361425
50 0.0001189131339556454 0.0
500 0.0001189131339556454 0.0
5000000 0.0001189131339556454 0.0
51 0.0001189131339556454 1.0313600616589422
51458 0.0001783697009334681 4.74493212836325
52343 0.0001189131339556454 4.74493212836325
52428800 0.0001189131339556454 0.008733679968754631
5331819 0.0001189131339556454 4.74493212836325
53z 0.0001189131339556454 3.3586377672433594
54 0.0001189131339556454 1.0072625100798818
56 0.0001189131339556454 0.8737311174553593
57 0.0001189131339556454 1.1340142157190256
59 0.0001189131339556454 0.40112670650956617
5em 0.0002972828348891135 0.0
5px 5.94565669778227e-05 3.1354942159291497
5x 0.0004161959688447589 0.0
6 0.0008323919376895178 0.044451762570833796
649 0.0001189131339556454 4.051784947803305
65 5.94565669778227e-05 0.05358424613410626
655278a63fc9 5.94565669778227e-05 4.74493212836325
7 0.0015458707414233903 0.0
71 0.0001189131339556454 1.2484245668967697
72 0.0001189131339556454 1.1895840668738364
720px 5.94565669778227e-05 0.0
769 0.0001189131339556454 3.1354942159291497
770215 5.94565669778227e-05 4.74493212836325
7cext 0.0001783697009334681 0.0
7cjquery 5.94565669778227e-05 0.41419878807691896
7cmediawiki 5.94565669778227e-05 0.0
7cskins 5.94565669778227e-05 0.0
7cwikibase 5.94565669778227e-05 0.0
7em 5.94565669778227e-05 0.41419878807691896
8 0.001426957607467745 0.0
80 0.0004161959688447589 0.3022808718729337
8125em 5.94565669778227e-05 0.0
84 5.94565669778227e-05 0.7018808605286999
86400 0.0001189131339556454 0.8329091229351039
88 0.0008918485046673405 0.0
89 0.0001189131339556454 1.449095262358921
8a 0.0002378262679112908 0.7375989431307791
9 0.0006540222367560497 0.11020314013361425
90 5.94565669778227e-05 0.08149303425118301
91 0.000594565669778227 0.0721032939013439
93 0.0006540222367560497 0.06280090123903044
93eval 0.0001189131339556454 3.3586377672433594
93print_loop 0.0001189131339556454 3.3586377672433594
95 5.94565669778227e-05 0.035401927050916
96 0.0003567394018669362 0.4682660093471948
963 0.0001189131339556454 3.6463198396951406
986 0.0001189131339556454 4.051784947803305
987007534449605171 5.94565669778227e-05 4.74493212836325
9px 0.0001783697009334681 0.09097177820572679
_berkeley 5.94565669778227e-05 3.1354942159291497
_bobrow 5.94565669778227e-05 3.3586377672433594
_flavors_and_implementations 5.94565669778227e-05 2.03688192726104
_gabriel 5.94565669778227e-05 3.3586377672433594
_kent_dybvig 5.94565669778227e-05 3.3586377672433594
_moon 5.94565669778227e-05 3.3586377672433594
_steele_jr 0.0001189131339556454 3.3586377672433594
a 0.04964623342648195 0.0
a0 0.0001189131339556454 0.25629575863111026
a2a9b1 5.94565669778227e-05 0.27902400970866637
a3 5.94565669778227e-05 1.7004096906398272
a8 5.94565669778227e-05 0.6844891178168307
aa 0.0001189131339556454 0.0721032939013439
abandoned 5.94565669778227e-05 2.665490586683414
abbr 0.001189131339556454 0.41419878807691896
abcl 5.94565669778227e-05 3.1354942159291497
abelson 0.0001189131339556454 2.3470368555648795
about 0.0005351091028004043 0.0
aboutsite 5.94565669778227e-05 0.0
above 0.0001783697009334681 0.1599646496926782
abovebelow 0.0002972828348891135 0.44086703515908027
absolute 0.0001189131339556454 0.0
access 5.94565669778227e-05 0.8131064956389242
accessdate 0.0004161959688447589 0.2451224580329849
accessing 5.94565669778227e-05 2.7990219793079367
accesskey 0.0011296747725786313 0.0
account 0.0002378262679112908 0.0
acdmac 5.94565669778227e-05 4.74493212836325
acdmac_2013_autolisp_developers_guide 5.94565669778227e-05 4.74493212836325
achieve 0.0001189131339556454 3.1354942159291497
across 5.94565669778227e-05 0.0
action 0.001426957607467745 0.0
actions 5.94565669778227e-05 0.0
active 5.94565669778227e-05 1.8004931491968095
activex 0.0002378262679112908 3.6463198396951406
add 0.0001783697009334681 0.0
added 5.94565669778227e-05 1.0560526742493137
additional 5.94565669778227e-05 0.0
address 0.0001189131339556454 0.0
adsk 5.94565669778227e-05 4.74493212836325
aec 0.0001189131339556454 4.74493212836325
after 0.0011296747725786313 0.0
ago 0.0001189131339556454 0.5108256237659907
agree 5.94565669778227e-05 0.0
ahistory 5.94565669778227e-05 4.74493212836325
aided 0.0002972828348891135 3.1354942159291497
aided_design 5.94565669778227e-05 4.74493212836325
aided_design_software 5.94565669778227e-05 4.74493212836325
aleph 5.94565669778227e-05 2.3470368555648795
alert 0.0002378262679112908 0.0
align 0.002556632380046376 0.05358424613410626
all 0.0002972828348891135 0.0
all_articles_containing_potentially_dated_statements 5.94565669778227e-05 2.5477075510270306
allegro 0.0001189131339556454 3.3586377672433594
allegro_common_lisp 5.94565669778227e-05 3.3586377672433594
allow 5.94565669778227e-05 1.0313600616589422
alpha 0.0002378262679112908 0.08149303425118301
also 0.0001783697009334681 0.19105523676270922
alt 0.0007134788037338725 0.0
alternate 0.0001783697009334681 0.0
alternative 5.94565669778227e-05 1.7004096906398272
amp 0.005648373862893156 0.0
an 0.0004756525358225816 0.0
and 0.002556632380046376 0.0
anon 0.0001189131339556454 0.0
anoncontribs 5.94565669778227e-05 0.0
anontalk 5.94565669778227e-05 0.0
anonymous 5.94565669778227e-05 0.0
another 5.94565669778227e-05 0.09097177820572679
ansi 5.94565669778227e-05 1.8004931491968095
api 0.0001189131339556454 0.0
app 5.94565669778227e-05 2.03688192726104
appeared 5.94565669778227e-05 0.40112670650956617
apple 0.0003567394018669362 0.0
apple_dylan 5.94565669778227e-05 3.3586377672433594
apple_inc 5.94565669778227e-05 2.953172659135195
application 0.0005351091028004043 0.0
application_programming_interface 5.94565669778227e-05 2.7990219793079367
applications 0.0002972828348891135 0.7746402148111283
apply 5.94565669778227e-05 0.0
approach 5.94565669778227e-05 1.7004096906398272
april 0.000594565669778227 0.0
ar 0.0002378262679112908 0.6844891178168307
arabic 5.94565669778227e-05 1.16141318990714
arc 0.0002378262679112908 3.1354942159291497
arc_ 0.0001189131339556454 3.3586377672433594
architecture 0.0001189131339556454 1.2484245668967697
archive 0.0001783697009334681 0.3504829736908114
archived 0.0001783697009334681 0.6017974019717174
are 0.0004756525358225816 0.0
argument 5.94565669778227e-05 0.0
arguments 0.0001189131339556454 1.377636298376776
aria 0.0018431535763125037 0.0
armed 0.0001189131339556454 3.1354942159291497
armed_bear_common_lisp 5.94565669778227e-05 3.3586377672433594
arrays 5.94565669778227e-05 1.5260563034950492
article 0.0004161959688447589 0.0
articles 0.0010702182056008087 0.0
articles_containing_potentially_dated_statements_from_january_2014 5.94565669778227e-05 4.74493212836325
articles_with_j9u_identifiers 5.94565669778227e-05 1.3437347467010947
articles_with_lccn_identifiers 5.94565669778227e-05 1.3437347467010947
articles_with_nkc_identifiers 5.94565669778227e-05 2.3470368555648795
artificial 0.0001783697009334681 1.9723434061234688
as 0.0008323919376895178 0.0
aside 5.94565669778227e-05 2.953172659135195
asof 5.94565669778227e-05 2.5477075510270306
assembly 0.0001189131339556454 1.2185716037470886
associated 0.0001189131339556454 0.0
association 0.0001189131339556454 1.3109449238781037
association_list 5.94565669778227e-05 4.74493212836325
async 0.0002972828348891135 0.0
at 0.0004161959688447589 0.0
atom 0.0001783697009334681 0.0
attribution 5.94565669778227e-05 0.0
august 5.94565669778227e-05 0.0
aut 5.94565669778227e-05 2.3470368555648795
author 0.0001189131339556454 0.0
authorities 5.94565669778227e-05 1.3109449238781037
authority 0.0001783697009334681 1.16141318990714
authority_control 0.0001783697009334681 1.1340142157190256
auto 0.0002378262679112908 0.0
autocad 0.0034484808847137166 4.051784947803305
autocad_architecture 5.94565669778227e-05 4.74493212836325
autocad_dxf 5.94565669778227e-05 4.74493212836325
autocad_map_3d 5.94565669778227e-05 4.74493212836325
autocad_mechanical 5.94565669778227e-05 4.74493212836325
autocad_related_articles 0.0001783697009334681 4.74493212836325
autocapitalize 5.94565669778227e-05 0.0
autocollapse 5.94565669778227e-05 0.9162907318741551
autodesk 0.0015458707414233903 3.6463198396951406
autodesk_autocad 0.0001189131339556454 4.74493212836325
autolisp 0.006361852666627029 3.3586377672433594
automated 5.94565669778227e-05 2.1799827709017134
automatic 5.94565669778227e-05 1.377636298376776
autostart 5.94565669778227e-05 0.11020314013361425
available 0.0001189131339556454 0.0
avoid 0.0001189131339556454 0.09097177820572679
b 0.001783697009334681 0.0
b3 5.94565669778227e-05 0.7559480817989758
background 0.0034484808847137166 0.017544309650909525
backlink 0.0004756525358225816 0.08149303425118301
bahasa 5.94565669778227e-05 1.3437347467010947
bank 0.0001189131339556454 2.1058747987479913
based 5.94565669778227e-05 0.3504829736908114
basic 0.0002378262679112908 0.7195804376281008
basis 0.0001189131339556454 2.1799827709017134
bbn 0.0001783697009334681 3.3586377672433594
bbn_lisp 5.94565669778227e-05 3.3586377672433594
bbn_technologies 5.94565669778227e-05 3.3586377672433594
bday 0.0001189131339556454 0.41419878807691896
be 0.0003567394018669362 0.06280090123903044
bear 0.0001189131339556454 3.1354942159291497
because 5.94565669778227e-05 0.0
been 5.94565669778227e-05 0.6844891178168307
before 0.0008918485046673405 0.0
below 5.94565669778227e-05 0.18058393689541388
benefits 0.0002378262679112908 2.4423470353692043
beranek 5.94565669778227e-05 3.3586377672433594
berkeley 0.0002378262679112908 2.665490586683414
beside 5.94565669778227e-05 4.051784947803305
between 5.94565669778227e-05 0.7375989431307791
betz 0.0001189131339556454 4.051784947803305
bf14 5.94565669778227e-05 4.74493212836325
bigloo 0.0001783697009334681 3.3586377672433594
bindings 5.94565669778227e-05 2.953172659135195
block 0.0001189131339556454 0.18058393689541388
bobrow 0.0001189131339556454 3.3586377672433594
body 0.0008323919376895178 0.0
bodycontent 0.0001189131339556454 0.0
bold 5.94565669778227e-05 0.2451224580329849
bollay 0.0001189131339556454 3.3586377672433594
bolt 5.94565669778227e-05 3.3586377672433594
books 5.94565669778227e-05 0.5552773863368246
bootstrap 5.94565669778227e-05 0.10054122922187746
border 0.0016647838753790355 0.0
both 5.94565669778227e-05 0.3022808718729337
bottom 0.0002378262679112908 0.05358424613410626
box 0.0010702182056008087 0.0
boxes 5.94565669778227e-05 2.953172659135195
boxtext 5.94565669778227e-05 0.41419878807691896
br 0.0001189131339556454 0.42744401482693967
bracket 0.000594565669778227 0.0
brackets 0.0001189131339556454 0.41419878807691896
break 0.0001783697009334681 0.05358424613410626
brian 0.0001189131339556454 1.7004096906398272
brian_harvey_ 5.94565669778227e-05 3.3586377672433594
bricscad 0.0005351091028004043 4.74493212836325
bricscad_7 0.0001189131339556454 4.74493212836325
bricsys 0.0001783697009334681 4.74493212836325
briefly 5.94565669778227e-05 3.6463198396951406
browser 5.94565669778227e-05 1.7004096906398272
browsing 5.94565669778227e-05 0.0
bruce 0.0001189131339556454 2.3470368555648795
btitle 0.0004756525358225816 0.22314355131420976
btn 0.0002972828348891135 0.0
built 0.0002972828348891135 1.0072625100798818
business 5.94565669778227e-05 1.0072625100798818
button 0.0019026101432903263 0.0
buttons 5.94565669778227e-05 0.0
by 0.0009513050716451632 0.0
bytes 0.0002378262679112908 0.0
c 0.0004756525358225816 0.0
c13_en 5.94565669778227e-05 0.0
ca 0.0004756525358225816 0.0
caas 0.0001189131339556454 4.74493212836325
cache 0.0001189131339556454 0.0
cached 5.94565669778227e-05 0.0
cachereport 5.94565669778227e-05 0.0
cactions 0.0003567394018669362 0.0
cad 0.0003567394018669362 4.051784947803305
caddsoft 0.0001189131339556454 4.74493212836325
caddsoft_1 0.0001189131339556454 4.74493212836325
caddsoftsolutions 0.0001189131339556454 4.74493212836325
cadence 5.94565669778227e-05 3.3586377672433594
cadence_skill 5.94565669778227e-05 3.3586377672433594
cadet 0.0001189131339556454 3.3586377672433594
cadet_keyboard 5.94565669778227e-05 3.3586377672433594
cadr 5.94565669778227e-05 4.74493212836325
california 0.0001189131339556454 2.1799827709017134
call 0.0001189131339556454 1.1073459686368643
calls 5.94565669778227e-05 0.0
campaigns 5.94565669778227e-05 0.0
can 0.0001189131339556454 0.17022114985986725
canonical 0.0001189131339556454 0.0
cantonese 5.94565669778227e-05 0.540239508972284
caps 5.94565669778227e-05 0.41419878807691896
caption 0.0002378262679112908 0.21233263520999412
car 0.0001189131339556454 2.4423470353692043
categories 0.0001189131339556454 0.02643325706815543
category 0.0016647838753790355 0.0
catlinks 0.0003567394018669362 0.0
cats 5.94565669778227e-05 0.0721032939013439
causes 5.94565669778227e-05 2.953172659135195
cax 0.0001189131339556454 4.74493212836325
ccf 5.94565669778227e-05 0.454472687214859
ccl_term 5.94565669778227e-05 2.3470368555648795
cdr 5.94565669778227e-05 4.051784947803305
ceased 5.94565669778227e-05 3.6463198396951406
center 0.0005351091028004043 0.017544309650909525
centers 5.94565669778227e-05 2.5477075510270306
centralauth 0.0001189131339556454 0.0
centralautologin 0.0001189131339556454 0.0
centralnotice 0.0001783697009334681 0.0
change 5.94565669778227e-05 0.0
changes 0.0002972828348891135 0.0
changing 5.94565669778227e-05 2.4423470353692043
charinsert 5.94565669778227e-05 0.0
charset 5.94565669778227e-05 0.0
checkbox 0.0020215232772459717 0.0
chez 0.0002378262679112908 3.3586377672433594
chez_scheme 0.0001189131339556454 3.3586377672433594
chicken 0.0001189131339556454 2.953172659135195
chicken_ 5.94565669778227e-05 3.3586377672433594
child 0.0014864141744455675 0.06280090123903044
chinese 5.94565669778227e-05 0.8131064956389242
choose 5.94565669778227e-05 2.953172659135195
citation 0.0009513050716451632 0.08149303425118301
cite 0.0018431535763125037 0.0
cite_note 0.0010107616386229859 0.08149303425118301
cite_ref 0.0010702182056008087 0.08149303425118301
cite_web 0.0001189131339556454 0.4682660093471948
citethispage 5.94565669778227e-05 0.0
cl 0.0001189131339556454 2.3470368555648795
class 0.03781437659789524 0.0
classname 0.0001783697009334681 0.0
clear 0.0001189131339556454 0.11995931507897897
clicking 5.94565669778227e-05 3.3586377672433594
client 0.0002972828348891135 0.0
clinger 0.0001189131339556454 3.1354942159291497
clisp 0.0001783697009334681 3.1354942159291497
clojure 0.0003567394018669362 2.7990219793079367
clos 5.94565669778227e-05 3.3586377672433594
clozure 0.0001189131339556454 3.3586377672433594
clozure_cl 5.94565669778227e-05 3.3586377672433594
cmu 0.0001189131339556454 2.5477075510270306
cmu_common_lisp 5.94565669778227e-05 3.3586377672433594
cmucl 5.94565669778227e-05 3.3586377672433594
code 0.0008918485046673405 0.035401927050916
codes 5.94565669778227e-05 2.665490586683414
col 0.0001189131339556454 0.540239508972284
coll 0.0002378262679112908 0.0
collapse 5.94565669778227e-05 0.21233263520999412
collapsed 0.0002378262679112908 0.0
collapses 5.94565669778227e-05 0.0
collapsible 0.0007134788037338725 0.0
collection 0.0001783697009334681 1.3109449238781037
color 0.0010702182056008087 0.017544309650909525
colors 5.94565669778227e-05 3.3586377672433594
colspan 0.00463761222427017 0.14981227822866008
column 0.0001783697009334681 0.09097177820572679
columns 0.0002972828348891135 0.09097177820572679
com 0.0010107616386229859 0.11995931507897897
command 0.0004756525358225816 1.2791962255635234
commands 5.94565669778227e-05 1.8004931491968095
commentedtext 5.94565669778227e-05 1.9723434061234688
common 0.001962066710268149 0.8737311174553593
common_lisp 0.0001783697009334681 2.953172659135195
common_lisp_hyperspec 5.94565669778227e-05 3.3586377672433594
common_lisp_interface_manager 5.94565669778227e-05 3.3586377672433594
common_lisp_object_system 5.94565669778227e-05 3.3586377672433594
common_lisp_the_language 5.94565669778227e-05 3.3586377672433594
commonloops 0.0001783697009334681 3.3586377672433594
commons 0.0002972828348891135 0.0
community 0.0001783697009334681 0.0
community_of_practice 5.94565669778227e-05 2.1799827709017134
community_portal 5.94565669778227e-05 0.0
compactlinks 5.94565669778227e-05 0.0
companies 0.0001189131339556454 1.911718784307034
company 5.94565669778227e-05 1.0072625100798818
compare 0.0003567394018669362 2.4423470353692043
comparison 0.0002378262679112908 0.7936884097818228
comparison_of_cad_editors_for_aec 5.94565669778227e-05 4.74493212836325
compiler 0.0003567394018669362 0.5108256237659907
compilers 0.0001189131339556454 1.1340142157190256
complex 5.94565669778227e-05 1.2185716037470886
complications 5.94565669778227e-05 0.0
computer 0.0015458707414233903 0.12981161152199053
computer_hardware 5.94565669778227e-05 2.953172659135195
computer_programming 0.0001189131339556454 1.0560526742493137
computer_science 0.0004161959688447589 0.5860490450035782
computer_scientist 0.0002378262679112908 1.486835590341768
computing 0.0002972828348891135 0.3504829736908114
computing_platform 5.94565669778227e-05 1.6094379124341003
con_lng 5.94565669778227e-05 2.3470368555648795
conditional 5.94565669778227e-05 1.6094379124341003
conditional_ 5.94565669778227e-05 2.4423470353692043
conditionals 5.94565669778227e-05 2.5477075510270306
config 0.0001189131339556454 0.0
cons 0.0002972828348891135 3.1354942159291497
consider 5.94565669778227e-05 2.4423470353692043
considerably 5.94565669778227e-05 2.953172659135195
contact 0.0002378262679112908 0.0
contact_us 0.0001189131339556454 0.0
contactpage 5.94565669778227e-05 0.0
container 0.0008323919376895178 0.0
containing 0.0004756525358225816 0.0
contains 5.94565669778227e-05 1.4127276181880462
content 0.004221416255425412 0.0
contentinfo 5.94565669778227e-05 0.0
contents 0.0007729353707116952 0.0
contentsub 5.94565669778227e-05 0.0
context 0.0001189131339556454 0.0
continued 5.94565669778227e-05 1.911718784307034
contribute 5.94565669778227e-05 0.0
contributions 5.94565669778227e-05 0.0
contributors 0.0001189131339556454 0.0
control 0.0002972828348891135 0.44086703515908027
controls 0.0001189131339556454 0.0
conventions 5.94565669778227e-05 2.5477075510270306
conversion 5.94565669778227e-05 0.0
cookie 0.0002972828348891135 0.0
cookie_statement 5.94565669778227e-05 0.0
cookiestatement 5.94565669778227e-05 0.0
coordinate 5.94565669778227e-05 3.6463198396951406
coordinates 0.0001783697009334681 4.74493212836325
copyright 0.0001783697009334681 0.0
copyrightico 5.94565669778227e-05 0.0
core 5.94565669778227e-05 1.2791962255635234
corman 0.0001189131339556454 3.3586377672433594
corman_common_lisp 5.94565669778227e-05 3.3586377672433594
could 5.94565669778227e-05 1.0813704822336037
count 0.0001189131339556454 0.0
counter 0.0002378262679112908 0.27902400970866637
cpu 5.94565669778227e-05 0.0
cputime 5.94565669778227e-05 0.0
create 0.0002972828348891135 0.0
createaccount 0.0002378262679112908 0.0
created 5.94565669778227e-05 0.44086703515908027
creating 5.94565669778227e-05 1.449095262358921
creative 5.94565669778227e-05 0.0
creativecommons 0.0001189131339556454 0.0
cross 5.94565669778227e-05 0.0
crossorigin 5.94565669778227e-05 0.0
cs1 0.0012485879065342767 0.09097177820572679
csail 5.94565669778227e-05 2.1799827709017134
csrftoken 5.94565669778227e-05 0.0
ct 0.0001189131339556454 0.41419878807691896
ctx_ver 0.0004756525358225816 0.10054122922187746
current 0.0001189131339556454 0.0
current_events 5.94565669778227e-05 0.0
currentevents 5.94565669778227e-05 0.0
curriculum 5.94565669778227e-05 2.7990219793079367
cursor 0.0001189131339556454 0.38822330167365837
customizing 0.0001189131339556454 4.051784947803305
cx 0.0001189131339556454 0.0
cycle 5.94565669778227e-05 0.6844891178168307
cynthia 0.0001189131339556454 3.1354942159291497
cynthia_solomon 5.94565669778227e-05 3.3586377672433594
cz 5.94565669778227e-05 2.1058747987479913
czech 5.94565669778227e-05 1.3109449238781037
d 0.0002378262679112908 0.06280090123903044
d33 0.0001189131339556454 0.09097177820572679
d6 5.94565669778227e-05 0.09097177820572679
d8 0.0002378262679112908 0.7375989431307791
d9 0.0002378262679112908 0.7936884097818228
daniel 0.0002378262679112908 2.1058747987479913
daniel_g 5.94565669778227e-05 3.3586377672433594
daniel_weinreb 5.94565669778227e-05 3.3586377672433594
data 0.005470004161959688 0.0
database 5.94565669778227e-05 1.486835590341768
dated 0.0003567394018669362 2.26002547857525
datemodified 0.0001189131339556454 0.0
datepublished 0.0001189131339556454 0.0
david 0.0004756525358225816 1.16141318990714
david_a 5.94565669778227e-05 3.3586377672433594
david_luckham 5.94565669778227e-05 3.3586377672433594
david_park_ 5.94565669778227e-05 3.3586377672433594
db 0.0001783697009334681 0.8737311174553593
dd 0.0010702182056008087 0.22314355131420976
ddf 5.94565669778227e-05 0.454472687214859
de 0.0002378262679112908 0.2905848321097423
debugger 0.0001783697009334681 2.4423470353692043
december 5.94565669778227e-05 0.0
decimal 5.94565669778227e-05 0.09097177820572679
decoding 0.0002378262679112908 0.11020314013361425
decoration 0.0001189131339556454 0.41419878807691896
deduplicate 0.0004756525358225816 0.017544309650909525
deduplicated 0.0010107616386229859 0.06280090123903044
defines 5.94565669778227e-05 1.911718784307034
definition 0.0001189131339556454 1.2185716037470886
definitional 5.94565669778227e-05 4.74493212836325
defun 0.0001189131339556454 4.051784947803305
denison 0.0001189131339556454 3.3586377672433594
denison_bollay 5.94565669778227e-05 3.3586377672433594
deprecated 5.94565669778227e-05 2.4423470353692043
depth 0.0001783697009334681 0.0
derivatives 0.0001783697009334681 2.7990219793079367
derived 5.94565669778227e-05 1.749199854809259
description 5.94565669778227e-05 0.0
design 0.0005351091028004043 0.3141153295199365
design_web_format 5.94565669778227e-05 4.74493212836325
designed 5.94565669778227e-05 0.3504829736908114
desktoparticletarget 0.0001783697009334681 0.0
detection 5.94565669778227e-05 0.0
deutsch 5.94565669778227e-05 0.5254244231871433
developed 0.0001189131339556454 0.540239508972284
developer 0.0002972828348891135 0.0
developers 0.0001783697009334681 0.0
development 0.0002972828348891135 0.38822330167365837
dialect 0.0002972828348891135 1.8004931491968095
dialect_ 5.94565669778227e-05 2.26002547857525
dialects 0.0001783697009334681 1.4127276181880462
dialog 0.0001783697009334681 2.5477075510270306
dialog_control_language 5.94565669778227e-05 4.74493212836325
dir 0.0002972828348891135 0.0
disabled 0.0006540222367560497 0.0
discipline 5.94565669778227e-05 0.8131064956389242
disclaimers 0.0001189131339556454 0.0
discuss 0.0002378262679112908 0.0
discussion 0.0001189131339556454 0.0
display 0.0007729353707116952 0.0
displayed 5.94565669778227e-05 2.5477075510270306
displaying 5.94565669778227e-05 2.665490586683414
distributed 5.94565669778227e-05 1.1895840668738364
div 0.01629109935192342 0.0
dl 0.0007134788037338725 0.19105523676270922
dmy 5.94565669778227e-05 0.0
dns 0.0001189131339556454 0.0
docs 5.94565669778227e-05 1.1073459686368643
doctype 5.94565669778227e-05 0.0
document 0.0002378262679112908 0.0
documentation 0.0001783697009334681 1.2185716037470886
documentation_3 0.0002378262679112908 4.74493212836325
documentelement 0.0001783697009334681 0.0
domain 0.0001783697009334681 1.377636298376776
donate 0.0001783697009334681 0.0
donating 5.94565669778227e-05 0.0
dotted 0.0001783697009334681 1.9723434061234688
download 0.0002378262679112908 0.0
downloadaspdf 5.94565669778227e-05 0.0
draftsight 5.94565669778227e-05 4.74493212836325
drawing 5.94565669778227e-05 2.953172659135195
dropdown 0.0014864141744455675 0.0
dsl 5.94565669778227e-05 4.74493212836325
dt 0.0009513050716451632 0.26759531388504365
dtstart 0.0001189131339556454 0.41419878807691896
dutch 5.94565669778227e-05 1.3437347467010947
dwf 5.94565669778227e-05 4.74493212836325
dwfx 5.94565669778227e-05 4.74493212836325
dwg 0.0003567394018669362 4.74493212836325
dxf 0.0001189131339556454 4.74493212836325
dybvig 0.0001189131339556454 3.1354942159291497
dylan 0.0002378262679112908 3.3586377672433594
dylan_ 5.94565669778227e-05 3.3586377672433594
dynamic 0.0002972828348891135 0.8947845266531914
dynamic_typing 0.0001189131339556454 2.1799827709017134
dynamically 0.0001189131339556454 2.1058747987479913
e 0.0002972828348891135 0.0
e2 0.0002972828348891135 0.7018808605286999
e6e6ff 5.94565669778227e-05 0.454472687214859
early 5.94565669778227e-05 1.2791962255635234
echo 5.94565669778227e-05 0.0
ecl 5.94565669778227e-05 2.953172659135195
edit 0.0024971758130685534 0.0
editable 5.94565669778227e-05 0.0
edited 5.94565669778227e-05 0.0
editing 5.94565669778227e-05 0.0
editor 0.0001783697009334681 0.0
editors 0.0002378262679112908 0.0
editpage 5.94565669778227e-05 0.0
edits 0.0001189131339556454 0.0
editsection 0.0008918485046673405 0.0
edituri 5.94565669778227e-05 0.0
edmund 0.0001189131339556454 3.1354942159291497
edmund_berkeley 5.94565669778227e-05 3.3586377672433594
education 0.0001189131339556454 1.486835590341768
eee 0.0001189131339556454 0.48225225132193467
effort 5.94565669778227e-05 2.03688192726104
either 5.94565669778227e-05 1.3437347467010947
element 0.0004161959688447589 0.0
ellipsis 0.0001189131339556454 0.0
elt 5.94565669778227e-05 0.0
emacs 0.0002378262679112908 2.7990219793079367
emacs_lisp 0.0001189131339556454 3.3586377672433594
embeddable 0.0001189131339556454 2.953172659135195
embeddable_common_lisp 5.94565669778227e-05 3.1354942159291497
empty 0.0001189131339556454 0.0
emptyportlet 0.0001189131339556454 0.0
en 0.0024377192460907308 0.0
en_intl 0.0001189131339556454 4.74493212836325
enabled 0.0006540222367560497 0.0
encouraged 0.0002378262679112908 0.0
encyclopedia 0.0001189131339556454 0.0
end 5.94565669778227e-05 0.0
eng 5.94565669778227e-05 2.26002547857525
engine 0.0001189131339556454 1.2185716037470886
engineering 0.0001189131339556454 1.3109449238781037
english 0.0001783697009334681 0.0
enhanced 0.0001189131339556454 2.1799827709017134
enhancements 0.0001189131339556454 0.0721032939013439
entities 0.0001783697009334681 0.0
entity 0.0002378262679112908 0.0
entityaccesscount 5.94565669778227e-05 0.0
entitypage 0.0001189131339556454 0.0
entmake 0.0001189131339556454 4.74493212836325
enu 5.94565669778227e-05 4.74493212836325
environment 0.0002378262679112908 0.7375989431307791
environments 5.94565669778227e-05 1.7004096906398272
enwiki 5.94565669778227e-05 0.0
enwikimwclientprefs 5.94565669778227e-05 0.0
error 0.0001189131339556454 0.09097177820572679
es 0.0002378262679112908 0.6844891178168307
es6 5.94565669778227e-05 0.0
esi 0.0001189131339556454 0.0
esitest 5.94565669778227e-05 0.0
español 5.94565669778227e-05 0.7195804376281008
etc 5.94565669778227e-05 1.377636298376776
eulisp 0.0003567394018669362 3.3586377672433594
eval 0.0002378262679112908 3.1354942159291497
evaluated 5.94565669778227e-05 2.1058747987479913
even 0.000594565669778227 0.40112670650956617
event 0.0006540222367560497 0.0
eventlogging 0.0001189131339556454 0.0
events 0.0001189131339556454 0.0
exact 5.94565669778227e-05 0.0
example 0.0001189131339556454 0.4682660093471948
examples 0.0004161959688447589 1.2185716037470886
execute 5.94565669778227e-05 1.7004096906398272
existing 5.94565669778227e-05 1.486835590341768
exists 5.94565669778227e-05 0.0
expand 0.0001783697009334681 0.0
expanded 0.0002972828348891135 0.008733679968754631
expansion 0.0001189131339556454 0.0
expansiondepth 5.94565669778227e-05 0.0
expensive 5.94565669778227e-05 0.0
expensivefunctioncount 5.94565669778227e-05 0.0
expiry 0.0001189131339556454 0.0
explorer 0.0001189131339556454 2.5477075510270306
export 5.94565669778227e-05 0.0
expressed 5.94565669778227e-05 2.4423470353692043
expression 0.0002378262679112908 1.3437347467010947
expressions 0.0001189131339556454 1.4127276181880462
ext 0.0016647838753790355 0.0
external 0.0013080444735120995 0.0
external_links 0.0002378262679112908 0.19105523676270922
extra 5.94565669778227e-05 0.0
f 0.0003567394018669362 0.0
f7f7f7 5.94565669778227e-05 0.454472687214859
fa8a495983347898 5.94565669778227e-05 0.0
facilities 5.94565669778227e-05 1.7004096906398272
fahlman 0.0001189131339556454 3.3586377672433594
fallbacksearchbutton 5.94565669778227e-05 0.0
false 0.000594565669778227 0.0
family 0.0003567394018669362 0.7018808605286999
family_programming_languages 5.94565669778227e-05 3.1354942159291497
faq 0.0002378262679112908 1.911718784307034
faqs 0.0001189131339556454 3.6463198396951406
fas 5.94565669778227e-05 4.74493212836325
fashionable 5.94565669778227e-05 4.74493212836325
favicon 5.94565669778227e-05 0.0
favor 5.94565669778227e-05 2.26002547857525
fdfdfd 0.0001783697009334681 0.44086703515908027
feature 0.0012485879065342767 0.0
featurename 0.0001783697009334681 0.0
features 0.0007729353707116952 0.38822330167365837
february 0.0001783697009334681 0.0
feed 0.0001189131339556454 0.0
felleisen 0.0002378262679112908 3.3586377672433594
feurzeig 0.0001189131339556454 3.3586377672433594
file 0.0007134788037338725 0.0
file_upload_wizard 0.0001189131339556454 0.0
files 0.0001783697009334681 0.0
final 0.0001189131339556454 1.5668782980153044
find 0.0001189131339556454 0.6177977433181585
find_code 5.94565669778227e-05 1.3437347467010947
findler 0.0001189131339556454 3.3586377672433594
first 0.0008323919376895178 0.0
firstheading 0.0001783697009334681 0.0
flatt 0.0001189131339556454 2.953172659135195
flavors 0.0001189131339556454 2.7990219793079367
flavors_ 5.94565669778227e-05 3.3586377672433594
float 0.0001783697009334681 0.06280090123903044
flush 0.0002972828348891135 0.0
focused 5.94565669778227e-05 2.7990219793079367
followed 5.94565669778227e-05 1.8004931491968095
following 5.94565669778227e-05 0.8131064956389242
font 0.0012485879065342767 0.017544309650909525
footer 0.0015458707414233903 0.0
for 0.001605327308401213 0.0
form 0.0001783697009334681 0.0
format 0.0002378262679112908 0.0
formats 5.94565669778227e-05 1.911718784307034
foundation 0.0005351091028004043 0.0
fox 0.0001189131339556454 2.953172659135195
framework 0.0001189131339556454 1.1340142157190256
franz 0.0002378262679112908 3.1354942159291497
franz_lisp 0.0001189131339556454 3.3586377672433594
free 0.0002378262679112908 0.0
from 0.0009513050716451632 0.0
full 0.0005351091028004043 0.044451762570833796
fulltext 5.94565669778227e-05 0.0
func 0.0001189131339556454 1.2185716037470886
function 0.0009513050716451632 0.0
functionality 5.94565669778227e-05 1.7004096906398272
functions 0.0004161959688447589 0.7018808605286999
fundraiserredirector 5.94565669778227e-05 0.0
g 0.0002378262679112908 0.0
gabriel 0.0001189131339556454 3.1354942159291497
gadget 0.0002378262679112908 0.0
gambit 0.0002378262679112908 3.3586377672433594
gambit_ 0.0001189131339556454 3.3586377672433594
game 0.0001189131339556454 1.6094379124341003
game_oriented_assembly_lisp 5.94565669778227e-05 3.3586377672433594
garbage 0.0001783697009334681 1.749199854809259
garbage_collection_ 0.0001189131339556454 1.9723434061234688
gcl 5.94565669778227e-05 3.3586377672433594
gehomepagesuggestededitsenabletopics 5.94565669778227e-05 0.0
genera 0.0001783697009334681 3.3586377672433594
genera_ 0.0001189131339556454 3.3586377672433594
general 0.0001189131339556454 0.6844891178168307
general_disclaimer 5.94565669778227e-05 0.0
generates 5.94565669778227e-05 2.1058747987479913
generator 5.94565669778227e-05 0.0
genre 0.0004756525358225816 0.10054122922187746
geoip 5.94565669778227e-05 0.0
geometry 5.94565669778227e-05 3.3586377672433594
gerald 0.0001189131339556454 2.953172659135195
gerald_jay_sussman 5.94565669778227e-05 3.3586377672433594
german 5.94565669778227e-05 0.5108256237659907
getpoint 5.94565669778227e-05 4.74493212836325
getvar 5.94565669778227e-05 4.74493212836325
given 5.94565669778227e-05 1.4127276181880462
globalcssjs 0.0001189131339556454 0.0
gnu 0.0004756525358225816 1.1340142157190256
gnu_common_lisp 5.94565669778227e-05 3.3586377672433594
gnu_guile 0.0001189131339556454 3.3586377672433594
gnu_scheme 5.94565669778227e-05 3.3586377672433594
go 0.0002378262679112908 0.0
goal 5.94565669778227e-05 2.1058747987479913
googpub 0.0001189131339556454 0.0
gov 5.94565669778227e-05 1.1340142157190256
graham 0.0001189131339556454 2.7990219793079367
graphical 0.0002972828348891135 1.449095262358921
graphical_user_interface 5.94565669778227e-05 2.1058747987479913
gray 5.94565669778227e-05 0.09097177820572679
greek 0.0001189131339556454 0.09097177820572679
green 5.94565669778227e-05 0.09097177820572679
greenblatt 0.0001189131339556454 3.3586377672433594
greenspun 0.0002378262679112908 3.3586377672433594
group 0.00374576371960283 0.0
growthexperiments 5.94565669778227e-05 0.0
gui 5.94565669778227e-05 1.7004096906398272
guidance 5.94565669778227e-05 0.0
guide 0.0001189131339556454 1.1340142157190256
guides 5.94565669778227e-05 0.0
guile 0.0002378262679112908 3.3586377672433594
guy 0.0002378262679112908 2.03688192726104
guy_l 0.0001189131339556454 2.953172659135195
h 0.0001189131339556454 0.0
h1 0.0001189131339556454 0.0
h2 0.0007134788037338725 0.0
hack 0.0003567394018669362 0.0
hal 0.0001189131339556454 2.03688192726104
hal_abelson 5.94565669778227e-05 2.3470368555648795
handling 5.94565669778227e-05 1.377636298376776
hardware 0.0001189131339556454 1.3109449238781037
harlequin 0.0001189131339556454 3.3586377672433594
harlequin_ 5.94565669778227e-05 3.3586377672433594
hart 5.94565669778227e-05 3.3586377672433594
harvey 0.0001189131339556454 3.1354942159291497
has 0.0002972828348891135 0.0
haspopup 0.0002972828348891135 0.0
have 0.0001189131339556454 0.6340582641899388
he 0.0002378262679112908 1.16141318990714
head 0.0001783697009334681 0.0
header 0.001962066710268149 0.0
heading 0.001367501040489922 0.0
headline 0.0004161959688447589 0.0
hebrew 5.94565669778227e-05 1.5668782980153044
height 0.0010702182056008087 0.0
hello 0.0002972828348891135 1.1340142157190256
hello_world_program 5.94565669778227e-05 2.665490586683414
help 0.000594565669778227 0.0
here 5.94565669778227e-05 0.0
hidden 0.0007729353707116952 0.0
hide 0.0001189131339556454 0.0
higher 0.0001783697009334681 1.486835590341768
highest 5.94565669778227e-05 0.0
highlight 0.0003567394018669362 0.6177977433181585
history 0.0011296747725786313 0.0
history_of_the_dylan_programming_language 5.94565669778227e-05 3.3586377672433594
history_of_the_scheme_programming_language 5.94565669778227e-05 3.3586377672433594
hlist 0.00374576371960283 0.2905848321097423
hodes 0.0001189131339556454 3.3586377672433594
hor 0.0001189131339556454 0.0
hosted 5.94565669778227e-05 0.0
hosting 0.0001189131339556454 2.4423470353692043
hosting_ 5.94565669778227e-05 2.953172659135195
how 0.0004161959688447589 0.0
how_to_design_programs 5.94565669778227e-05 3.3586377672433594
however 0.0003567394018669362 0.0
href 0.02509067126464118 0.0
hreflang 0.0009513050716451632 0.11020314013361425
htdp 5.94565669778227e-05 3.3586377672433594
htm 0.0002378262679112908 1.2484245668967697
html 0.0003567394018669362 0.0
http 0.0014864141744455675 0.0
https 0.0026755455140020216 0.0
hu 0.0002378262679112908 1.8004931491968095
hub 5.94565669778227e-05 0.0
hungarian 5.94565669778227e-05 1.9723434061234688
hy 0.0003567394018669362 1.9723434061234688
hyperspec 0.0001189131339556454 3.3586377672433594
i 0.001189131339556454 0.008733679968754631
ia 0.0001783697009334681 2.3470368555648795
ica 5.94565669778227e-05 2.3470368555648795
ico 5.94565669778227e-05 0.0
icon 0.0020809798442237943 0.0
icons 0.0002378262679112908 0.0
id 0.009215767881562519 0.0
ide 5.94565669778227e-05 1.449095262358921
identifiers 0.000594565669778227 1.0813704822336037
idhash 5.94565669778227e-05 0.0
if 0.0001783697009334681 0.0
ikarus 0.0001189131339556454 3.3586377672433594
ikarus_ 5.94565669778227e-05 3.3586377672433594
il 5.94565669778227e-05 1.2484245668967697
image 0.0001783697009334681 0.0
imageobject 0.0001189131339556454 0.0
images 0.0007134788037338725 0.0
img 0.000594565669778227 0.0
immediately 5.94565669778227e-05 2.7990219793079367
immutable 5.94565669778227e-05 2.7990219793079367
implement 5.94565669778227e-05 0.0
implementation 0.0006540222367560497 0.5705448584676129
implementations 5.94565669778227e-05 0.8531118302526235
improvements 5.94565669778227e-05 0.0
in 0.0022593495451572626 0.0
inc 0.0003567394018669362 0.0
include 0.0001783697009334681 0.0
included 0.0001189131339556454 1.1340142157190256
includes 5.94565669778227e-05 1.1340142157190256
including 5.94565669778227e-05 0.7375989431307791
incorporated 5.94565669778227e-05 2.03688192726104
increment 5.94565669778227e-05 0.26759531388504365
index 0.0017242404423568583 0.0
indicate 5.94565669778227e-05 2.3470368555648795
indicators 5.94565669778227e-05 0.0
influenced 5.94565669778227e-05 0.454472687214859
info 0.0012485879065342767 0.0
infobox 0.0022593495451572626 0.21233263520999412
infobox_programming_language 0.0001189131339556454 0.37548427589622857
information 0.0001783697009334681 0.0
inherit 0.0007134788037338725 0.035401927050916
init 0.0001783697009334681 0.0
inline 0.0014864141744455675 0.035401927050916
inner 0.0003567394018669362 0.0
input 0.0007729353707116952 0.0
inside 0.0001783697009334681 0.0721032939013439
institute 0.0001189131339556454 1.2185716037470886
institutes 5.94565669778227e-05 2.953172659135195
integrated 0.0001189131339556454 1.0560526742493137
integrated_development_environment 5.94565669778227e-05 1.7004096906398272
intellicad 0.000594565669778227 4.74493212836325
intellicad_8 0.0001189131339556454 4.74493212836325
intelligence 0.0001783697009334681 1.911718784307034
interact 5.94565669778227e-05 2.7990219793079367
interaction 0.0001783697009334681 0.0
interface 0.000594565669778227 0.0
interlanguage 0.00219989297817944 0.0
interlisp 0.0003567394018669362 3.3586377672433594
internal 5.94565669778227e-05 1.16141318990714
interpretation 0.0001189131339556454 2.4423470353692043
interpreter 0.0001189131339556454 1.486835590341768
interpreter_ 5.94565669778227e-05 2.665490586683414
interwiki 0.0009513050716451632 0.11020314013361425
into 5.94565669778227e-05 0.48225225132193467
introduced 5.94565669778227e-05 1.1895840668738364
introduction 0.0001783697009334681 0.0
involving 5.94565669778227e-05 2.953172659135195
ip 0.0001189131339556454 0.0
is 0.0007134788037338725 0.0
islisp 0.0003567394018669362 2.4423470353692043
israel 5.94565669778227e-05 1.3437347467010947
it 0.0010107616386229859 0.0
italian 5.94565669778227e-05 0.7559480817989758
italiano 5.94565669778227e-05 0.7746402148111283
item 0.004340329389381057 0.0
items 5.94565669778227e-05 0.0
its 0.0002378262679112908 0.25629575863111026
j 0.0001189131339556454 0.0
j9u 0.0001783697009334681 1.3437347467010947
january 0.0004161959688447589 0.0
jay 0.0001189131339556454 2.7990219793079367
jazyk 5.94565669778227e-05 2.1799827709017134
joel 0.0001189131339556454 3.1354942159291497
joel_moses 5.94565669778227e-05 3.3586377672433594
john 0.0001189131339556454 1.2185716037470886
john_mccarthy_ 5.94565669778227e-05 2.4423470353692043
jquery 0.0001783697009334681 0.0
jr 0.0002378262679112908 2.1799827709017134
js 0.0001189131339556454 0.0
jscheme 0.0001783697009334681 3.3586377672433594
json 0.0001189131339556454 0.0
julie 0.0001189131339556454 3.3586377672433594
julie_sussman 5.94565669778227e-05 3.3586377672433594
july 5.94565669778227e-05 0.0
jump 0.0001189131339556454 0.0
june 0.0001189131339556454 0.0
k 0.0002972828348891135 0.0
kawa 0.0001189131339556454 3.1354942159291497
kawa_ 5.94565669778227e-05 3.1354942159291497
kent 0.0002378262679112908 2.953172659135195
kent_pitman 5.94565669778227e-05 3.3586377672433594
kern 0.0001189131339556454 0.09097177820572679
key 5.94565669778227e-05 0.0
keyboard 0.0001189131339556454 2.1799827709017134
knowledge 0.0002378262679112908 1.7004096906398272
knowledge_engineering_environment 5.94565669778227e-05 3.3586377672433594
krishnamurthi 0.0001189131339556454 3.3586377672433594
l 0.0002378262679112908 1.1895840668738364
label 0.003389024317735894 0.0
labelledby 0.0001783697009334681 0.0
laboratory 0.0001783697009334681 1.8545603704670854
lacking 5.94565669778227e-05 1.486835590341768
landmark 0.0002378262679112908 0.0
lang 0.0019026101432903263 0.0
langlinks 0.0001189131339556454 0.0
language 0.0038052202865806527 0.0
languages 0.0004161959688447589 0.0
larceny 0.0001189131339556454 3.3586377672433594
larceny_ 5.94565669778227e-05 3.3586377672433594
last 0.0007729353707116952 0.0
lastmod 5.94565669778227e-05 0.0
lavender 5.94565669778227e-05 3.6463198396951406
layers 5.94565669778227e-05 3.6463198396951406
layout 5.94565669778227e-05 2.5477075510270306
lazy 0.0001189131339556454 0.0
lccn 0.0001783697009334681 1.3109449238781037
ld 0.0001189131339556454 0.0
le 0.0001189131339556454 3.1354942159291497
le_lisp 5.94565669778227e-05 3.6463198396951406
learn 0.0002972828348891135 0.0
lecturer 0.0001189131339556454 3.1354942159291497
left 0.00285391521493549 0.0
lelisp 0.0001783697009334681 3.3586377672433594
let 5.94565669778227e-05 2.03688192726104
level 0.0003567394018669362 0.0
levels 5.94565669778227e-05 0.0
levin 5.94565669778227e-05 3.3586377672433594
lfe 0.0002378262679112908 3.3586377672433594
lfe_ 0.0001189131339556454 3.3586377672433594
li 0.032225459301979904 0.0
license 0.0002378262679112908 0.0
licenses 0.0001189131339556454 0.0
lietuvių 5.94565669778227e-05 2.7990219793079367
life 5.94565669778227e-05 0.6340582641899388
lightgray 0.001962066710268149 3.6463198396951406
like 0.0001189131339556454 0.41419878807691896
limit 0.0006540222367560497 0.0
limited 0.0003567394018669362 0.0
limitreport 0.0001783697009334681 0.0
line 0.00219989297817944 0.10054122922187746
line_interface 5.94565669778227e-05 3.6463198396951406
linenos 0.0014864141744455675 2.7990219793079367
lines 0.0001189131339556454 1.5260563034950492
linetypes 5.94565669778227e-05 4.74493212836325
link 0.004340329389381057 0.0
linked 0.0001783697009334681 0.0
linked_list 5.94565669778227e-05 2.665490586683414
links 0.0011296747725786313 0.0
linux 0.0001783697009334681 1.0313600616589422
lisp 0.007075331470360901 1.2185716037470886
lisp_ 0.0003567394018669362 1.3437347467010947
lisp_2 5.94565669778227e-05 3.6463198396951406
lisp_machine 5.94565669778227e-05 3.3586377672433594
lisp_machine_lisp 0.0001189131339556454 3.3586377672433594
lisp_programming_language 0.0004161959688447589 3.1354942159291497
lisp_programming_language_family 0.0001189131339556454 3.3586377672433594
lispworks 0.0001783697009334681 3.3586377672433594
list 0.009631963850407278 0.0
list_of_cax_companies 5.94565669778227e-05 4.74493212836325
list_of_lisp 5.94565669778227e-05 3.3586377672433594
listbullet 0.0001783697009334681 0.0
listitem 0.0002378262679112908 0.2905848321097423
lists 0.0001189131339556454 1.1073459686368643
lithuanian 5.94565669778227e-05 2.7990219793079367
load 0.0001783697009334681 0.0
loaded 5.94565669778227e-05 0.0
loader 5.94565669778227e-05 0.0
loading 0.0001783697009334681 0.0
loads 5.94565669778227e-05 3.3586377672433594
loc 0.0001189131339556454 0.0
local 0.0001189131339556454 1.3437347467010947
local_base 0.0001189131339556454 1.3109449238781037
local_variable 5.94565669778227e-05 4.74493212836325
location 5.94565669778227e-05 1.8545603704670854
lock 0.0006540222367560497 0.09097177820572679
log 0.0004161959688447589 0.0
logged 0.0001189131339556454 0.0
login 0.0002972828348891135 0.0
logo 0.0007729353707116952 0.0
logo_ 0.0001189131339556454 2.953172659135195
long 5.94565669778227e-05 1.5260563034950492
longer 5.94565669778227e-05 1.8545603704670854
loop 0.0002378262679112908 1.2791962255635234
louis 0.0001189131339556454 2.953172659135195
louis_hodes 5.94565669778227e-05 3.3586377672433594
lower 0.0003567394018669362 0.09097177820572679
lsp 0.0001189131339556454 4.051784947803305
lt 0.0007134788037338725 0.9382696385929302
lt_2 0.0001189131339556454 4.74493212836325
ltr 0.0010107616386229859 0.0
lua 0.0001189131339556454 0.008733679968754631
lucid 0.0001189131339556454 3.1354942159291497
lucid_inc 5.94565669778227e-05 3.3586377672433594
luckham 0.0001189131339556454 3.3586377672433594
m 0.0002972828348891135 0.0
machine 0.0004756525358225816 0.6340582641899388
macintosh 0.0001189131339556454 2.7990219793079367
macintosh_common_lisp 5.94565669778227e-05 3.3586377672433594
maclisp 0.0003567394018669362 3.3586377672433594
macro 0.0001783697009334681 1.8004931491968095
macro_ 0.0001189131339556454 2.1058747987479913
macros 5.94565669778227e-05 2.26002547857525
made 5.94565669778227e-05 0.0
magyar 5.94565669778227e-05 1.9723434061234688
main 0.0015458707414233903 0.0
main_page 0.0001189131339556454 0.0
mainentity 0.0001189131339556454 0.0
mainpage 5.94565669778227e-05 0.0
maint 5.94565669778227e-05 0.09097177820572679
major 5.94565669778227e-05 0.8131064956389242
makecollapsible 0.0001783697009334681 0.42744401482693967
malay 5.94565669778227e-05 1.449095262358921
management 5.94565669778227e-05 1.0813704822336037
manager 0.0001189131339556454 1.911718784307034
mandatory 0.0002378262679112908 0.0
manipulation 5.94565669778227e-05 1.8545603704670854
map 0.0001189131339556454 1.8004931491968095
march 0.0001189131339556454 0.0
margin 0.0012485879065342767 0.017544309650909525
marker 5.94565669778227e-05 4.051784947803305
massachusetts 0.0001189131339556454 1.7004096906398272
massachusetts_institute_of_technology 5.94565669778227e-05 1.911718784307034
match 5.94565669778227e-05 0.0
matthew 0.0001189131339556454 2.4423470353692043
matthew_flatt 5.94565669778227e-05 3.3586377672433594
matthias 0.0002378262679112908 2.953172659135195
matthias_felleisen 0.0001189131339556454 3.3586377672433594
max 0.0001189131339556454 0.0
may 0.0002378262679112908 0.0
mccarthy 0.0001189131339556454 2.4423470353692043
mcclim 0.0001783697009334681 3.3586377672433594
mdl 0.0002378262679112908 3.3586377672433594
mdl_ 0.0001189131339556454 3.3586377672433594
mechanical 0.0001189131339556454 3.3586377672433594
media 0.0001189131339556454 0.0
mediawiki 0.0004756525358225816 0.0
melayu 5.94565669778227e-05 1.449095262358921
memory 5.94565669778227e-05 0.008733679968754631
memusage 5.94565669778227e-05 0.008733679968754631
menu 0.005886200130804447 0.0
message 0.0001189131339556454 0.0
meta 0.0007729353707116952 0.0
mf 5.94565669778227e-05 2.5477075510270306
mi 0.000594565669778227 1.0813704822336037
microsoft 0.0001189131339556454 0.8531118302526235
mike 5.94565669778227e-05 1.911718784307034
min 5.94565669778227e-05 0.12981161152199053
minerva 0.0004161959688447589 0.13976194237515863
mini 0.0003567394018669362 0.41419878807691896
mit 0.0004756525358225816 1.2484245668967697
mit_computer_science_and_artificial_intelligence_laboratory 5.94565669778227e-05 3.1354942159291497
mit_scheme 5.94565669778227e-05 3.6463198396951406
mitchel 0.0001189131339556454 3.1354942159291497
mitchel_resnick 5.94565669778227e-05 3.1354942159291497
mlisp 0.0001783697009334681 3.3586377672433594
mmv 0.0001189131339556454 0.11020314013361425
mobile 0.0001783697009334681 0.0
mobileaction 5.94565669778227e-05 0.0
mobileview 5.94565669778227e-05 0.0
mocl 0.0001783697009334681 3.3586377672433594
modal 5.94565669778227e-05 3.6463198396951406
model 5.94565669778227e-05 0.8737311174553593
module 0.0001783697009334681 0.0
modules 0.0001783697009334681 0.0
moon 0.0001189131339556454 3.3586377672433594
more 0.0010107616386229859 0.0
morris 0.0001189131339556454 2.953172659135195
moses 0.0001189131339556454 3.3586377672433594
most 0.0001189131339556454 0.6340582641899388
move 5.94565669778227e-05 0.0
moved 5.94565669778227e-05 0.0
movitz 5.94565669778227e-05 3.3586377672433594
ms 0.0002972828348891135 0.0
mswlogo 0.0001783697009334681 3.3586377672433594
multilisp 0.0001783697009334681 3.3586377672433594
mw 0.025447410666508116 0.0
mw1351 5.94565669778227e-05 3.1354942159291497
mw1452 0.0001189131339556454 3.1354942159291497
mycontributions 5.94565669778227e-05 0.0
mytalk 5.94565669778227e-05 0.0
n 0.0008323919376895178 0.0
name 0.0019026101432903263 0.0
namespaces 5.94565669778227e-05 0.0
national 5.94565669778227e-05 0.8947845266531914
nav 0.0008323919376895178 0.0
navbar 0.001605327308401213 0.06280090123903044
navbox 0.010226529520185504 0.454472687214859
navigation 0.0008323919376895178 0.0
navigationtiming 5.94565669778227e-05 0.0
nb 0.0010702182056008087 0.8531118302526235
nearby 5.94565669778227e-05 0.0
nederlands 5.94565669778227e-05 1.4127276181880462
neglected 5.94565669778227e-05 4.74493212836325
neither 5.94565669778227e-05 2.7990219793079367
net 0.0002378262679112908 0.7195804376281008
net_framework 5.94565669778227e-05 2.1058747987479913
netlogo 0.0001783697009334681 3.3586377672433594
new 5.94565669778227e-05 0.14981227822866008
newlisp 0.0001783697009334681 3.3586377672433594
newman 5.94565669778227e-05 3.3586377672433594
newpp 5.94565669778227e-05 0.0
next 5.94565669778227e-05 1.2484245668967697
nhello 0.0001189131339556454 4.74493212836325
nil 0.0002378262679112908 2.5477075510270306
nil_ 0.0001189131339556454 3.3586377672433594
nkc 0.0001783697009334681 2.3470368555648795
nkp 5.94565669778227e-05 2.3470368555648795
nl 0.0002378262679112908 1.16141318990714
nli 5.94565669778227e-05 1.3437347467010947
nlx10 5.94565669778227e-05 1.3437347467010947
no 0.0005351091028004043 0.0
node 5.94565669778227e-05 0.0
noexcerpt 5.94565669778227e-05 0.42744401482693967
nofollow 0.0009513050716451632 0.0
noicon 0.0002972828348891135 0.0
nojs 5.94565669778227e-05 0.0
non 5.94565669778227e-05 0.0
none 0.0020215232772459717 0.0
noprint 0.0004161959688447589 0.0
nor 5.94565669778227e-05 2.26002547857525
normal 0.0002972828348891135 0.0
normally 5.94565669778227e-05 2.03688192726104
noscript 0.0002378262679112908 0.0
nosnippet 5.94565669778227e-05 0.0
not 0.0002972828348891135 0.0
note 5.94565669778227e-05 0.6340582641899388
notice 5.94565669778227e-05 0.0
november 5.94565669778227e-05 0.0
noviewer 0.0001783697009334681 0.7018808605286999
nowrap 0.0006540222367560497 0.05358424613410626
nowraplinks 0.0006540222367560497 0.454472687214859
ns 0.0001189131339556454 0.0
nspecify 5.94565669778227e-05 4.74493212836325
nstab 5.94565669778227e-05 0.0
null 0.0001189131339556454 0.0
numb 0.0002972828348891135 0.0
number 0.0001189131339556454 0.0
numbers 5.94565669778227e-05 1.16141318990714
nv 0.001605327308401213 0.3141153295199365
o 0.0004756525358225816 0.0
object 0.0005351091028004043 0.5254244231871433
objectarx 0.0001783697009334681 4.74493212836325
objects 0.0001189131339556454 1.0560526742493137
october 5.94565669778227e-05 0.0
odd 0.001189131339556454 0.454472687214859
of 0.0034484808847137166 0.0
og 0.0001189131339556454 0.0
ol 0.0011296747725786313 0.035401927050916
older 5.94565669778227e-05 2.3470368555648795
oldid 0.0001783697009334681 0.0
on 0.0007729353707116952 0.0
on_lisp 5.94565669778227e-05 3.3586377672433594
one 0.0001783697009334681 0.42744401482693967
only 0.0002378262679112908 0.0
oojs_ui_icon_edit 0.0003567394018669362 0.8737311174553593
open 5.94565669778227e-05 0.7018808605286999
open_packaging_conventions 5.94565669778227e-05 4.74493212836325
openlisp 0.0003567394018669362 3.3586377672433594
opensearch_desc 5.94565669778227e-05 0.0
opensearchdescription 5.94565669778227e-05 0.0
operating 0.0002972828348891135 0.41419878807691896
operating_system 0.0002378262679112908 0.5108256237659907
operating_systems 5.94565669778227e-05 2.665490586683414
options 0.0002972828348891135 0.0
or 0.0003567394018669362 0.0
order 0.0001189131339556454 1.1073459686368643
order_function 5.94565669778227e-05 2.7990219793079367
org 0.005410547594981866 0.0
organiser 5.94565669778227e-05 0.9382696385929302
organization 0.0002972828348891135 0.0
organizations 5.94565669778227e-05 1.449095262358921
oriented 0.0001783697009334681 0.6505875661411494
oriented_programming 5.94565669778227e-05 1.0313600616589422
origin 0.0002972828348891135 0.0
original 0.0002378262679112908 0.3022808718729337
os 5.94565669778227e-05 0.6177977433181585
other 0.0002378262679112908 0.0
others 5.94565669778227e-05 1.486835590341768
out 0.0001189131339556454 0.0
output 0.008442832510850824 0.0
overflow 0.0001189131339556454 0.0
p 0.006837505202449611 0.0
packaging 5.94565669778227e-05 4.74493212836325
padding 0.004340329389381057 0.017544309650909525
page 0.002735002080979844 0.0
pagelanguagecode 5.94565669778227e-05 0.0
pagelanguagedir 5.94565669778227e-05 0.0
pageprop 5.94565669778227e-05 0.27902400970866637
pages 0.0004161959688447589 0.0
pagevariantfallbacks 5.94565669778227e-05 0.0
paired 5.94565669778227e-05 4.051784947803305
panel 0.0002378262679112908 0.0
papert 0.0001189131339556454 3.1354942159291497
parameter 5.94565669778227e-05 1.5668782980153044
parameter_ 5.94565669778227e-05 2.4423470353692043
parameters 5.94565669778227e-05 1.2791962255635234
park 0.0001189131339556454 2.4423470353692043
parsed 5.94565669778227e-05 0.0
parser 0.00856174564480647 0.0
part 5.94565669778227e-05 0.7375989431307791
party 5.94565669778227e-05 1.9723434061234688
past 5.94565669778227e-05 0.0
patroltoken 5.94565669778227e-05 0.0
paul 0.0001189131339556454 1.6538896750049343
paul_graham_ 5.94565669778227e-05 3.3586377672433594
pc 0.0003567394018669362 1.6094379124341003
pcache 5.94565669778227e-05 0.0
pdf 0.0002972828348891135 0.0
pdfs 5.94565669778227e-05 3.3586377672433594
people 5.94565669778227e-05 1.0560526742493137
performed 5.94565669778227e-05 1.8545603704670854
permalink 5.94565669778227e-05 0.0
permanent 0.0001189131339556454 0.0
personal 0.0002972828348891135 0.0
ph117364 5.94565669778227e-05 4.74493212836325
philip 0.0001189131339556454 2.26002547857525
philip_greenspun 5.94565669778227e-05 3.3586377672433594
php 0.001962066710268149 0.0
phyllis 0.0001189131339556454 3.3586377672433594
phyllis_fox 5.94565669778227e-05 3.3586377672433594
pick 0.0001189131339556454 2.953172659135195
picolisp 0.0003567394018669362 3.3586377672433594
pin 0.0001189131339556454 0.0
pinnable 0.0007134788037338725 0.0
pinned 0.000594565669778227 0.0
pitman 0.0001189131339556454 3.3586377672433594
pl 0.0002378262679112908 0.9162907318741551
place 5.94565669778227e-05 0.8737311174553593
placeholder 5.94565669778227e-05 0.0
places 0.0005351091028004043 0.0
plainlinks 0.0002378262679112908 0.20163734609324613
platform 0.0002378262679112908 0.5552773863368246
plt 0.0001189131339556454 3.6463198396951406
plt_scheme 5.94565669778227e-05 3.6463198396951406
png 0.0013080444735120995 0.0
pnt 0.0004756525358225816 4.74493212836325
pocket 5.94565669778227e-05 2.953172659135195
point 0.0004161959688447589 0.9162907318741551
pointlabel 0.0001189131339556454 4.74493212836325
points 0.0001189131339556454 2.4423470353692043
policy 0.0001189131339556454 0.0
polish 5.94565669778227e-05 0.9837320126696876
polski 5.94565669778227e-05 1.0560526742493137
poplog 0.0001783697009334681 3.1354942159291497
popups 5.94565669778227e-05 0.0
portable 0.0001189131339556454 1.5260563034950492
portable_standard_lisp 5.94565669778227e-05 3.3586377672433594
portal 0.0001783697009334681 0.0
portlet 0.001605327308401213 0.0
portuguese 5.94565669778227e-05 0.8531118302526235
português 5.94565669778227e-05 0.8531118302526235
position 0.0001783697009334681 0.0
post 0.0001189131339556454 0.0
postexpandincludesize 5.94565669778227e-05 0.0
potentially 0.0003567394018669362 2.26002547857525
powered 5.94565669778227e-05 0.0
poweredby_mediawiki_132x47 5.94565669778227e-05 0.0
poweredby_mediawiki_176x62 5.94565669778227e-05 0.0
poweredby_mediawiki_88x31 5.94565669778227e-05 0.0
poweredbyico 5.94565669778227e-05 0.0
ppvisitednodes 5.94565669778227e-05 0.0
practical 0.0001189131339556454 2.26002547857525
practical_common_lisp 5.94565669778227e-05 3.3586377672433594
practice 0.0001189131339556454 1.5260563034950492
pre 0.0002378262679112908 0.40112670650956617
preconnect 5.94565669778227e-05 0.11020314013361425
prefetch 0.0001189131339556454 0.0
prefix 5.94565669778227e-05 4.051784947803305
preprocessor 5.94565669778227e-05 0.0
preview 5.94565669778227e-05 0.0
primitive 0.0001189131339556454 2.1058747987479913
prin1 5.94565669778227e-05 4.74493212836325
princ 0.0003567394018669362 4.74493212836325
print 0.0004161959688447589 0.0
print_export 0.0001783697009334681 0.0
printable 0.0001783697009334681 0.0
printfooter 5.94565669778227e-05 0.0
privacy 0.0001783697009334681 0.0
privacy_policy 0.0001189131339556454 0.0
process 5.94565669778227e-05 0.9162907318741551
product 5.94565669778227e-05 1.4127276181880462
products 0.0003567394018669362 1.4127276181880462
profit 5.94565669778227e-05 0.0
progn 5.94565669778227e-05 4.051784947803305
program 0.0001189131339556454 0.41419878807691896
programbydesign 0.0001783697009334681 3.3586377672433594
programmer 0.0002378262679112908 0.9837320126696876
programming 0.002735002080979844 0.0
programming_language 0.001605327308401213 0.08149303425118301
programming_language_implementation 5.94565669778227e-05 1.377636298376776
programovací 5.94565669778227e-05 2.26002547857525
programs 0.0002378262679112908 0.6340582641899388
progressive 0.0005351091028004043 0.0
projects 0.0001189131339556454 0.0
prompted 5.94565669778227e-05 3.6463198396951406
prompts 5.94565669778227e-05 3.6463198396951406
properties 0.0001189131339556454 1.911718784307034
property 0.0001783697009334681 0.0
pt 0.000594565669778227 0.0
published 0.0001189131339556454 0.3504829736908114
publisher 0.0001189131339556454 0.0
purchased 5.94565669778227e-05 3.1354942159291497
push 0.0001783697009334681 0.0
pygments 0.0001189131339556454 0.6177977433181585
q 0.0001783697009334681 0.0
q782397 0.0004756525358225816 4.74493212836325
quick 5.94565669778227e-05 0.0
quiet 0.0003567394018669362 0.0
quot 0.0007134788037338725 0.9837320126696876
quotes 5.94565669778227e-05 0.09097177820572679
r 0.0002972828348891135 0.0
r1011085734 5.94565669778227e-05 0.09097177820572679
r1038841319 5.94565669778227e-05 2.3470368555648795
r1045256916 5.94565669778227e-05 3.6463198396951406
r1061467846 0.0001783697009334681 0.454472687214859
r1063604349 0.0001783697009334681 0.41419878807691896
r1066479718 0.0001189131339556454 0.21233263520999412
r1129693374 0.0003567394018669362 0.2905848321097423
r1133582631 0.0004756525358225816 0.09097177820572679
r5rs 5.94565669778227e-05 3.6463198396951406
r6rs 5.94565669778227e-05 3.6463198396951406
r7rs 5.94565669778227e-05 3.6463198396951406
racket 0.0002378262679112908 2.953172659135195
racket_ 0.0001189131339556454 3.1354942159291497
radii 5.94565669778227e-05 4.74493212836325
random 0.0001189131339556454 0.0
randomly 5.94565669778227e-05 0.0
randompage 5.94565669778227e-05 0.0
raw 5.94565669778227e-05 0.0
re 0.0001189131339556454 0.0
reactors 5.94565669778227e-05 4.74493212836325
read 0.0004756525358225816 0.0
ready 0.0011296747725786313 0.0
real 5.94565669778227e-05 0.0
recent 0.0001783697009334681 0.0
recentchanges 0.0001783697009334681 0.0
recentchangeslinked 0.0001189131339556454 0.0
recognize 5.94565669778227e-05 3.6463198396951406
records 5.94565669778227e-05 1.749199854809259
recursion 0.0001783697009334681 0.0
recursion_ 5.94565669778227e-05 2.953172659135195
red 5.94565669778227e-05 0.09097177820572679
redirect 0.0013080444735120995 0.008733679968754631
reduced 5.94565669778227e-05 0.0
reference 0.001426957607467745 0.035401927050916
references 0.000594565669778227 0.008733679968754631
referencetooltips 5.94565669778227e-05 0.0
referrer 0.0001783697009334681 0.0
reflist 0.0008918485046673405 0.09097177820572679
registered 5.94565669778227e-05 0.0
registration 0.0001189131339556454 0.08149303425118301
regular 0.0001189131339556454 2.26002547857525
rel 0.002972828348891135 0.0
related 0.0002972828348891135 0.0
relative 0.0001189131339556454 1.377636298376776
release 0.0002378262679112908 0.49643688631389105
released 0.0001189131339556454 1.0072625100798818
releases 0.0001189131339556454 1.449095262358921
remained 5.94565669778227e-05 2.3470368555648795
renamed 5.94565669778227e-05 2.1799827709017134
rendering 5.94565669778227e-05 0.0
repeat 0.0002378262679112908 0.0721032939013439
repl 5.94565669778227e-05 3.1354942159291497
replace 5.94565669778227e-05 0.0
replaced 5.94565669778227e-05 1.8545603704670854
replacement 5.94565669778227e-05 2.3470368555648795
report 0.0001189131339556454 0.0
republic 5.94565669778227e-05 2.1799827709017134
request 5.94565669778227e-05 1.1895840668738364
requests 0.0001189131339556454 2.953172659135195
require 5.94565669778227e-05 0.0
requires 5.94565669778227e-05 1.5668782980153044
reset 5.94565669778227e-05 0.26759531388504365
resnick 0.0001189131339556454 3.1354942159291497
resourceloaderdynamicstyles 5.94565669778227e-05 0.0
result 0.0001783697009334681 0.9837320126696876
retrieved 0.0004756525358225816 0.0
return 5.94565669778227e-05 1.1073459686368643
returns 5.94565669778227e-05 2.03688192726104
returnto 0.0002378262679112908 0.0
revealed 5.94565669778227e-05 3.3586377672433594
revision 0.0001783697009334681 0.0
revisions 5.94565669778227e-05 0.0
rfr_id 0.0004756525358225816 0.10054122922187746
rft 0.0009513050716451632 0.10054122922187746
rft_id 0.0004756525358225816 0.11020314013361425
rft_val_fmt 0.0004756525358225816 0.10054122922187746
rgba 5.94565669778227e-05 0.09097177820572679
richard 0.0003567394018669362 1.486835590341768
richard_greenblatt_ 5.94565669778227e-05 3.3586377672433594
richard_p 5.94565669778227e-05 3.3586377672433594
richard_stallman 5.94565669778227e-05 2.7990219793079367
right 0.0007729353707116952 0.0
rl 5.94565669778227e-05 0.0
rlconf 5.94565669778227e-05 0.0
rlpagemodules 5.94565669778227e-05 0.0
rlq 0.0003567394018669362 0.0
rlstate 5.94565669778227e-05 0.0
robert 0.0002378262679112908 1.5668782980153044
robert_bruce_findler 5.94565669778227e-05 3.3586377672433594
robert_tappan_morris 5.94565669778227e-05 3.3586377672433594
robots 5.94565669778227e-05 0.0
role 0.0010107616386229859 0.0
roman 0.0002378262679112908 0.09097177820572679
ronleigh 5.94565669778227e-05 4.74493212836325
rootpage 5.94565669778227e-05 0.0
row 0.0020809798442237943 0.12981161152199053
rpl 0.0001189131339556454 3.3586377672433594
rpl_ 5.94565669778227e-05 3.3586377672433594
rscheme 0.0001783697009334681 3.3586377672433594
rsd 0.0001189131339556454 0.0
rt 5.94565669778227e-05 1.8545603704670854
rtos 0.0001189131339556454 4.74493212836325
rule 0.0001189131339556454 1.486835590341768
russell 0.0001189131339556454 2.953172659135195
s 0.0011296747725786313 0.0
sa 0.0001189131339556454 0.0
same 0.0001189131339556454 0.8737311174553593
sameas 0.0001189131339556454 0.0
saved 5.94565669778227e-05 0.0
sbcl 5.94565669778227e-05 3.1354942159291497
schema 0.0001189131339556454 0.0
scheme 0.0017242404423568583 2.5477075510270306
scheme_ 0.0001783697009334681 2.7990219793079367
scheme_48 5.94565669778227e-05 3.3586377672433594
scheme_implementation 0.0004161959688447589 3.1354942159291497
scheme_requests_for_implementation 5.94565669778227e-05 3.3586377672433594
science 0.0005351091028004043 0.3504829736908114
scientist 0.0002378262679112908 1.377636298376776
scm 0.0001189131339556454 3.1354942159291497
scm_ 5.94565669778227e-05 3.3586377672433594
scope 0.002378262679112908 0.11995931507897897
scope_ 0.0001189131339556454 2.26002547857525
scoped 5.94565669778227e-05 2.7990219793079367
scott 0.0001189131339556454 2.665490586683414
scott_fahlman 5.94565669778227e-05 3.3586377672433594
screen 0.0001783697009334681 0.0
scribunto 5.94565669778227e-05 0.008733679968754631
script 0.0008323919376895178 0.0
scripting 0.0001783697009334681 1.3109449238781037
scripting_languages 5.94565669778227e-05 2.1799827709017134
scripts 5.94565669778227e-05 0.0
scsh 0.0001783697009334681 3.3586377672433594
search 0.001605327308401213 0.0
searchbutton 0.0002378262679112908 0.0
searchform 5.94565669778227e-05 0.0
searchinput 5.94565669778227e-05 0.0
seconds 0.0001783697009334681 0.0
section 0.000594565669778227 0.0
selected 0.0002378262679112908 0.0
selector 5.94565669778227e-05 0.0
self 0.0001783697009334681 1.749199854809259
selflink 0.0005351091028004043 0.08149303425118301
sentences 5.94565669778227e-05 0.0
september 5.94565669778227e-05 0.0
servlet 5.94565669778227e-05 3.3586377672433594
set 0.0001783697009334681 0.0
setq 5.94565669778227e-05 4.74493212836325
settable 5.94565669778227e-05 4.74493212836325
seymour 0.0001189131339556454 3.1354942159291497
seymour_papert 5.94565669778227e-05 3.1354942159291497
sfdcarticles 0.0002378262679112908 4.74493212836325
sh88006120 5.94565669778227e-05 4.74493212836325
sha1 5.94565669778227e-05 0.10054122922187746
shadow 0.0003567394018669362 0.5860490450035782
sharealike 5.94565669778227e-05 0.0
sharealike_3 5.94565669778227e-05 0.0
show 0.0002378262679112908 0.0
shriram 0.0001189131339556454 2.953172659135195
shriram_krishnamurthi 5.94565669778227e-05 3.3586377672433594
sicp 5.94565669778227e-05 3.3586377672433594
sidebar 0.0006540222367560497 0.0
simple 5.94565669778227e-05 0.6017974019717174
simplesearch 5.94565669778227e-05 0.0
since 0.0001783697009334681 0.9162907318741551
siod 0.0001783697009334681 3.3586377672433594
site 0.0002972828348891135 0.0
sitedir 5.94565669778227e-05 0.0
siteid 5.94565669778227e-05 4.74493212836325
sitelinks 5.94565669778227e-05 0.0
sitenotice 0.0001189131339556454 0.0
sitesub 5.94565669778227e-05 0.0
sitesupport 5.94565669778227e-05 0.0
size 0.0010702182056008087 0.0
sizing 5.94565669778227e-05 0.25629575863111026
skill 0.0001189131339556454 3.1354942159291497
skin 0.0007729353707116952 0.0
skins 0.0003567394018669362 0.0
small 0.0001783697009334681 0.0721032939013439
so 5.94565669778227e-05 0.8329091229351039
software 0.0005351091028004043 0.08149303425118301
software_company 5.94565669778227e-05 3.1354942159291497
software_design 5.94565669778227e-05 0.5705448584676129
software_developer 5.94565669778227e-05 0.9382696385929302
software_release_life_cycle 5.94565669778227e-05 0.7018808605286999
sold 0.0001189131339556454 2.4423470353692043
solid 0.0001783697009334681 0.2340726218464
solomon 0.0001189131339556454 3.3586377672433594
some 5.94565669778227e-05 0.5108256237659907
space 0.0004161959688447589 0.11995931507897897
spacing 0.0007729353707116952 0.2905848321097423
span 0.03478209168202628 0.0
spanish 5.94565669778227e-05 0.7195804376281008
special 0.001367501040489922 0.0
specialpages 0.0001189131339556454 0.0
specific 0.0001189131339556454 0.9837320126696876
specific_language 5.94565669778227e-05 3.1354942159291497
specifically 0.0001783697009334681 1.9723434061234688
spice 0.0001189131339556454 3.3586377672433594
spice_lisp 5.94565669778227e-05 3.3586377672433594
src 0.0007134788037338725 0.0
srcset 0.0003567394018669362 0.0
ss 5.94565669778227e-05 3.3586377672433594
stable 5.94565669778227e-05 0.7195804376281008
stallman 0.0001189131339556454 2.7990219793079367
standard 0.0002972828348891135 0.0
standardized 5.94565669778227e-05 2.1799827709017134
standards 5.94565669778227e-05 1.4127276181880462
stanford 0.0001189131339556454 2.26002547857525
stanford_artificial_intelligence_laboratory 5.94565669778227e-05 3.3586377672433594
stanford_university_centers_and_institutes 5.94565669778227e-05 2.953172659135195
starlogo 0.0001783697009334681 3.1354942159291497
start 0.0001189131339556454 0.0
startup 0.0001189131339556454 0.0
statement 5.94565669778227e-05 0.0
statements 0.0003567394018669362 0.9382696385929302
states 5.94565669778227e-05 1.0072625100798818
static 0.0007729353707116952 0.0
statistics 5.94565669778227e-05 0.0
stats 5.94565669778227e-05 0.0
statslink 5.94565669778227e-05 0.0
status 5.94565669778227e-05 0.0
steel 0.0001189131339556454 3.1354942159291497
steel_bank_common_lisp 5.94565669778227e-05 3.3586377672433594
steele 0.0002378262679112908 2.953172659135195
steve 0.0001189131339556454 2.3470368555648795
steve_russell_ 5.94565669778227e-05 3.3586377672433594
sticky 0.0001189131339556454 0.0
stopmobileredirecttoggle 5.94565669778227e-05 0.0
storage 5.94565669778227e-05 1.449095262358921
strcat 5.94565669778227e-05 4.74493212836325
strong 5.94565669778227e-05 0.8737311174553593
structure 0.0002378262679112908 1.1073459686368643
structure_and_interpretation_of_computer_programs 5.94565669778227e-05 3.3586377672433594
structured 5.94565669778227e-05 0.0
structures 5.94565669778227e-05 1.16141318990714
style 0.01165348712765325 0.0
styles 0.0009513050716451632 0.0
stylesheet 0.0001189131339556454 0.0
subbox 5.94565669778227e-05 0.21233263520999412
subgroup 0.0007729353707116952 0.454472687214859
subheader 5.94565669778227e-05 0.21233263520999412
subject 5.94565669778227e-05 0.0
subjects 5.94565669778227e-05 1.3437347467010947
sublist 0.0002972828348891135 0.0
submit 0.0001189131339556454 0.0
subroutine 0.0001189131339556454 1.9723434061234688
subscription 0.0001189131339556454 0.09097177820572679
subset 5.94565669778227e-05 1.9723434061234688
subtitle 5.94565669778227e-05 0.0
successive 5.94565669778227e-05 4.74493212836325
such 0.0001783697009334681 0.454472687214859
suggestededitsession 5.94565669778227e-05 0.0
summary 5.94565669778227e-05 0.19105523676270922
sup 0.0015458707414233903 0.0721032939013439
superset 5.94565669778227e-05 2.26002547857525
support 0.000594565669778227 0.0
supports 5.94565669778227e-05 0.8531118302526235
susceptible 5.94565669778227e-05 4.74493212836325
sussman 0.0002378262679112908 3.3586377672433594
sv 0.0002378262679112908 1.486835590341768
svenska 5.94565669778227e-05 1.486835590341768
svg 0.001783697009334681 0.0
swedish 5.94565669778227e-05 1.3437347467010947
switcher 5.94565669778227e-05 0.0
symbol 5.94565669778227e-05 1.749199854809259
symbol_category_class 0.0007134788037338725 1.0072625100798818
symbol_list_class 0.0003567394018669362 1.6538896750049343
symbolics 0.0002378262679112908 3.3586377672433594
symbols 5.94565669778227e-05 1.911718784307034
system 0.000594565669778227 0.11020314013361425
systems 5.94565669778227e-05 0.454472687214859
t 0.0010702182056008087 0.0
t_ 0.0001189131339556454 3.3586377672433594
tab 0.0002972828348891135 0.0
tabindex 0.0001189131339556454 0.0
table 0.0018431535763125037 0.0
tabs 0.0001189131339556454 0.0
tag 5.94565669778227e-05 1.486835590341768
tagline 0.0001783697009334681 0.0
tags 5.94565669778227e-05 0.0
talk 0.000594565669778227 0.0
tappan 0.0001189131339556454 3.3586377672433594
target 0.0010702182056008087 0.0
targetloader 5.94565669778227e-05 0.0
tb 0.0001783697009334681 0.0
tbody 0.0015458707414233903 0.044451762570833796
td 0.009394137582495988 0.044451762570833796
technical 0.0001189131339556454 1.2185716037470886
technical_standard 5.94565669778227e-05 2.26002547857525
technologies 5.94565669778227e-05 1.486835590341768
technology 0.0001189131339556454 0.7195804376281008
telephone 5.94565669778227e-05 0.0
template 0.0024377192460907308 0.0
template_talk 0.0001783697009334681 0.41419878807691896
templateargumentsize 5.94565669778227e-05 0.0
templatestyles 0.0014864141744455675 0.017544309650909525
tenth 5.94565669778227e-05 3.1354942159291497
term 5.94565669778227e-05 1.6094379124341003
terms 0.0001189131339556454 0.0
terms_of_use 5.94565669778227e-05 0.0
text 0.0030917414828467806 0.0
text_of_the_creative_commons_attribution 5.94565669778227e-05 0.0
textsize 5.94565669778227e-05 4.74493212836325
th 0.010226529520185504 0.11995931507897897
than 5.94565669778227e-05 0.6340582641899388
that 0.0004756525358225816 0.18058393689541388
the 0.00439978595635888 0.0
their 5.94565669778227e-05 0.7559480817989758
them 5.94565669778227e-05 0.9837320126696876
then 0.0001189131339556454 0.6017974019717174
there 5.94565669778227e-05 0.8737311174553593
therefore 5.94565669778227e-05 1.749199854809259
these 5.94565669778227e-05 0.6340582641899388
third 5.94565669778227e-05 1.377636298376776
this 0.0020809798442237943 0.0
thousands 5.94565669778227e-05 3.3586377672433594
through 5.94565669778227e-05 0.8531118302526235
thumb 0.0007134788037338725 0.12981161152199053
thumbnail 5.94565669778227e-05 0.0
ti 0.0001189131339556454 2.7990219793079367
ti_explorer 5.94565669778227e-05 3.3586377672433594
time 0.0002972828348891135 0.0
timeline 5.94565669778227e-05 1.4127276181880462
timestamp 0.0001189131339556454 0.0
timeusage 5.94565669778227e-05 0.008733679968754631
timingprofile 5.94565669778227e-05 0.0
timothy 5.94565669778227e-05 3.1354942159291497
tinyscheme 0.0001783697009334681 3.3586377672433594
title 0.02372317022415126 0.0
titlebar 0.0004756525358225816 0.0
titleform 5.94565669778227e-05 0.0
to 0.002794458647957667 0.0
toc 0.0048754384921814616 0.0
toccolours 5.94565669778227e-05 3.6463198396951406
toggle 0.0005351091028004043 0.0
toggle_view_mobile 5.94565669778227e-05 0.0
tokens 5.94565669778227e-05 0.0
toolbar 0.0001783697009334681 0.0
tools 0.0005351091028004043 0.0
tooltip 0.0001783697009334681 2.3470368555648795
top 0.0005351091028004043 0.0
topics 5.94565669778227e-05 1.8545603704670854
total 0.0001189131339556454 0.0
touch 0.0001189131339556454 0.0
tr 0.009750876984362923 0.044451762570833796
trademark 5.94565669778227e-05 0.0
trans 0.0001189131339556454 4.051784947803305
transclusion 5.94565669778227e-05 0.0
transientcontent 5.94565669778227e-05 0.0
transparent 0.0006540222367560497 0.06280090123903044
tree 0.0001189131339556454 2.1058747987479913
tree_data_structure 5.94565669778227e-05 3.3586377672433594
triggered 5.94565669778227e-05 0.0
troubleshooting 0.0001189131339556454 4.74493212836325
true 0.001426957607467745 0.0
ttl 5.94565669778227e-05 0.0
turkish 5.94565669778227e-05 1.3437347467010947
type 0.0020809798442237943 0.0
type_system 5.94565669778227e-05 0.7746402148111283
typed 5.94565669778227e-05 1.0313600616589422
typing 0.0003567394018669362 0.7018808605286999
türkçe 5.94565669778227e-05 1.3437347467010947
u 0.0001189131339556454 0.0
ucblogo 0.0001783697009334681 3.3586377672433594
ucs 5.94565669778227e-05 4.74493212836325
ui 0.0031511980498246032 0.0
uid 0.0002378262679112908 1.1073459686368643
uk 0.0002378262679112908 0.6340582641899388
ukrainian 5.94565669778227e-05 0.8131064956389242
ul 0.006480765800582674 0.0
uli 5.94565669778227e-05 1.3109449238781037
uls 0.0002972828348891135 0.0
under 5.94565669778227e-05 0.0
united 5.94565669778227e-05 0.9837320126696876
university 0.0001783697009334681 0.8947845266531914
university_of_california 5.94565669778227e-05 3.1354942159291497
unknown 0.0004756525358225816 0.26759531388504365
unpin 0.0001189131339556454 0.0
unpinned 0.0001189131339556454 0.0
unstandardized 5.94565669778227e-05 3.3586377672433594
unstrip 0.0002378262679112908 0.0
up 5.94565669778227e-05 0.8947845266531914
update 0.0001189131339556454 1.8004931491968095
updated 0.0001189131339556454 0.41419878807691896
upload 0.0013080444735120995 0.0
upon 5.94565669778227e-05 1.9723434061234688
upper 0.0002378262679112908 0.09097177820572679
url 0.0004756525358225816 0.0
us 0.0001189131339556454 0.0
usa 5.94565669778227e-05 2.03688192726104
usage 0.0002378262679112908 0.0
use 0.0004161959688447589 0.0
used 5.94565669778227e-05 0.19105523676270922
uselang 5.94565669778227e-05 0.0
user 0.0020809798442237943 0.0
useradd 0.0001189131339556454 0.0
userlogin 0.0001189131339556454 0.0
users 5.94565669778227e-05 0.9382696385929302
using 0.0002378262679112908 0.0
utc 5.94565669778227e-05 0.0
utf 5.94565669778227e-05 0.0
utilities 5.94565669778227e-05 2.4423470353692043
utm_campaign 5.94565669778227e-05 0.0
utm_medium 5.94565669778227e-05 0.0
utm_source 5.94565669778227e-05 0.0
ux 5.94565669778227e-05 0.08149303425118301
v 0.0001783697009334681 0.3382128810989969
value 0.0008323919376895178 0.0
values 5.94565669778227e-05 0.9837320126696876
var 0.0001189131339556454 0.0
variable 0.0001783697009334681 0.9382696385929302
variant 0.0001189131339556454 0.0
variants 0.0003567394018669362 0.0
vary 5.94565669778227e-05 0.10054122922187746
vba 0.0006540222367560497 3.6463198396951406
vba_5 0.0001189131339556454 4.74493212836325
vbasupport 0.0001189131339556454 4.74493212836325
vbasupport_6 0.0001189131339556454 4.74493212836325
ve 5.94565669778227e-05 0.0
vector 0.014388489208633094 0.0
vendors 5.94565669778227e-05 2.4423470353692043
version 0.0004756525358225816 0.0
versions 0.0001783697009334681 1.0813704822336037
vertical 5.94565669778227e-05 0.6017974019717174
vevent 5.94565669778227e-05 0.22314355131420976
view 0.0008918485046673405 0.0
viewport 5.94565669778227e-05 0.0
views 0.0001783697009334681 0.0
visible 5.94565669778227e-05 0.09097177820572679
visit 0.0001189131339556454 0.0
visited 5.94565669778227e-05 0.0
visual 0.0006540222367560497 0.9607424944449889
visual_basic_for_applications 5.94565669778227e-05 3.6463198396951406
visualeditor 0.0002378262679112908 0.0
vital 0.0001783697009334681 4.74493212836325
vlx 5.94565669778227e-05 4.74493212836325
vs 0.0001189131339556454 2.1799827709017134
vue 0.0001189131339556454 0.0
w 0.001962066710268149 0.0
walltime 5.94565669778227e-05 0.0
wally 0.0001189131339556454 3.3586377672433594
wally_feurzeig 5.94565669778227e-05 3.3586377672433594
was 0.000594565669778227 0.0
watchlist 5.94565669778227e-05 0.0
watchtoken 5.94565669778227e-05 0.0
wb 0.0001189131339556454 0.0
wbc 5.94565669778227e-05 0.0
web 0.0009513050716451632 0.09097177820572679
website 5.94565669778227e-05 0.0
weight 0.0002972828348891135 0.05358424613410626
weinreb 0.0001189131339556454 3.3586377672433594
wgaction 5.94565669778227e-05 0.0
wgarticleid 5.94565669778227e-05 0.0
wgbackendresponsetime 5.94565669778227e-05 0.0
wgbreakframes 5.94565669778227e-05 0.0
wgcanonicalnamespace 5.94565669778227e-05 0.0
wgcanonicalspecialpagename 5.94565669778227e-05 0.0
wgcategories 5.94565669778227e-05 0.0
wgcentralauthmobiledomain 5.94565669778227e-05 0.0
wgcspnonce 5.94565669778227e-05 0.0
wgcurrevisionid 5.94565669778227e-05 0.0
wgdefaultdateformat 5.94565669778227e-05 0.0
wgdigittransformtable 5.94565669778227e-05 0.0
wgeditsubmitbuttonlabelpublish 5.94565669778227e-05 0.0
wgflaggedrevsparams 5.94565669778227e-05 0.0
wggestructuredtaskrejectionreasontextinputenabled 5.94565669778227e-05 0.0
wggetopicsmatchmodeenabled 5.94565669778227e-05 0.0
wghostname 5.94565669778227e-05 0.0
wgisarticle 5.94565669778227e-05 0.0
wgisprobablyeditable 5.94565669778227e-05 0.0
wgisredirect 5.94565669778227e-05 0.0
wgmediaviewerenabledbydefault 5.94565669778227e-05 0.0
wgmediavieweronclick 5.94565669778227e-05 0.0
wgmfdisplaywikibasedescriptions 5.94565669778227e-05 0.0
wgmonthnames 5.94565669778227e-05 0.0
wgnamespacenumber 5.94565669778227e-05 0.0
wgnoticeproject 5.94565669778227e-05 0.0
wgpagecontentlanguage 5.94565669778227e-05 0.0
wgpagecontentmodel 5.94565669778227e-05 0.0
wgpagename 5.94565669778227e-05 0.0
wgpageparsereport 5.94565669778227e-05 0.0
wgpopupsflags 5.94565669778227e-05 0.0
wgrelevantarticleid 5.94565669778227e-05 0.0
wgrelevantpageisprobablyeditable 5.94565669778227e-05 0.0
wgrelevantpagename 5.94565669778227e-05 0.0
wgrequestid 5.94565669778227e-05 0.0
wgrestrictionedit 5.94565669778227e-05 0.0
wgrestrictionmove 5.94565669778227e-05 0.0
wgrevisionid 5.94565669778227e-05 0.0
wgseparatortransformtable 5.94565669778227e-05 0.0
wgtitle 5.94565669778227e-05 0.0
wgulscurrentautonym 5.94565669778227e-05 0.0
wgulsiscompactlinksenabled 5.94565669778227e-05 0.0
wgulsislanguageselectorempty 5.94565669778227e-05 0.0
wgulsposition 5.94565669778227e-05 0.0
wgusergroups 5.94565669778227e-05 0.0
wgusername 5.94565669778227e-05 0.0
wgvector2022previewpages 5.94565669778227e-05 0.0
wgvisualeditor 5.94565669778227e-05 0.0
wgwikibaseitemid 5.94565669778227e-05 0.0
wgwmepagelength 5.94565669778227e-05 0.0
wgwmeschemaeditattemptstepoversample 5.94565669778227e-05 0.0
what 5.94565669778227e-05 0.0
whatlinkshere 0.0001189131339556454 0.0
when 0.0001783697009334681 0.0
which 0.0003567394018669362 0.3022808718729337
white 0.0002378262679112908 0.12981161152199053
width 0.005767286996848802 0.0
wiki 0.019442297401748024 0.0
wikibase 0.0002378262679112908 0.0
wikidata 0.0006540222367560497 0.0
wikimedia 0.0026755455140020216 0.0
wikimediabadges 5.94565669778227e-05 0.0
wikimediaevents 5.94565669778227e-05 0.0
wikimediafoundation 0.0001189131339556454 0.0
wikipedia 0.005826743563826625 0.0
wikisource 5.94565669778227e-05 0.09097177820572679
wikitext 5.94565669778227e-05 0.0
william 0.0001189131339556454 1.8545603704670854
william_clinger_ 5.94565669778227e-05 3.3586377672433594
window 0.0001783697009334681 0.0
with 0.0029133717819133124 0.0
within 0.0001189131339556454 1.0072625100798818
without 5.94565669778227e-05 0.9162907318741551
wmf 0.0001783697009334681 0.0
word 0.0002378262679112908 0.05358424613410626
wordmark 0.0001189131339556454 0.0
works 5.94565669778227e-05 0.0
world 0.0003567394018669362 0.8737311174553593
would 0.0002972828348891135 1.1895840668738364
wpformidentifier 5.94565669778227e-05 0.0
wrap 0.0001189131339556454 0.06280090123903044
written 5.94565669778227e-05 0.44086703515908027
ws 5.94565669778227e-05 0.09097177820572679
www 0.0010702182056008087 0.0
x 0.0004161959688447589 0.0
x3j13 0.0001783697009334681 3.3586377672433594
xanalys 0.0001783697009334681 3.3586377672433594
xlisp 0.0002378262679112908 4.051784947803305
xml 0.0001783697009334681 0.0
y 0.0003567394018669362 0.0
years 0.0001189131339556454 0.454472687214859
yes 5.94565669778227e-05 0.0
you 0.0002972828348891135 0.0
yue 0.0002378262679112908 0.540239508972284
z 0.0002378262679112908 0.0
z39 0.0004756525358225816 0.10054122922187746
z3988 0.0004756525358225816 0.10054122922187746
zetalisp 0.0001783697009334681 3.3586377672433594
zh 0.0003567394018669362 0.48225225132193467
zil 5.94565669778227e-05 3.6463198396951406
zil_ 5.94565669778227e-05 3.6463198396951406
zork 5.94565669778227e-05 3.6463198396951406
zork_implementation_language 5.94565669778227e-05 3.6463198396951406
українська 5.94565669778227e-05 0.8329091229351039
עברית 5.94565669778227e-05 1.5668782980153044
أوتوليسب 5.94565669778227e-05 4.74493212836325
العربية 5.94565669778227e-05 1.16141318990714
中文 5.94565669778227e-05 0.8329091229351039
粵語 5.94565669778227e-05 0.540239508972284
