0 0.005408112168252379 0.0
00 0.00100150225338007 0.0
000 0.00020030045067601402 0.0
004 0.00020030045067601402 3.1354942159291497
01 0.00020030045067601402 0.3382128810989969
02 0.00010015022533800701 0.48225225132193467
023 0.00020030045067601402 4.74493212836325
03 0.00010015022533800701 0.44086703515908027
039 0.00040060090135202804 0.0
05 0.00010015022533800701 0.6340582641899388
07 0.00040060090135202804 0.6177977433181585
09t10 0.00020030045067601402 4.74493212836325
0_unported_license 0.00010015022533800701 0.0
1 0.0063094641962944415 0.0
10 0.00100150225338007 0.0
100 0.001301952929394091 0.0
1000 0.00010015022533800701 0.0
1000000 0.00020030045067601402 0.0
1049019946 0.000701051577366049 4.74493212836325
107 0.00010015022533800701 1.6538896750049343
10px 0.00010015022533800701 0.454472687214859
11 0.000500751126690035 0.21233263520999412
115 0.00020030045067601402 1.911718784307034
115271 0.00010015022533800701 4.74493212836325
117 0.00010015022533800701 0.0
12 0.00020030045067601402 0.18058393689541388
122 0.00020030045067601402 1.911718784307034
125em 0.00020030045067601402 0.0
127 0.00010015022533800701 0.09097177820572679
12px 0.00010015022533800701 0.09097177820572679
12s5i 0.00010015022533800701 0.0
13 0.00010015022533800701 0.0
133 0.00010015022533800701 0.08149303425118301
14 0.00010015022533800701 0.22314355131420976
15 0.00010015022533800701 0.3382128810989969
15px 0.00010015022533800701 0.8531118302526235
16 0.00030045067601402103 0.2451224580329849
160 0.0006009013520280421 0.0
17 0.00010015022533800701 0.44086703515908027
177 0.00020030045067601402 3.3586377672433594
18 0.00020030045067601402 0.48225225132193467
1814400 0.00020030045067601402 0.5705448584676129
19 0.00020030045067601402 0.38822330167365837
1991 0.00020030045067601402 1.4127276181880462
1992 0.00010015022533800701 1.6538896750049343
1993 0.00020030045067601402 1.4127276181880462
1994 0.00010015022533800701 1.911718784307034
1995 0.00020030045067601402 1.377636298376776
1996 0.00010015022533800701 1.8004931491968095
1997 0.00010015022533800701 1.7004096906398272
1998 0.00030045067601402103 1.377636298376776
1em 0.0006009013520280421 0.02643325706815543
1px 0.00030045067601402103 0.2451224580329849
1x1 0.00010015022533800701 0.0
2 0.0022033049574361543 0.0
20 0.000500751126690035 0.0
2000 0.00020030045067601402 1.0813704822336037
2002 0.00010015022533800701 1.0560526742493137
2003 0.00010015022533800701 0.9837320126696876
2004 0.00020030045067601402 0.06280090123903044
2005 0.00030045067601402103 0.8531118302526235
2006 0.00010015022533800701 1.0072625100798818
2007 0.00020030045067601402 0.9382696385929302
2007a 0.00010015022533800701 4.74493212836325
2008 0.00010015022533800701 1.0313600616589422
2010 0.00010015022533800701 0.8329091229351039
2011 0.00010015022533800701 0.6017974019717174
2013 0.000500751126690035 0.6844891178168307
2016 0.00010015022533800701 0.9837320126696876
2018 0.00010015022533800701 1.0072625100798818
2021 0.00030045067601402103 0.7746402148111283
2022 0.000500751126690035 0.0
20230315025932 0.00030045067601402103 4.74493212836325
2097152 0.00040060090135202804 0.0
20px 0.00010015022533800701 0.8531118302526235
21 0.00040060090135202804 0.3504829736908114
214 0.00020030045067601402 4.74493212836325
21t22 0.00020030045067601402 4.051784947803305
22 0.00010015022533800701 0.26759531388504365
2282754 0.00030045067601402103 4.74493212836325
232 0.00010015022533800701 2.953172659135195
236 0.00020030045067601402 3.3586377672433594
24 0.00020030045067601402 0.5254244231871433
2500 0.00010015022533800701 4.051784947803305
255 0.00010015022533800701 0.09097177820572679
25em 0.00030045067601402103 0.035401927050916
26 0.00010015022533800701 0.0
27 0.00030045067601402103 0.42744401482693967
2790en 0.00010015022533800701 4.74493212836325
28 0.00010015022533800701 0.5860490450035782
28z 0.00020030045067601402 3.1354942159291497
2967357 0.00010015022533800701 4.74493212836325
29z 0.00020030045067601402 3.1354942159291497
2cicon 0.00010015022533800701 0.0
2cstyles 0.00010015022533800701 0.0
2em 0.00020030045067601402 0.06280090123903044
2f 0.00010015022533800701 0.11020314013361425
2f98may 0.00010015022533800701 4.74493212836325
2fen 0.00010015022533800701 0.10054122922187746
2ffmt 0.00010015022533800701 0.10054122922187746
2fhpjournal 0.00010015022533800701 4.74493212836325
2fmay98a13 0.00010015022533800701 4.74493212836325
2fwww 0.00010015022533800701 0.3382128810989969
2px 0.00020030045067601402 0.26759531388504365
2x 0.00040060090135202804 0.0
3 0.0017025538307461191 0.0
30 0.00010015022533800701 0.5705448584676129
300 0.00020030045067601402 1.6094379124341003
3071446 0.00020030045067601402 4.74493212836325
30em 0.00010015022533800701 0.09097177820572679
31 0.00030045067601402103 0.0
3125em 0.00010015022533800701 0.0
32 0.00040060090135202804 0.26759531388504365
33 0.000701051577366049 0.8531118302526235
34 0.00020030045067601402 1.1340142157190256
36 0.00020030045067601402 0.8131064956389242
37 0.00020030045067601402 1.0072625100798818
38 0.00020030045067601402 1.0313600616589422
39 0.00020030045067601402 0.3141153295199365
3a 0.00010015022533800701 0.11020314013361425
3a3 0.00010015022533800701 0.09097177820572679
3ajournal 0.00010015022533800701 0.3260915205666521
3akev 0.00010015022533800701 0.10054122922187746
3akeysight 0.00010015022533800701 4.74493212836325
3amtx 0.00010015022533800701 0.10054122922187746
3aofi 0.00010015022533800701 0.10054122922187746
3asid 0.00010015022533800701 0.10054122922187746
3cols 0.00010015022533800701 0.21233263520999412
3em 0.00020030045067601402 0.035401927050916
3px 0.00020030045067601402 0.12981161152199053
4 0.0008012018027040561 0.02643325706815543
40 0.00010015022533800701 0.0
400 0.00020030045067601402 0.0
417 0.00020030045067601402 3.6463198396951406
48ac 0.00010015022533800701 4.74493212836325
4c 0.00010015022533800701 0.09097177820572679
5 0.001301952929394091 0.11020314013361425
50 0.00030045067601402103 0.0
500 0.00020030045067601402 0.0
5000000 0.00020030045067601402 0.0
52428800 0.00020030045067601402 0.008733679968754631
53 0.00020030045067601402 1.3437347467010947
54 0.00040060090135202804 1.0072625100798818
547 0.00020030045067601402 4.74493212836325
55 0.00020030045067601402 1.1895840668738364
59 0.00020030045067601402 0.40112670650956617
5988 0.00010015022533800701 4.74493212836325
5em 0.000500751126690035 0.0
5x 0.00040060090135202804 0.0
6 0.0008012018027040561 0.044451762570833796
65 0.00010015022533800701 0.05358424613410626
683 0.00020030045067601402 4.74493212836325
69 0.00020030045067601402 1.2791962255635234
7 0.00100150225338007 0.0
700 0.00020030045067601402 2.7990219793079367
716 0.00020030045067601402 4.051784947803305
720px 0.00010015022533800701 0.0
74 0.00020030045067601402 1.0072625100798818
747 0.00020030045067601402 4.74493212836325
77 0.00020030045067601402 1.4127276181880462
781 0.00020030045067601402 3.6463198396951406
79 0.00040060090135202804 1.8545603704670854
799 0.00020030045067601402 3.3586377672433594
7cext 0.00030045067601402103 0.0
7cmediawiki 0.00010015022533800701 0.0
7cskins 0.00010015022533800701 0.0
7cwikibase 0.00010015022533800701 0.0
8 0.0011016524787180772 0.0
80 0.00020030045067601402 0.3022808718729337
8125em 0.00010015022533800701 0.0
82 0.00010015022533800701 0.9162907318741551
8446 0.00020030045067601402 4.74493212836325
857 0.00020030045067601402 4.051784947803305
862 0.00020030045067601402 4.74493212836325
88 0.000701051577366049 0.0
8862 0.00020030045067601402 4.74493212836325
8a 0.00030045067601402103 0.7375989431307791
9 0.0016024036054081122 0.11020314013361425
90 0.00020030045067601402 0.08149303425118301
9000 0.00010015022533800701 2.1058747987479913
906 0.00020030045067601402 4.051784947803305
91 0.00010015022533800701 0.0721032939013439
93 0.00010015022533800701 0.06280090123903044
95 0.00020030045067601402 0.035401927050916
95c0156eb63d 0.00010015022533800701 4.74493212836325
97 0.00010015022533800701 0.9607424944449889
98 0.00030045067601402103 0.8131064956389242
987007551406805171 0.00010015022533800701 4.74493212836325
98may 0.00010015022533800701 4.74493212836325
9f_ 0.00010015022533800701 4.051784947803305
9px 0.00030045067601402103 0.09097177820572679
a 0.028743114672008012 0.0
a0 0.00020030045067601402 0.25629575863111026
a2a9b1 0.00010015022533800701 0.27902400970866637
a2f37bc7 0.00010015022533800701 4.74493212836325
a8 0.0008012018027040561 0.6844891178168307
a9 0.00030045067601402103 0.9382696385929302
a900 0.00010015022533800701 4.74493212836325
aa 0.00010015022533800701 0.0721032939013439
about 0.000901352028042063 0.0
aboutsite 0.00010015022533800701 0.0
above 0.00010015022533800701 0.1599646496926782
abovebelow 0.00040060090135202804 0.44086703515908027
absolute 0.00010015022533800701 0.0
access 0.00020030045067601402 0.8131064956389242
accessing 0.00010015022533800701 2.7990219793079367
accesskey 0.0019028542814221333 0.0
account 0.00040060090135202804 0.0
acquisition 0.00010015022533800701 2.953172659135195
across 0.00010015022533800701 0.0
action 0.0025037556334501754 0.0
actions 0.00010015022533800701 0.0
activex 0.00020030045067601402 3.6463198396951406
add 0.00020030045067601402 0.0
adding 0.00010015022533800701 0.8947845266531914
additional 0.00010015022533800701 0.0
address 0.00020030045067601402 0.0
after 0.001802704056084126 0.0
agilent 0.0008012018027040561 4.74493212836325
agilent_vee 0.000500751126690035 4.74493212836325
agree 0.00010015022533800701 0.0
alert 0.00040060090135202804 0.0
align 0.000901352028042063 0.05358424613410626
all 0.000701051577366049 0.0
allow 0.00010015022533800701 1.0313600616589422
allows 0.00010015022533800701 0.8329091229351039
alpha 0.00040060090135202804 0.08149303425118301
also 0.00040060090135202804 0.19105523676270922
alt 0.000901352028042063 0.0
alternate 0.00030045067601402103 0.0
although 0.00010015022533800701 1.1340142157190256
amp 0.007010515773660491 0.0
an 0.0015022533800701052 0.0
analysis 0.00030045067601402103 1.5260563034950492
and 0.007110665998998498 0.0
anon 0.00020030045067601402 0.0
anoncontribs 0.00010015022533800701 0.0
anontalk 0.00010015022533800701 0.0
anonymous 0.00010015022533800701 0.0
another 0.00010015022533800701 0.09097177820572679
any 0.00010015022533800701 0.6844891178168307
api 0.00010015022533800701 0.0
apple 0.00020030045067601402 0.0
applicable 0.00010015022533800701 2.5477075510270306
application 0.0006009013520280421 0.0
apply 0.00010015022533800701 0.0
apr 0.00020030045067601402 2.7990219793079367
april 0.00020030045067601402 0.0
are 0.00100150225338007 0.0
argument 0.00010015022533800701 0.0
aria 0.0029043565348022033 0.0
article 0.0008012018027040561 0.0
articles 0.000701051577366049 0.0
articles_with_j9u_identifiers 0.00010015022533800701 1.3437347467010947
articles_with_lccn_identifiers 0.00010015022533800701 1.3437347467010947
as 0.00100150225338007 0.0
associated 0.00020030045067601402 0.0
async 0.00020030045067601402 0.0
at 0.0006009013520280421 0.0
atitle 0.00010015022533800701 0.25629575863111026
atom 0.00030045067601402103 0.0
attached 0.00010015022533800701 3.1354942159291497
attribution 0.00010015022533800701 0.0
au 0.00010015022533800701 0.48225225132193467
aufirst 0.00010015022533800701 0.3629054936893685
aug 0.00010015022533800701 3.6463198396951406
august 0.00010015022533800701 0.0
aulast 0.00010015022533800701 0.3629054936893685
author 0.00020030045067601402 0.0
authorities 0.00010015022533800701 1.3109449238781037
authority 0.00030045067601402103 1.16141318990714
authority_control 0.00030045067601402103 1.1340142157190256
auto 0.00040060090135202804 0.0
autocapitalize 0.00010015022533800701 0.0
automated 0.00010015022533800701 2.1799827709017134
automation 0.00020030045067601402 1.911718784307034
autostart 0.00010015022533800701 0.11020314013361425
available 0.00020030045067601402 0.0
avoid 0.00020030045067601402 0.09097177820572679
b 0.0011016524787180772 0.0
b2 0.00010015022533800701 0.8947845266531914
b5 0.00010015022533800701 1.5668782980153044
back 0.00010015022533800701 1.5668782980153044
background 0.0015022533800701052 0.017544309650909525
backlink 0.00010015022533800701 0.08149303425118301
basic 0.00010015022533800701 0.7195804376281008
be 0.0008012018027040561 0.06280090123903044
because 0.00010015022533800701 0.0
been 0.00020030045067601402 0.6844891178168307
before 0.001402103154732098 0.0
below 0.00010015022533800701 0.18058393689541388
between 0.00010015022533800701 0.7375989431307791
bitmaps 0.00010015022533800701 4.74493212836325
block 0.00010015022533800701 0.18058393689541388
body 0.001402103154732098 0.0
bodycontent 0.00020030045067601402 0.0
bold 0.00010015022533800701 0.2451224580329849
bootstrap 0.00010015022533800701 0.10054122922187746
border 0.0012018027040560841 0.0
both 0.00010015022533800701 0.3022808718729337
bottom 0.00030045067601402103 0.05358424613410626
box 0.0012018027040560841 0.0
bracket 0.001802704056084126 0.0
branch 0.00010015022533800701 2.3470368555648795
break 0.00030045067601402103 0.05358424613410626
breakpoints 0.00010015022533800701 4.051784947803305
browsing 0.00010015022533800701 0.0
btn 0.0006009013520280421 0.0
built 0.00030045067601402103 1.0072625100798818
but 0.00010015022533800701 0.3629054936893685
button 0.0032048072108162243 0.0
buttons 0.00010015022533800701 0.0
by 0.00100150225338007 0.0
bytes 0.00040060090135202804 0.0
c 0.000500751126690035 0.0
c13_en 0.00010015022533800701 0.0
ca 0.0008012018027040561 0.0
cache 0.00020030045067601402 0.0
cached 0.00010015022533800701 0.0
cachereport 0.00010015022533800701 0.0
cactions 0.0006009013520280421 0.0
call 0.00020030045067601402 1.1073459686368643
called 0.00020030045067601402 0.6844891178168307
calls 0.00010015022533800701 0.0
campaigns 0.00010015022533800701 0.0
can 0.000901352028042063 0.17022114985986725
canonical 0.00020030045067601402 0.0
cantonese 0.00010015022533800701 0.540239508972284
capability 0.00020030045067601402 2.665490586683414
caption 0.00020030045067601402 0.21233263520999412
cases 0.00010015022533800701 1.911718784307034
categories 0.00030045067601402103 0.02643325706815543
categorization_approaches 0.00010015022533800701 2.4423470353692043
category 0.0012018027040560841 0.0
catlinks 0.0006009013520280421 0.0
cats 0.00010015022533800701 0.0721032939013439
cc 0.00010015022533800701 2.953172659135195
ccf 0.00010015022533800701 0.454472687214859
cdf7 0.00010015022533800701 4.74493212836325
cdn 0.00010015022533800701 4.051784947803305
center 0.000701051577366049 0.017544309650909525
centralauth 0.00020030045067601402 0.0
centralautologin 0.00020030045067601402 0.0
centralnotice 0.00030045067601402103 0.0
change 0.00010015022533800701 0.0
changed 0.00010015022533800701 1.7004096906398272
changes 0.00040060090135202804 0.0
charinsert 0.00010015022533800701 0.0
charset 0.00010015022533800701 0.0
checkbox 0.0034051076614922383 0.0
child 0.0025037556334501754 0.06280090123903044
chinese 0.00010015022533800701 0.8131064956389242
citation 0.000901352028042063 0.08149303425118301
cite 0.00100150225338007 0.0
cite_journal 0.00020030045067601402 1.5260563034950492
cite_note 0.00020030045067601402 0.08149303425118301
cite_ref 0.00020030045067601402 0.08149303425118301
citerefgreenbaumstanley_jefferson1998 0.00010015022533800701 4.74493212836325
citethispage 0.00010015022533800701 0.0
class 0.03254882323485228 0.0
classname 0.00030045067601402103 0.0
clear 0.00020030045067601402 0.11995931507897897
client 0.000500751126690035 0.0
code 0.00020030045067601402 0.035401927050916
coding 0.00010015022533800701 1.8004931491968095
coll 0.00040060090135202804 0.0
collapse 0.00020030045067601402 0.21233263520999412
collapsed 0.00030045067601402103 0.0
collapses 0.00010015022533800701 0.0
collapsible 0.00100150225338007 0.0
collector 0.00010015022533800701 2.665490586683414
color 0.0015022533800701052 0.017544309650909525
colors 0.00020030045067601402 3.3586377672433594
column 0.00030045067601402103 0.09097177820572679
columns 0.000500751126690035 0.09097177820572679
com 0.0011016524787180772 0.11995931507897897
commercial 0.00020030045067601402 1.3109449238781037
commercial_software 0.00010015022533800701 4.051784947803305
common 0.00010015022533800701 0.8737311174553593
commons 0.000500751126690035 0.0
community 0.00030045067601402103 0.0
community_portal 0.00010015022533800701 0.0
compactlinks 0.00010015022533800701 0.0
compiler 0.00020030045067601402 0.5108256237659907
completely 0.00010015022533800701 2.1799827709017134
completion 0.00020030045067601402 3.1354942159291497
compliant 0.00010015022533800701 2.5477075510270306
complications 0.00010015022533800701 0.0
conditional 0.00010015022533800701 1.6094379124341003
config 0.00020030045067601402 0.0
connect 0.00010015022533800701 2.7990219793079367
connected 0.00100150225338007 3.1354942159291497
connection 0.00020030045067601402 2.665490586683414
connections 0.00020030045067601402 4.051784947803305
connectivity 0.00030045067601402103 3.6463198396951406
consists 0.00020030045067601402 1.911718784307034
contact 0.00040060090135202804 0.0
contact_us 0.00020030045067601402 0.0
contactpage 0.00010015022533800701 0.0
contain 0.00010015022533800701 1.749199854809259
container 0.001402103154732098 0.0
containing 0.00010015022533800701 0.0
content 0.006710065097646469 0.0
contentinfo 0.00010015022533800701 0.0
contents 0.001301952929394091 0.0
contentsub 0.00010015022533800701 0.0
context 0.00020030045067601402 0.0
contribute 0.00010015022533800701 0.0
contributions 0.00010015022533800701 0.0
contributors 0.00020030045067601402 0.0
control 0.0011016524787180772 0.44086703515908027
controls 0.00040060090135202804 0.0
conversion 0.00010015022533800701 0.0
cookie 0.000500751126690035 0.0
cookie_statement 0.00010015022533800701 0.0
cookiestatement 0.00010015022533800701 0.0
copyright 0.00030045067601402103 0.0
copyrightico 0.00010015022533800701 0.0
cost 0.00010015022533800701 2.4423470353692043
could 0.00010015022533800701 1.0813704822336037
count 0.00020030045067601402 0.0
counter 0.00040060090135202804 0.27902400970866637
cpu 0.00010015022533800701 0.0
cputime 0.00010015022533800701 0.0
create 0.00040060090135202804 0.0
createaccount 0.00040060090135202804 0.0
creative 0.00010015022533800701 0.0
creativecommons 0.00020030045067601402 0.0
cross 0.00010015022533800701 0.0
crossorigin 0.00010015022533800701 0.0
cs1 0.001402103154732098 0.09097177820572679
csrftoken 0.00010015022533800701 0.0
ctx_ver 0.00010015022533800701 0.10054122922187746
current 0.00020030045067601402 0.0
current_events 0.00010015022533800701 0.0
currentevents 0.00010015022533800701 0.0
cx 0.00020030045067601402 0.0
d 0.00010015022533800701 0.06280090123903044
d33 0.00020030045067601402 0.09097177820572679
d6 0.00010015022533800701 0.09097177820572679
daq 0.00010015022533800701 4.74493212836325
daqmx 0.00010015022533800701 4.74493212836325
data 0.0058087130696044065 0.0
data_analysis 0.00010015022533800701 4.74493212836325
data_flow_and_data_propagation 0.00040060090135202804 4.74493212836325
database 0.00010015022533800701 1.486835590341768
databases 0.00010015022533800701 2.1799827709017134
dataflow 0.000500751126690035 2.665490586683414
dataflow_programming 0.00020030045067601402 3.1354942159291497
datatype 0.00010015022533800701 2.665490586683414
date 0.00020030045067601402 0.08149303425118301
dated_maintenance_category 0.00020030045067601402 4.74493212836325
datemodified 0.00020030045067601402 0.0
datepublished 0.00020030045067601402 0.0
dates 0.00030045067601402103 1.5260563034950492
day 0.00010015022533800701 1.911718784307034
dd 0.0016024036054081122 0.22314355131420976
ddf 0.00010015022533800701 0.454472687214859
de 0.00040060090135202804 0.2905848321097423
debugging 0.00010015022533800701 2.1799827709017134
dec 0.00020030045067601402 2.03688192726104
december 0.00010015022533800701 0.0
decimal 0.00010015022533800701 0.09097177820572679
decoding 0.00010015022533800701 0.11020314013361425
deduplicate 0.000500751126690035 0.017544309650909525
demonstrations 0.00010015022533800701 4.74493212836325
dependency 0.00010015022533800701 2.665490586683414
deploy 0.00010015022533800701 3.3586377672433594
deployment 0.00030045067601402103 2.3470368555648795
depth 0.00030045067601402103 0.0
descended 0.00010015022533800701 4.74493212836325
description 0.00010015022533800701 0.0
descriptions 0.00010015022533800701 2.953172659135195
design 0.00010015022533800701 0.3141153295199365
designated 0.00010015022533800701 3.1354942159291497
desktoparticletarget 0.00030045067601402103 0.0
detailed 0.00010015022533800701 2.953172659135195
detection 0.00010015022533800701 0.0
determine 0.00020030045067601402 2.4423470353692043
determined 0.00010015022533800701 2.7990219793079367
deutsch 0.00010015022533800701 0.5254244231871433
developed 0.00020030045067601402 0.540239508972284
developer 0.00020030045067601402 0.0
developers 0.00020030045067601402 0.0
development 0.00040060090135202804 0.38822330167365837
devices 0.00040060090135202804 1.911718784307034
dialog 0.00010015022533800701 2.5477075510270306
dialogs 0.00010015022533800701 4.051784947803305
different 0.00010015022533800701 0.38822330167365837
digital 0.00010015022533800701 1.3437347467010947
dir 0.00030045067601402103 0.0
direct 0.00010015022533800701 1.486835590341768
directio 0.00010015022533800701 4.74493212836325
disabled 0.0011016524787180772 0.0
disclaimers 0.00020030045067601402 0.0
discuss 0.00010015022533800701 0.0
discussion 0.00030045067601402103 0.0
display 0.0008012018027040561 0.0
div 0.01842764146219329 0.0
dl 0.0011016524787180772 0.19105523676270922
dmca 0.00020030045067601402 4.051784947803305
dmy 0.00040060090135202804 0.0
dns 0.00020030045067601402 0.0
doctype 0.00010015022533800701 0.0
document 0.00040060090135202804 0.0
documentelement 0.00030045067601402103 0.0
doesn 0.00010015022533800701 2.7990219793079367
domain 0.00040060090135202804 1.377636298376776
donate 0.00030045067601402103 0.0
donating 0.00010015022533800701 0.0
download 0.000500751126690035 0.0
downloadaspdf 0.00010015022533800701 0.0
driver 0.00010015022533800701 2.3470368555648795
drivers 0.00030045067601402103 2.665490586683414
dropdown 0.0025037556334501754 0.0
dt 0.0016024036054081122 0.26759531388504365
e 0.00030045067601402103 0.0
e0 0.0011016524787180772 1.1073459686368643
e6e6ff 0.00010015022533800701 0.454472687214859
each 0.00030045067601402103 0.8531118302526235
echo 0.00010015022533800701 0.0
edit 0.004506760140210316 0.0
editable 0.00010015022533800701 0.0
edited 0.00010015022533800701 0.0
editing 0.00010015022533800701 0.0
editor 0.00020030045067601402 0.0
editors 0.00020030045067601402 0.0
editpage 0.00010015022533800701 0.0
edits 0.00020030045067601402 0.0
editsection 0.0027040560841261893 0.0
edituri 0.00010015022533800701 0.0
effect 0.00010015022533800701 1.911718784307034
elearning 0.00010015022533800701 4.051784947803305
element 0.000701051577366049 0.0
ellipsis 0.00020030045067601402 0.0
elt 0.00020030045067601402 0.0
email 0.00010015022533800701 2.7990219793079367
emanate 0.00010015022533800701 4.74493212836325
empty 0.00030045067601402103 0.0
emptyportlet 0.00020030045067601402 0.0
en 0.0033049574361542315 0.0
enabled 0.0011016524787180772 0.0
encouraged 0.00040060090135202804 0.0
encyclopedia 0.00020030045067601402 0.0
end 0.00010015022533800701 0.0
eng 0.00010015022533800701 2.26002547857525
engine 0.00010015022533800701 1.2185716037470886
engineering 0.00010015022533800701 1.3109449238781037
english 0.00030045067601402103 0.0
enhance 0.00010015022533800701 2.665490586683414
enhancements 0.00010015022533800701 0.0721032939013439
entire 0.00010015022533800701 1.7004096906398272
entities 0.00010015022533800701 0.0
entity 0.00040060090135202804 0.0
entityaccesscount 0.00010015022533800701 0.0
entitypage 0.00020030045067601402 0.0
environment 0.00040060090135202804 0.7375989431307791
enwiki 0.00010015022533800701 0.0
enwikimwclientprefs 0.00010015022533800701 0.0
error 0.0008012018027040561 0.09097177820572679
errors 0.00010015022533800701 1.486835590341768
es6 0.00010015022533800701 0.0
esi 0.00020030045067601402 0.0
esitest 0.00010015022533800701 0.0
even 0.00010015022533800701 0.40112670650956617
event 0.00100150225338007 0.0
eventlogging 0.00020030045067601402 0.0
events 0.00020030045067601402 0.0
exact 0.00010015022533800701 0.0
example 0.00010015022533800701 0.4682660093471948
examples 0.00010015022533800701 1.2185716037470886
excel 0.00040060090135202804 3.3586377672433594
except 0.00010015022533800701 1.9723434061234688
execute 0.000701051577366049 1.7004096906398272
executed 0.00010015022533800701 1.449095262358921
executes 0.00010015022533800701 2.1058747987479913
execution 0.000701051577366049 0.9607424944449889
exists 0.00010015022533800701 0.0
expand 0.00030045067601402103 0.0
expanded 0.000901352028042063 0.008733679968754631
expansion 0.00020030045067601402 0.0
expansiondepth 0.00010015022533800701 0.0
expensive 0.00010015022533800701 0.0
expensivefunctioncount 0.00010015022533800701 0.0
expiry 0.00020030045067601402 0.0
explanation 0.00010015022533800701 2.7990219793079367
explorer 0.00010015022533800701 2.5477075510270306
export 0.00010015022533800701 0.0
express 0.00010015022533800701 1.3109449238781037
ext 0.0027040560841261893 0.0
extensive 0.00030045067601402103 2.1058747987479913
extensive_interoperability 0.00040060090135202804 4.74493212836325
external 0.0012018027040560841 0.0
external_links 0.00040060090135202804 0.19105523676270922
extra 0.00020030045067601402 0.0
f 0.000500751126690035 0.0
f7f7f7 0.00010015022533800701 0.454472687214859
fa8a495983347898 0.00010015022533800701 0.0
fallbacksearchbutton 0.00010015022533800701 0.0
false 0.0012018027040560841 0.0
favicon 0.00010015022533800701 0.0
fdfdfd 0.00030045067601402103 0.44086703515908027
feature 0.002103154732098147 0.0
featurename 0.00030045067601402103 0.0
features 0.00020030045067601402 0.38822330167365837
feb 0.00020030045067601402 2.665490586683414
february 0.00010015022533800701 0.0
feed 0.00020030045067601402 0.0
file 0.0006009013520280421 0.0
file_upload_wizard 0.00020030045067601402 0.0
files 0.00010015022533800701 0.0
find 0.00010015022533800701 0.6177977433181585
find_code 0.00010015022533800701 1.3437347467010947
finishes 0.00010015022533800701 3.6463198396951406
fire 0.00010015022533800701 3.1354942159291497
first 0.0015022533800701052 0.0
firstheading 0.00030045067601402103 0.0
float 0.00020030045067601402 0.06280090123903044
flow 0.00040060090135202804 1.0813704822336037
flows 0.00020030045067601402 4.051784947803305
flush 0.000500751126690035 0.0
followed 0.00010015022533800701 1.8004931491968095
following 0.00010015022533800701 0.8131064956389242
font 0.0012018027040560841 0.017544309650909525
fonts 0.00010015022533800701 2.665490586683414
footer 0.002603905858788182 0.0
for 0.002103154732098147 0.0
force 0.00010015022533800701 2.1058747987479913
form 0.00030045067601402103 0.0
format 0.00030045067601402103 0.0
formula 0.00010015022533800701 3.1354942159291497
forums 0.00020030045067601402 2.7990219793079367
found 0.00010015022533800701 1.449095262358921
foundation 0.000901352028042063 0.0
framework 0.00020030045067601402 1.1340142157190256
free 0.0006009013520280421 0.0
freetrial 0.00010015022533800701 4.74493212836325
from 0.00200300450676014 0.0
full 0.00010015022533800701 0.044451762570833796
fullrootpagename 0.00020030045067601402 4.74493212836325
fulltext 0.00010015022533800701 0.0
func 0.00010015022533800701 1.2185716037470886
function 0.0006009013520280421 0.0
functions 0.00030045067601402103 0.7018808605286999
fundraiserredirector 0.00010015022533800701 0.0
further 0.00020030045067601402 0.7375989431307791
g 0.00020030045067601402 0.0
gadget 0.00040060090135202804 0.0
gehomepagesuggestededitsenabletopics 0.00010015022533800701 0.0
general 0.00010015022533800701 0.6844891178168307
general_disclaimer 0.00010015022533800701 0.0
generate 0.00010015022533800701 1.377636298376776
generator 0.00010015022533800701 0.0
generators 0.00020030045067601402 2.1058747987479913
genre 0.00010015022533800701 0.10054122922187746
geoip 0.00010015022533800701 0.0
german 0.00010015022533800701 0.5108256237659907
globalcssjs 0.00020030045067601402 0.0
go 0.000500751126690035 0.0
googpub 0.00020030045067601402 0.0
gov 0.00010015022533800701 1.1340142157190256
govern 0.00010015022533800701 4.74493212836325
gpib 0.00010015022533800701 4.74493212836325
graphical 0.00030045067601402103 1.449095262358921
graphical_programming 0.00010015022533800701 4.74493212836325
gray 0.00010015022533800701 0.09097177820572679
greek 0.00020030045067601402 0.09097177820572679
green 0.00010015022533800701 0.09097177820572679
greenbaum 0.00020030045067601402 4.74493212836325
group 0.0012018027040560841 0.0
growthexperiments 0.00010015022533800701 0.0
gui 0.00040060090135202804 1.7004096906398272
guidance 0.00010015022533800701 0.0
guides 0.00010015022533800701 0.0
h 0.00020030045067601402 0.0
h1 0.00020030045067601402 0.0
h2 0.00200300450676014 0.0
hack 0.0006009013520280421 0.0
hand 0.00010015022533800701 2.26002547857525
has 0.00040060090135202804 0.0
haspopup 0.000500751126690035 0.0
have 0.00030045067601402103 0.6340582641899388
head 0.00030045067601402103 0.0
header 0.002603905858788182 0.0
heading 0.002303455182774161 0.0
headline 0.0011016524787180772 0.0
height 0.0011016524787180772 0.0
help 0.000901352028042063 0.0
here 0.00010015022533800701 0.0
hewlett 0.00020030045067601402 3.1354942159291497
hidden 0.001301952929394091 0.0
hide 0.00020030045067601402 0.0
highest 0.00010015022533800701 0.0
history 0.000901352028042063 0.0
hlist 0.005708562844266399 0.2905848321097423
hold 0.00010015022533800701 1.911718784307034
hor 0.00020030045067601402 0.0
hosted 0.00010015022533800701 0.0
hotkeys 0.00010015022533800701 4.051784947803305
how 0.000500751126690035 0.0
however 0.00040060090135202804 0.0
hp 0.00100150225338007 2.3470368555648795
hpjournal 0.00010015022533800701 4.74493212836325
hpl 0.00020030045067601402 4.74493212836325
href 0.01372058087130696 0.0
hreflang 0.000500751126690035 0.11020314013361425
html 0.0008012018027040561 0.0
http 0.000701051577366049 0.0
https 0.0033049574361542315 0.0
hub 0.00010015022533800701 0.0
i 0.00030045067601402103 0.008733679968754631
ico 0.00010015022533800701 0.0
icon 0.0035052578868302454 0.0
icons 0.00040060090135202804 0.0
id 0.015022533800701052 0.0
ide 0.00010015022533800701 1.449095262358921
identifiers 0.000701051577366049 1.0813704822336037
idhash 0.00010015022533800701 0.0
if 0.00100150225338007 0.0
il 0.00010015022533800701 1.2484245668967697
image 0.00030045067601402103 0.0
imageobject 0.00020030045067601402 0.0
images 0.0012018027040560841 0.0
img 0.000701051577366049 0.0
implement 0.00010015022533800701 0.0
improvements 0.00010015022533800701 0.0
in 0.002804206309464196 0.0
inc 0.00030045067601402103 0.0
include 0.00020030045067601402 0.0
increment 0.00010015022533800701 0.26759531388504365
index 0.0029043565348022033 0.0
indicators 0.00020030045067601402 0.0
industries 0.00010015022533800701 3.1354942159291497
info 0.000701051577366049 0.0
infobox 0.0024036054081121683 0.21233263520999412
infobox_software 0.00020030045067601402 1.0313600616589422
information 0.00030045067601402103 0.0
inherit 0.000701051577366049 0.035401927050916
init 0.00030045067601402103 0.0
inline 0.0006009013520280421 0.035401927050916
inner 0.00040060090135202804 0.0
input 0.0027040560841261893 0.0
inputs 0.00020030045067601402 3.3586377672433594
inside 0.00020030045067601402 0.0721032939013439
instead 0.00010015022533800701 1.2484245668967697
instrument 0.0006009013520280421 3.3586377672433594
instrument_connectivity 0.00040060090135202804 4.74493212836325
instrumentation 0.00030045067601402103 4.74493212836325
instruments 0.00010015022533800701 2.7990219793079367
integrated 0.00030045067601402103 1.0560526742493137
integrated_development_environment 0.00010015022533800701 1.7004096906398272
interact 0.00010015022533800701 2.7990219793079367
interaction 0.00040060090135202804 0.0
interface 0.00030045067601402103 0.0
interfaces 0.00020030045067601402 1.449095262358921
interlanguage 0.0015022533800701052 0.0
internal 0.00010015022533800701 1.16141318990714
interoperability 0.00030045067601402103 3.1354942159291497
interwiki 0.000500751126690035 0.11020314013361425
into 0.00010015022533800701 0.48225225132193467
introduction 0.00030045067601402103 0.0
io 0.00010015022533800701 1.749199854809259
ip 0.00020030045067601402 0.0
is 0.0027040560841261893 0.0
israel 0.00010015022533800701 1.3437347467010947
it 0.0016024036054081122 0.0
item 0.007010515773660491 0.0
items 0.00010015022533800701 0.0
its 0.00030045067601402103 0.25629575863111026
ivi 0.00020030045067601402 4.74493212836325
j 0.00020030045067601402 0.0
j9u 0.00030045067601402103 1.3437347467010947
jan 0.00010015022533800701 2.26002547857525
january 0.00010015022533800701 0.0
jefferson 0.00020030045067601402 4.74493212836325
journal 0.00030045067601402103 0.7195804376281008
jquery 0.00010015022533800701 0.0
js 0.00020030045067601402 0.0
json 0.00020030045067601402 0.0
jtitle 0.00010015022533800701 0.3260915205666521
jul 0.00010015022533800701 3.1354942159291497
july 0.00040060090135202804 0.0
jump 0.00020030045067601402 0.0
jun 0.00010015022533800701 4.051784947803305
junction 0.00010015022533800701 4.74493212836325
june 0.00010015022533800701 0.0
k 0.00020030045067601402 0.0
kern 0.00020030045067601402 0.09097177820572679
key 0.00020030045067601402 0.0
keysight 0.004606910365548322 4.74493212836325
keysight_technologies 0.00020030045067601402 4.74493212836325
keysight_vee 0.0038057085628442665 4.74493212836325
keysight_vee_gui_panels_and_runtime_deployment 0.00040060090135202804 4.74493212836325
keysight_vee_objects_and_pins 0.00040060090135202804 4.74493212836325
knobx 0.00010015022533800701 4.74493212836325
label 0.0053079619429143715 0.0
labelledby 0.00010015022533800701 0.0
labview 0.00030045067601402103 3.6463198396951406
lan 0.00020030045067601402 4.74493212836325
landmark 0.00040060090135202804 0.0
lang 0.00200300450676014 0.0
langlinks 0.00020030045067601402 0.0
language 0.0016024036054081122 0.0
languages 0.0011016524787180772 0.0
last 0.001301952929394091 0.0
lastmod 0.00010015022533800701 0.0
later 0.00010015022533800701 0.8531118302526235
lazy 0.00020030045067601402 0.0
lc 0.00010015022533800701 4.051784947803305
lccn 0.00030045067601402103 1.3109449238781037
ld 0.00020030045067601402 0.0
learn 0.000500751126690035 0.0
learning 0.00010015022533800701 1.8545603704670854
left 0.0017025538307461191 0.0
level 0.00100150225338007 0.0
levels 0.00010015022533800701 0.0
li 0.020731096644967452 0.0
lib 0.00010015022533800701 2.953172659135195
libraries 0.00020030045067601402 0.9162907318741551
library 0.00010015022533800701 0.6340582641899388
license 0.000701051577366049 0.0
licenses 0.00020030045067601402 0.0
licensing 0.00020030045067601402 2.953172659135195
lifecycle 0.00010015022533800701 2.5477075510270306
like 0.00030045067601402103 0.41419878807691896
limit 0.0011016524787180772 0.0
limitations 0.00010015022533800701 2.665490586683414
limited 0.0006009013520280421 0.0
limitreport 0.00030045067601402103 0.0
line 0.00030045067601402103 0.10054122922187746
lines 0.00010015022533800701 1.5260563034950492
link 0.0038057085628442665 0.0
linked 0.00010015022533800701 0.0
links 0.0019028542814221333 0.0
list 0.010115172759138709 0.0
listbullet 0.00030045067601402103 0.0
listitem 0.00040060090135202804 0.2905848321097423
lite 0.00010015022533800701 4.051784947803305
literature 0.00010015022533800701 2.953172659135195
litweb 0.00010015022533800701 4.74493212836325
load 0.00030045067601402103 0.0
loaded 0.00010015022533800701 0.0
loader 0.00010015022533800701 0.0
loading 0.00030045067601402103 0.0
loc 0.00020030045067601402 0.0
local_base 0.00010015022533800701 1.3109449238781037
lock 0.0011016524787180772 0.09097177820572679
locked 0.00020030045067601402 4.051784947803305
log 0.000701051577366049 0.0
logged 0.00020030045067601402 0.0
login 0.000500751126690035 0.0
logo 0.0008012018027040561 0.0
lower 0.0006009013520280421 0.09097177820572679
ltr 0.001301952929394091 0.0
lua 0.00020030045067601402 0.008733679968754631
lxi 0.00010015022533800701 4.051784947803305
m 0.00020030045067601402 0.0
made 0.00020030045067601402 0.0
main 0.0025037556334501754 0.0
main_page 0.00020030045067601402 0.0
mainentity 0.00020030045067601402 0.0
mainpage 0.00010015022533800701 0.0
maint 0.00010015022533800701 0.09097177820572679
major 0.00010015022533800701 0.8131064956389242
manager 0.00010015022533800701 1.911718784307034
mandatory 0.00040060090135202804 0.0
manufacturing 0.00010015022533800701 2.5477075510270306
mar 0.00040060090135202804 2.665490586683414
march 0.00010015022533800701 0.0
margin 0.001301952929394091 0.017544309650909525
match 0.00010015022533800701 0.0
matlab 0.0008012018027040561 1.911718784307034
max 0.00020030045067601402 0.0
may 0.0008012018027040561 0.0
may98a13 0.00010015022533800701 4.74493212836325
mdi 0.00010015022533800701 4.051784947803305
measurement 0.00020030045067601402 3.6463198396951406
media 0.00020030045067601402 0.0
mediawiki 0.000901352028042063 0.0
memory 0.00010015022533800701 0.008733679968754631
memusage 0.00010015022533800701 0.008733679968754631
menu 0.009914872308462695 0.0
message 0.00020030045067601402 0.0
meta 0.001301952929394091 0.0
microsoft 0.0006009013520280421 0.8531118302526235
microsoft_windows 0.00010015022533800701 1.6538896750049343
min 0.00010015022533800701 0.12981161152199053
minerva 0.000701051577366049 0.13976194237515863
minimap 0.00010015022533800701 4.74493212836325
miscellaneous 0.00010015022533800701 2.665490586683414
mmv 0.00020030045067601402 0.11020314013361425
mobile 0.00030045067601402103 0.0
mobileaction 0.00010015022533800701 0.0
mobileview 0.00010015022533800701 0.0
modern 0.00010015022533800701 1.449095262358921
module 0.00010015022533800701 0.0
modules 0.00040060090135202804 0.0
monitor 0.00010015022533800701 2.1058747987479913
more 0.0015022533800701052 0.0
most 0.00020030045067601402 0.6340582641899388
move 0.00010015022533800701 0.0
moved 0.00010015022533800701 0.0
ms 0.00010015022533800701 0.0
multicol 0.00010015022533800701 4.051784947803305
multicore 0.00010015022533800701 4.051784947803305
multiline 0.00010015022533800701 4.74493212836325
multiple 0.00030045067601402103 0.7936884097818228
multithread 0.00010015022533800701 4.74493212836325
multitude 0.00010015022533800701 4.051784947803305
must 0.00010015022533800701 1.2185716037470886
mw 0.03485227841762644 0.0
mw1370 0.00010015022533800701 3.6463198396951406
mw1453 0.00020030045067601402 4.74493212836325
mycontributions 0.00010015022533800701 0.0
mytalk 0.00010015022533800701 0.0
n 0.001402103154732098 0.0
name 0.003104656985478217 0.0
namely 0.00010015022533800701 3.3586377672433594
namespaces 0.00010015022533800701 0.0
national 0.00010015022533800701 0.8947845266531914
nav 0.001402103154732098 0.0
navbar 0.00030045067601402103 0.06280090123903044
navbox 0.004907361041562344 0.454472687214859
navigation 0.0012018027040560841 0.0
navigationtiming 0.00010015022533800701 0.0
nearby 0.00010015022533800701 0.0
net 0.00030045067601402103 0.7195804376281008
newpp 0.00010015022533800701 0.0
ni 0.00020030045067601402 4.051784947803305
nli 0.00010015022533800701 1.3437347467010947
nlx10 0.00010015022533800701 1.3437347467010947
no 0.0012018027040560841 0.0
node 0.00030045067601402103 0.0
nofollow 0.00100150225338007 0.0
noicon 0.000500751126690035 0.0
nojs 0.00010015022533800701 0.0
non 0.00030045067601402103 0.0
none 0.00100150225338007 0.0
noprint 0.00040060090135202804 0.0
normal 0.00040060090135202804 0.0
noscript 0.00040060090135202804 0.0
nosnippet 0.00010015022533800701 0.0
not 0.0006009013520280421 0.0
notable 0.00010015022533800701 1.8004931491968095
notice 0.00010015022533800701 0.0
nov 0.00020030045067601402 3.3586377672433594
november 0.00010015022533800701 0.0
nowrap 0.0006009013520280421 0.05358424613410626
nowraplinks 0.00010015022533800701 0.454472687214859
ns 0.00020030045067601402 0.0
nstab 0.00010015022533800701 0.0
nt 0.00010015022533800701 2.953172659135195
null 0.00010015022533800701 0.0
numb 0.000901352028042063 0.0
number 0.00020030045067601402 0.0
o 0.000500751126690035 0.0
object 0.0022033049574361543 0.5254244231871433
objects 0.0011016524787180772 1.0560526742493137
occurs 0.00010015022533800701 2.665490586683414
oct 0.00020030045067601402 2.665490586683414
october 0.00020030045067601402 0.0
odd 0.00020030045067601402 0.454472687214859
of 0.003104656985478217 0.0
officially 0.00010015022533800701 2.4423470353692043
og 0.00020030045067601402 0.0
ol 0.0019028542814221333 0.035401927050916
oldid 0.00030045067601402103 0.0
on 0.0017025538307461191 0.0
one 0.00010015022533800701 0.42744401482693967
onelab 0.00010015022533800701 4.74493212836325
only 0.000701051577366049 0.0
oojs_ui_icon_edit 0.0006009013520280421 0.8737311174553593
opensearch_desc 0.00010015022533800701 0.0
opensearchdescription 0.00010015022533800701 0.0
operate 0.00020030045067601402 2.7990219793079367
operating 0.00020030045067601402 0.41419878807691896
operating_system 0.00010015022533800701 0.5108256237659907
operation 0.00010015022533800701 1.6094379124341003
operators 0.00010015022533800701 1.2484245668967697
optimized 0.00010015022533800701 2.7990219793079367
options 0.000500751126690035 0.0
or 0.00010015022533800701 0.0
order 0.00040060090135202804 1.1073459686368643
org 0.005408112168252379 0.0
organization 0.000500751126690035 0.0
origin 0.000500751126690035 0.0
originally 0.00010015022533800701 0.9607424944449889
oscilloscopes 0.00030045067601402103 4.74493212836325
other 0.00040060090135202804 0.0
out 0.00020030045067601402 0.0
output 0.013820731096644967 0.0
over 0.00010015022533800701 0.9162907318741551
overflow 0.00020030045067601402 0.0
p 0.005408112168252379 0.0
pa 0.00040060090135202804 1.749199854809259
packard 0.00020030045067601402 2.953172659135195
padding 0.0012018027040560841 0.017544309650909525
page 0.004606910365548322 0.0
pagelanguagecode 0.00010015022533800701 0.0
pagelanguagedir 0.00010015022533800701 0.0
pageprop 0.00010015022533800701 0.27902400970866637
pages 0.0008012018027040561 0.0
pagevariantfallbacks 0.00010015022533800701 0.0
panel 0.000701051577366049 0.0
panels 0.00040060090135202804 4.74493212836325
panning 0.00010015022533800701 4.74493212836325
parsed 0.00010015022533800701 0.0
parser 0.012919379068602905 0.0
past 0.00010015022533800701 0.0
patroltoken 0.00010015022533800701 0.0
pcache 0.00010015022533800701 0.0
pci 0.00010015022533800701 4.051784947803305
pdf 0.000701051577366049 0.0
perform 0.00010015022533800701 1.5260563034950492
performance 0.00020030045067601402 1.486835590341768
permalink 0.00010015022533800701 0.0
permanent 0.00020030045067601402 0.0
personal 0.000500751126690035 0.0
php 0.0034051076614922383 0.0
pin 0.0022033049574361543 0.0
pinged 0.00010015022533800701 4.74493212836325
pinnable 0.0012018027040560841 0.0
pinned 0.00100150225338007 0.0
pins 0.0027040560841261893 4.74493212836325
pl 0.00040060090135202804 0.9162907318741551
place 0.00010015022533800701 0.8737311174553593
placed 0.00020030045067601402 2.26002547857525
placeholder 0.00010015022533800701 0.0
places 0.000901352028042063 0.0
platforms 0.00010015022533800701 1.3437347467010947
play 0.00020030045067601402 2.1799827709017134
plug 0.00010015022533800701 2.4423470353692043
pm 0.00010015022533800701 3.3586377672433594
png 0.001301952929394091 0.0
policy 0.00020030045067601402 0.0
polish 0.00010015022533800701 0.9837320126696876
polski 0.00010015022533800701 1.0560526742493137
popups 0.00010015022533800701 0.0
portal 0.00040060090135202804 0.0
ported 0.00020030045067601402 2.03688192726104
portlet 0.0027040560841261893 0.0
position 0.00010015022533800701 0.0
possible 0.00020030045067601402 1.2791962255635234
post 0.00020030045067601402 0.0
postexpandincludesize 0.00010015022533800701 0.0
power 0.00020030045067601402 1.449095262358921
power_supplies 0.00010015022533800701 4.74493212836325
powered 0.00010015022533800701 0.0
poweredby_mediawiki_132x47 0.00010015022533800701 0.0
poweredby_mediawiki_176x62 0.00010015022533800701 0.0
poweredby_mediawiki_88x31 0.00010015022533800701 0.0
poweredbyico 0.00010015022533800701 0.0
ppvisitednodes 0.00010015022533800701 0.0
preconnect 0.00010015022533800701 0.11020314013361425
prefetch 0.00020030045067601402 0.0
preprocessor 0.00010015022533800701 0.0
present 0.00040060090135202804 1.6538896750049343
presentation 0.00010015022533800701 0.6177977433181585
presumably 0.00010015022533800701 4.051784947803305
preview 0.00010015022533800701 0.0
primitive 0.00010015022533800701 2.1058747987479913
print 0.00020030045067601402 0.0
print_export 0.00030045067601402103 0.0
printable 0.00030045067601402103 0.0
printfooter 0.00010015022533800701 0.0
privacy 0.00030045067601402103 0.0
privacy_policy 0.00020030045067601402 0.0
private 0.00010015022533800701 2.03688192726104
pro 0.0006009013520280421 2.4423470353692043
processing 0.00010015022533800701 0.8947845266531914
product 0.0006009013520280421 1.4127276181880462
profit 0.00010015022533800701 0.0
program 0.0006009013520280421 0.41419878807691896
programmable 0.00010015022533800701 2.953172659135195
programmatic 0.00010015022533800701 4.051784947803305
programmer 0.00020030045067601402 0.9837320126696876
programming 0.0016024036054081122 0.0
programs 0.00030045067601402103 0.6340582641899388
progressive 0.000901352028042063 0.0
projects 0.00020030045067601402 0.0
propagated 0.00010015022533800701 4.74493212836325
propagates 0.00010015022533800701 4.74493212836325
propagation 0.0006009013520280421 3.3586377672433594
property 0.00030045067601402103 0.0
proprietary 0.00020030045067601402 1.5260563034950492
proprietary_software 0.00010015022533800701 2.3470368555648795
provides 0.00020030045067601402 0.9162907318741551
pt 0.0006009013520280421 0.0
publisher 0.00020030045067601402 0.0
punjabi 0.00010015022533800701 1.7004096906398272
push 0.00030045067601402103 0.0
pxi 0.00020030045067601402 4.051784947803305
q 0.00030045067601402103 0.0
q393768 0.0008012018027040561 4.74493212836325
quick 0.00010015022533800701 0.0
quiet 0.0006009013520280421 0.0
quotes 0.00010015022533800701 0.09097177820572679
r 0.00020030045067601402 0.0
r1011085734 0.00010015022533800701 0.09097177820572679
r1061467846 0.00010015022533800701 0.454472687214859
r1066479718 0.00010015022533800701 0.21233263520999412
r1129693374 0.00010015022533800701 0.2905848321097423
r1133582631 0.00010015022533800701 0.09097177820572679
random 0.00020030045067601402 0.0
randomly 0.00010015022533800701 0.0
randompage 0.00010015022533800701 0.0
raw 0.00010015022533800701 0.0
re 0.00020030045067601402 0.0
read 0.00020030045067601402 0.0
ready 0.0017025538307461191 0.0
real 0.00010015022533800701 0.0
real32 0.00010015022533800701 4.74493212836325
recent 0.00030045067601402103 0.0
recentchanges 0.00030045067601402103 0.0
recentchangeslinked 0.00020030045067601402 0.0
recursion 0.00010015022533800701 0.0
red 0.00010015022533800701 0.09097177820572679
redirect 0.0011016524787180772 0.008733679968754631
redirected 0.00010015022533800701 1.749199854809259
redirectedfrom 0.00010015022533800701 2.03688192726104
reduced 0.00010015022533800701 0.0
reference 0.00020030045067601402 0.035401927050916
references 0.0011016524787180772 0.008733679968754631
referencetooltips 0.00010015022533800701 0.0
referred 0.00010015022533800701 1.9723434061234688
referrer 0.00030045067601402103 0.0
reflist 0.0015022533800701052 0.09097177820572679
regardless 0.00010015022533800701 4.051784947803305
registered 0.00010015022533800701 0.0
registration 0.00020030045067601402 0.08149303425118301
rel 0.0027040560841261893 0.0
related 0.00020030045067601402 0.0
release 0.0008012018027040561 0.49643688631389105
release_history 0.00040060090135202804 3.6463198396951406
renamed 0.00010015022533800701 2.1799827709017134
rendering 0.00010015022533800701 0.0
repeat 0.00040060090135202804 0.0721032939013439
replace 0.00010015022533800701 0.0
report 0.00020030045067601402 0.0
reporting 0.00010015022533800701 2.665490586683414
reports 0.00010015022533800701 1.9723434061234688
request 0.00010015022533800701 1.1895840668738364
require 0.00010015022533800701 0.0
requiring 0.00010015022533800701 2.7990219793079367
reset 0.00010015022533800701 0.26759531388504365
resize 0.00010015022533800701 3.6463198396951406
resourceloaderdynamicstyles 0.00010015022533800701 0.0
resources 0.00010015022533800701 1.6538896750049343
result 0.00010015022533800701 0.9837320126696876
results 0.00010015022533800701 1.486835590341768
retrieve 0.00010015022533800701 3.3586377672433594
retrieved 0.00010015022533800701 0.0
returnto 0.00040060090135202804 0.0
revision 0.00030045067601402103 0.0
revisions 0.00010015022533800701 0.0
rewritten 0.00010015022533800701 2.1799827709017134
rfr_id 0.00010015022533800701 0.10054122922187746
rft 0.0008012018027040561 0.10054122922187746
rft_id 0.00010015022533800701 0.11020314013361425
rft_val_fmt 0.00010015022533800701 0.10054122922187746
rgba 0.00010015022533800701 0.09097177820572679
right 0.001301952929394091 0.0
rl 0.00010015022533800701 0.0
rlconf 0.00010015022533800701 0.0
rlpagemodules 0.00010015022533800701 0.0
rlq 0.0006009013520280421 0.0
rlstate 0.00010015022533800701 0.0
robots 0.00010015022533800701 0.0
role 0.0016024036054081122 0.0
roman 0.00040060090135202804 0.09097177820572679
rootpage 0.00010015022533800701 0.0
row 0.0006009013520280421 0.12981161152199053
rs 0.00010015022533800701 2.7990219793079367
rsd 0.00020030045067601402 0.0
rule 0.00010015022533800701 1.486835590341768
runtime 0.000701051577366049 1.1340142157190256
s 0.000901352028042063 0.0
sa 0.00020030045067601402 0.0
same 0.00010015022533800701 0.8737311174553593
sameas 0.00020030045067601402 0.0
save 0.00010015022533800701 2.3470368555648795
saved 0.00010015022533800701 0.0
savepanelimage 0.00010015022533800701 4.74493212836325
schema 0.00020030045067601402 0.0
scope 0.0006009013520280421 0.11995931507897897
scpi 0.00020030045067601402 4.74493212836325
screen 0.00020030045067601402 0.0
scribunto 0.00010015022533800701 0.008733679968754631
script 0.001402103154732098 0.0
scripts 0.00010015022533800701 0.0
search 0.0027040560841261893 0.0
searchbutton 0.00040060090135202804 0.0
searchform 0.00010015022533800701 0.0
searchinput 0.00010015022533800701 0.0
seconds 0.00030045067601402103 0.0
section 0.0019028542814221333 0.0
see 0.00030045067601402103 0.44086703515908027
see_also 0.00040060090135202804 0.6340582641899388
selected 0.00040060090135202804 0.0
selector 0.00010015022533800701 0.0
selflink 0.00010015022533800701 0.08149303425118301
sentences 0.00010015022533800701 0.0
sep 0.00010015022533800701 3.1354942159291497
september 0.00010015022533800701 0.0
sequence 0.001301952929394091 1.8545603704670854
series 0.00040060090135202804 1.1073459686368643
server 0.00010015022533800701 1.3437347467010947
serving 0.00010015022533800701 4.74493212836325
set 0.00030045067601402103 0.0
several 0.00010015022533800701 0.7195804376281008
sh93009181 0.00010015022533800701 4.74493212836325
sha1 0.00010015022533800701 0.10054122922187746
sharealike 0.00010015022533800701 0.0
sharealike_3 0.00010015022533800701 0.0
show 0.00040060090135202804 0.0
shown 0.00010015022533800701 1.7004096906398272
side 0.00010015022533800701 1.2791962255635234
sidebar 0.0011016524787180772 0.0
signal 0.00030045067601402103 2.1058747987479913
signal_generators 0.00010015022533800701 4.74493212836325
simplesearch 0.00010015022533800701 0.0
since 0.00010015022533800701 0.9162907318741551
single 0.00010015022533800701 1.16141318990714
site 0.000500751126690035 0.0
sitedir 0.00010015022533800701 0.0
sitelinks 0.00010015022533800701 0.0
sitenotice 0.00020030045067601402 0.0
sitesub 0.00010015022533800701 0.0
sitesupport 0.00010015022533800701 0.0
size 0.0011016524787180772 0.0
sizing 0.00010015022533800701 0.25629575863111026
skin 0.001301952929394091 0.0
skins 0.0006009013520280421 0.0
software 0.000901352028042063 0.08149303425118301
software_categories 0.00010015022533800701 2.4423470353692043
software_license 0.00010015022533800701 1.0072625100798818
solid 0.00030045067601402103 0.2340726218464
some 0.00030045067601402103 0.5108256237659907
sometimes 0.00010015022533800701 2.03688192726104
soon 0.00010015022533800701 3.3586377672433594
source 0.00010015022533800701 0.49643688631389105
space 0.0006009013520280421 0.11995931507897897
spacing 0.00010015022533800701 0.2905848321097423
span 0.022834251377065597 0.0
special 0.0022033049574361543 0.0
specialpages 0.00020030045067601402 0.0
specific 0.00030045067601402103 0.9837320126696876
specific_programming_languages 0.00010015022533800701 2.953172659135195
specify 0.00010015022533800701 1.8545603704670854
spreadsheets 0.00010015022533800701 3.3586377672433594
src 0.000901352028042063 0.0
srcset 0.00030045067601402103 0.0
stack 0.00010015022533800701 1.5260563034950492
stage 0.00010015022533800701 3.6463198396951406
standard 0.00010015022533800701 0.0
stanley 0.00020030045067601402 3.1354942159291497
start 0.00020030045067601402 0.0
startup 0.00020030045067601402 0.0
state 0.00010015022533800701 1.3437347467010947
statement 0.00010015022533800701 0.0
states 0.00010015022533800701 1.0072625100798818
static 0.001301952929394091 0.0
statistics 0.00010015022533800701 0.0
stats 0.00010015022533800701 0.0
statslink 0.00010015022533800701 0.0
status 0.00010015022533800701 0.0
steven 0.00020030045067601402 2.953172659135195
sticky 0.00020030045067601402 0.0
stood 0.00010015022533800701 3.3586377672433594
stopmobileredirecttoggle 0.00010015022533800701 0.0
structured 0.00010015022533800701 0.0
students 0.00010015022533800701 2.3470368555648795
style 0.003605408112168252 0.0
styles 0.0012018027040560841 0.0
stylesheet 0.00020030045067601402 0.0
subbox 0.00010015022533800701 0.21233263520999412
subgroup 0.000500751126690035 0.454472687214859
subheader 0.00010015022533800701 0.21233263520999412
subject 0.00010015022533800701 0.0
subjects 0.00010015022533800701 1.3437347467010947
sublist 0.000901352028042063 0.0
submit 0.00020030045067601402 0.0
subscription 0.00020030045067601402 0.09097177820572679
subtitle 0.00010015022533800701 0.0
such 0.00030045067601402103 0.454472687214859
suggestededitsession 0.00010015022533800701 0.0
suite 0.00010015022533800701 1.911718784307034
summary 0.00010015022533800701 0.19105523676270922
sunos 0.00010015022533800701 3.6463198396951406
sup 0.00020030045067601402 0.0721032939013439
supplies 0.00020030045067601402 3.6463198396951406
support 0.0012018027040560841 0.0
supportability 0.00020030045067601402 4.74493212836325
supporting 0.00010015022533800701 1.8545603704670854
supports 0.00020030045067601402 0.8531118302526235
svg 0.0012018027040560841 0.0
switched 0.00010015022533800701 2.953172659135195
switcher 0.00010015022533800701 0.0
system 0.00020030045067601402 0.11020314013361425
t 0.0012018027040560841 0.0
tab 0.000500751126690035 0.0
tabindex 0.00020030045067601402 0.0
table 0.001301952929394091 0.0
tabs 0.00020030045067601402 0.0
tagline 0.00030045067601402103 0.0
tags 0.00010015022533800701 0.0
taken 0.00010015022533800701 1.9723434061234688
talk 0.00040060090135202804 0.0
target 0.000701051577366049 0.0
targetloader 0.00010015022533800701 0.0
tb 0.00030045067601402103 0.0
tbody 0.0008012018027040561 0.044451762570833796
td 0.01642463695543315 0.044451762570833796
technologies 0.0008012018027040561 1.486835590341768
telephone 0.00010015022533800701 0.0
template 0.00200300450676014 0.0
templateargumentsize 0.00010015022533800701 0.0
templatestyles 0.000500751126690035 0.017544309650909525
terms 0.00020030045067601402 0.0
terms_of_use 0.00010015022533800701 0.0
test 0.00030045067601402103 1.486835590341768
text 0.003104656985478217 0.0
text_of_the_creative_commons_attribution 0.00010015022533800701 0.0
th 0.001802704056084126 0.11995931507897897
that 0.00030045067601402103 0.18058393689541388
the 0.005107661492238357 0.0
then 0.00010015022533800701 0.6017974019717174
there 0.00010015022533800701 0.8737311174553593
these 0.00010015022533800701 0.6340582641899388
this 0.002303455182774161 0.0
through 0.00010015022533800701 0.8531118302526235
thumb 0.00030045067601402103 0.12981161152199053
thumbnail 0.00010015022533800701 0.0
time 0.0006009013520280421 0.0
timestamp 0.00020030045067601402 0.0
timeusage 0.00010015022533800701 0.008733679968754631
timingprofile 0.00010015022533800701 0.0
title 0.013119679519278919 0.0
titlebar 0.0008012018027040561 0.0
titleform 0.00010015022533800701 0.0
to 0.005107661492238357 0.0
toc 0.011817726589884827 0.0
toggle 0.000901352028042063 0.0
toggle_view_mobile 0.00010015022533800701 0.0
tokens 0.00010015022533800701 0.0
toolbar 0.00040060090135202804 0.0
toolbox 0.00010015022533800701 3.6463198396951406
tools 0.000901352028042063 0.0
top 0.0011016524787180772 0.0
total 0.00020030045067601402 0.0
touch 0.00020030045067601402 0.0
tr 0.007210816224336504 0.044451762570833796
trademark 0.00010015022533800701 0.0
transclusion 0.00010015022533800701 0.0
transientcontent 0.00010015022533800701 0.0
transition 0.00010015022533800701 2.665490586683414
transparent 0.00040060090135202804 0.06280090123903044
trap 0.00010015022533800701 4.051784947803305
trial 0.00010015022533800701 3.3586377672433594
triggered 0.00010015022533800701 0.0
true 0.0022033049574361543 0.0
ttl 0.00010015022533800701 0.0
two 0.00010015022533800701 0.6505875661411494
type 0.0035052578868302454 0.0
types 0.00010015022533800701 0.7375989431307791
u 0.00020030045067601402 0.0
ui 0.0053079619429143715 0.0
uid 0.00030045067601402103 1.1073459686368643
ul 0.007411116675012519 0.0
uli 0.00010015022533800701 1.3109449238781037
uls 0.000500751126690035 0.0
unconnected 0.00030045067601402103 4.74493212836325
under 0.00020030045067601402 0.0
undo 0.00010015022533800701 4.74493212836325
united 0.00010015022533800701 0.9837320126696876
unlimited 0.00010015022533800701 3.3586377672433594
unpin 0.00020030045067601402 0.0
unpinned 0.00020030045067601402 0.0
unstrip 0.00040060090135202804 0.0
until 0.00010015022533800701 1.2791962255635234
upload 0.001301952929394091 0.0
upper 0.00040060090135202804 0.09097177820572679
url 0.0008012018027040561 0.0
us 0.0008012018027040561 0.0
usage 0.000500751126690035 0.0
usb 0.00030045067601402103 2.5477075510270306
use 0.0006009013520280421 0.0
use_dmy_dates 0.00020030045067601402 3.1354942159291497
use_dmy_dates_from_july_2013 0.00010015022533800701 4.74493212836325
used 0.000500751126690035 0.19105523676270922
uselang 0.00010015022533800701 0.0
user 0.002804206309464196 0.0
useradd 0.00020030045067601402 0.0
userfunctions 0.00020030045067601402 4.74493212836325
userlogin 0.00020030045067601402 0.0
users 0.00010015022533800701 0.9382696385929302
uses 0.00010015022533800701 0.7746402148111283
using 0.00020030045067601402 0.0
utc 0.00010015022533800701 0.0
utf 0.00010015022533800701 0.0
utm_campaign 0.00010015022533800701 0.0
utm_medium 0.00010015022533800701 0.0
utm_source 0.00010015022533800701 0.0
ux 0.00040060090135202804 0.08149303425118301
validation 0.00010015022533800701 2.7990219793079367
value 0.0015022533800701052 0.0
values 0.00010015022533800701 0.9837320126696876
var 0.00020030045067601402 0.0
variant 0.00010015022533800701 0.0
variants 0.0006009013520280421 0.0
variety 0.00010015022533800701 2.1799827709017134
various 0.00010015022533800701 1.377636298376776
vary 0.00010015022533800701 0.10054122922187746
ve 0.00010015022533800701 0.0
vector 0.02704056084126189 0.0
vee 0.005508262393590386 4.74493212836325
version 0.00040060090135202804 0.0
versions 0.00010015022533800701 1.0813704822336037
vertical 0.00020030045067601402 0.6017974019717174
vevent 0.00010015022533800701 0.22314355131420976
via 0.00030045067601402103 1.0313600616589422
view 0.00100150225338007 0.0
viewport 0.00010015022533800701 0.0
views 0.00030045067601402103 0.0
virtual 0.00020030045067601402 1.0313600616589422
virtual_instrumentation 0.00010015022533800701 4.74493212836325
visible 0.00010015022533800701 0.09097177820572679
visit 0.00020030045067601402 0.0
visited 0.00010015022533800701 0.0
vista 0.00010015022533800701 4.051784947803305
visual 0.0006009013520280421 0.9607424944449889
visual_programming_languages 0.00010015022533800701 3.6463198396951406
visualeditor 0.00040060090135202804 0.0
visualization 0.00010015022533800701 3.1354942159291497
voltmeters 0.00030045067601402103 4.74493212836325
vue 0.00020030045067601402 0.0
vxi 0.00020030045067601402 4.74493212836325
vxiplug 0.00010015022533800701 4.74493212836325
w 0.0034051076614922383 0.0
w4000d 0.00040060090135202804 4.74493212836325
walltime 0.00010015022533800701 0.0
was 0.00020030045067601402 0.0
watch 0.00010015022533800701 1.6538896750049343
watchlist 0.00010015022533800701 0.0
watchtoken 0.00010015022533800701 0.0
wb 0.00020030045067601402 0.0
wbc 0.00010015022533800701 0.0
web 0.00010015022533800701 0.09097177820572679
website 0.00020030045067601402 0.0
weight 0.00040060090135202804 0.05358424613410626
wgaction 0.00010015022533800701 0.0
wgarticleid 0.00010015022533800701 0.0
wgbackendresponsetime 0.00010015022533800701 0.0
wgbreakframes 0.00010015022533800701 0.0
wgcanonicalnamespace 0.00010015022533800701 0.0
wgcanonicalspecialpagename 0.00010015022533800701 0.0
wgcategories 0.00010015022533800701 0.0
wgcentralauthmobiledomain 0.00010015022533800701 0.0
wgcspnonce 0.00010015022533800701 0.0
wgcurrevisionid 0.00010015022533800701 0.0
wgdefaultdateformat 0.00010015022533800701 0.0
wgdigittransformtable 0.00010015022533800701 0.0
wgeditsubmitbuttonlabelpublish 0.00010015022533800701 0.0
wgflaggedrevsparams 0.00010015022533800701 0.0
wggestructuredtaskrejectionreasontextinputenabled 0.00010015022533800701 0.0
wggetopicsmatchmodeenabled 0.00010015022533800701 0.0
wghostname 0.00010015022533800701 0.0
wginternalredirecttargeturl 0.00010015022533800701 2.1058747987479913
wgisarticle 0.00010015022533800701 0.0
wgisprobablyeditable 0.00010015022533800701 0.0
wgisredirect 0.00010015022533800701 0.0
wgmediaviewerenabledbydefault 0.00010015022533800701 0.0
wgmediavieweronclick 0.00010015022533800701 0.0
wgmfdisplaywikibasedescriptions 0.00010015022533800701 0.0
wgmonthnames 0.00010015022533800701 0.0
wgnamespacenumber 0.00010015022533800701 0.0
wgnoticeproject 0.00010015022533800701 0.0
wgpagecontentlanguage 0.00010015022533800701 0.0
wgpagecontentmodel 0.00010015022533800701 0.0
wgpagename 0.00010015022533800701 0.0
wgpageparsereport 0.00010015022533800701 0.0
wgpopupsflags 0.00010015022533800701 0.0
wgredirectedfrom 0.00010015022533800701 2.1058747987479913
wgrelevantarticleid 0.00010015022533800701 0.0
wgrelevantpageisprobablyeditable 0.00010015022533800701 0.0
wgrelevantpagename 0.00010015022533800701 0.0
wgrequestid 0.00010015022533800701 0.0
wgrestrictionedit 0.00010015022533800701 0.0
wgrestrictionmove 0.00010015022533800701 0.0
wgrevisionid 0.00010015022533800701 0.0
wgseparatortransformtable 0.00010015022533800701 0.0
wgtitle 0.00010015022533800701 0.0
wgulscurrentautonym 0.00010015022533800701 0.0
wgulsiscompactlinksenabled 0.00010015022533800701 0.0
wgulsislanguageselectorempty 0.00010015022533800701 0.0
wgulsposition 0.00010015022533800701 0.0
wgusergroups 0.00010015022533800701 0.0
wgusername 0.00010015022533800701 0.0
wgvector2022previewpages 0.00010015022533800701 0.0
wgvisualeditor 0.00010015022533800701 0.0
wgwikibaseitemid 0.00010015022533800701 0.0
wgwmepagelength 0.00010015022533800701 0.0
wgwmeschemaeditattemptstepoversample 0.00010015022533800701 0.0
what 0.00010015022533800701 0.0
whatlinkshere 0.00020030045067601402 0.0
when 0.000701051577366049 0.0
whereas 0.00020030045067601402 2.1058747987479913
whether 0.00010015022533800701 2.1058747987479913
while 0.00020030045067601402 0.7195804376281008
white 0.0006009013520280421 0.12981161152199053
widely 0.00010015022533800701 1.6538896750049343
width 0.0027040560841261893 0.0
wiki 0.007611417125688533 0.0
wikibase 0.00040060090135202804 0.0
wikidata 0.0011016524787180772 0.0
wikimedia 0.003605408112168252 0.0
wikimediabadges 0.00020030045067601402 0.0
wikimediaevents 0.00010015022533800701 0.0
wikimediafoundation 0.00020030045067601402 0.0
wikipedia 0.0068102153229844765 0.0
wikisource 0.00010015022533800701 0.09097177820572679
wikitable 0.00010015022533800701 1.6094379124341003
wikitext 0.00010015022533800701 0.0
will 0.000701051577366049 0.9607424944449889
window 0.00040060090135202804 0.0
windows 0.001301952929394091 0.8329091229351039
with 0.0017025538307461191 0.0
within 0.00010015022533800701 1.0072625100798818
without 0.00010015022533800701 0.9162907318741551
wmf 0.00030045067601402103 0.0
word 0.00020030045067601402 0.05358424613410626
wordmark 0.00020030045067601402 0.0
works 0.00010015022533800701 0.0
workspace 0.00010015022533800701 3.1354942159291497
wpformidentifier 0.00010015022533800701 0.0
wrap 0.00020030045067601402 0.06280090123903044
ws 0.00010015022533800701 0.09097177820572679
www 0.0017025538307461191 0.0
x 0.000701051577366049 0.0
xeq 0.00010015022533800701 4.74493212836325
xml 0.00030045067601402103 0.0
xp 0.00010015022533800701 3.1354942159291497
y 0.00020030045067601402 0.0
yes 0.00010015022533800701 0.0
you 0.000500751126690035 0.0
yue 0.00040060090135202804 0.540239508972284
z 0.00020030045067601402 0.0
z39 0.00010015022533800701 0.10054122922187746
z3988 0.00010015022533800701 0.10054122922187746
zh 0.0006009013520280421 0.48225225132193467
 0.00010015022533800701 4.74493212836325
 0.00010015022533800701 4.74493212836325
 0.00010015022533800701 1.749199854809259
 0.00010015022533800701 4.051784947803305
 0.00010015022533800701 1.749199854809259
 0.00010015022533800701 1.749199854809259
 0.00010015022533800701 3.1354942159291497
 0.00010015022533800701 4.74493212836325
 0.00010015022533800701 0.8329091229351039
 0.00010015022533800701 0.540239508972284
