000 0.00021542438604049978 0.0
039 0.0002872325147206664 0.22314355131420976
08z 0.0001436162573603332 0.0
09t17 0.0001436162573603332 0.0
0_unported_license 7.18081286801666e-05 0.0
0px 0.0001436162573603332 0.0
100 0.0005744650294413328 0.0
1000 7.18081286801666e-05 0.0
1000000 0.0001436162573603332 0.0
10px 0.00021542438604049978 0.0
110 7.18081286801666e-05 0.11020314013361425
110696 7.18081286801666e-05 0.0
111779 7.18081286801666e-05 0.0
1135114515 0.0005026569007611662 4.051784947803305
115 7.18081286801666e-05 0.08149303425118301
117 7.18081286801666e-05 0.0
118270 0.0001436162573603332 0.0
120 7.18081286801666e-05 0.08149303425118301
1200 7.18081286801666e-05 1.5668782980153044
1200px 7.18081286801666e-05 0.0
120px 7.18081286801666e-05 0.0
124 0.0001436162573603332 0.2340726218464
125em 7.18081286801666e-05 0.0
126776 0.0001436162573603332 4.051784947803305
127 7.18081286801666e-05 0.11020314013361425
12px 7.18081286801666e-05 0.0
12s5i 7.18081286801666e-05 0.0
133 7.18081286801666e-05 0.008733679968754631
13985 7.18081286801666e-05 0.0
1466a2b9d53b 7.18081286801666e-05 4.051784947803305
148498 7.18081286801666e-05 0.0
1485612 0.00021542438604049978 4.051784947803305
149 0.0001436162573603332 0.14981227822866008
15px 0.00021542438604049978 0.0
160 0.0007898894154818325 0.2340726218464
175px 7.18081286801666e-05 0.0
17835 7.18081286801666e-05 0.0
180px 7.18081286801666e-05 0.0
1814400 0.0001436162573603332 0.0
19483 7.18081286801666e-05 0.0
19710 0.0001436162573603332 0.0
1991 7.18081286801666e-05 0.02643325706815543
19963 7.18081286801666e-05 0.0
1em 0.0007180812868016659 0.0
1px 0.0006462731581214993 0.0
1x1 7.18081286801666e-05 0.0
20000 7.18081286801666e-05 0.0
2003 0.00035904064340083297 0.02643325706815543
2003to2004changelog 0.00021542438604049978 0.0
2003to2004changelog_1 0.0002872325147206664 0.0
2004 0.0036622145626884965 0.06280090123903044
2005 0.0005744650294413328 0.0
2007 0.0001436162573603332 0.008733679968754631
2008 0.0001436162573603332 0.02643325706815543
2010 7.18081286801666e-05 0.008733679968754631
2011 0.0009335056728421657 0.0
20111104142142 7.18081286801666e-05 0.0
20111208181846 7.18081286801666e-05 0.0
2012 7.18081286801666e-05 0.0721032939013439
2014 0.0001436162573603332 0.017544309650909525
2016 7.18081286801666e-05 0.017544309650909525
2017 7.18081286801666e-05 0.0
20176 0.0001436162573603332 0.0
2018 0.0001436162573603332 0.09097177820572679
2021 0.0001436162573603332 0.008733679968754631
2022 0.0009335056728421657 0.0
2023 0.00035904064340083297 0.0
20230314043031 0.00021542438604049978 4.051784947803305
208 0.0001436162573603332 0.19105523676270922
2097152 0.0002872325147206664 0.0
20px 0.00021542438604049978 0.0
20th 0.0001436162573603332 0.2340726218464
21142 7.18081286801666e-05 0.0
217 7.18081286801666e-05 0.2340726218464
22t18 0.0001436162573603332 0.0
231 0.0001436162573603332 0.2340726218464
23124 0.0001436162573603332 0.0
2319710 7.18081286801666e-05 0.0
2320176 7.18081286801666e-05 0.0
23884 7.18081286801666e-05 0.0
23984 7.18081286801666e-05 0.0
23l4 7.18081286801666e-05 0.0
23startup 7.18081286801666e-05 0.0
240px 7.18081286801666e-05 0.0
24644 7.18081286801666e-05 0.0
248 7.18081286801666e-05 0.06280090123903044
255 7.18081286801666e-05 0.044451762570833796
25em 7.18081286801666e-05 0.0
265 0.0001436162573603332 1.1073459686368643
26t 0.00021542438604049978 0.0
271 7.18081286801666e-05 1.749199854809259
27950 7.18081286801666e-05 0.0
27s 0.0001436162573603332 0.0
282009 0.00043084877208099956 0.0
28hid 7.18081286801666e-05 0.0
28no_text 0.0010053138015223323 0.0
28px 7.18081286801666e-05 0.0
28similar 7.18081286801666e-05 0.0
28sources 7.18081286801666e-05 0.0
28stdlib 7.18081286801666e-05 0.0
28vbscript 7.18081286801666e-05 0.0
2cicon 7.18081286801666e-05 0.0
2cstyles 7.18081286801666e-05 0.0
2cwikimediabadges 7.18081286801666e-05 0.0
2em 0.0005744650294413328 0.0
2f148498 7.18081286801666e-05 0.0
2f19483 7.18081286801666e-05 0.0
2f19963 7.18081286801666e-05 0.0
2f2 0.0001436162573603332 0.0
2f2004 7.18081286801666e-05 0.0
2f21142 7.18081286801666e-05 0.0
2f23884 7.18081286801666e-05 0.0
2f23984 7.18081286801666e-05 0.0
2f24644 7.18081286801666e-05 0.0
2f27950 7.18081286801666e-05 0.0
2f32662 7.18081286801666e-05 0.0
2f33020 7.18081286801666e-05 0.0
2f33182 7.18081286801666e-05 0.0
2f36560 7.18081286801666e-05 0.0
2f39620 7.18081286801666e-05 0.0
2f40690 7.18081286801666e-05 0.0
2f738 7.18081286801666e-05 0.0
2f96895 7.18081286801666e-05 0.0
2fa32b2ac34e0e57c61ef4805c972d970a96b3a7c788a626352d6ff24bb7237410 7.18081286801666e-05 0.0
2fahkl_changelog 7.18081286801666e-05 0.0
2fanalysis 7.18081286801666e-05 0.0
2fapps 7.18081286801666e-05 0.0
2fautohotkey 0.001938819474364498 0.0
2fautohotkey_l 0.0001436162573603332 0.0
2fautohotkeydll 7.18081286801666e-05 0.0
2fautoit_and_autohotkey 7.18081286801666e-05 0.0
2fblog 7.18081286801666e-05 0.0
2fboard 0.0011489300588826655 0.0
2fboards 0.0005026569007611662 0.0
2fchangelog 0.0001436162573603332 0.0
2fdocs 0.0005744650294413328 0.0
2fdownload 0.0002872325147206664 0.0
2fen 0.0034467901766479965 0.0
2ffaq 7.18081286801666e-05 0.0
2ffauxpersky 7.18081286801666e-05 0.0
2ffile 7.18081286801666e-05 0.0
2ffmt 0.00337498204796783 0.0
2fforum 0.0002872325147206664 0.0
2ffoundation 7.18081286801666e-05 0.0
2fgithub 7.18081286801666e-05 0.0
2fhidsupport 7.18081286801666e-05 0.0
2fhistory 7.18081286801666e-05 0.0
2fhotkeyit 7.18081286801666e-05 0.0
2fhotstrings 7.18081286801666e-05 0.0
2findex 7.18081286801666e-05 0.0
2flexikos 7.18081286801666e-05 0.0
2flicense 7.18081286801666e-05 0.0
2flifehacker 7.18081286801666e-05 0.0
2fmisc 7.18081286801666e-05 0.0
2fpaperlined 7.18081286801666e-05 0.0
2fremap 7.18081286801666e-05 0.0
2fsoftware 0.0001436162573603332 0.0
2ftopic 0.0011489300588826655 0.0
2ftutorial 7.18081286801666e-05 0.0
2fv2 0.0001436162573603332 0.0
2fviewtopic 0.0007180812868016659 0.0
2fwww 0.0013643544449231653 0.0
30em 0.0001436162573603332 0.0
311 0.0001436162573603332 0.14981227822866008
3125em 7.18081286801666e-05 0.0
325 0.0001436162573603332 0.1599646496926782
32662 7.18081286801666e-05 0.0
32z 0.0001436162573603332 0.0
33020 7.18081286801666e-05 0.0
33182 7.18081286801666e-05 0.0
3518 0.0001436162573603332 4.051784947803305
36560 7.18081286801666e-05 0.0
383 7.18081286801666e-05 0.0
387 0.0001436162573603332 0.2340726218464
39620 7.18081286801666e-05 0.0
3a3 7.18081286801666e-05 0.0
3aautohotkey 0.00337498204796783 0.0
3abook 0.0012925463162429987 0.0
3ajournal 0.0020824357317248314 0.0
3akev 0.00337498204796783 0.0
3amtx 0.00337498204796783 0.0
3aofi 0.00337498204796783 0.0
3asid 0.00337498204796783 0.0
3bo 7.18081286801666e-05 0.0
3cols 7.18081286801666e-05 0.0
3d110696 7.18081286801666e-05 0.0
3d111779 7.18081286801666e-05 0.0
3d13985 7.18081286801666e-05 0.0
3d17835 7.18081286801666e-05 0.0
3d19710 7.18081286801666e-05 0.0
3d20176 7.18081286801666e-05 0.0
3d24 0.00021542438604049978 0.0
3d383 7.18081286801666e-05 0.0
3d63474 7.18081286801666e-05 0.0
3d6458 7.18081286801666e-05 0.0
3d7204 7.18081286801666e-05 0.0
3d93011 7.18081286801666e-05 0.0
3dd 7.18081286801666e-05 0.0
3dm 7.18081286801666e-05 0.0
3em 0.00035904064340083297 0.0
3fc 7.18081286801666e-05 0.0
3ff 0.00021542438604049978 0.0
3fp 0.0001436162573603332 0.0
3fshowtopic 7.18081286801666e-05 0.0
3ft 0.00035904064340083297 0.0
3px 7.18081286801666e-05 0.0
400 0.0001436162573603332 0.0
406 7.18081286801666e-05 0.27902400970866637
40690 7.18081286801666e-05 0.0
421 0.0001436162573603332 0.08149303425118301
42px 7.18081286801666e-05 0.0
494 0.0001436162573603332 4.051784947803305
4ea6 7.18081286801666e-05 4.051784947803305
500 0.0001436162573603332 0.0
5000000 0.0001436162573603332 0.0
512 0.0001436162573603332 0.8131064956389242
52428800 0.0001436162573603332 0.0
5284 0.0001436162573603332 4.051784947803305
537 0.0001436162573603332 0.42744401482693967
562 0.0001436162573603332 1.911718784307034
56px 7.18081286801666e-05 0.0
584 0.0001436162573603332 4.051784947803305
5btool 7.18081286801666e-05 0.0
5em 0.0006462731581214993 0.0
631 0.0001436162573603332 4.051784947803305
63474 7.18081286801666e-05 0.0
640 7.18081286801666e-05 0.14981227822866008
640px 7.18081286801666e-05 0.0
645 0.0001436162573603332 0.3260915205666521
6458 7.18081286801666e-05 0.0
648 0.0001436162573603332 0.21233263520999412
678 0.0001436162573603332 0.1599646496926782
6em 7.18081286801666e-05 0.0
7204 7.18081286801666e-05 2.03688192726104
720px 0.0001436162573603332 0.0
738 7.18081286801666e-05 0.41419878807691896
752 0.0001436162573603332 4.051784947803305
79813350 7.18081286801666e-05 4.051784947803305
7cext 0.00021542438604049978 0.0
7cmediawiki 7.18081286801666e-05 0.0
7cskins 7.18081286801666e-05 0.0
7cwikibase 7.18081286801666e-05 0.0
7e71 7.18081286801666e-05 4.051784947803305
800 7.18081286801666e-05 0.2340726218464
800px 7.18081286801666e-05 0.0
8125em 7.18081286801666e-05 0.0
84588 0.0001436162573603332 4.051784947803305
85em 7.18081286801666e-05 0.0
886 0.0001436162573603332 0.21233263520999412
93011 7.18081286801666e-05 0.0
96895 7.18081286801666e-05 0.0
9856232 0.0001436162573603332 4.051784947803305
9em 7.18081286801666e-05 0.0
9px 0.00021542438604049978 0.0
_comment2005 7.18081286801666e-05 0.0
a32b2ac34e0e57c61ef4805c972d970a96b3a7c788a626352d6ff24bb7237410 7.18081286801666e-05 0.0
aaa 0.00021542438604049978 0.0
about 0.0006462731581214993 0.0
aboutsite 7.18081286801666e-05 0.0
above 7.18081286801666e-05 0.008733679968754631
absolute 7.18081286801666e-05 0.035401927050916
access 7.18081286801666e-05 0.0
accessdate 0.0014361625736033319 0.0
accesskey 0.0013643544449231653 0.0
account 0.0002872325147206664 0.0
achieved 7.18081286801666e-05 0.2340726218464
across 7.18081286801666e-05 0.0
action 0.0017233950883239983 0.0
actions 7.18081286801666e-05 0.0
active 0.0001436162573603332 0.017544309650909525
active_window 7.18081286801666e-05 0.0
actual 7.18081286801666e-05 0.008733679968754631
add 7.18081286801666e-05 0.0
adding 7.18081286801666e-05 0.0
additional 7.18081286801666e-05 0.0
address 0.0001436162573603332 0.0
afaik 0.0001436162573603332 4.051784947803305
after 0.0002872325147206664 0.02643325706815543
ago 0.0002872325147206664 0.017544309650909525
agree 7.18081286801666e-05 0.0
ahk 0.0011489300588826655 4.051784947803305
ahkecl 0.0002872325147206664 4.051784947803305
ahkl_changelog 7.18081286801666e-05 0.0
ahklisp 0.0002872325147206664 4.051784947803305
aimed 7.18081286801666e-05 0.48225225132193467
alert 0.00043084877208099956 0.11995931507897897
align 0.0005026569007611662 0.0721032939013439
all 0.0002872325147206664 0.0
allow 7.18081286801666e-05 0.008733679968754631
allowed 7.18081286801666e-05 0.11020314013361425
allows 0.0001436162573603332 0.0
alpha 0.0002872325147206664 0.14981227822866008
also 0.0005026569007611662 0.0
alt 0.0010053138015223323 0.0
alternate 0.00021542438604049978 0.14981227822866008
alternative 7.18081286801666e-05 0.06280090123903044
amp 0.02470199626597731 0.18058393689541388
analysis 7.18081286801666e-05 0.11995931507897897
and 0.006103690937814161 0.0
announcing 0.0001436162573603332 0.11995931507897897
anon 0.0001436162573603332 0.0
anoncontribs 7.18081286801666e-05 0.0
anontalk 7.18081286801666e-05 0.0
anonymous 7.18081286801666e-05 0.12981161152199053
another 0.00021542438604049978 0.0
antavmu 0.0001436162573603332 4.051784947803305
anti 0.00021542438604049978 0.2340726218464
antivirus 0.0006462731581214993 4.051784947803305
antivirus_software 7.18081286801666e-05 0.0
any 0.00021542438604049978 0.0
apao 7.18081286801666e-05 4.051784947803305
api 0.0001436162573603332 0.14981227822866008
apple 0.0001436162573603332 0.13976194237515863
application 0.0006462731581214993 0.0
application_programming_interface 7.18081286801666e-05 0.0
apply 7.18081286801666e-05 0.0
apps 0.0001436162573603332 0.14981227822866008
april 7.18081286801666e-05 0.0
archive 0.0001436162573603332 0.044451762570833796
archived 0.0001436162573603332 0.035401927050916
are 0.0002872325147206664 0.0
argument 7.18081286801666e-05 0.0
aria 0.002154243860404998 0.0
article 0.0005744650294413328 0.0
articles 0.0002872325147206664 0.0
articles_with_short_description 7.18081286801666e-05 0.0
aspect 0.00021542438604049978 0.11020314013361425
assign 7.18081286801666e-05 0.035401927050916
assigning 7.18081286801666e-05 0.19105523676270922
associated 0.0001436162573603332 0.035401927050916
async 0.00043084877208099956 0.37548427589622857
atitle 0.0020824357317248314 0.0
atom 0.00021542438604049978 0.11995931507897897
attempt 7.18081286801666e-05 0.035401927050916
attribution 7.18081286801666e-05 0.0
aufirst 7.18081286801666e-05 0.0
august 7.18081286801666e-05 0.035401927050916
aulast 7.18081286801666e-05 0.0
author 0.0005026569007611662 0.02643325706815543
auto 0.0005744650294413328 0.035401927050916
auto_29 0.0002872325147206664 0.0
autocapitalize 7.18081286801666e-05 0.0
autocorrect 0.0001436162573603332 4.051784947803305
autohotekey 0.0001436162573603332 4.051784947803305
autohotkey 0.022045095504811145 1.3109449238781037
autohotkey112400_install 0.0001436162573603332 4.051784947803305
autohotkey_l 0.00035904064340083297 4.051784947803305
autohotkeydll 7.18081286801666e-05 0.0
autoit 0.001077121930202499 1.3109449238781037
autoit_and_autohotkey 0.0001436162573603332 0.0
autoitscript 0.0002872325147206664 1.3109449238781037
autokey 0.00021542438604049978 4.051784947803305
automate 7.18081286801666e-05 0.10054122922187746
automatic 7.18081286801666e-05 0.02643325706815543
automatically 0.00035904064340083297 0.017544309650909525
automating 7.18081286801666e-05 0.10054122922187746
automation 0.001220738187562832 0.02643325706815543
automation_software 7.18081286801666e-05 0.0
automator 0.0001436162573603332 0.7936884097818228
automator_ 7.18081286801666e-05 0.0
autostart 7.18081286801666e-05 0.0
autotext 0.0001436162573603332 4.051784947803305
available 0.0002872325147206664 0.0
avast 0.0002872325147206664 4.051784947803305
avoid 0.0002872325147206664 0.19105523676270922
background 0.0008616975441619991 0.2340726218464
backlink 0.00337498204796783 0.0
backup 0.00021542438604049978 0.21233263520999412
bar 0.0002872325147206664 0.11020314013361425
based 7.18081286801666e-05 0.0
basic 7.18081286801666e-05 0.0
basing 7.18081286801666e-05 4.051784947803305
bavarian 7.18081286801666e-05 0.0
bbea 7.18081286801666e-05 4.051784947803305
bday 0.0002872325147206664 0.0
became 0.0001436162573603332 0.02643325706815543
because 0.0001436162573603332 0.0
been 0.0001436162573603332 0.008733679968754631
before 0.0001436162573603332 0.017544309650909525
below 7.18081286801666e-05 0.0
beta 0.00043084877208099956 0.0
beta_version 7.18081286801666e-05 0.0
bit 0.0002872325147206664 0.035401927050916
block 7.18081286801666e-05 0.044451762570833796
blog 7.18081286801666e-05 0.14981227822866008
board 0.0011489300588826655 0.3141153295199365
boards 0.0005744650294413328 1.911718784307034
boarisch 7.18081286801666e-05 0.0
body 0.0010053138015223323 0.11995931507897897
bodycontent 0.0001436162573603332 0.0
bold 7.18081286801666e-05 0.21233263520999412
bookmarklet 0.00021542438604049978 4.051784947803305
bootstrap 7.18081286801666e-05 0.0
border 0.0006462731581214993 0.7936884097818228
bottom 0.00035904064340083297 0.12981161152199053
box 0.0009335056728421657 0.0
bracket 0.0012925463162429987 0.3141153295199365
branch 7.18081286801666e-05 0.02643325706815543
break 0.00035904064340083297 0.19105523676270922
browser 0.0002872325147206664 0.11020314013361425
browsers 7.18081286801666e-05 0.21233263520999412
browsing 7.18081286801666e-05 0.27902400970866637
btitle 0.0012925463162429987 0.0
btn 0.00043084877208099956 0.0
btw 7.18081286801666e-05 4.051784947803305
built 7.18081286801666e-05 0.008733679968754631
button 0.002441476375125664 0.0
buttons 0.00021542438604049978 0.0
bytes 0.0002872325147206664 0.0
c13_en 7.18081286801666e-05 0.0
c_sharp_ 7.18081286801666e-05 1.0560526742493137
cache 0.0001436162573603332 0.0
cached 7.18081286801666e-05 0.0
cachereport 7.18081286801666e-05 0.0
cactions 0.00043084877208099956 0.0
called 7.18081286801666e-05 0.0
calling 7.18081286801666e-05 0.06280090123903044
calls 7.18081286801666e-05 0.0
campaigns 7.18081286801666e-05 0.0
can 0.0007180812868016659 0.0
candidate 7.18081286801666e-05 0.2905848321097423
canonical 0.0001436162573603332 0.0
cantonese 7.18081286801666e-05 0.0
caption 0.0001436162573603332 0.0
categories 0.00021542438604049978 0.0
categorization_approaches 7.18081286801666e-05 0.0
category 0.0010053138015223323 0.0
catlinks 0.00043084877208099956 0.0
cats 7.18081286801666e-05 0.0
cell 0.0001436162573603332 0.21233263520999412
center 0.00043084877208099956 0.02643325706815543
centralauth 0.0001436162573603332 0.0
centralautologin 0.0001436162573603332 0.0
centralnotice 0.00021542438604049978 0.0
certain 7.18081286801666e-05 0.11020314013361425
cffi 0.0002872325147206664 4.051784947803305
change 7.18081286801666e-05 0.0
changelog 0.00035904064340083297 0.8131064956389242
changes 0.0005744650294413328 0.02643325706815543
characters 7.18081286801666e-05 0.0721032939013439
charinsert 7.18081286801666e-05 0.0
charset 7.18081286801666e-05 0.0
checkbox 0.002441476375125664 0.0
child 7.18081286801666e-05 0.21233263520999412
chinese 7.18081286801666e-05 0.19105523676270922
chris 0.0006462731581214993 0.11995931507897897
chrome 7.18081286801666e-05 0.11995931507897897
citation 0.0039494470774091624 0.017544309650909525
cite 0.010627603044664657 0.0
cite_note 0.006893580353295993 0.0
cite_ref 0.007037196610656327 0.0
cite_web 0.0001436162573603332 0.0
citerefcontact_erica_sadun 7.18081286801666e-05 0.0
citerefresearch 7.18081286801666e-05 0.0
citethispage 7.18081286801666e-05 0.0
class 0.053209823352003444 0.0
classname 0.00021542438604049978 0.0
clear 0.00021542438604049978 0.11020314013361425
clicks 7.18081286801666e-05 1.3109449238781037
client 0.00035904064340083297 0.0
clipboard 0.00021542438604049978 1.3109449238781037
clipboard_ 7.18081286801666e-05 0.0
closed 0.0001436162573603332 0.09097177820572679
closed_source 7.18081286801666e-05 0.0
closing 7.18081286801666e-05 0.11995931507897897
code 0.0010053138015223323 0.0
col 0.0007180812868016659 0.2340726218464
coll 0.0002872325147206664 0.0
collapsed 0.00021542438604049978 0.0
collapses 7.18081286801666e-05 0.0
collapsible 0.0007180812868016659 0.0
color 0.0007180812868016659 0.3629054936893685
colspan 0.00021542438604049978 0.0
column 0.00043084877208099956 0.11020314013361425
columns 0.00043084877208099956 0.11020314013361425
com 0.010268562401263823 0.0
commands 0.00021542438604049978 0.20163734609324613
comment 0.0001436162573603332 0.11020314013361425
common 0.00035904064340083297 0.0
commons 0.0011489300588826655 0.0
community 0.002297860117765331 0.10054122922187746
community_portal 7.18081286801666e-05 0.0
compactlinks 7.18081286801666e-05 0.0
comparison 0.0001436162573603332 0.0
competitors 7.18081286801666e-05 0.10054122922187746
compiled 0.0001436162573603332 0.0
compiler 0.00021542438604049978 0.0
complex 7.18081286801666e-05 0.0
complications 7.18081286801666e-05 0.0
component 7.18081286801666e-05 0.0
component_object_model 7.18081286801666e-05 0.0
computer 0.00035904064340083297 0.0
computer_file 7.18081286801666e-05 0.0
computer_program 7.18081286801666e-05 0.0
computer_science 7.18081286801666e-05 0.0
computers 7.18081286801666e-05 0.02643325706815543
computing 0.0005744650294413328 0.008733679968754631
concept 0.0002872325147206664 0.035401927050916
config 0.0001436162573603332 0.0
configurable 7.18081286801666e-05 0.10054122922187746
console 0.00035904064340083297 0.0
consuming 7.18081286801666e-05 0.14981227822866008
contact 0.00043084877208099956 0.0
contact_us 0.0001436162573603332 0.0
contactpage 7.18081286801666e-05 0.0
contained 7.18081286801666e-05 0.035401927050916
container 0.0010053138015223323 0.14981227822866008
containing 7.18081286801666e-05 0.008733679968754631
content 0.005098377136291828 0.0
contentinfo 7.18081286801666e-05 0.0
contents 0.0009335056728421657 0.0
contentsub 7.18081286801666e-05 0.0
context 0.0001436162573603332 0.017544309650909525
contribute 7.18081286801666e-05 0.0
contributed 0.00021542438604049978 0.2451224580329849
contributed_features 0.0002872325147206664 4.051784947803305
contributions 7.18081286801666e-05 0.2340726218464
contributors 0.0001436162573603332 0.017544309650909525
control 0.00021542438604049978 0.0
control_key 7.18081286801666e-05 0.0
controlling 7.18081286801666e-05 0.11020314013361425
controls 0.00021542438604049978 0.0
conversion 7.18081286801666e-05 0.0
cookie 0.00035904064340083297 0.0
cookie_statement 7.18081286801666e-05 0.0
cookiestatement 7.18081286801666e-05 0.0
copying 7.18081286801666e-05 0.7195804376281008
copyright 0.00021542438604049978 0.0
copyrightico 7.18081286801666e-05 0.0
count 0.0001436162573603332 0.0
cpu 7.18081286801666e-05 0.0
cputime 7.18081286801666e-05 0.0
create 0.0002872325147206664 0.0
createaccount 0.0002872325147206664 0.0
creation 0.00043084877208099956 0.0
creative 7.18081286801666e-05 0.0
creativecommons 0.0001436162573603332 0.0
creator 0.0002872325147206664 0.0
credstealer 0.0002872325147206664 4.051784947803305
cross 7.18081286801666e-05 0.0
crossorigin 7.18081286801666e-05 0.0
cs1 0.004236679592129829 0.017544309650909525
csrftoken 7.18081286801666e-05 0.0
ctrl 0.0001436162573603332 1.3109449238781037
ctx_ver 0.00337498204796783 0.0
culprit 7.18081286801666e-05 4.051784947803305
current 0.0001436162573603332 0.08149303425118301
current_events 7.18081286801666e-05 0.0
currentevents 7.18081286801666e-05 0.0
cursor 7.18081286801666e-05 0.5860490450035782
curved 7.18081286801666e-05 4.051784947803305
curved_quotes_within_and_across_applications 7.18081286801666e-05 0.0
custom 0.0001436162573603332 0.06280090123903044
cybereason 0.0002872325147206664 4.051784947803305
cycle 0.0001436162573603332 0.8737311174553593
czech 7.18081286801666e-05 0.11020314013361425
d33 0.0001436162573603332 0.0
danish 7.18081286801666e-05 1.5668782980153044
dansk 7.18081286801666e-05 1.5668782980153044
dash 0.00021542438604049978 0.044451762570833796
data 0.00696538848197616 0.0
date 0.00021542438604049978 0.02643325706815543
datemodified 0.0001436162573603332 0.0
datepublished 0.0001436162573603332 0.0
day 0.0001436162573603332 0.11020314013361425
ddd 0.0001436162573603332 0.0
december 0.00021542438604049978 0.02643325706815543
decimal 7.18081286801666e-05 0.11020314013361425
decoding 0.00035904064340083297 0.21233263520999412
deduplicate 0.0005744650294413328 0.0
deduplicated 0.0035904064340083297 0.0
default 0.0001436162573603332 0.11020314013361425
defines 7.18081286801666e-05 0.017544309650909525
depth 0.00021542438604049978 0.0
describing 7.18081286801666e-05 0.044451762570833796
description 0.0005026569007611662 0.0
desktoparticletarget 0.00021542438604049978 0.0
detected 0.0002872325147206664 0.11995931507897897
detection 7.18081286801666e-05 0.10054122922187746
deutsch 7.18081286801666e-05 0.0
developer 0.0001436162573603332 0.02643325706815543
developers 0.0001436162573603332 0.0
development 7.18081286801666e-05 0.017544309650909525
device 0.00021542438604049978 0.035401927050916
different 0.00021542438604049978 0.0
dir 0.00035904064340083297 0.4682660093471948
directory 7.18081286801666e-05 0.11020314013361425
directory_ 7.18081286801666e-05 0.0
disabled 0.0008616975441619991 0.11020314013361425
disclaimers 0.0001436162573603332 0.0
discuss 7.18081286801666e-05 0.05358424613410626
discussion 0.0001436162573603332 0.26759531388504365
display 0.0010053138015223323 0.0
distribution 7.18081286801666e-05 0.044451762570833796
div 0.014720666379434153 0.0
dll 0.00021542438604049978 0.0
dlls 7.18081286801666e-05 0.27902400970866637
dmy 7.18081286801666e-05 0.08149303425118301
dns 0.0001436162573603332 0.540239508972284
docs 0.0005744650294413328 0.10054122922187746
doctype 7.18081286801666e-05 0.0
document 0.0002872325147206664 0.09097177820572679
documentation 7.18081286801666e-05 0.017544309650909525
documentelement 0.00021542438604049978 0.0
documents 0.0001436162573603332 0.02643325706815543
donate 0.00021542438604049978 0.0
donating 7.18081286801666e-05 0.0
doron 7.18081286801666e-05 4.051784947803305
download 0.0005744650294413328 0.0
downloadaspdf 7.18081286801666e-05 0.0
downloads 0.0001436162573603332 0.06280090123903044
drives 0.0001436162573603332 0.40112670650956617
dropdown 0.0017952032170041648 0.0
dtstart 0.0002872325147206664 0.0
dutch 7.18081286801666e-05 0.13976194237515863
dvorak 0.0001436162573603332 4.051784947803305
dvorak_simplified_keyboard 7.18081286801666e-05 0.0
dynamic 0.0005026569007611662 0.0
earmark 7.18081286801666e-05 4.051784947803305
easily 7.18081286801666e-05 0.0
easy 7.18081286801666e-05 0.0
echo 7.18081286801666e-05 0.0
ecl 7.18081286801666e-05 0.20163734609324613
edit 0.0034467901766479965 0.0
editable 7.18081286801666e-05 0.49643688631389105
edited 7.18081286801666e-05 0.0
editing 7.18081286801666e-05 0.11020314013361425
editor 0.0001436162573603332 0.044451762570833796
editors 0.00021542438604049978 0.0
editpage 7.18081286801666e-05 0.0
edits 0.0001436162573603332 0.0
editsection 0.001938819474364498 0.0
edituri 7.18081286801666e-05 0.0
eee 0.0001436162573603332 0.0
element 0.0005026569007611662 0.0
ellipsis 0.0001436162573603332 0.2340726218464
elt 7.18081286801666e-05 0.0
em_dash 7.18081286801666e-05 0.0
emacs 0.00021542438604049978 0.19105523676270922
embeddable 7.18081286801666e-05 0.20163734609324613
embeddable_common_lisp 7.18081286801666e-05 0.0
embedded 0.0006462731581214993 0.035401927050916
empty 7.18081286801666e-05 0.008733679968754631
emptyportlet 0.0001436162573603332 0.0
emulate 7.18081286801666e-05 2.03688192726104
enable 7.18081286801666e-05 0.11020314013361425
enabled 0.0007898894154818325 0.008733679968754631
enables 7.18081286801666e-05 0.0
encouraged 0.0002872325147206664 1.5668782980153044
encyclopedia 0.0001436162573603332 0.0
end 7.18081286801666e-05 0.0
english 0.00035904064340083297 0.0
enhancements 7.18081286801666e-05 0.0
entities 7.18081286801666e-05 0.0
entity 0.0002872325147206664 0.0
entityaccesscount 7.18081286801666e-05 0.0
entitypage 0.0001436162573603332 0.0
entry 0.00021542438604049978 0.035401927050916
enwiki 7.18081286801666e-05 0.0
enwikimwclientprefs 7.18081286801666e-05 0.0
equivalents 7.18081286801666e-05 0.7195804376281008
erica 0.0001436162573603332 4.051784947803305
ericasadun 0.0001436162573603332 4.051784947803305
error 0.0001436162573603332 0.11020314013361425
es6 7.18081286801666e-05 0.0
esi 0.0001436162573603332 0.7195804376281008
esitest 7.18081286801666e-05 0.0
español 7.18081286801666e-05 0.0
etc 7.18081286801666e-05 0.008733679968754631
event 0.0007898894154818325 0.0
eventlogging 0.0001436162573603332 0.0
events 0.0001436162573603332 0.11020314013361425
exact 7.18081286801666e-05 0.0
example 0.0001436162573603332 0.0
examples 0.0005026569007611662 0.008733679968754631
exe 0.00043084877208099956 0.0
executable 0.00021542438604049978 0.0
executes 7.18081286801666e-05 0.0
exists 7.18081286801666e-05 0.0
expand 0.0002872325147206664 0.0
expanded 0.0005744650294413328 0.0
expansion 0.0001436162573603332 0.0
expansiondepth 7.18081286801666e-05 0.0
expensive 7.18081286801666e-05 0.0
expensivefunctioncount 7.18081286801666e-05 0.0
expiry 0.0001436162573603332 0.0
explorer 0.00021542438604049978 0.20163734609324613
export 7.18081286801666e-05 0.0
express 0.0002872325147206664 0.0
ext 0.0020106276030446646 0.0
extended 7.18081286801666e-05 0.035401927050916
extensions 7.18081286801666e-05 0.0
extensive 7.18081286801666e-05 0.11020314013361425
external 0.004021255206089329 0.0
external_links 0.0002872325147206664 0.0
extra 7.18081286801666e-05 0.0
f9f9f9 0.00021542438604049978 0.0
fa8a495983347898 7.18081286801666e-05 0.0
failed 7.18081286801666e-05 0.13976194237515863
fallbacksearchbutton 7.18081286801666e-05 0.0
false 0.001579778830963665 0.0
falsely 7.18081286801666e-05 4.051784947803305
family 7.18081286801666e-05 0.008733679968754631
faq 7.18081286801666e-05 0.12981161152199053
far 0.0001436162573603332 0.11020314013361425
fast 7.18081286801666e-05 0.044451762570833796
fauxpersky 0.00021542438604049978 4.051784947803305
favicon 7.18081286801666e-05 0.0
fdfdfd 0.0001436162573603332 0.0
feature 0.0015079707022834985 0.0
featurename 0.00021542438604049978 0.0
features 0.0010053138015223323 0.0
february 7.18081286801666e-05 0.017544309650909525
feed 0.0001436162573603332 0.19105523676270922
ferry 7.18081286801666e-05 4.051784947803305
file 0.0015079707022834985 0.0
file_systems 7.18081286801666e-05 0.0
file_upload_wizard 0.0001436162573603332 0.0
files 0.00043084877208099956 0.0
fill 7.18081286801666e-05 0.7746402148111283
filling 7.18081286801666e-05 4.051784947803305
firefox 7.18081286801666e-05 0.11995931507897897
first 0.0002872325147206664 0.0
firstheading 0.00021542438604049978 0.0
float 0.00021542438604049978 0.06280090123903044
flush 0.00035904064340083297 0.0
focused 7.18081286801666e-05 0.044451762570833796
folders 7.18081286801666e-05 0.7936884097818228
following 0.0001436162573603332 0.0
font 0.001077121930202499 0.14981227822866008
footer 0.0018670113456843314 0.0
for 0.0030877495332471637 0.0
form 0.00021542438604049978 0.0
format 0.0001436162573603332 0.035401927050916
forms 0.0001436162573603332 0.0
forum 0.0005026569007611662 0.18058393689541388
forums 0.0012925463162429987 0.044451762570833796
foundation 0.0010053138015223323 0.0
framework 0.00035904064340083297 0.0
français 7.18081286801666e-05 1.16141318990714
free 0.0013643544449231653 0.0
free_and_open 0.0005744650294413328 0.0
free_software_programmed_in_c 7.18081286801666e-05 0.0
free_system_software 7.18081286801666e-05 0.0
french 7.18081286801666e-05 0.09097177820572679
frequently 7.18081286801666e-05 0.11020314013361425
from 0.0012925463162429987 0.0
full 0.00021542438604049978 0.044451762570833796
fulltext 7.18081286801666e-05 0.0
function 0.0007898894154818325 0.0
functions 0.0022260519890851646 0.0
fundraiserredirector 7.18081286801666e-05 0.0
further 7.18081286801666e-05 0.0
gadget 0.0002872325147206664 0.0
gallaxhar 7.18081286801666e-05 4.051784947803305
gehomepagesuggestededitsenabletopics 7.18081286801666e-05 0.0
general 7.18081286801666e-05 0.0
general_disclaimer 7.18081286801666e-05 0.0
generate 7.18081286801666e-05 0.0
generation 7.18081286801666e-05 0.0
generator 7.18081286801666e-05 0.0
genre 0.00337498204796783 0.0
geoip 7.18081286801666e-05 0.0
german 7.18081286801666e-05 0.017544309650909525
github 0.0006462731581214993 0.017544309650909525
globalcssjs 0.0001436162573603332 0.0
gnu 7.18081286801666e-05 0.02643325706815543
google 0.00021542438604049978 0.10054122922187746
google_search 7.18081286801666e-05 0.0
googpub 0.0001436162573603332 0.0
gpl 0.00021542438604049978 0.09097177820572679
gplv2 0.00021542438604049978 0.0
gradient 7.18081286801666e-05 3.3586377672433594
graphical 0.00021542438604049978 0.0721032939013439
graphical_user_interface 0.00021542438604049978 0.0
gray 0.00021542438604049978 1.449095262358921
greek 0.0001436162573603332 0.3141153295199365
green 7.18081286801666e-05 0.08149303425118301
group 0.0002872325147206664 0.05358424613410626
growthexperiments 7.18081286801666e-05 0.0
gui 0.00021542438604049978 0.0721032939013439
guidance 7.18081286801666e-05 0.2340726218464
guides 7.18081286801666e-05 4.74493212836325
hack 0.00043084877208099956 0.0
hacker 0.0001436162573603332 0.11995931507897897
has 0.0001436162573603332 0.0
haspopup 0.00035904064340083297 0.0
hatnote 0.00043084877208099956 0.0
have 0.00021542438604049978 0.008733679968754631
head 0.00021542438604049978 0.0
header 0.0018670113456843314 0.0
heading 0.0016515869596438317 0.0
headline 0.0007898894154818325 0.0
height 0.0016515869596438317 0.0
help 0.0005744650294413328 0.0
here 7.18081286801666e-05 0.008733679968754631
hid 7.18081286801666e-05 1.0813704822336037
hidden 0.0009335056728421657 0.0
hide 0.0001436162573603332 0.0
hids 7.18081286801666e-05 4.051784947803305
hidsupport 7.18081286801666e-05 0.0
highest 7.18081286801666e-05 0.0
highlight 0.0002872325147206664 3.1354942159291497
history 0.0012925463162429987 0.0
hooks 0.00043084877208099956 4.051784947803305
hor 0.0001436162573603332 0.0
host 0.0001436162573603332 0.10054122922187746
hosted 7.18081286801666e-05 0.0721032939013439
hotkey 0.0005026569007611662 0.7936884097818228
hotkeyit 7.18081286801666e-05 0.0
hotkeys 0.00021542438604049978 0.454472687214859
hotstring 7.18081286801666e-05 4.051784947803305
hotstrings 0.00043084877208099956 4.051784947803305
how 0.00035904064340083297 0.0
however 0.0002872325147206664 0.0
href 0.02994398965962947 0.0
hreflang 0.0014361625736033319 0.0
htm 0.0013643544449231653 0.3141153295199365
html 0.0010053138015223323 0.06280090123903044
http 0.004308487720809996 0.017544309650909525
https 0.00674996409593566 0.0
hub 7.18081286801666e-05 0.2451224580329849
human 0.00021542438604049978 0.06280090123903044
human_interface_device 7.18081286801666e-05 0.0
ico 7.18081286801666e-05 0.0
icon 0.0027287088898463306 0.0
icons 0.0002872325147206664 0.0
identify 7.18081286801666e-05 0.11020314013361425
idhash 7.18081286801666e-05 0.0
ie7 0.0002872325147206664 4.051784947803305
imacros 0.00021542438604049978 1.3109449238781037
image 0.0012925463162429987 0.0
imageobject 0.0001436162573603332 0.0
images 0.0008616975441619991 0.0
img 0.0007898894154818325 0.0
implement 7.18081286801666e-05 0.05358424613410626
implementing 7.18081286801666e-05 0.05358424613410626
improvements 7.18081286801666e-05 0.08149303425118301
inc 0.00021542438604049978 0.0
incl 0.0002872325147206664 4.051784947803305
include 0.00021542438604049978 0.0
includes 7.18081286801666e-05 0.05358424613410626
index 0.0022260519890851646 0.0
indicators 7.18081286801666e-05 0.454472687214859
inevitably 7.18081286801666e-05 4.051784947803305
infecting 0.0001436162573603332 4.051784947803305
info 0.0071090047393364926 0.044451762570833796
infobox 0.002441476375125664 0.008733679968754631
infobox_software 0.0002872325147206664 0.017544309650909525
information 0.00021542438604049978 0.0
inherit 0.0005744650294413328 0.11020314013361425
init 0.00021542438604049978 0.0
initial 7.18081286801666e-05 0.10054122922187746
initially 7.18081286801666e-05 0.017544309650909525
initiated 7.18081286801666e-05 0.017544309650909525
inline 0.0036622145626884965 0.05358424613410626
inner 0.0001436162573603332 0.0
input 0.0008616975441619991 0.0
inside 0.0002872325147206664 0.0
installation 7.18081286801666e-05 0.0721032939013439
installed 7.18081286801666e-05 0.14981227822866008
installer 0.0001436162573603332 0.09097177820572679
integrate 7.18081286801666e-05 0.14981227822866008
interact 7.18081286801666e-05 0.11020314013361425
interaction 0.0002872325147206664 0.0
interface 0.0006462731581214993 0.0
interfaces 7.18081286801666e-05 0.0
interlanguage 0.003231365790607497 0.0
internet 0.0005026569007611662 0.14981227822866008
internet_explorer 7.18081286801666e-05 0.0
internet_forum 7.18081286801666e-05 0.0
interop 0.0005744650294413328 0.0
interops 7.18081286801666e-05 4.051784947803305
interpreted 0.0001436162573603332 0.11020314013361425
interpreted_language 7.18081286801666e-05 0.0
interval 7.18081286801666e-05 0.11995931507897897
interwiki 0.0014361625736033319 0.0
into 0.0001436162573603332 0.0
introduction 0.00021542438604049978 0.11020314013361425
italian 7.18081286801666e-05 0.3629054936893685
italiano 7.18081286801666e-05 0.0
italic 0.0001436162573603332 0.3141153295199365
item 0.006031882809133994 0.0
items 0.0001436162573603332 0.0
its 7.18081286801666e-05 0.0
itself 7.18081286801666e-05 0.02643325706815543
january 0.00021542438604049978 0.0
japanese 7.18081286801666e-05 0.2340726218464
joystick 0.00021542438604049978 4.051784947803305
jquery 7.18081286801666e-05 0.0
jscript 0.0005026569007611662 0.0
json 0.0001436162573603332 0.11995931507897897
jtitle 0.0020106276030446646 0.0
july 0.00021542438604049978 0.008733679968754631
jump 0.0001436162573603332 0.0
june 0.0002872325147206664 0.017544309650909525
just 7.18081286801666e-05 0.0
kaspersky 0.0002872325147206664 4.051784947803305
kbd 0.0010053138015223323 0.0
kern 0.0001436162573603332 0.0
key 0.0007898894154818325 0.0
keyboard 0.001579778830963665 0.20163734609324613
keyboard_and_mouse_macros 7.18081286801666e-05 0.0
keyboard_maestro 7.18081286801666e-05 0.0
keyboard_shortcut 0.0001436162573603332 0.0
keys 0.00021542438604049978 0.11020314013361425
keystrokes 0.0002872325147206664 0.41419878807691896
kixtart 0.00021542438604049978 1.3109449238781037
know 0.0001436162573603332 0.11995931507897897
korean 7.18081286801666e-05 0.540239508972284
label 0.004093063334769496 0.0
labelledby 7.18081286801666e-05 0.0
landmark 0.0002872325147206664 0.0
lang 0.002656900761166164 0.0
langlinks 0.0001436162573603332 0.0
language 0.0017233950883239983 0.0
languages 0.0002872325147206664 0.0
last 7.18081286801666e-05 0.0
lastmod 7.18081286801666e-05 0.0
late 7.18081286801666e-05 0.044451762570833796
later 0.0001436162573603332 0.017544309650909525
launch 7.18081286801666e-05 0.8131064956389242
layouts 7.18081286801666e-05 0.3141153295199365
lazy 0.0001436162573603332 0.008733679968754631
learn 0.00035904064340083297 0.0
left 0.0007180812868016659 0.0
level 0.0007180812868016659 0.0
levels 0.0001436162573603332 0.0
lexikos 0.00021542438604049978 4.051784947803305
libcon 0.0002872325147206664 4.051784947803305
libraries 7.18081286801666e-05 0.0
library 0.0006462731581214993 0.0
license 0.0007180812868016659 0.0
licenses 0.0001436162573603332 0.12981161152199053
licensing 0.0001436162573603332 0.454472687214859
life 0.0002872325147206664 0.02643325706815543
lifehacker 0.00021542438604049978 4.051784947803305
limit 0.0007898894154818325 0.0
limited 0.00043084877208099956 0.008733679968754631
limitreport 0.00021542438604049978 0.0
line 0.0001436162573603332 0.008733679968754631
linear 7.18081286801666e-05 0.11995931507897897
link 0.008760591698980325 0.08149303425118301
link_library 7.18081286801666e-05 0.0
linked 7.18081286801666e-05 0.0721032939013439
links 0.0013643544449231653 0.0
linux 7.18081286801666e-05 0.017544309650909525
lisp 0.0007898894154818325 0.09097177820572679
lisp_ 7.18081286801666e-05 0.0
list 0.007970702283498492 0.0
listbullet 0.00021542438604049978 0.0
llc 7.18081286801666e-05 0.1599646496926782
load 0.00021542438604049978 0.0
loaded 7.18081286801666e-05 0.0
loader 7.18081286801666e-05 0.035401927050916
loading 0.00021542438604049978 0.0
loc 7.18081286801666e-05 0.0
lock 0.0007898894154818325 0.11020314013361425
log 0.0005026569007611662 0.0
logged 0.0001436162573603332 0.0
login 0.00035904064340083297 0.3141153295199365
logo 0.0007180812868016659 0.0
loops 0.0001436162573603332 0.21233263520999412
lower 0.00043084877208099956 0.044451762570833796
lowlevel 0.0002872325147206664 4.051784947803305
ltr 0.0020824357317248314 0.0
lua 0.0005744650294413328 0.0
lua_ 7.18081286801666e-05 0.0
machine 0.00043084877208099956 0.0
machine_code 7.18081286801666e-05 0.0
macintosh 0.0002872325147206664 0.20163734609324613
macro 0.0005744650294413328 0.017544309650909525
macro_ 7.18081286801666e-05 0.0
macro_express 7.18081286801666e-05 0.0
made 7.18081286801666e-05 0.035401927050916
maestro 0.0001436162573603332 0.7936884097818228
mail 0.00021542438604049978 0.26759531388504365
main 0.001938819474364498 0.0
main_page 0.0001436162573603332 0.0
mainentity 0.0001436162573603332 0.0
mainpage 7.18081286801666e-05 0.0
maint 7.18081286801666e-05 0.09097177820572679
major 7.18081286801666e-05 0.008733679968754631
make 7.18081286801666e-05 0.0
mallet 7.18081286801666e-05 4.051784947803305
mallett 0.0005026569007611662 4.051784947803305
malware 0.0013643544449231653 4.051784947803305
malwarebytes 0.0001436162573603332 4.051784947803305
mandatory 0.0002872325147206664 0.2340726218464
manipulate 0.0001436162573603332 0.11020314013361425
manipulation 7.18081286801666e-05 0.0
march 7.18081286801666e-05 0.017544309650909525
margin 0.0012925463162429987 0.0
mark 7.18081286801666e-05 0.035401927050916
masquerades 0.0001436162573603332 4.051784947803305
match 7.18081286801666e-05 0.008733679968754631
max 0.00021542438604049978 0.11020314013361425
may 0.0001436162573603332 0.0
media 0.00021542438604049978 0.11995931507897897
mediawiki 0.0005744650294413328 0.0
memory 0.0001436162573603332 0.0
memusage 7.18081286801666e-05 0.0
menu 0.0071090047393364926 0.0
message 0.00021542438604049978 0.0
messages 0.0002872325147206664 0.05358424613410626
meta 0.001579778830963665 0.09097177820572679
micha 0.0001436162573603332 0.08149303425118301
microsoft 0.0002872325147206664 0.0
microsoft_visual_studio_express 7.18081286801666e-05 0.0
microsoft_windows 7.18081286801666e-05 0.0
middle 0.0001436162573603332 0.21233263520999412
might 7.18081286801666e-05 0.008733679968754631
min 0.0001436162573603332 0.11020314013361425
minerva 0.0005026569007611662 0.0
misc 7.18081286801666e-05 0.0
mmv 0.0001436162573603332 0.0
mobile 0.00021542438604049978 0.0
mobileaction 7.18081286801666e-05 0.0
mobileview 7.18081286801666e-05 0.0
model 7.18081286801666e-05 0.0
modern 7.18081286801666e-05 0.11995931507897897
modern_autohotkey_logo_ 0.001077121930202499 0.0
modified 7.18081286801666e-05 0.044451762570833796
module 0.00021542438604049978 0.044451762570833796
modules 0.00021542438604049978 0.0721032939013439
monitoring 7.18081286801666e-05 0.14981227822866008
months 0.0001436162573603332 0.11020314013361425
more 0.0011489300588826655 0.0
most 7.18081286801666e-05 0.0
mouse 0.00021542438604049978 0.21233263520999412
mouse_ 7.18081286801666e-05 0.0
move 7.18081286801666e-05 0.0
moved 7.18081286801666e-05 0.0
movements 7.18081286801666e-05 0.9382696385929302
must 7.18081286801666e-05 0.008733679968754631
mw2385 7.18081286801666e-05 0.6673946844575306
mw2391 0.0001436162573603332 1.0072625100798818
mycontributions 7.18081286801666e-05 0.0
mytalk 7.18081286801666e-05 0.0
name 0.0022260519890851646 0.0
names 7.18081286801666e-05 0.02643325706815543
namespaces 7.18081286801666e-05 0.21233263520999412
narny 7.18081286801666e-05 4.051784947803305
nav 0.0010053138015223323 0.7018808605286999
navbar 7.18081286801666e-05 0.20163734609324613
navigation 0.001220738187562832 0.0
navigationtiming 7.18081286801666e-05 0.0
nearby 7.18081286801666e-05 0.0
nederlands 7.18081286801666e-05 0.0
need 7.18081286801666e-05 0.0
net 0.0007180812868016659 0.0
net_framework 7.18081286801666e-05 0.0
new 0.00035904064340083297 0.0
newpp 7.18081286801666e-05 0.0
news 7.18081286801666e-05 0.0
no_text 7.18081286801666e-05 0.0
nocturnus 0.0001436162573603332 4.051784947803305
node 7.18081286801666e-05 0.0
noexcerpt 7.18081286801666e-05 0.0
nofollow 0.003877638948728996 0.0
noicon 0.00035904064340083297 0.0
nojs 7.18081286801666e-05 0.0
nomobile 7.18081286801666e-05 0.0
non 0.0001436162573603332 0.0
none 0.001220738187562832 0.21233263520999412
nonfunctional 0.0001436162573603332 4.051784947803305
noprint 0.0007898894154818325 0.37548427589622857
normal 0.00021542438604049978 0.008733679968754631
noscript 0.0002872325147206664 0.0
nosnippet 7.18081286801666e-05 0.0
not 0.0005744650294413328 0.0
note 7.18081286801666e-05 0.11020314013361425
nothing 7.18081286801666e-05 0.12981161152199053
notice 7.18081286801666e-05 0.11020314013361425
nounderlines 0.0001436162573603332 0.0
november 0.0002872325147206664 0.0
noviewer 7.18081286801666e-05 0.0
now 0.0001436162573603332 0.0
nowrap 0.0025850926324859974 0.035401927050916
nstab 7.18081286801666e-05 0.0
null 7.18081286801666e-05 0.0
numb 0.0006462731581214993 0.0
number 7.18081286801666e-05 0.0
object 7.18081286801666e-05 0.0
october 7.18081286801666e-05 0.02643325706815543
official 0.00021542438604049978 0.017544309650909525
officially 7.18081286801666e-05 0.0
oldid 0.00021542438604049978 0.0
ongoing 7.18081286801666e-05 0.41419878807691896
only 0.0005026569007611662 0.0
only_free_software 7.18081286801666e-05 0.0
oojs_ui_icon_edit 0.0012925463162429987 0.0
open 0.0006462731581214993 0.017544309650909525
opening 7.18081286801666e-05 0.02643325706815543
opensearch_desc 7.18081286801666e-05 0.0
opensearchdescription 7.18081286801666e-05 0.0
operating 0.0001436162573603332 0.035401927050916
operating_system 7.18081286801666e-05 0.540239508972284
opinions 0.0001436162573603332 1.3109449238781037
options 0.00035904064340083297 0.0
org 0.010053138015223324 0.0
organization 0.00035904064340083297 0.0
oriented 0.0001436162573603332 0.0
oriented_programming 7.18081286801666e-05 0.2340726218464
origin 0.00035904064340083297 0.11020314013361425
original 0.0001436162573603332 0.02643325706815543
originally 7.18081286801666e-05 0.0
other 0.0005744650294413328 0.0
our 0.0001436162573603332 0.11020314013361425
ourhistory 0.0001436162573603332 0.0
ourhistory_19 0.0001436162573603332 0.0
out 0.00021542438604049978 0.0
output 0.0048111446215711616 0.008733679968754631
overflow 0.0001436162573603332 0.19105523676270922
overriding 7.18081286801666e-05 4.051784947803305
own 7.18081286801666e-05 0.0721032939013439
p1324 7.18081286801666e-05 0.0
p856 0.0001436162573603332 0.0
padding 0.0009335056728421657 0.0
page 0.00337498204796783 0.0
pagelanguagecode 7.18081286801666e-05 0.0
pagelanguagedir 7.18081286801666e-05 0.0
pageprop 7.18081286801666e-05 0.0
pages 0.0005026569007611662 0.0
pagetype 0.0001436162573603332 0.0
pagevariantfallbacks 7.18081286801666e-05 0.0
panel 0.0002872325147206664 0.0
paperlined 0.0002872325147206664 4.051784947803305
parsed 7.18081286801666e-05 0.0
parser 0.004954760878931495 0.0
part 7.18081286801666e-05 0.0
particular 7.18081286801666e-05 0.008733679968754631
past 7.18081286801666e-05 0.14981227822866008
patroltoken 7.18081286801666e-05 0.0
pcache 7.18081286801666e-05 0.0
pdf 0.0001436162573603332 0.0
percentage 7.18081286801666e-05 4.051784947803305
perform 7.18081286801666e-05 0.035401927050916
performing 7.18081286801666e-05 0.14981227822866008
perhaps 7.18081286801666e-05 0.19105523676270922
permalink 7.18081286801666e-05 0.0
permanent 0.0001436162573603332 0.035401927050916
personal 0.00035904064340083297 0.0
php 0.004093063334769496 0.0
phrase 7.18081286801666e-05 2.4423470353692043
phrases 7.18081286801666e-05 0.3141153295199365
pin 0.0001436162573603332 0.454472687214859
pinnable 0.0008616975441619991 0.0
pinned 0.0007180812868016659 0.0
placeholder 7.18081286801666e-05 0.0
places 0.0006462731581214993 0.035401927050916
plainlist 0.00035904064340083297 0.0
planned 7.18081286801666e-05 0.02643325706815543
platform 0.00021542438604049978 0.0
plugins 7.18081286801666e-05 0.11020314013361425
png 0.0020106276030446646 0.0
pointers 7.18081286801666e-05 0.0
policy 0.0001436162573603332 0.0
polish 7.18081286801666e-05 1.8545603704670854
polski 7.18081286801666e-05 0.0
popups 7.18081286801666e-05 0.0
port 7.18081286801666e-05 0.044451762570833796
portal 0.00043084877208099956 0.06280090123903044
portalborder 0.0001436162573603332 0.0
portalbox 0.0005744650294413328 0.0
portalleft 7.18081286801666e-05 0.0
portalright 0.0001436162573603332 0.0
portals 7.18081286801666e-05 0.22314355131420976
portlet 0.001938819474364498 0.0
position 7.18081286801666e-05 0.008733679968754631
positive 0.0007180812868016659 0.11995931507897897
post 0.0005744650294413328 0.0
postexpandincludesize 7.18081286801666e-05 0.0
powered 7.18081286801666e-05 1.1340142157190256
poweredby_mediawiki_132x47 7.18081286801666e-05 0.0
poweredby_mediawiki_176x62 7.18081286801666e-05 0.0
poweredby_mediawiki_88x31 7.18081286801666e-05 0.0
poweredbyico 7.18081286801666e-05 0.0
ppvisitednodes 7.18081286801666e-05 0.0
pre 0.0002872325147206664 0.02643325706815543
preconnect 7.18081286801666e-05 0.0
prefetch 0.0001436162573603332 0.0
preprocessor 7.18081286801666e-05 0.0
presses 7.18081286801666e-05 0.5860490450035782
pressing 0.0001436162573603332 0.5860490450035782
preview 0.0001436162573603332 0.14981227822866008
print 0.0001436162573603332 0.0
print_export 0.00021542438604049978 0.0
printable 0.00021542438604049978 0.14981227822866008
printfooter 7.18081286801666e-05 0.0
privacy 0.00021542438604049978 0.0
privacy_policy 0.0001436162573603332 0.0
pro 0.0001436162573603332 0.14981227822866008
produce 0.0001436162573603332 0.06280090123903044
products 7.18081286801666e-05 0.02643325706815543
profit 7.18081286801666e-05 0.0
program 0.00035904064340083297 0.0
program_loops 7.18081286801666e-05 0.0
programmed 0.0002872325147206664 0.044451762570833796
programmer 0.0001436162573603332 0.008733679968754631
programming 0.0009335056728421657 0.0
programming_language 0.0002872325147206664 0.008733679968754631
programs 0.00035904064340083297 0.008733679968754631
progressive 0.0015079707022834985 0.0
projects 0.00021542438604049978 0.06280090123903044
proof 0.0002872325147206664 0.3629054936893685
property 0.0008616975441619991 0.008733679968754631
proposal 7.18081286801666e-05 0.08149303425118301
prototyping 0.0001436162573603332 0.13976194237515863
provided 7.18081286801666e-05 0.008733679968754631
providing 7.18081286801666e-05 0.0
pub 0.001220738187562832 0.26759531388504365
public 0.0001436162573603332 0.0
published 0.0002872325147206664 0.044451762570833796
publisher 0.0001436162573603332 0.41419878807691896
punctuation 7.18081286801666e-05 0.7195804376281008
push 0.00021542438604049978 0.0
puzzledgreatly 7.18081286801666e-05 4.051784947803305
pygments 0.0001436162573603332 0.0
q784816 0.0007180812868016659 4.051784947803305
quick 0.00021542438604049978 0.0
quiet 0.00043084877208099956 0.0
quotation 7.18081286801666e-05 0.11020314013361425
quotation_mark 7.18081286801666e-05 0.0
quotes 0.0001436162573603332 0.19105523676270922
qwerty 0.00021542438604049978 4.051784947803305
r1011085734 7.18081286801666e-05 0.0
r1033289096 7.18081286801666e-05 0.0
r1066479718 0.0001436162573603332 0.0
r1071501304 0.00021542438604049978 0.0
r1126788409 7.18081286801666e-05 0.0
r1132942124 7.18081286801666e-05 0.0
r1133582631 0.00337498204796783 0.0
r998391716 0.0001436162573603332 0.0
radius 7.18081286801666e-05 0.9382696385929302
random 0.0001436162573603332 0.21233263520999412
randomly 7.18081286801666e-05 0.2340726218464
randompage 7.18081286801666e-05 0.0
rather 7.18081286801666e-05 0.0
raw 7.18081286801666e-05 0.11020314013361425
read 0.0001436162573603332 0.11020314013361425
ready 0.0012925463162429987 0.0
real 7.18081286801666e-05 0.0
receiving 7.18081286801666e-05 0.11995931507897897
recent 0.00021542438604049978 0.0721032939013439
recentchanges 0.00021542438604049978 0.0
recentchangeslinked 0.0001436162573603332 0.0
recursion 7.18081286801666e-05 0.0
red 7.18081286801666e-05 0.12981161152199053
redirect 0.0016515869596438317 0.02643325706815543
reduced 7.18081286801666e-05 0.0
reference 0.008473359184259658 0.035401927050916
references 0.0007898894154818325 0.0
referencetooltips 7.18081286801666e-05 0.0
referrer 0.00021542438604049978 0.0
reflist 0.001077121930202499 0.0
registered 7.18081286801666e-05 0.0
registration 0.0001436162573603332 0.5705448584676129
registry 0.0001436162573603332 0.8947845266531914
rel 0.008688783570300158 0.0
related 0.0001436162573603332 0.02643325706815543
release 0.0005026569007611662 0.02643325706815543
released 0.0002872325147206664 0.017544309650909525
remap 7.18081286801666e-05 0.0
remapped 7.18081286801666e-05 4.051784947803305
remapping 0.00035904064340083297 4.051784947803305
reminder 0.0001436162573603332 4.051784947803305
reminder_software 7.18081286801666e-05 0.0
rendering 7.18081286801666e-05 0.0
repeat 0.0002872325147206664 0.0721032939013439
repeatedly 7.18081286801666e-05 0.2340726218464
repetitive 0.0001436162573603332 0.38822330167365837
replace 0.0002872325147206664 0.008733679968754631
replaced 7.18081286801666e-05 0.008733679968754631
report 0.0001436162573603332 0.0
repository 0.0001436162573603332 0.02643325706815543
repository_ 7.18081286801666e-05 0.0
require 7.18081286801666e-05 0.0
research 0.0001436162573603332 0.02643325706815543
resourceloaderdynamicstyles 7.18081286801666e-05 0.0
response 7.18081286801666e-05 0.017544309650909525
result 7.18081286801666e-05 0.0
retrieve 7.18081286801666e-05 0.40112670650956617
retrieved 0.0015079707022834985 0.0
returnto 0.0002872325147206664 0.0
revision 0.00021542438604049978 0.0
revisions 7.18081286801666e-05 0.6844891178168307
rfr_id 0.00337498204796783 0.0
rft 0.010412178658624156 0.0
rft_id 0.00337498204796783 0.0
rft_val_fmt 0.00337498204796783 0.0
rgba 0.0001436162573603332 0.0
right 0.0007898894154818325 0.0
rlconf 7.18081286801666e-05 0.0
rlpagemodules 7.18081286801666e-05 0.0
rlq 0.00043084877208099956 0.0
rlstate 7.18081286801666e-05 0.0
robots 7.18081286801666e-05 0.5108256237659907
role 0.0011489300588826655 0.0
roman 0.0002872325147206664 0.37548427589622857
room 7.18081286801666e-05 0.26759531388504365
rootpage 7.18081286801666e-05 0.0
row 0.0007180812868016659 0.11020314013361425
rsd 0.0001436162573603332 0.0
rule 7.18081286801666e-05 0.008733679968754631
rules 7.18081286801666e-05 0.008733679968754631
run 0.00021542438604049978 0.0
russian 7.18081286801666e-05 0.540239508972284
sadun 0.0001436162573603332 4.051784947803305
sameas 0.0001436162573603332 0.0
saved 7.18081286801666e-05 0.0
sbcl 0.0002872325147206664 0.20163734609324613
scan 0.00021542438604049978 0.19105523676270922
scheduling 7.18081286801666e-05 0.14981227822866008
schema 0.0001436162573603332 0.02643325706815543
science 7.18081286801666e-05 0.008733679968754631
scope 0.0006462731581214993 0.0721032939013439
scratch 7.18081286801666e-05 0.09097177820572679
screen 0.0001436162573603332 0.044451762570833796
scribunto 7.18081286801666e-05 0.044451762570833796
script 0.0012925463162429987 0.14981227822866008
scripting 0.001077121930202499 0.017544309650909525
scripting_language 0.0001436162573603332 0.0
scripts 0.002297860117765331 0.10054122922187746
search 0.0022260519890851646 0.0
searchable 7.18081286801666e-05 0.0
searchaux 7.18081286801666e-05 0.0
searchbutton 0.0002872325147206664 0.0
searchform 7.18081286801666e-05 0.0
searchinput 7.18081286801666e-05 0.0
seconds 0.00021542438604049978 0.0
section 0.0012925463162429987 0.008733679968754631
see 0.0002872325147206664 0.0
see_also 0.0002872325147206664 0.0
selected 0.0002872325147206664 0.008733679968754631
selector 7.18081286801666e-05 0.0
self 7.18081286801666e-05 0.017544309650909525
selflink 7.18081286801666e-05 0.0
selfref 7.18081286801666e-05 0.0
sentences 7.18081286801666e-05 0.0
september 7.18081286801666e-05 0.008733679968754631
service 7.18081286801666e-05 0.11020314013361425
services 7.18081286801666e-05 0.0
set 0.0002872325147206664 0.0
setting 7.18081286801666e-05 0.14981227822866008
sha1 7.18081286801666e-05 0.0
shadow 7.18081286801666e-05 0.26759531388504365
sharealike 7.18081286801666e-05 0.0
sharealike_3 7.18081286801666e-05 0.0
sharp 7.18081286801666e-05 0.3141153295199365
short 0.00043084877208099956 0.0
short_description 0.0001436162573603332 0.0
short_description_is_different_from_wikidata 7.18081286801666e-05 0.0
shortcut 0.0001436162573603332 1.3109449238781037
shortcuts 0.0001436162573603332 0.38822330167365837
shortdescription 7.18081286801666e-05 0.0
show 0.0002872325147206664 0.0
showtopic 7.18081286801666e-05 0.0
sidebar 0.0007898894154818325 0.0
sign 7.18081286801666e-05 0.035401927050916
signature 0.0001436162573603332 0.11020314013361425
signature_block 7.18081286801666e-05 0.0
similar 7.18081286801666e-05 0.008733679968754631
simple 0.0006462731581214993 0.017544309650909525
simplesearch 7.18081286801666e-05 0.0
simplified 7.18081286801666e-05 0.14981227822866008
site 0.00035904064340083297 0.0
sitedir 7.18081286801666e-05 0.0
sitelinks 7.18081286801666e-05 0.0
sitenotice 0.0001436162573603332 0.0
sitesub 7.18081286801666e-05 0.0
sitesupport 7.18081286801666e-05 0.0
size 0.0008616975441619991 0.0
sizing 7.18081286801666e-05 0.11020314013361425
skill 7.18081286801666e-05 0.20163734609324613
skin 0.0009335056728421657 0.8131064956389242
skins 0.00043084877208099956 0.0
slovak 7.18081286801666e-05 0.0
slovenčina 7.18081286801666e-05 0.0
small 0.0001436162573603332 0.0
smartgui 0.0002872325147206664 4.051784947803305
software 0.0025850926324859974 0.017544309650909525
software_categories 7.18081286801666e-05 0.0
software_license 7.18081286801666e-05 0.0
software_prototyping 7.18081286801666e-05 0.0
software_release_life_cycle 0.0001436162573603332 0.0
solid 0.00035904064340083297 0.19105523676270922
some 0.00021542438604049978 0.0
sometimes 7.18081286801666e-05 0.19105523676270922
source 0.0006462731581214993 0.0
source_software 0.0001436162573603332 0.0
source_software_logo_ 0.00043084877208099956 0.0
sources 0.00021542438604049978 0.0
space 0.0006462731581214993 0.0721032939013439
span 0.04997845756139595 0.044451762570833796
spanish 7.18081286801666e-05 0.3629054936893685
sparrow 0.0002872325147206664 0.540239508972284
special 0.001579778830963665 0.0
specialpages 0.0001436162573603332 0.0
spreading 0.0001436162573603332 4.051784947803305
src 0.0009335056728421657 0.0
srcset 0.0005026569007611662 0.0
stable 7.18081286801666e-05 0.017544309650909525
standard 0.00035904064340083297 0.0
start 0.0001436162573603332 0.0721032939013439
startup 0.0002872325147206664 0.0
statement 7.18081286801666e-05 0.0
static 0.0009335056728421657 0.0
statistics 7.18081286801666e-05 0.0
stats 7.18081286801666e-05 0.0
statslink 7.18081286801666e-05 0.0
status 7.18081286801666e-05 0.0
stdlib 0.00021542438604049978 4.051784947803305
steve 0.0001436162573603332 0.19105523676270922
sticky 0.0001436162573603332 0.0
stopmobileredirecttoggle 7.18081286801666e-05 0.0
string 7.18081286801666e-05 0.0
structured 7.18081286801666e-05 0.035401927050916
studio 0.0001436162573603332 0.0
style 0.007611661640097659 0.0
styles 0.0007180812868016659 0.0
stylesheet 0.0001436162573603332 0.0
subbox 7.18081286801666e-05 0.0
subheader 7.18081286801666e-05 0.0
subject 7.18081286801666e-05 0.10054122922187746
sublist 0.0007180812868016659 0.0
submit 0.0001436162573603332 0.0
subscription 0.0001436162573603332 0.0
subsection 7.18081286801666e-05 0.0
subtitle 7.18081286801666e-05 0.0
such 0.00043084877208099956 0.0
suggestededitsession 7.18081286801666e-05 0.0
suggestions 0.0001436162573603332 0.13976194237515863
summary 7.18081286801666e-05 0.14981227822866008
sup 0.007611661640097659 0.0
support 0.0009335056728421657 0.0
svenska 7.18081286801666e-05 0.0
svg 0.0033031739192876633 0.0
swedish 7.18081286801666e-05 0.02643325706815543
switched 7.18081286801666e-05 0.044451762570833796
switcher 7.18081286801666e-05 0.0
syntax 7.18081286801666e-05 0.0
synthetic 0.0001436162573603332 0.7195804376281008
synthetic_programming 7.18081286801666e-05 0.0
system 0.0005744650294413328 0.0
systems 7.18081286801666e-05 0.02643325706815543
tab 0.00035904064340083297 0.19105523676270922
tabindex 0.0001436162573603332 0.0
table 0.0007898894154818325 0.0
tabs 0.00043084877208099956 4.051784947803305
tagline 0.00021542438604049978 0.0
tags 7.18081286801666e-05 0.0
taking 7.18081286801666e-05 0.044451762570833796
talk 0.0002872325147206664 0.05358424613410626
target 0.001579778830963665 0.0
targetloader 7.18081286801666e-05 0.0
tasks 0.00021542438604049978 0.0
tbody 0.0001436162573603332 0.0
telephone 7.18081286801666e-05 0.48225225132193467
template 0.0014361625736033319 0.0
templateargumentsize 7.18081286801666e-05 0.0
templatestyles 0.004164871463449663 0.0
terms 0.0001436162573603332 0.0
terms_of_use 7.18081286801666e-05 0.0
text 0.008904207956340658 0.0
text_of_the_creative_commons_attribution 7.18081286801666e-05 0.0
than 7.18081286801666e-05 0.0
that 0.0007180812868016659 0.0
the 0.0048111446215711616 0.0
their 7.18081286801666e-05 0.008733679968754631
themselves 7.18081286801666e-05 0.0721032939013439
there 7.18081286801666e-05 0.0
these 7.18081286801666e-05 0.0
they 7.18081286801666e-05 0.008733679968754631
this 0.0018670113456843314 0.0
through 0.00021542438604049978 0.0
thumb 0.0012925463162429987 0.0
thumbnail 7.18081286801666e-05 0.0
time 0.00043084877208099956 0.0
timestamp 0.0001436162573603332 0.0
timeusage 7.18081286801666e-05 0.0
timingprofile 7.18081286801666e-05 0.0
title 0.018741921585523482 0.0
titlebar 0.0005744650294413328 0.0
titleform 7.18081286801666e-05 0.0
tiếng 7.18081286801666e-05 0.0
toc 0.008545167312939824 0.0
toggle 0.0007898894154818325 0.0
toggle_view_mobile 7.18081286801666e-05 0.0
tokens 7.18081286801666e-05 3.6463198396951406
tool 0.00021542438604049978 0.0
toolbar 0.00021542438604049978 0.0
tools 0.0006462731581214993 0.0
top 0.0007898894154818325 0.0
topic 0.0011489300588826655 0.05358424613410626
total 0.0001436162573603332 0.0
touch 0.0001436162573603332 2.4423470353692043
trademark 7.18081286801666e-05 0.0
transclusion 7.18081286801666e-05 0.0
transientcontent 7.18081286801666e-05 0.0
transparent 7.18081286801666e-05 0.11020314013361425
triggered 0.0001436162573603332 0.0
trojan 0.0002872325147206664 4.051784947803305
trojanantavmu 0.0001436162573603332 0.0
true 0.001579778830963665 0.0
ttl 7.18081286801666e-05 0.0
turkish 7.18081286801666e-05 0.0
tutorial 0.00021542438604049978 0.09097177820572679
type 0.0025850926324859974 0.0
typed 0.0001436162573603332 0.017544309650909525
typing 0.0001436162573603332 0.008733679968754631
türkçe 7.18081286801666e-05 0.0
ukrainian 7.18081286801666e-05 1.749199854809259
uls 0.00035904064340083297 0.0
under 7.18081286801666e-05 0.0
understands 7.18081286801666e-05 0.7195804376281008
unknown 0.0033031739192876633 0.008733679968754631
unpin 0.0001436162573603332 0.0
unpinned 0.0001436162573603332 0.0
unstrip 0.0002872325147206664 0.0
unwanted 7.18081286801666e-05 0.26759531388504365
updated 0.0002872325147206664 0.08149303425118301
upload 0.002154243860404998 0.14981227822866008
upper 0.0002872325147206664 0.11020314013361425
url 0.0009335056728421657 0.0721032939013439
usage 0.00035904064340083297 0.0
usb 0.0001436162573603332 0.21233263520999412
use 0.0002872325147206664 0.0
used 0.0002872325147206664 0.0
uselang 7.18081286801666e-05 0.0
user 0.0030877495332471637 0.0
user_ 7.18081286801666e-05 0.0
useradd 0.0001436162573603332 0.0
userlogin 0.0001436162573603332 0.0
users 7.18081286801666e-05 0.0721032939013439
uses 7.18081286801666e-05 0.008733679968754631
using 0.0005026569007611662 0.0
utc 7.18081286801666e-05 0.0
utf 7.18081286801666e-05 0.21233263520999412
utility 0.0001436162573603332 0.0
utility_software 7.18081286801666e-05 0.0
utm_campaign 7.18081286801666e-05 0.0
utm_medium 7.18081286801666e-05 0.0
utm_source 7.18081286801666e-05 0.0
value 0.0009335056728421657 0.0
var 0.0001436162573603332 0.11020314013361425
variable 7.18081286801666e-05 0.0
variable_ 7.18081286801666e-05 0.0
variables 7.18081286801666e-05 0.008733679968754631
variant 7.18081286801666e-05 0.0
variants 0.00043084877208099956 0.0
vary 7.18081286801666e-05 0.0
vbscript 0.00043084877208099956 0.7018808605286999
vector 0.01938819474364498 0.0
version 0.0006462731581214993 0.0
version_2 0.0002872325147206664 1.8004931491968095
version_control 7.18081286801666e-05 0.0
vertical 0.00035904064340083297 0.19105523676270922
vevent 7.18081286801666e-05 0.0
vietnamese 7.18081286801666e-05 0.0
view 0.0006462731581214993 0.0
viewport 7.18081286801666e-05 0.0
views 0.00021542438604049978 0.02643325706815543
viewtopic 0.0007180812868016659 0.0
virus 0.0001436162573603332 0.0
virustotal 0.0002872325147206664 0.540239508972284
visible 7.18081286801666e-05 0.044451762570833796
visit 0.0001436162573603332 0.0
visited 7.18081286801666e-05 0.0
visual 0.00021542438604049978 0.0
visual_basic_ 7.18081286801666e-05 0.0
visualeditor 0.0002872325147206664 0.0
việt 7.18081286801666e-05 1.2185716037470886
vue 0.0001436162573603332 0.11995931507897897
walltime 7.18081286801666e-05 0.0
was 0.00043084877208099956 0.0
watchlist 7.18081286801666e-05 0.0
watchtoken 7.18081286801666e-05 0.0
way 7.18081286801666e-05 0.008733679968754631
wbc 7.18081286801666e-05 0.0
wbr 0.00035904064340083297 0.0
web 0.004093063334769496 0.0
web_browser 0.0001436162573603332 0.0
web_service 7.18081286801666e-05 0.0
webserver 0.0002872325147206664 4.051784947803305
website 0.0002872325147206664 0.0
websites 7.18081286801666e-05 0.14981227822866008
weight 0.0001436162573603332 0.7195804376281008
wgaction 7.18081286801666e-05 0.0
wgarticleid 7.18081286801666e-05 0.0
wgbackendresponsetime 7.18081286801666e-05 0.0
wgbreakframes 7.18081286801666e-05 0.0
wgcanonicalnamespace 7.18081286801666e-05 0.0
wgcanonicalspecialpagename 7.18081286801666e-05 0.0
wgcategories 7.18081286801666e-05 0.0
wgcentralauthmobiledomain 7.18081286801666e-05 0.0
wgcspnonce 7.18081286801666e-05 0.0
wgcurrevisionid 7.18081286801666e-05 0.0
wgdefaultdateformat 7.18081286801666e-05 0.0
wgdigittransformtable 7.18081286801666e-05 0.0
wgeditsubmitbuttonlabelpublish 7.18081286801666e-05 0.0
wgflaggedrevsparams 7.18081286801666e-05 0.0
wggestructuredtaskrejectionreasontextinputenabled 7.18081286801666e-05 0.0
wggetopicsmatchmodeenabled 7.18081286801666e-05 0.0
wghostname 7.18081286801666e-05 0.0
wgisarticle 7.18081286801666e-05 0.0
wgisprobablyeditable 7.18081286801666e-05 0.0
wgisredirect 7.18081286801666e-05 0.0
wgmediaviewerenabledbydefault 7.18081286801666e-05 0.0
wgmediavieweronclick 7.18081286801666e-05 0.0
wgmfdisplaywikibasedescriptions 7.18081286801666e-05 0.0
wgmonthnames 7.18081286801666e-05 0.0
wgnamespacenumber 7.18081286801666e-05 0.0
wgnoticeproject 7.18081286801666e-05 0.0
wgpagecontentlanguage 7.18081286801666e-05 0.0
wgpagecontentmodel 7.18081286801666e-05 0.0
wgpagename 7.18081286801666e-05 0.0
wgpageparsereport 7.18081286801666e-05 0.0
wgpopupsflags 7.18081286801666e-05 0.0
wgrelevantarticleid 7.18081286801666e-05 0.0
wgrelevantpageisprobablyeditable 7.18081286801666e-05 0.0
wgrelevantpagename 7.18081286801666e-05 0.0
wgrequestid 7.18081286801666e-05 0.0
wgrestrictionedit 7.18081286801666e-05 0.0
wgrestrictionmove 7.18081286801666e-05 0.0
wgrevisionid 7.18081286801666e-05 0.0
wgseparatortransformtable 7.18081286801666e-05 0.0
wgtitle 7.18081286801666e-05 0.0
wgulscurrentautonym 7.18081286801666e-05 0.0
wgulsiscompactlinksenabled 7.18081286801666e-05 0.0
wgulsislanguageselectorempty 7.18081286801666e-05 0.0
wgulsposition 7.18081286801666e-05 0.0
wgusergroups 7.18081286801666e-05 0.0
wgusername 7.18081286801666e-05 0.0
wgvector2022previewpages 7.18081286801666e-05 0.0
wgvisualeditor 7.18081286801666e-05 0.0
wgwikibaseitemid 7.18081286801666e-05 0.0
wgwmepagelength 7.18081286801666e-05 0.0
wgwmeschemaeditattemptstepoversample 7.18081286801666e-05 0.0
what 7.18081286801666e-05 0.0
whatlinkshere 0.0001436162573603332 0.0
when 0.00035904064340083297 0.0
whenever 7.18081286801666e-05 0.3504829736908114
white 0.0006462731581214993 0.0721032939013439
width 0.002441476375125664 0.0
wiki 0.011920149360907654 0.0
wikibase 0.0002872325147206664 0.0
wikidata 0.001579778830963665 0.0
wikimedia 0.003877638948728996 0.0
wikimediabadges 7.18081286801666e-05 0.0
wikimediaevents 7.18081286801666e-05 0.0
wikimediafoundation 0.0001436162573603332 0.0
wikipedia 0.010771219302024989 0.0
wikisource 7.18081286801666e-05 3.6463198396951406
wikitext 7.18081286801666e-05 0.0
will 0.00021542438604049978 0.0
win 7.18081286801666e-05 0.3141153295199365
win32 0.0002872325147206664 0.27902400970866637
winbatch 0.00021542438604049978 1.3109449238781037
window 0.00043084877208099956 0.11020314013361425
window_ 7.18081286801666e-05 0.0
windows 0.0022260519890851646 0.0
windows_registry 7.18081286801666e-05 0.0
windows_scripting_host 7.18081286801666e-05 0.0
wineventhook 0.0002872325147206664 4.051784947803305
with 0.0016515869596438317 0.0
wizardry 0.0002872325147206664 4.051784947803305
wmf 0.00021542438604049978 0.0
word 0.00021542438604049978 0.044451762570833796
wordmark 0.0001436162573603332 0.0
working 7.18081286801666e-05 0.035401927050916
works 7.18081286801666e-05 0.11020314013361425
would 7.18081286801666e-05 0.0
wpformidentifier 7.18081286801666e-05 0.0
wrap 0.0001436162573603332 0.5108256237659907
wrappers 7.18081286801666e-05 0.2451224580329849
written 0.00021542438604049978 0.0
www 0.00315955766192733 0.0
xml 0.00021542438604049978 0.14981227822866008
year 7.18081286801666e-05 0.10054122922187746
years 0.0002872325147206664 0.017544309650909525
yes 7.18081286801666e-05 0.7936884097818228
you 0.00035904064340083297 0.0
yue 0.0002872325147206664 0.0
z39 0.00337498204796783 0.0
z3988 0.00337498204796783 0.0
čeština 7.18081286801666e-05 0.0
русский 7.18081286801666e-05 0.7375989431307791
українська 7.18081286801666e-05 0.0
日本語 7.18081286801666e-05 0.0
오토핫키 7.18081286801666e-05 0.0
한국어 7.18081286801666e-05 0.0
