000 0.0001913143294432753 0.0
00000200 9.565716472163765e-05 4.74493212836325
021 0.0001913143294432753 4.051784947803305
0261 0.00028697149416491294 4.74493212836325
02t01 0.0001913143294432753 4.74493212836325
039 0.0003826286588865506 0.0
047 9.565716472163765e-05 4.051784947803305
064 0.0001913143294432753 4.74493212836325
0_unported_license 9.565716472163765e-05 0.0
100 0.002678400612205854 0.0
1000 9.565716472163765e-05 0.0
10000 9.565716472163765e-05 1.2484245668967697
1000000 0.0001913143294432753 0.0
1028 0.00028697149416491294 3.6463198396951406
1059 0.00028697149416491294 4.051784947803305
109 0.0001913143294432753 1.9723434061234688
112 0.0001913143294432753 2.1058747987479913
1125073991 0.0006696001530514636 4.74493212836325
114 0.00028697149416491294 0.37548427589622857
117 9.565716472163765e-05 0.0
125em 0.0004782858236081883 0.0
126 0.0001913143294432753 1.8004931491968095
127 9.565716472163765e-05 0.09097177820572679
128 9.565716472163765e-05 1.7004096906398272
12px 9.565716472163765e-05 0.09097177820572679
12s5i 9.565716472163765e-05 0.0
133 9.565716472163765e-05 0.08149303425118301
140 0.0001913143294432753 2.5477075510270306
15z 0.0001913143294432753 2.7990219793079367
160 0.0011478859766596518 0.0
16px 0.0001913143294432753 1.0072625100798818
1748 0.0001913143294432753 4.74493212836325
1750 9.565716472163765e-05 4.74493212836325
180 0.0001913143294432753 0.8947845266531914
185 0.0001913143294432753 0.9607424944449889
18_coral_offer_overview_v4 0.00028697149416491294 4.74493212836325
1946 0.0001913143294432753 4.74493212836325
1964 0.0005739429883298259 2.953172659135195
1968 0.00028697149416491294 2.665490586683414
1970 0.00028697149416491294 2.3470368555648795
1970s 9.565716472163765e-05 1.911718784307034
1971 0.0001913143294432753 2.953172659135195
1972 0.0001913143294432753 2.3470368555648795
19721130 0.00028697149416491294 4.74493212836325
19721130_6 0.0003826286588865506 4.74493212836325
1975 0.0001913143294432753 2.03688192726104
1976 9.565716472163765e-05 2.7990219793079367
1978 0.0001913143294432753 1.749199854809259
198 0.0001913143294432753 2.7990219793079367
1980s 9.565716472163765e-05 1.7004096906398272
1993 0.0001913143294432753 1.4127276181880462
1em 0.0005739429883298259 0.02643325706815543
1px 0.00028697149416491294 0.2451224580329849
1x1 9.565716472163765e-05 0.0
2002 0.0004782858236081883 1.0560526742493137
2004 0.0007652573177731012 0.06280090123903044
20041102162930 9.565716472163765e-05 4.74493212836325
20070927041856 9.565716472163765e-05 4.74493212836325
20100216045637 9.565716472163765e-05 4.74493212836325
2012 0.00028697149416491294 0.9382696385929302
2015_05_29_08_44_13 0.0001913143294432753 4.74493212836325
2017 0.0001913143294432753 0.9837320126696876
2018 9.565716472163765e-05 1.0072625100798818
2019 0.0006696001530514636 0.9162907318741551
2020 0.0008609144824947389 0.8329091229351039
20200519075443 9.565716472163765e-05 4.74493212836325
2021 0.00028697149416491294 0.7746402148111283
20210123102547 9.565716472163765e-05 4.74493212836325
20210317073041 9.565716472163765e-05 4.74493212836325
2022 0.0007652573177731012 0.0
20230314050452 9.565716472163765e-05 4.74493212836325
20230314050453 0.0001913143294432753 4.74493212836325
2097152 0.0003826286588865506 0.0
227 0.0001913143294432753 4.051784947803305
23px 0.0001913143294432753 0.5254244231871433
255 9.565716472163765e-05 0.09097177820572679
25em 0.0018174861297111154 0.035401927050916
25t15 0.0001913143294432753 4.051784947803305
264 0.0001913143294432753 3.6463198396951406
27hearn 9.565716472163765e-05 2.953172659135195
27s 9.565716472163765e-05 1.0813704822336037
27s_device 9.565716472163765e-05 2.953172659135195
2868 0.0001913143294432753 4.74493212836325
28hmso 9.565716472163765e-05 4.74493212836325
2900 0.00028697149416491294 3.6463198396951406
2b58 9.565716472163765e-05 4.74493212836325
2cicon 9.565716472163765e-05 0.0
2cstyles 9.565716472163765e-05 0.0
2em 0.0001913143294432753 0.06280090123903044
2f12 9.565716472163765e-05 2.3470368555648795
2f13 9.565716472163765e-05 3.3586377672433594
2f2002 9.565716472163765e-05 3.6463198396951406
2f2012 9.565716472163765e-05 2.7990219793079367
2f2015_05_29_08_44_13 9.565716472163765e-05 4.74493212836325
2fada084068 9.565716472163765e-05 4.74493212836325
2fapps 9.565716472163765e-05 2.5477075510270306
2fassets1 9.565716472163765e-05 4.74493212836325
2fbooks 0.0003826286588865506 1.6538896750049343
2fcitations 9.565716472163765e-05 4.74493212836325
2fdefault 9.565716472163765e-05 3.3586377672433594
2fdownloads 9.565716472163765e-05 3.3586377672433594
2fen 0.0007652573177731012 0.10054122922187746
2ffiles 9.565716472163765e-05 2.4423470353692043
2ffmt 0.0007652573177731012 0.10054122922187746
2finternetnews 9.565716472163765e-05 4.74493212836325
2fmanufacturing 9.565716472163765e-05 4.74493212836325
2fmar 9.565716472163765e-05 4.74493212836325
2fmd_6841a 9.565716472163765e-05 4.74493212836325
2fqueen 9.565716472163765e-05 4.74493212836325
2fsites 9.565716472163765e-05 2.4423470353692043
2fsti 9.565716472163765e-05 4.051784947803305
2ftechnology 9.565716472163765e-05 3.3586377672433594
2fwww 0.00028697149416491294 0.3382128810989969
2px 0.0001913143294432753 0.26759531388504365
3077 0.00028697149416491294 4.051784947803305
30em 9.565716472163765e-05 0.09097177820572679
312022 9.565716472163765e-05 4.74493212836325
3125em 9.565716472163765e-05 0.0
316 0.0001913143294432753 2.7990219793079367
31px 0.0001913143294432753 0.9837320126696876
32546 0.0001913143294432753 4.74493212836325
326 0.0001913143294432753 3.3586377672433594
327 0.0001913143294432753 4.051784947803305
32z 0.0001913143294432753 2.7990219793079367
348 0.0001913143294432753 4.051784947803305
3724de0127d1 9.565716472163765e-05 4.74493212836325
3a3 9.565716472163765e-05 0.09097177820572679
3abook 0.0004782858236081883 0.22314355131420976
3acoral 0.0007652573177731012 4.74493212836325
3ajournal 0.00028697149416491294 0.3260915205666521
3akev 0.0007652573177731012 0.10054122922187746
3amtx 0.0007652573177731012 0.10054122922187746
3aofi 0.0007652573177731012 0.10054122922187746
3asid 0.0007652573177731012 0.10054122922187746
3cols 9.565716472163765e-05 0.21233263520999412
3ddkuzdol9acqc 9.565716472163765e-05 4.74493212836325
3dvhcfaqaaiaaj 9.565716472163765e-05 4.74493212836325
3em 0.0001913143294432753 0.035401927050916
3fid 0.0001913143294432753 1.3437347467010947
3px 0.0001913143294432753 0.12981161152199053
400 0.0001913143294432753 0.0
4000 9.565716472163765e-05 2.5477075510270306
4080 9.565716472163765e-05 4.74493212836325
412 0.0001913143294432753 2.953172659135195
470221 0.0003826286588865506 4.74493212836325
4abd 9.565716472163765e-05 4.74493212836325
4em 0.0001913143294432753 0.40112670650956617
500 0.0003826286588865506 0.0
5000000 0.0001913143294432753 0.0
513 0.0001913143294432753 4.051784947803305
52428800 0.0001913143294432753 0.008733679968754631
5905 9.565716472163765e-05 4.74493212836325
5em 0.0004782858236081883 0.0
615 0.0001913143294432753 4.051784947803305
6267291 0.0001913143294432753 4.74493212836325
68000 0.0001913143294432753 3.3586377672433594
68c 0.0001913143294432753 2.953172659135195
68rs 0.0001913143294432753 2.953172659135195
68s 0.0001913143294432753 2.953172659135195
720px 9.565716472163765e-05 0.0
7262 0.00028697149416491294 4.74493212836325
772723 0.0003826286588865506 4.74493212836325
79008 0.0001913143294432753 4.74493212836325
799 9.565716472163765e-05 3.3586377672433594
7cext 0.00028697149416491294 0.0
7cjquery 9.565716472163765e-05 0.41419878807691896
7cmediawiki 9.565716472163765e-05 0.0
7cskins 9.565716472163765e-05 0.0
7cwikibase 9.565716472163765e-05 0.0
7em 9.565716472163765e-05 0.41419878807691896
808 0.0001913143294432753 3.3586377672433594
8080 0.0001913143294432753 3.3586377672433594
8125em 9.565716472163765e-05 0.0
825 0.0001913143294432753 3.1354942159291497
84_66 9.565716472163765e-05 4.74493212836325
86400 0.0001913143294432753 0.8329091229351039
8800 9.565716472163765e-05 4.74493212836325
9334 9.565716472163765e-05 4.74493212836325
965 0.0001913143294432753 2.665490586683414
978 0.0003826286588865506 0.9837320126696876
9px 0.00028697149416491294 0.09097177820572679
_bauer 9.565716472163765e-05 2.953172659135195
_bond 9.565716472163765e-05 2.953172659135195
_bourne 9.565716472163765e-05 2.7990219793079367
_dijkstra 9.565716472163765e-05 2.953172659135195
_floyd 9.565716472163765e-05 2.953172659135195
_koster 9.565716472163765e-05 2.953172659135195
_lindsey 9.565716472163765e-05 2.953172659135195
_mailloux 9.565716472163765e-05 2.953172659135195
_peck 9.565716472163765e-05 2.953172659135195
_reynolds 9.565716472163765e-05 2.953172659135195
_ross 9.565716472163765e-05 2.7990219793079367
_schwartz 9.565716472163765e-05 2.953172659135195
_worcestershire 9.565716472163765e-05 4.74493212836325
a2a9b1 9.565716472163765e-05 0.27902400970866637
abbr 0.0007652573177731012 0.41419878807691896
abc 0.0001913143294432753 2.1799827709017134
abc_algol 9.565716472163765e-05 2.953172659135195
abelson 0.0001913143294432753 2.3470368555648795
about 0.0008609144824947389 0.0
aboutsite 9.565716472163765e-05 0.0
above 0.0001913143294432753 0.1599646496926782
abovebelow 0.0004782858236081883 0.44086703515908027
absolute 9.565716472163765e-05 0.0
abstract 9.565716472163765e-05 1.449095262358921
abstract_data_type 9.565716472163765e-05 3.3586377672433594
ac73 9.565716472163765e-05 4.74493212836325
academic 9.565716472163765e-05 2.1058747987479913
accessdate 0.0005739429883298259 0.2451224580329849
accesskey 0.0018174861297111154 0.0
accompany 9.565716472163765e-05 4.74493212836325
account 0.0003826286588865506 0.0
acm 9.565716472163765e-05 1.1895840668738364
across 9.565716472163765e-05 0.0
action 0.0020088004591543905 0.0
actions 9.565716472163765e-05 0.0
ada 0.0003826286588865506 1.3109449238781037
ada084068 0.0001913143294432753 4.74493212836325
ada_ 9.565716472163765e-05 1.4127276181880462
ada_programming_language 9.565716472163765e-05 4.051784947803305
adapted 9.565716472163765e-05 3.6463198396951406
add 9.565716472163765e-05 0.0
additional 9.565716472163765e-05 0.0
address 0.0001913143294432753 0.0
adopted 0.00028697149416491294 2.1799827709017134
adriaan 0.0001913143294432753 2.953172659135195
adriaan_van_wijngaarden 9.565716472163765e-05 2.953172659135195
advantage 0.0001913143294432753 2.03688192726104
after 0.0017218289649894778 0.0
ago 9.565716472163765e-05 0.5108256237659907
agree 9.565716472163765e-05 0.0
aimed 9.565716472163765e-05 3.6463198396951406
air 0.0003826286588865506 2.4423470353692043
alan 0.0001913143294432753 1.8545603704670854
alan_perlis 9.565716472163765e-05 2.665490586683414
alcor 0.0005739429883298259 2.953172659135195
alert 0.0003826286588865506 0.0
algo 0.00028697149416491294 2.953172659135195
algol 0.006409030036349722 1.3109449238781037
algol_58 0.0001913143294432753 2.7990219793079367
algol_60 0.0003826286588865506 2.03688192726104
algol_68 0.00028697149416491294 2.26002547857525
algol_68c 9.565716472163765e-05 2.953172659135195
algol_68rs 9.565716472163765e-05 2.953172659135195
algol_68s 9.565716472163765e-05 2.953172659135195
algol_bulletin 9.565716472163765e-05 2.953172659135195
algol_n 9.565716472163765e-05 2.953172659135195
algol_programming 0.0006696001530514636 2.953172659135195
algol_programming_language_family 9.565716472163765e-05 2.7990219793079367
algol_w 9.565716472163765e-05 2.953172659135195
algol_x 9.565716472163765e-05 2.953172659135195
align 0.0007652573177731012 0.05358424613410626
all 0.0005739429883298259 0.0
all_articles_with_unsourced_statements 9.565716472163765e-05 1.749199854809259
allocation 9.565716472163765e-05 1.8545603704670854
allow 9.565716472163765e-05 1.0313600616589422
allowing 9.565716472163765e-05 1.3437347467010947
allows 9.565716472163765e-05 0.8329091229351039
alpha 0.0007652573177731012 0.08149303425118301
also 0.0003826286588865506 0.19105523676270922
alt 0.0009565716472163765 0.0
alternate 0.00028697149416491294 0.0
amp 0.011191888272431606 0.0
and 0.004782858236081882 0.0
andrews 0.0001913143294432753 2.953172659135195
andrey 0.0001913143294432753 2.953172659135195
andrey_ershov 9.565716472163765e-05 2.953172659135195
angewandte 9.565716472163765e-05 2.953172659135195
announces 9.565716472163765e-05 3.1354942159291497
anon 0.0001913143294432753 0.0
anoncontribs 9.565716472163765e-05 0.0
anontalk 9.565716472163765e-05 0.0
anonymous 9.565716472163765e-05 0.0
another 9.565716472163765e-05 0.09097177820572679
any 9.565716472163765e-05 0.6844891178168307
api 9.565716472163765e-05 0.0
appeared 9.565716472163765e-05 0.40112670650956617
apple 0.0001913143294432753 0.0
application 0.0005739429883298259 0.0
applications 0.0003826286588865506 0.7746402148111283
applied 9.565716472163765e-05 1.8004931491968095
apply 9.565716472163765e-05 0.0
approval 9.565716472163765e-05 3.3586377672433594
approved 9.565716472163765e-05 2.5477075510270306
apps 0.0001913143294432753 1.9723434061234688
april 0.0001913143294432753 0.0
arabic 9.565716472163765e-05 1.16141318990714
archive 0.0008609144824947389 0.3504829736908114
archived 0.00028697149416491294 0.6017974019717174
are 0.00028697149416491294 0.0
argument 9.565716472163765e-05 0.0
argus 0.0001913143294432753 3.6463198396951406
aria 0.002774057776927492 0.0
arithmetic 0.0001913143294432753 1.7004096906398272
arpanet 0.0004782858236081883 4.74493212836325
article 0.0009565716472163765 0.0
articles 0.0006696001530514636 0.0
articles_with_unsourced_statements_from_december_2020 9.565716472163765e-05 4.74493212836325
asian 9.565716472163765e-05 2.953172659135195
asm 9.565716472163765e-05 3.1354942159291497
assembler 9.565716472163765e-05 2.03688192726104
assembly 0.0001913143294432753 1.2185716037470886
assembly_language 9.565716472163765e-05 1.8004931491968095
assets1 0.0001913143294432753 4.74493212836325
associated 0.0001913143294432753 0.0
association 0.00028697149416491294 1.3109449238781037
association_for_computing_machinery 9.565716472163765e-05 1.9723434061234688
associations 9.565716472163765e-05 2.4423470353692043
async 0.00028697149416491294 0.0
atitle 0.00028697149416491294 0.25629575863111026
atlas 0.0001913143294432753 2.665490586683414
atlas_autocode 9.565716472163765e-05 2.953172659135195
atom 0.00028697149416491294 0.0
attribution 9.565716472163765e-05 0.0
aufirst 0.0004782858236081883 0.3629054936893685
august 9.565716472163765e-05 0.0
aulast 0.0004782858236081883 0.3629054936893685
auspices 9.565716472163765e-05 4.74493212836325
author 0.0001913143294432753 0.0
auto 0.0003826286588865506 0.0
autocapitalize 9.565716472163765e-05 0.0
autocode 0.0001913143294432753 2.953172659135195
automation 9.565716472163765e-05 1.911718784307034
autostart 9.565716472163765e-05 0.11020314013361425
availability 9.565716472163765e-05 2.1058747987479913
available 0.0001913143294432753 0.0
avoid 0.0001913143294432753 0.09097177820572679
avoided 9.565716472163765e-05 3.3586377672433594
b8rn_jensen 9.565716472163765e-05 2.953172659135195
background 0.0017218289649894778 0.017544309650909525
backhouse 0.0001913143294432753 2.953172659135195
backlink 0.0007652573177731012 0.08149303425118301
backus 0.00028697149416491294 2.26002547857525
barnes 0.0001913143294432753 2.665490586683414
barry 0.0001913143294432753 2.26002547857525
barry_j 9.565716472163765e-05 2.953172659135195
based 9.565716472163765e-05 0.3504829736908114
bauer 0.0003826286588865506 2.665490586683414
bcpl 0.0005739429883298259 2.665490586683414
bcr_angewandte_mathematik_und_mechanik 9.565716472163765e-05 2.953172659135195
bday 9.565716472163765e-05 0.41419878807691896
bdi 0.0003826286588865506 0.7375989431307791
beat 0.0001913143294432753 4.74493212836325
because 9.565716472163765e-05 0.0
been 0.00028697149416491294 0.6844891178168307
before 0.0014348574708245648 0.0
below 9.565716472163765e-05 0.18058393689541388
benchmark 9.565716472163765e-05 2.7990219793079367
benchmarks 0.0001913143294432753 3.1354942159291497
berkeley 9.565716472163765e-05 2.665490586683414
berkeley_software_distribution 9.565716472163765e-05 3.6463198396951406
berkshire 0.0001913143294432753 4.74493212836325
bernard 9.565716472163765e-05 2.953172659135195
between 9.565716472163765e-05 0.7375989431307791
bird 0.0001913143294432753 2.7990219793079367
block 0.0001913143294432753 0.18058393689541388
body 0.001339200306102927 0.0
bodycontent 0.0001913143294432753 0.0
bold 9.565716472163765e-05 0.2451224580329849
bond 0.0001913143294432753 2.7990219793079367
book 0.0005739429883298259 0.42744401482693967
books 0.0003826286588865506 0.5552773863368246
booksources 0.0003826286588865506 0.6673946844575306
bootstrap 9.565716472163765e-05 0.10054122922187746
border 0.0018174861297111154 0.0
both 0.00028697149416491294 0.3022808718729337
bottenbruch 0.0001913143294432753 2.953172659135195
bottom 0.00028697149416491294 0.05358424613410626
bourne 0.00028697149416491294 2.665490586683414
box 0.0014348574708245648 0.0
boxtext 9.565716472163765e-05 0.41419878807691896
bracket 0.0007652573177731012 0.0
brackets 0.0001913143294432753 0.41419878807691896
bracknell 0.0001913143294432753 4.74493212836325
break 0.00028697149416491294 0.05358424613410626
brian 0.0001913143294432753 1.7004096906398272
brian_randell 9.565716472163765e-05 2.953172659135195
british 0.0009565716472163765 2.3470368555648795
british_standard 9.565716472163765e-05 4.74493212836325
british_telecom 9.565716472163765e-05 4.74493212836325
brooker 0.0001913143294432753 2.953172659135195
brothers 0.0001913143294432753 2.7990219793079367
browsing 9.565716472163765e-05 0.0
bs5905 9.565716472163765e-05 4.74493212836325
bsd 9.565716472163765e-05 2.3470368555648795
bsi 0.0001913143294432753 2.7990219793079367
bsi_group 9.565716472163765e-05 2.953172659135195
btitle 0.0004782858236081883 0.22314355131420976
btn 0.0005739429883298259 0.0
bulletin 0.0001913143294432753 2.7990219793079367
burroughs 0.0003826286588865506 2.4423470353692043
burroughs_corporation 9.565716472163765e-05 2.665490586683414
burroughs_large_systems 9.565716472163765e-05 2.7990219793079367
business 9.565716472163765e-05 1.0072625100798818
but 9.565716472163765e-05 0.3629054936893685
button 0.003061029271092405 0.0
buttons 9.565716472163765e-05 0.0
bytes 0.0003826286588865506 0.0
c13_en 9.565716472163765e-05 0.0
c48975b0 9.565716472163765e-05 4.74493212836325
cache 0.0001913143294432753 0.0
cached 9.565716472163765e-05 0.0
cachereport 9.565716472163765e-05 0.0
cactions 0.0005739429883298259 0.0
cade 0.0001913143294432753 3.6463198396951406
calls 9.565716472163765e-05 0.0
campaigns 9.565716472163765e-05 0.0
candidate 9.565716472163765e-05 3.1354942159291497
canonical 0.0001913143294432753 0.0
caps 9.565716472163765e-05 0.41419878807691896
caption 0.0001913143294432753 0.21233263520999412
carl 0.0001913143294432753 2.953172659135195
carroll 0.0001913143294432753 2.953172659135195
carroll_morgan_ 9.565716472163765e-05 2.953172659135195
case 0.0001913143294432753 1.0813704822336037
case_western_reserve_university 9.565716472163765e-05 2.953172659135195
categories 0.0001913143294432753 0.02643325706815543
category 0.0022957719533193035 0.0
category_handler 0.0001913143294432753 3.3586377672433594
catlinks 0.0005739429883298259 0.0
cats 9.565716472163765e-05 0.0721032939013439
ccf 9.565716472163765e-05 0.454472687214859
center 0.0007652573177731012 0.017544309650909525
centralauth 0.0001913143294432753 0.0
centralautologin 0.0001913143294432753 0.0
centralnotice 0.00028697149416491294 0.0
certification 0.0001913143294432753 2.953172659135195
change 9.565716472163765e-05 0.0
changes 0.0003826286588865506 0.0
character 9.565716472163765e-05 1.3437347467010947
charinsert 9.565716472163765e-05 0.0
charles 0.0003826286588865506 1.5260563034950492
charles_h 9.565716472163765e-05 2.953172659135195
charles_katz 9.565716472163765e-05 2.7990219793079367
charset 9.565716472163765e-05 0.0
checkbox 0.00325234360053568 0.0
checking 9.565716472163765e-05 1.9723434061234688
child 0.002391429118040941 0.06280090123903044
citation 0.001913143294432753 0.08149303425118301
citation_needed 0.0003826286588865506 1.749199854809259
citations 0.0001913143294432753 1.2185716037470886
cite 0.002965372106370767 0.0
cite_note 0.00162617180026784 0.08149303425118301
cite_ref 0.0017218289649894778 0.08149303425118301
cite_web 0.0001913143294432753 0.4682660093471948
citerefgorman1978 9.565716472163765e-05 4.74493212836325
citerefgough1993 9.565716472163765e-05 4.74493212836325
citerefleft2002 9.565716472163765e-05 4.74493212836325
citerefmetz2012 9.565716472163765e-05 4.74493212836325
citerefwoodward1970 9.565716472163765e-05 4.74493212836325
citethispage 9.565716472163765e-05 0.0
civil 9.565716472163765e-05 4.74493212836325
claim 0.0001913143294432753 1.5668782980153044
class 0.03883680887698489 0.0
classname 0.00028697149416491294 0.0
clear 0.0001913143294432753 0.11995931507897897
client 0.0004782858236081883 0.0
code 0.0003826286588865506 0.035401927050916
col 9.565716472163765e-05 0.540239508972284
coll 0.0003826286588865506 0.0
collapse 9.565716472163765e-05 0.21233263520999412
collapsed 0.0003826286588865506 0.0
collapses 9.565716472163765e-05 0.0
collapsible 0.001052228811938014 0.0
color 0.0014348574708245648 0.017544309650909525
colspan 0.0005739429883298259 0.14981227822866008
column 0.00028697149416491294 0.09097177820572679
columns 0.0004782858236081883 0.09097177820572679
com 0.0008609144824947389 0.11995931507897897
commercial 0.0001913143294432753 1.3109449238781037
committee 9.565716472163765e-05 2.26002547857525
commons 0.0004782858236081883 0.0
community 0.00028697149416491294 0.0
community_of_practice 9.565716472163765e-05 2.1799827709017134
community_portal 9.565716472163765e-05 0.0
compactlinks 9.565716472163765e-05 0.0
company 0.0003826286588865506 1.0072625100798818
compile 9.565716472163765e-05 1.486835590341768
compiler 0.001052228811938014 0.5108256237659907
compilers 0.00028697149416491294 1.1340142157190256
complications 9.565716472163765e-05 0.0
computer 0.0022957719533193035 0.12981161152199053
computer_company 9.565716472163765e-05 2.953172659135195
computer_science 0.0001913143294432753 0.5860490450035782
computer_scientist 0.0004782858236081883 1.486835590341768
computer_technology_limited 0.0003826286588865506 4.74493212836325
computers 0.0005739429883298259 1.0813704822336037
computing 0.0012435431413812894 0.3504829736908114
computing_platform 9.565716472163765e-05 1.6094379124341003
config 0.0001913143294432753 0.0
conor 0.0001913143294432753 2.953172659135195
conor_mcbride 9.565716472163765e-05 2.953172659135195
contact 0.0003826286588865506 0.0
contact_us 0.0001913143294432753 0.0
contactpage 9.565716472163765e-05 0.0
container 0.001339200306102927 0.0
containing 9.565716472163765e-05 0.0
content 0.006600344365792998 0.0
contentinfo 9.565716472163765e-05 0.0
contents 0.0012435431413812894 0.0
contentsub 9.565716472163765e-05 0.0
context 0.0003826286588865506 0.0
contribute 9.565716472163765e-05 0.0
contribution 9.565716472163765e-05 3.3586377672433594
contributions 9.565716472163765e-05 0.0
contributors 0.0001913143294432753 0.0
control 0.0003826286588865506 0.44086703515908027
controls 0.0001913143294432753 0.0
conversion 9.565716472163765e-05 0.0
cookie 0.0004782858236081883 0.0
cookie_statement 9.565716472163765e-05 0.0
cookiestatement 9.565716472163765e-05 0.0
copyright 0.00028697149416491294 0.0
copyrightico 9.565716472163765e-05 0.0
coral 0.00774823034245265 2.7990219793079367
coral2 9.565716472163765e-05 4.74493212836325
coral66 0.00028697149416491294 4.74493212836325
coral_66 0.0003826286588865506 2.953172659135195
coraltrans 9.565716472163765e-05 4.74493212836325
cornelis 0.0001913143294432753 2.7990219793079367
cornelis_h 9.565716472163765e-05 2.953172659135195
corporation 0.0001913143294432753 1.3437347467010947
council 9.565716472163765e-05 2.665490586683414
count 0.0001913143294432753 0.0
counter 0.0003826286588865506 0.27902400970866637
cpu 9.565716472163765e-05 0.0
cputime 9.565716472163765e-05 0.0
create 0.0003826286588865506 0.0
createaccount 0.0003826286588865506 0.0
created 0.00028697149416491294 0.44086703515908027
creative 9.565716472163765e-05 0.0
creativecommons 0.0001913143294432753 0.0
cross 9.565716472163765e-05 0.0
crossorigin 9.565716472163765e-05 0.0
cs1 0.0022957719533193035 0.09097177820572679
csrftoken 9.565716472163765e-05 0.0
ctl 0.0001913143294432753 4.74493212836325
ctx_ver 0.0007652573177731012 0.10054122922187746
current 0.0001913143294432753 0.0
current_events 9.565716472163765e-05 0.0
currentevents 9.565716472163765e-05 0.0
currie 0.0001913143294432753 4.74493212836325
cursor 9.565716472163765e-05 0.38822330167365837
d33 0.0001913143294432753 0.09097177820572679
dahl 0.0001913143294432753 2.5477075510270306
dartmouth 0.0001913143294432753 2.665490586683414
dartmouth_algol_30 9.565716472163765e-05 2.953172659135195
dask 0.00028697149416491294 2.953172659135195
data 0.005069829730246796 0.0
date 0.0007652573177731012 0.08149303425118301
datemodified 0.0001913143294432753 0.0
datepublished 0.0001913143294432753 0.0
dates 0.00028697149416491294 1.5260563034950492
david 0.0003826286588865506 1.16141318990714
david_gries 9.565716472163765e-05 2.7990219793079367
david_turner_ 9.565716472163765e-05 2.953172659135195
dcs 0.00028697149416491294 3.6463198396951406
ddf 9.565716472163765e-05 0.454472687214859
dec 0.00028697149416491294 2.03688192726104
dec_alpha 0.0001913143294432753 4.051784947803305
december 0.0008609144824947389 0.0
decimal 9.565716472163765e-05 0.09097177820572679
decoding 0.0001913143294432753 0.11020314013361425
decoration 0.0001913143294432753 0.41419878807691896
decus 9.565716472163765e-05 4.74493212836325
deduplicate 0.0005739429883298259 0.017544309650909525
deduplicated 0.0007652573177731012 0.06280090123903044
def 9.565716472163765e-05 2.26002547857525
default 0.0001913143294432753 1.5260563034950492
defence 0.0006696001530514636 3.6463198396951406
defense 0.0003826286588865506 2.665490586683414
defining 9.565716472163765e-05 2.1799827709017134
definition 0.0003826286588865506 1.2185716037470886
deimos 9.565716472163765e-05 4.74493212836325
department 0.0005739429883298259 2.1058747987479913
depth 0.00028697149416491294 0.0
der 0.0001913143294432753 2.665490586683414
description 9.565716472163765e-05 0.0
design 9.565716472163765e-05 0.3141153295199365
designed 0.0001913143294432753 0.3504829736908114
desktoparticletarget 0.00028697149416491294 0.0
detection 9.565716472163765e-05 0.0
developed 0.00028697149416491294 0.540239508972284
developer 0.00028697149416491294 0.0
developers 0.0001913143294432753 0.0
device 0.0001913143294432753 1.8004931491968095
dewar 0.0001913143294432753 2.7990219793079367
diagnostics 9.565716472163765e-05 2.7990219793079367
dialect 9.565716472163765e-05 1.8004931491968095
dialect_ 9.565716472163765e-05 2.26002547857525
dialects 9.565716472163765e-05 1.4127276181880462
digital 0.0004782858236081883 1.3437347467010947
dijkstra 0.00028697149416491294 2.5477075510270306
dir 0.00028697149416491294 0.0
disabled 0.001052228811938014 0.0
discipline 9.565716472163765e-05 0.8131064956389242
disclaimers 0.0001913143294432753 0.0
discuss 0.0001913143294432753 0.0
discussion 0.0001913143294432753 0.0
display 0.0009565716472163765 0.0
distribution 9.565716472163765e-05 1.8545603704670854
div 0.021235890568203557 0.0
dkuzdol9acqc 9.565716472163765e-05 4.74493212836325
dmy 0.0003826286588865506 0.0
dns 0.0001913143294432753 0.0
docs 9.565716472163765e-05 1.1073459686368643
doctype 9.565716472163765e-05 0.0
document 0.0005739429883298259 0.0
documentelement 0.00028697149416491294 0.0
donate 0.00028697149416491294 0.0
donating 9.565716472163765e-05 0.0
douglas 0.0001913143294432753 2.3470368555648795
douglas_t 9.565716472163765e-05 2.7990219793079367
download 0.0003826286588865506 0.0
downloadaspdf 9.565716472163765e-05 0.0
downloads 0.0001913143294432753 2.5477075510270306
dropdown 0.002391429118040941 0.0
dsd 9.565716472163765e-05 4.74493212836325
dstan 9.565716472163765e-05 4.74493212836325
dtic 0.00028697149416491294 3.3586377672433594
dtstart 9.565716472163765e-05 0.41419878807691896
during 9.565716472163765e-05 1.0560526742493137
dxc 0.0005739429883298259 4.051784947803305
dxc_technology 9.565716472163765e-05 4.74493212836325
dynamic 9.565716472163765e-05 0.8947845266531914
e6e6ff 9.565716472163765e-05 0.454472687214859
early 9.565716472163765e-05 1.2791962255635234
easc 9.565716472163765e-05 2.953172659135195
ecce 9.565716472163765e-05 4.74493212836325
echo 9.565716472163765e-05 0.0
edinburgh 0.0008609144824947389 2.5477075510270306
edinburgh_imp 0.00028697149416491294 2.953172659135195
edit 0.0028697149416491295 0.0
editable 9.565716472163765e-05 0.0
edited 0.0001913143294432753 0.0
editing 9.565716472163765e-05 0.0
editor 0.00028697149416491294 0.0
editors 0.0001913143294432753 0.0
editpage 9.565716472163765e-05 0.0
edits 0.0001913143294432753 0.0
editsection 0.0011478859766596518 0.0
edituri 9.565716472163765e-05 0.0
edsger 0.0001913143294432753 2.665490586683414
edsger_w 9.565716472163765e-05 2.953172659135195
education 9.565716472163765e-05 1.486835590341768
eee 9.565716472163765e-05 0.48225225132193467
eiiti 0.0001913143294432753 2.953172659135195
eiiti_wada 9.565716472163765e-05 2.953172659135195
either 9.565716472163765e-05 1.3437347467010947
electric 0.0003826286588865506 2.7990219793079367
element 0.0006696001530514636 0.0
elizabeth 0.0001913143294432753 4.051784947803305
elizabeth_ii 9.565716472163765e-05 4.74493212836325
ella 0.0001913143294432753 2.953172659135195
ella_ 9.565716472163765e-05 2.953172659135195
elliott 0.0003826286588865506 2.7990219793079367
elliott_algol 9.565716472163765e-05 2.953172659135195
elliott_brothers_ 9.565716472163765e-05 2.953172659135195
ellipsis 0.0001913143294432753 0.0
elt 0.0001913143294432753 0.0
email 0.00028697149416491294 2.7990219793079367
emas 0.0004782858236081883 4.051784947803305
embedded 0.00028697149416491294 1.449095262358921
embedded_system 9.565716472163765e-05 2.7990219793079367
empty 0.00028697149416491294 0.0
emptyportlet 0.0001913143294432753 0.0
enabled 0.001052228811938014 0.0
encouraged 0.0003826286588865506 0.0
encyclopedia 0.0001913143294432753 0.0
end 9.565716472163765e-05 0.0
enforcing 9.565716472163765e-05 3.3586377672433594
england 0.00028697149416491294 3.3586377672433594
english 0.0006696001530514636 0.0
english_electric_kdf9 9.565716472163765e-05 2.953172659135195
enhancements 9.565716472163765e-05 0.0721032939013439
ensure 9.565716472163765e-05 3.1354942159291497
entities 9.565716472163765e-05 0.0
entity 0.0003826286588865506 0.0
entityaccesscount 9.565716472163765e-05 0.0
entitypage 0.0001913143294432753 0.0
enwiki 9.565716472163765e-05 0.0
enwikimwclientprefs 9.565716472163765e-05 0.0
equivalent 9.565716472163765e-05 1.6538896750049343
ercm09 0.00028697149416491294 4.74493212836325
eric 0.0001913143294432753 1.749199854809259
eric_hehner 9.565716472163765e-05 2.953172659135195
error 0.0001913143294432753 0.09097177820572679
ershov 0.0001913143294432753 2.953172659135195
es6 9.565716472163765e-05 0.0
esi 0.0001913143294432753 0.0
esitest 9.565716472163765e-05 0.0
español 9.565716472163765e-05 0.7195804376281008
espol 9.565716472163765e-05 2.7990219793079367
establishment 0.0011478859766596518 2.953172659135195
euro 9.565716472163765e-05 2.7990219793079367
european 0.0001913143294432753 2.5477075510270306
even 0.0006696001530514636 0.40112670650956617
event 0.0009565716472163765 0.0
eventlogging 0.0001913143294432753 0.0
events 0.0001913143294432753 0.0
everyone 0.0001913143294432753 3.3586377672433594
exact 9.565716472163765e-05 0.0
exchange 9.565716472163765e-05 2.1058747987479913
execute 9.565716472163765e-05 1.7004096906398272
execution 0.0001913143294432753 0.9607424944449889
executive 0.00028697149416491294 2.3470368555648795
executive_systems_problem_oriented_language 9.565716472163765e-05 2.7990219793079367
exist 9.565716472163765e-05 0.540239508972284
exists 9.565716472163765e-05 0.0
expand 0.00028697149416491294 0.0
expanded 0.0003826286588865506 0.008733679968754631
expansion 0.0001913143294432753 0.0
expansiondepth 9.565716472163765e-05 0.0
expensive 9.565716472163765e-05 0.0
expensivefunctioncount 9.565716472163765e-05 0.0
expiry 0.0001913143294432753 0.0
export 9.565716472163765e-05 0.0
ext 0.0025827434474842165 0.0
extant 9.565716472163765e-05 4.051784947803305
external 0.002200114788597666 0.0
external_links 0.0003826286588865506 0.19105523676270922
extiw 9.565716472163765e-05 1.2185716037470886
extra 9.565716472163765e-05 0.0
extracted 9.565716472163765e-05 4.051784947803305
f7f7f7 9.565716472163765e-05 0.454472687214859
fa8a495983347898 9.565716472163765e-05 0.0
fact 0.0001913143294432753 1.1340142157190256
fallbacksearchbutton 9.565716472163765e-05 0.0
false 0.0009565716472163765 0.0
family 0.0001913143294432753 0.7018808605286999
favicon 9.565716472163765e-05 0.0
fdfdfd 0.00028697149416491294 0.44086703515908027
feature 0.0020088004591543905 0.0
featurename 0.00028697149416491294 0.0
features 0.0001913143294432753 0.38822330167365837
february 9.565716472163765e-05 0.0
federation 0.0001913143294432753 2.1799827709017134
feed 0.0001913143294432753 0.0
ferranti 0.0012435431413812894 3.6463198396951406
ferranti_1968 0.0001913143294432753 4.74493212836325
ferranti_1968_2 0.0001913143294432753 4.74493212836325
ferranti_limited 9.565716472163765e-05 4.74493212836325
file 0.0006696001530514636 0.0
file_upload_wizard 0.0001913143294432753 0.0
files 0.00028697149416491294 0.0
first 0.0015305146355462024 0.0
firstheading 0.00028697149416491294 0.0
fix 0.0001913143294432753 2.26002547857525
fixed 0.00028697149416491294 1.8545603704670854
flacc 0.00028697149416491294 2.953172659135195
float 0.00028697149416491294 0.06280090123903044
floyd 0.0001913143294432753 2.953172659135195
flush 0.0004782858236081883 0.0
fm1600b 0.0001913143294432753 4.74493212836325
focus 9.565716472163765e-05 2.5477075510270306
font 0.0017218289649894778 0.017544309650909525
footer 0.002487086282762579 0.0
for 0.003826286588865506 0.0
force 0.0001913143294432753 2.1058747987479913
form 0.00028697149416491294 0.0
formalism 9.565716472163765e-05 2.953172659135195
formalism_ 9.565716472163765e-05 2.953172659135195
formalisms 9.565716472163765e-05 2.953172659135195
format 0.0005739429883298259 0.0
fortran 0.0006696001530514636 1.5260563034950492
foundation 0.0008609144824947389 0.0
free 0.0003826286588865506 0.0
friedrich 0.0001913143294432753 2.953172659135195
friedrich_l 9.565716472163765e-05 2.953172659135195
from 0.0025827434474842165 0.0
full 0.0004782858236081883 0.044451762570833796
fulltext 9.565716472163765e-05 0.0
function 0.0005739429883298259 0.0
fundraiserredirector 9.565716472163765e-05 0.0
future 9.565716472163765e-05 1.8004931491968095
für 9.565716472163765e-05 2.5477075510270306
gadget 0.0003826286588865506 0.0
gain 0.0001913143294432753 3.3586377672433594
gamm 9.565716472163765e-05 2.953172659135195
gec 0.0005739429883298259 4.74493212836325
gec_4000_series 9.565716472163765e-05 4.74493212836325
gec_computers 9.565716472163765e-05 4.74493212836325
gehomepagesuggestededitsenabletopics 9.565716472163765e-05 0.0
general 0.0008609144824947389 0.6844891178168307
general_disclaimer 9.565716472163765e-05 0.0
general_electric_company 0.0001913143294432753 4.74493212836325
general_post_office 9.565716472163765e-05 4.74493212836325
generator 9.565716472163765e-05 0.0
genre 0.0007652573177731012 0.10054122922187746
geoip 9.565716472163765e-05 0.0
gerhard 0.0001913143294432753 2.953172659135195
gerhard_goos 9.565716472163765e-05 2.953172659135195
gesellschaft 9.565716472163765e-05 2.953172659135195
gesellschaft_f 9.565716472163765e-05 2.953172659135195
gibbons 0.0001913143294432753 2.953172659135195
globalcssjs 0.0001913143294432753 0.0
good 9.565716472163765e-05 1.8545603704670854
google 0.0003826286588865506 0.540239508972284
googpub 0.0001913143294432753 0.0
goos 0.0001913143294432753 2.953172659135195
gorman 0.00028697149416491294 4.74493212836325
gost 0.0001913143294432753 2.953172659135195
gough 0.0001913143294432753 4.051784947803305
government 9.565716472163765e-05 1.9723434061234688
gpo 9.565716472163765e-05 4.74493212836325
grammar 0.0001913143294432753 2.26002547857525
gray 9.565716472163765e-05 0.09097177820572679
greek 0.0001913143294432753 0.09097177820572679
green 0.0001913143294432753 0.09097177820572679
gries 0.0001913143294432753 2.665490586683414
griffiths 0.0001913143294432753 4.051784947803305
ground 0.0001913143294432753 2.953172659135195
group 0.00449588674191697 0.0
growthexperiments 9.565716472163765e-05 0.0
guardian 0.0001913143294432753 4.051784947803305
guidance 9.565716472163765e-05 0.0
guides 9.565716472163765e-05 0.0
guy 0.0001913143294432753 2.03688192726104
hack 0.0005739429883298259 0.0
had 9.565716472163765e-05 1.0313600616589422
hal 0.0001913143294432753 2.03688192726104
hal_abelson 9.565716472163765e-05 2.3470368555648795
has 0.0003826286588865506 0.0
haspopup 0.0004782858236081883 0.0
have 0.0001913143294432753 0.6340582641899388
head 0.0004782858236081883 0.0
head_of_state 9.565716472163765e-05 4.74493212836325
header 0.0025827434474842165 0.0
heading 0.002200114788597666 0.0
headline 0.0005739429883298259 0.0
hearn 0.0001913143294432753 2.953172659135195
hehner 0.0001913143294432753 2.953172659135195
height 0.001339200306102927 0.0
heinz 0.0001913143294432753 2.953172659135195
heinz_rutishauser 9.565716472163765e-05 2.953172659135195
help 0.0008609144824947389 0.0
henry 0.0001913143294432753 2.3470368555648795
her 0.00028697149416491294 2.7990219793079367
here 9.565716472163765e-05 0.0
hermann 0.0001913143294432753 2.953172659135195
hermann_bottenbruch 9.565716472163765e-05 2.953172659135195
hidden 0.0012435431413812894 0.0
hide 0.0001913143294432753 0.0
high 9.565716472163765e-05 0.8531118302526235
highest 9.565716472163765e-05 0.0
history 0.0015305146355462024 0.0
history_of_computing_in_the_united_kingdom 9.565716472163765e-05 3.6463198396951406
hlist 0.005548115553854984 0.2905848321097423
hmso 0.0003826286588865506 4.74493212836325
hoare 0.00028697149416491294 2.5477075510270306
honeywell 0.0005739429883298259 2.953172659135195
hor 0.0001913143294432753 0.0
hosted 9.565716472163765e-05 0.0
how 0.0006696001530514636 0.0
however 0.0003826286588865506 0.0
hpe 0.0003826286588865506 3.1354942159291497
hpe_integrity_servers 0.0001913143294432753 4.74493212836325
href 0.036158408264779035 0.0
hreflang 0.00028697149416491294 0.11020314013361425
html 0.0003826286588865506 0.0
http 0.0011478859766596518 0.0
https 0.004591543906638607 0.0
hub 9.565716472163765e-05 0.0
ibiblio 9.565716472163765e-05 4.051784947803305
ico 9.565716472163765e-05 0.0
icon 0.003348000765257318 0.0
icons 0.0003826286588865506 0.0
identifier 0.0007652573177731012 0.42744401482693967
idhash 9.565716472163765e-05 0.0
iecca 0.00028697149416491294 4.74493212836325
ifip 0.00028697149416491294 2.7990219793079367
ifip_working_group_2 9.565716472163765e-05 2.953172659135195
image 0.00028697149416491294 0.0
imageobject 0.0001913143294432753 0.0
images 0.0011478859766596518 0.0
img 0.0007652573177731012 0.0
imp 0.0007652573177731012 2.953172659135195
imp_ 9.565716472163765e-05 2.953172659135195
imperative 0.0001913143294432753 1.16141318990714
imperative_programming_language 9.565716472163765e-05 3.6463198396951406
implement 9.565716472163765e-05 0.0
implementation 0.0001913143294432753 0.5705448584676129
implementations 0.0001913143294432753 0.8531118302526235
implementers 9.565716472163765e-05 3.6463198396951406
improvements 9.565716472163765e-05 0.0
inc 0.00028697149416491294 0.0
include 0.0001913143294432753 0.0
includes 9.565716472163765e-05 1.1340142157190256
including 9.565716472163765e-05 0.7375989431307791
increment 9.565716472163765e-05 0.26759531388504365
index 0.002391429118040941 0.0
indicators 9.565716472163765e-05 0.0
industry 9.565716472163765e-05 2.26002547857525
influenced 0.0001913143294432753 0.454472687214859
info 0.0020088004591543905 0.0
infobox 0.003539315094700593 0.21233263520999412
infobox_programming_language 0.0001913143294432753 0.37548427589622857
information 0.0006696001530514636 0.0
inherit 0.0009565716472163765 0.035401927050916
init 0.00028697149416491294 0.0
inline 0.001913143294432753 0.035401927050916
inline_assembler 9.565716472163765e-05 4.051784947803305
inner 0.0003826286588865506 0.0
input 0.00162617180026784 0.0
inside 0.0001913143294432753 0.0721032939013439
institute 0.00028697149416491294 1.2185716037470886
integrity 0.0003826286588865506 3.1354942159291497
intel 0.0004782858236081883 2.26002547857525
intel_8080 9.565716472163765e-05 4.051784947803305
inter 0.0001913143294432753 3.1354942159291497
interaction 0.00028697149416491294 0.0
interdata 0.0001913143294432753 4.74493212836325
interface 0.0001913143294432753 0.0
interfaces 9.565716472163765e-05 1.449095262358921
interfacing 9.565716472163765e-05 3.1354942159291497
interlanguage 0.001052228811938014 0.0
international 0.0001913143294432753 0.9607424944449889
international_federation_for_information_processing 9.565716472163765e-05 2.953172659135195
internet 0.0003826286588865506 2.03688192726104
internetnews 9.565716472163765e-05 4.74493212836325
interwiki 0.00028697149416491294 0.11020314013361425
into 0.0001913143294432753 0.48225225132193467
introduced 9.565716472163765e-05 1.1895840668738364
introduction 0.00028697149416491294 0.0
isbn 0.0005739429883298259 0.6673946844575306
isbn_ 0.0001913143294432753 0.6673946844575306
issn 0.0007652573177731012 1.8545603704670854
issn_ 0.0001913143294432753 1.8545603704670854
issued 9.565716472163765e-05 3.3586377672433594
item 0.005548115553854984 0.0
items 9.565716472163765e-05 0.0
itl 9.565716472163765e-05 4.74493212836325
its 9.565716472163765e-05 0.25629575863111026
jack 0.0001913143294432753 2.7990219793079367
jacob 0.0001913143294432753 2.665490586683414
jacob_t 9.565716472163765e-05 2.953172659135195
january 0.0004782858236081883 0.0
jensen 0.0004782858236081883 2.4423470353692043
jeremy 0.0001913143294432753 2.5477075510270306
jeremy_gibbons 9.565716472163765e-05 2.953172659135195
johan 0.0001913143294432753 2.7990219793079367
johan_dahl 9.565716472163765e-05 2.953172659135195
john 0.0009565716472163765 1.2185716037470886
john_backus 9.565716472163765e-05 2.953172659135195
john_barnes_ 9.565716472163765e-05 2.7990219793079367
john_c 9.565716472163765e-05 2.953172659135195
john_e 9.565716472163765e-05 2.953172659135195
john_mccarthy_ 9.565716472163765e-05 2.4423470353692043
joseph 0.0001913143294432753 2.3470368555648795
joseph_henry_wegstein 9.565716472163765e-05 2.953172659135195
jovial 0.0011478859766596518 2.7990219793079367
jquery 0.00028697149416491294 0.0
json 0.0001913143294432753 0.0
jtitle 0.00028697149416491294 0.3260915205666521
julien 9.565716472163765e-05 2.953172659135195
july 9.565716472163765e-05 0.0
jump 0.0001913143294432753 0.0
june 0.0001913143294432753 0.0
jørn 0.0001913143294432753 2.953172659135195
katz 0.00028697149416491294 2.7990219793079367
kdf9 9.565716472163765e-05 2.953172659135195
kern 0.0001913143294432753 0.09097177820572679
key 9.565716472163765e-05 0.0
kidsgrove 9.565716472163765e-05 2.953172659135195
kingdom 0.0007652573177731012 2.5477075510270306
klaus 0.0001913143294432753 2.7990219793079367
klaus_samelson 9.565716472163765e-05 2.953172659135195
known 9.565716472163765e-05 1.0813704822336037
koster 0.0001913143294432753 2.953172659135195
kristen 0.0001913143294432753 2.953172659135195
kristen_nygaard 9.565716472163765e-05 2.953172659135195
label 0.0054524583891333465 0.0
labelledby 0.0001913143294432753 0.0
lambert 0.0001913143294432753 2.7990219793079367
lambert_meertens 9.565716472163765e-05 2.7990219793079367
landin 0.0003826286588865506 2.953172659135195
landmark 0.0003826286588865506 0.0
lang 0.0017218289649894778 0.0
langlinks 0.0001913143294432753 0.0
language 0.004113258083030419 0.0
languages 0.0008609144824947389 0.0
large 9.565716472163765e-05 1.2185716037470886
last 0.0012435431413812894 0.0
lastmod 9.565716472163765e-05 0.0
late 9.565716472163765e-05 1.6538896750049343
later 0.0004782858236081883 0.8531118302526235
lazy 0.0001913143294432753 0.0
learn 0.0004782858236081883 0.0
left 0.00162617180026784 0.0
level 0.0005739429883298259 0.0
levels 9.565716472163765e-05 0.0
lexical 9.565716472163765e-05 1.911718784307034
libraries 9.565716472163765e-05 0.9162907318741551
library 0.00028697149416491294 0.6340582641899388
library_ 9.565716472163765e-05 2.1058747987479913
licence 9.565716472163765e-05 3.6463198396951406
license 0.0003826286588865506 0.0
licenses 0.0001913143294432753 0.0
lifecycle 9.565716472163765e-05 2.5477075510270306
like 0.0001913143294432753 0.41419878807691896
limit 0.001052228811938014 0.0
limited 0.00162617180026784 0.0
limitreport 0.00028697149416491294 0.0
limits 9.565716472163765e-05 2.953172659135195
lindsey 0.0001913143294432753 2.953172659135195
line 0.0003826286588865506 0.10054122922187746
link 0.003634972259422231 0.0
linked 9.565716472163765e-05 0.0
links 0.0018174861297111154 0.0
linux 0.0005739429883298259 1.0313600616589422
list 0.01100057394298833 0.0
listbullet 0.00028697149416491294 0.0
listitem 0.0003826286588865506 0.2905848321097423
load 0.00028697149416491294 0.0
loaded 9.565716472163765e-05 0.0
loader 9.565716472163765e-05 0.0
loading 0.00028697149416491294 0.0
loc 9.565716472163765e-05 0.0
lock 0.001052228811938014 0.09097177820572679
log 0.0006696001530514636 0.0
logged 0.0001913143294432753 0.0
login 0.0004782858236081883 0.0
logo 0.0007652573177731012 0.0
lower 0.0005739429883298259 0.09097177820572679
ltr 0.0006696001530514636 0.0
lua 0.0001913143294432753 0.008733679968754631
lucid 0.0001913143294432753 3.1354942159291497
machine 9.565716472163765e-05 0.6340582641899388
machinery 0.0001913143294432753 1.749199854809259
mackido 9.565716472163765e-05 4.74493212836325
made 9.565716472163765e-05 0.0
maibaum 0.0001913143294432753 2.953172659135195
mailloux 0.0001913143294432753 2.953172659135195
main 0.002391429118040941 0.0
main_page 0.0001913143294432753 0.0
mainentity 0.0001913143294432753 0.0
mainpage 9.565716472163765e-05 0.0
maint 9.565716472163765e-05 0.09097177820572679
majesty 0.00028697149416491294 4.051784947803305
makecollapsible 0.00028697149416491294 0.42744401482693967
malvern 0.0003826286588865506 4.74493212836325
manchester 0.0001913143294432753 2.665490586683414
manchester_university 9.565716472163765e-05 2.953172659135195
mandatory 0.0003826286588865506 0.0
manufacturing 0.0001913143294432753 2.5477075510270306
mar 9.565716472163765e-05 2.665490586683414
march 0.0003826286588865506 0.0
margin 0.0017218289649894778 0.017544309650909525
marketed 9.565716472163765e-05 3.6463198396951406
mary 0.0001913143294432753 2.7990219793079367
mary_ 9.565716472163765e-05 2.953172659135195
massachusetts 0.0001913143294432753 1.7004096906398272
massachusetts_institute_of_technology 9.565716472163765e-05 1.911718784307034
match 9.565716472163765e-05 0.0
mathematics 0.0001913143294432753 1.8545603704670854
mathematik 9.565716472163765e-05 2.953172659135195
maurice 0.0001913143294432753 2.665490586683414
maurice_nivat 9.565716472163765e-05 2.953172659135195
max 0.0001913143294432753 0.0
may 0.0006696001530514636 0.0
mcbride 0.0001913143294432753 2.953172659135195
mccarthy 0.00028697149416491294 2.4423470353692043
md_6841a 0.0001913143294432753 4.74493212836325
mechanics 9.565716472163765e-05 2.7990219793079367
mechanik 9.565716472163765e-05 2.953172659135195
media 0.0001913143294432753 0.0
mediawiki 0.0008609144824947389 0.0
meertens 0.0001913143294432753 2.7990219793079367
memory 9.565716472163765e-05 0.008733679968754631
memusage 9.565716472163765e-05 0.008733679968754631
menu 0.009470059307442127 0.0
message 0.0004782858236081883 0.0
met 9.565716472163765e-05 2.665490586683414
meta 0.0012435431413812894 0.0
methodology 9.565716472163765e-05 3.3586377672433594
metrology 9.565716472163765e-05 2.953172659135195
metz 0.0001913143294432753 3.6463198396951406
micha 0.0001913143294432753 2.7990219793079367
micha_sharir 9.565716472163765e-05 2.953172659135195
michael 0.0001913143294432753 1.3109449238781037
michael_guy 9.565716472163765e-05 2.953172659135195
michel 0.0001913143294432753 2.665490586683414
michel_sintzoff 9.565716472163765e-05 2.953172659135195
microcircuit 0.0001913143294432753 4.74493212836325
mike 0.0001913143294432753 1.911718784307034
mike_woodger 9.565716472163765e-05 2.953172659135195
mil 0.00028697149416491294 3.1354942159291497
military 0.0001913143294432753 3.1354942159291497
min 9.565716472163765e-05 0.12981161152199053
minerva 0.0006696001530514636 0.13976194237515863
mini 0.00028697149416491294 0.41419878807691896
ministry 0.0004782858236081883 3.6463198396951406
ministry_of_defence_ 0.0001913143294432753 4.051784947803305
mit 9.565716472163765e-05 1.2484245668967697
mmv 0.0001913143294432753 0.11020314013361425
mobile 0.00028697149416491294 0.0
mobileaction 9.565716472163765e-05 0.0
mobileview 9.565716472163765e-05 0.0
mod 9.565716472163765e-05 2.1799827709017134
modular 0.0001913143294432753 1.911718784307034
modular_one 0.0001913143294432753 4.74493212836325
module 9.565716472163765e-05 0.0
modules 0.00028697149416491294 0.0
more 0.001339200306102927 0.0
morgan 0.0001913143294432753 2.5477075510270306
morrison 0.0001913143294432753 2.665490586683414
most 0.00028697149416491294 0.6340582641899388
motorola 0.0001913143294432753 2.7990219793079367
motorola_68000 9.565716472163765e-05 4.051784947803305
move 9.565716472163765e-05 0.0
moved 9.565716472163765e-05 0.0
mw1354 9.565716472163765e-05 3.3586377672433594
mw2387 0.0001913143294432753 4.051784947803305
mycontributions 9.565716472163765e-05 0.0
mytalk 9.565716472163765e-05 0.0
name 0.003061029271092405 0.0
named 9.565716472163765e-05 1.1073459686368643
namespaces 9.565716472163765e-05 0.0
napier88 0.00028697149416491294 2.953172659135195
naur 0.00028697149416491294 2.3470368555648795
nav 0.001339200306102927 0.0
navbar 0.00162617180026784 0.06280090123903044
navbox 0.01138320260187488 0.454472687214859
navigation 0.0011478859766596518 0.0
navigationtiming 9.565716472163765e-05 0.0
nearby 9.565716472163765e-05 0.0
need 9.565716472163765e-05 1.377636298376776
needed 0.0003826286588865506 1.1340142157190256
needs 0.0001913143294432753 1.0813704822336037
neliac 0.00028697149416491294 2.953172659135195
new 0.00028697149416491294 0.14981227822866008
newp 0.00028697149416491294 2.953172659135195
newpp 9.565716472163765e-05 0.0
news 0.00028697149416491294 0.5552773863368246
niklaus 0.0001913143294432753 2.3470368555648795
niklaus_wirth 9.565716472163765e-05 2.3470368555648795
nivat 0.0001913143294432753 2.953172659135195
nobuo 0.0001913143294432753 2.953172659135195
nobuo_yoneda 9.565716472163765e-05 2.953172659135195
node 9.565716472163765e-05 0.0
nofollow 0.001913143294432753 0.0
noicon 0.0004782858236081883 0.0
nojs 9.565716472163765e-05 0.0
non 0.0001913143294432753 0.0
none 0.002104457623876028 0.0
noprint 0.0005739429883298259 0.0
normal 0.0004782858236081883 0.0
noscript 0.0003826286588865506 0.0
nosnippet 9.565716472163765e-05 0.0
not 0.0005739429883298259 0.0
note 9.565716472163765e-05 0.6340582641899388
notice 9.565716472163765e-05 0.0
november 0.0001913143294432753 0.0
noviewer 0.0001913143294432753 0.7018808605286999
nowrap 0.0009565716472163765 0.05358424613410626
nowraplinks 0.0005739429883298259 0.454472687214859
nsci 0.0006696001530514636 4.74493212836325
nstab 9.565716472163765e-05 0.0
null 9.565716472163765e-05 0.0
numb 0.0003826286588865506 0.0
number 9.565716472163765e-05 0.0
nygaard 0.0001913143294432753 2.953172659135195
observed 9.565716472163765e-05 4.051784947803305
october 0.0001913143294432753 0.0
odd 0.0011478859766596518 0.454472687214859
off 9.565716472163765e-05 1.449095262358921
offers 9.565716472163765e-05 1.911718784307034
office 0.0009565716472163765 2.03688192726104
office_of_public_sector_information 0.0001913143294432753 4.74493212836325
official 0.0003826286588865506 0.8737311174553593
oldid 0.00028697149416491294 0.0
ole 0.00028697149416491294 2.7990219793079367
online 9.565716472163765e-05 1.749199854809259
only 0.0003826286588865506 0.0
onwards 9.565716472163765e-05 3.3586377672433594
opensearch_desc 9.565716472163765e-05 0.0
opensearchdescription 9.565716472163765e-05 0.0
openvms 0.00028697149416491294 3.1354942159291497
operating 0.00028697149416491294 0.41419878807691896
operating_system 0.00028697149416491294 0.5108256237659907
options 0.0004782858236081883 0.0
org 0.006887315859957911 0.0
organiser 9.565716472163765e-05 0.9382696385929302
organization 0.0004782858236081883 0.0
organizations 9.565716472163765e-05 1.449095262358921
oriented 0.0001913143294432753 0.6505875661411494
origin 0.0004782858236081883 0.0
original 0.00028697149416491294 0.3022808718729337
originally 0.0001913143294432753 0.9607424944449889
other 0.0001913143294432753 0.0
out 0.0001913143294432753 0.0
output 0.013678974555194184 0.0
over 9.565716472163765e-05 0.9162907318741551
overflow 0.0001913143294432753 0.0
overview 0.0006696001530514636 1.486835590341768
package 9.565716472163765e-05 1.486835590341768
packing 9.565716472163765e-05 4.051784947803305
padding 0.004400229577195332 0.017544309650909525
page 0.004400229577195332 0.0
pagelanguagecode 9.565716472163765e-05 0.0
pagelanguagedir 9.565716472163765e-05 0.0
pageprop 9.565716472163765e-05 0.27902400970866637
pages 0.0009565716472163765 0.0
pagevariantfallbacks 9.565716472163765e-05 0.0
panel 0.0003826286588865506 0.0
paradigm 9.565716472163765e-05 0.5705448584676129
paradigms 9.565716472163765e-05 1.8004931491968095
parsed 9.565716472163765e-05 0.0
parser 0.01348766022575091 0.0
part 9.565716472163765e-05 0.7375989431307791
pascal 0.00028697149416491294 1.1073459686368643
pascal_ 9.565716472163765e-05 1.2791962255635234
past 9.565716472163765e-05 0.0
patent 9.565716472163765e-05 3.3586377672433594
patroltoken 9.565716472163765e-05 0.0
pcache 9.565716472163765e-05 0.0
pdf 0.0012435431413812894 0.0
pdp 0.0007652573177731012 2.5477075510270306
peck 0.00028697149416491294 2.953172659135195
people 9.565716472163765e-05 1.0560526742493137
perlis 0.00028697149416491294 2.665490586683414
permalink 9.565716472163765e-05 0.0
permanent 0.0001913143294432753 0.0
personal 0.0004782858236081883 0.0
peter 0.0007652573177731012 1.5260563034950492
peter_landin 0.0001913143294432753 2.953172659135195
peter_naur 9.565716472163765e-05 2.953172659135195
peter_o 9.565716472163765e-05 2.953172659135195
phase 9.565716472163765e-05 2.7990219793079367
philip 0.0007652573177731012 2.26002547857525
philip_woodward 0.0003826286588865506 2.953172659135195
philosophy 9.565716472163765e-05 2.4423470353692043
philosophy_of_mathematics 9.565716472163765e-05 2.953172659135195
php 0.0028697149416491295 0.0
pin 0.0001913143294432753 0.0
pinnable 0.0011478859766596518 0.0
pinned 0.0009565716472163765 0.0
place 9.565716472163765e-05 0.8737311174553593
placeholder 9.565716472163765e-05 0.0
places 0.0008609144824947389 0.0
plainlinks 9.565716472163765e-05 0.20163734609324613
platform 0.0001913143294432753 0.5552773863368246
platforms 9.565716472163765e-05 1.3437347467010947
plessey 0.00028697149416491294 4.74493212836325
png 0.0015305146355462024 0.0
poel 0.0001913143294432753 2.953172659135195
point 0.0001913143294432753 0.9162907318741551
point_arithmetic 9.565716472163765e-05 3.3586377672433594
policy 0.0001913143294432753 0.0
popups 9.565716472163765e-05 0.0
portal 0.00028697149416491294 0.0
portlet 0.0025827434474842165 0.0
portuguese 9.565716472163765e-05 0.8531118302526235
português 9.565716472163765e-05 0.8531118302526235
position 9.565716472163765e-05 0.0
post 0.0004782858236081883 0.0
postexpandincludesize 9.565716472163765e-05 0.0
power 9.565716472163765e-05 1.449095262358921
powered 9.565716472163765e-05 0.0
poweredby_mediawiki_132x47 9.565716472163765e-05 0.0
poweredby_mediawiki_176x62 9.565716472163765e-05 0.0
poweredby_mediawiki_88x31 9.565716472163765e-05 0.0
poweredbyico 9.565716472163765e-05 0.0
ppvisitednodes 9.565716472163765e-05 0.0
practice 9.565716472163765e-05 1.5260563034950492
preconnect 9.565716472163765e-05 0.11020314013361425
prefetch 0.0001913143294432753 0.0
preprocessor 9.565716472163765e-05 0.0
preview 9.565716472163765e-05 0.0
primarily 9.565716472163765e-05 1.911718784307034
primitive 9.565716472163765e-05 2.1058747987479913
print 0.0001913143294432753 0.0
print_export 0.00028697149416491294 0.0
printable 0.00028697149416491294 0.0
printfooter 9.565716472163765e-05 0.0
prior 9.565716472163765e-05 1.6094379124341003
privacy 0.00028697149416491294 0.0
privacy_policy 0.0001913143294432753 0.0
problem 0.0001913143294432753 1.3109449238781037
procedural 0.0004782858236081883 1.0813704822336037
procedural_programming 9.565716472163765e-05 1.5668782980153044
procedural_programming_languages 9.565716472163765e-05 1.749199854809259
process 0.00028697149416491294 0.9162907318741551
processing 0.0004782858236081883 0.8947845266531914
producing 9.565716472163765e-05 2.7990219793079367
professional 0.0001913143294432753 1.8545603704670854
professional_association 9.565716472163765e-05 2.665490586683414
profit 9.565716472163765e-05 0.0
program 0.00028697149416491294 0.41419878807691896
program_lifecycle_phase 9.565716472163765e-05 2.953172659135195
programming 0.0028697149416491295 0.0
programming_language 0.0006696001530514636 0.08149303425118301
programming_language_implementation 9.565716472163765e-05 1.377636298376776
programming_languages_created_in_1964 9.565716472163765e-05 3.6463198396951406
programming_paradigm 9.565716472163765e-05 0.5860490450035782
programs 0.00028697149416491294 0.6340582641899388
progressive 0.00028697149416491294 0.0
prohibition 9.565716472163765e-05 4.74493212836325
project 9.565716472163765e-05 0.7936884097818228
projects 0.0001913143294432753 0.0
property 0.00028697149416491294 0.0
provided 9.565716472163765e-05 1.0560526742493137
pub 0.0005739429883298259 0.41419878807691896
public 0.0001913143294432753 0.9162907318741551
published 0.0001913143294432753 0.3504829736908114
publisher 0.0001913143294432753 0.0
purpose 0.0001913143294432753 1.16141318990714
purpose_programming_language 9.565716472163765e-05 2.5477075510270306
purposes 9.565716472163765e-05 1.9723434061234688
push 0.00028697149416491294 0.0
put 9.565716472163765e-05 2.03688192726104
q4117844 0.0006696001530514636 4.74493212836325
quality 0.0001913143294432753 1.8004931491968095
quality_control 9.565716472163765e-05 4.74493212836325
queen 0.0003826286588865506 4.74493212836325
quick 9.565716472163765e-05 0.0
quiet 0.0005739429883298259 0.0
quotes 9.565716472163765e-05 0.09097177820572679
r1011085734 9.565716472163765e-05 0.09097177820572679
r1061467846 9.565716472163765e-05 0.454472687214859
r1063604349 9.565716472163765e-05 0.41419878807691896
r1066479718 9.565716472163765e-05 0.21233263520999412
r1129693374 0.0001913143294432753 0.2905848321097423
r1133582631 0.0007652573177731012 0.09097177820572679
radar 0.001339200306102927 2.665490586683414
randell 0.00028697149416491294 2.953172659135195
random 0.0001913143294432753 0.0
randomly 9.565716472163765e-05 0.0
randompage 9.565716472163765e-05 0.0
rather 9.565716472163765e-05 1.3109449238781037
raw 9.565716472163765e-05 0.0
read 0.00028697149416491294 0.0
ready 0.0017218289649894778 0.0
real 0.0008609144824947389 0.0
recent 0.00028697149416491294 0.0
recentchanges 0.00028697149416491294 0.0
recentchangeslinked 0.0001913143294432753 0.0
recommended 9.565716472163765e-05 2.953172659135195
record 9.565716472163765e-05 1.749199854809259
recovered 9.565716472163765e-05 4.051784947803305
recursion 0.0001913143294432753 0.0
red 9.565716472163765e-05 0.09097177820572679
redirect 0.002200114788597666 0.008733679968754631
redirected 9.565716472163765e-05 1.749199854809259
redirectedfrom 9.565716472163765e-05 2.03688192726104
reduced 9.565716472163765e-05 0.0
reference 0.0022957719533193035 0.035401927050916
references 0.0011478859766596518 0.008733679968754631
referencetooltips 9.565716472163765e-05 0.0
referrer 0.00028697149416491294 0.0
reflist 0.0014348574708245648 0.09097177820572679
registered 9.565716472163765e-05 0.0
registration 0.0001913143294432753 0.08149303425118301
regnecentralen 0.00028697149416491294 2.953172659135195
rel 0.0043045724124736945 0.0
related 0.0001913143294432753 0.0
reliable 0.0001913143294432753 0.8947845266531914
remove 9.565716472163765e-05 0.9382696385929302
renamed 9.565716472163765e-05 2.1799827709017134
rendering 9.565716472163765e-05 0.0
repeat 0.0003826286588865506 0.0721032939013439
replace 9.565716472163765e-05 0.0
report 0.0005739429883298259 0.0
require 9.565716472163765e-05 0.0
reserve 9.565716472163765e-05 2.5477075510270306
reset 9.565716472163765e-05 0.26759531388504365
resourceloaderdynamicstyles 9.565716472163765e-05 0.0
responder 9.565716472163765e-05 4.74493212836325
retrieved 0.0006696001530514636 0.0
returnto 0.0003826286588865506 0.0
revision 0.00028697149416491294 0.0
revisions 9.565716472163765e-05 0.0
reynolds 0.0001913143294432753 2.665490586683414
rfr_id 0.0007652573177731012 0.10054122922187746
rft 0.004782858236081882 0.10054122922187746
rft_id 0.0006696001530514636 0.11020314013361425
rft_val_fmt 0.0007652573177731012 0.10054122922187746
rgba 9.565716472163765e-05 0.09097177820572679
richard 0.0001913143294432753 1.486835590341768
richard_bird_ 9.565716472163765e-05 2.953172659135195
right 0.0011478859766596518 0.0
rlconf 9.565716472163765e-05 0.0
rlpagemodules 9.565716472163765e-05 0.0
rlq 0.0005739429883298259 0.0
rlstate 9.565716472163765e-05 0.0
robert 0.0003826286588865506 1.5668782980153044
robert_dewar 9.565716472163765e-05 2.953172659135195
robert_w 9.565716472163765e-05 2.953172659135195
robots 9.565716472163765e-05 0.0
roland 0.0001913143294432753 2.953172659135195
roland_carl_backhouse 9.565716472163765e-05 2.953172659135195
role 0.0014348574708245648 0.0
roman 0.0003826286588865506 0.09097177820572679
ron 0.0001913143294432753 2.7990219793079367
ron_morrison 9.565716472163765e-05 2.953172659135195
rootpage 9.565716472163765e-05 0.0
ross 0.0001913143294432753 2.5477075510270306
row 0.002487086282762579 0.12981161152199053
royal 0.0012435431413812894 2.665490586683414
royal_radar_establishment 0.00028697149416491294 2.953172659135195
royal_signals_and_radar_establishment 9.565716472163765e-05 4.051784947803305
rre 0.0001913143294432753 2.953172659135195
rsd 0.0001913143294432753 0.0
rsre799 0.0003826286588865506 4.74493212836325
rsx 9.565716472163765e-05 3.6463198396951406
rsx82b 9.565716472163765e-05 4.74493212836325
rtl 0.00028697149416491294 2.3470368555648795
running 0.0001913143294432753 1.4127276181880462
runtime 0.0001913143294432753 1.1340142157190256
runtime_ 9.565716472163765e-05 4.051784947803305
rutishauser 0.00028697149416491294 2.953172659135195
sameas 0.0001913143294432753 0.0
samelson 0.0003826286588865506 2.953172659135195
sarah 0.0001913143294432753 4.74493212836325
saved 9.565716472163765e-05 0.0
sba 0.00028697149416491294 4.74493212836325
scanned 9.565716472163765e-05 3.6463198396951406
schema 0.0001913143294432753 0.0
schwartz 0.0001913143294432753 2.953172659135195
science 0.00028697149416491294 0.3504829736908114
scientist 0.0006696001530514636 1.377636298376776
scope 0.0028697149416491295 0.11995931507897897
scope_ 0.0001913143294432753 2.26002547857525
screen 0.0001913143294432753 0.0
scribunto 9.565716472163765e-05 0.008733679968754631
script 0.0014348574708245648 0.0
scripts 9.565716472163765e-05 0.0
search 0.0025827434474842165 0.0
searchbutton 0.0003826286588865506 0.0
searchform 9.565716472163765e-05 0.0
searchinput 9.565716472163765e-05 0.0
seconds 0.00028697149416491294 0.0
section 0.0007652573177731012 0.0
sector 0.0001913143294432753 3.6463198396951406
selected 0.0004782858236081883 0.0
selector 9.565716472163765e-05 0.0
selflink 9.565716472163765e-05 0.08149303425118301
sent 9.565716472163765e-05 2.4423470353692043
sentences 9.565716472163765e-05 0.0
september 0.0008609144824947389 0.0
series 9.565716472163765e-05 1.1073459686368643
servers 0.0003826286588865506 2.4423470353692043
service 9.565716472163765e-05 1.9723434061234688
set 0.00028697149416491294 0.0
sha1 9.565716472163765e-05 0.10054122922187746
shadow 0.00028697149416491294 0.5860490450035782
sharealike 9.565716472163765e-05 0.0
sharealike_3 9.565716472163765e-05 0.0
sharir 0.0001913143294432753 2.953172659135195
short 9.565716472163765e-05 0.42744401482693967
show 0.0003826286588865506 0.0
sidebar 0.001052228811938014 0.0
signals 0.0004782858236081883 3.6463198396951406
significant 9.565716472163765e-05 1.377636298376776
simplesearch 9.565716472163765e-05 0.0
simula 0.0005739429883298259 1.6094379124341003
sintzoff 0.0001913143294432753 2.953172659135195
site 0.0004782858236081883 0.0
sitedir 9.565716472163765e-05 0.0
sitelinks 9.565716472163765e-05 0.0
sitenotice 0.0001913143294432753 0.0
sites 0.0001913143294432753 1.9723434061234688
sitesub 9.565716472163765e-05 0.0
sitesupport 9.565716472163765e-05 0.0
size 0.0014348574708245648 0.0
sizing 9.565716472163765e-05 0.25629575863111026
skies 0.0001913143294432753 4.74493212836325
skin 0.0012435431413812894 0.0
skins 0.0005739429883298259 0.0
small 0.0004782858236081883 0.0721032939013439
smil 0.0001913143294432753 2.953172659135195
smil_ 9.565716472163765e-05 2.953172659135195
society 9.565716472163765e-05 2.1058747987479913
software 0.0003826286588865506 0.08149303425118301
software_design 9.565716472163765e-05 0.5705448584676129
software_developer 9.565716472163765e-05 0.9382696385929302
solaris 0.0003826286588865506 1.911718784307034
solaris_ 0.0001913143294432753 2.3470368555648795
solid 0.00028697149416491294 0.2340726218464
some 9.565716472163765e-05 0.5108256237659907
source 0.0001913143294432753 0.49643688631389105
source_code 9.565716472163765e-05 2.26002547857525
sources 0.0001913143294432753 0.6177977433181585
space 0.0003826286588865506 0.11995931507897897
spacing 0.0007652573177731012 0.2905848321097423
span 0.024201262674574325 0.0
spanish 9.565716472163765e-05 0.7195804376281008
sparc 0.0005739429883298259 2.665490586683414
special 0.002487086282762579 0.0
specialpages 0.0001913143294432753 0.0
specifications 9.565716472163765e-05 2.665490586683414
spun 9.565716472163765e-05 4.74493212836325
src 0.0009565716472163765 0.0
srcset 0.0003826286588865506 0.0
stack 0.0001913143294432753 1.5260563034950492
stack_ 9.565716472163765e-05 3.3586377672433594
stan 9.565716472163765e-05 4.051784947803305
standard 0.0007652573177731012 0.0
standardised 9.565716472163765e-05 4.051784947803305
standardization 0.0001913143294432753 1.9723434061234688
standards 0.0001913143294432753 1.4127276181880462
standards24_view_4284 9.565716472163765e-05 4.74493212836325
start 0.0001913143294432753 0.0
startup 0.0001913143294432753 0.0
state 0.0001913143294432753 1.3437347467010947
statement 0.0001913143294432753 0.0
statements 0.0005739429883298259 0.9382696385929302
states 0.0001913143294432753 1.0072625100798818
static 0.0014348574708245648 0.0
static_type 9.565716472163765e-05 2.7990219793079367
stationery 0.00028697149416491294 4.051784947803305
statistics 9.565716472163765e-05 0.0
stats 9.565716472163765e-05 0.0
statslink 9.565716472163765e-05 0.0
status 9.565716472163765e-05 0.0
stc 9.565716472163765e-05 4.051784947803305
stdio 0.00028697149416491294 3.6463198396951406
stephen 0.0001913143294432753 1.9723434061234688
stephen_r 9.565716472163765e-05 2.7990219793079367
sti 9.565716472163765e-05 4.051784947803305
sticky 0.0001913143294432753 0.0
stopmobileredirecttoggle 9.565716472163765e-05 0.0
storage 0.0001913143294432753 1.449095262358921
strong 0.0001913143294432753 0.8737311174553593
strong_and_weak_typing 9.565716472163765e-05 2.03688192726104
structured 0.0003826286588865506 0.0
structured_programming 9.565716472163765e-05 1.7004096906398272
style 0.009470059307442127 0.0
styles 0.001339200306102927 0.0
stylesheet 0.0001913143294432753 0.0
subbox 9.565716472163765e-05 0.21233263520999412
subgroup 0.0009565716472163765 0.454472687214859
subheader 9.565716472163765e-05 0.21233263520999412
subject 9.565716472163765e-05 0.0
sublist 0.0003826286588865506 0.0
submit 0.0001913143294432753 0.0
subscription 0.0001913143294432753 0.09097177820572679
subsequently 9.565716472163765e-05 2.5477075510270306
subset 0.00028697149416491294 1.9723434061234688
subtitle 9.565716472163765e-05 0.0
suggestededitsession 9.565716472163765e-05 0.0
suite 9.565716472163765e-05 1.911718784307034
summary 9.565716472163765e-05 0.19105523676270922
sup 0.002487086282762579 0.0721032939013439
support 0.00028697149416491294 0.0
supports 9.565716472163765e-05 0.8531118302526235
susan 0.0001913143294432753 2.665490586683414
susan_g 9.565716472163765e-05 2.953172659135195
svg 0.0017218289649894778 0.0
switcher 9.565716472163765e-05 0.0
symbol_category_class 0.0011478859766596518 1.0072625100798818
system 0.0007652573177731012 0.11020314013361425
system_x_ 9.565716472163765e-05 4.74493212836325
systems 0.0006696001530514636 0.454472687214859
tab 0.0004782858236081883 0.0
tabindex 0.0001913143294432753 0.0
table 0.0018174861297111154 0.0
tabs 0.0001913143294432753 0.0
tagline 0.00028697149416491294 0.0
tags 9.565716472163765e-05 0.0
talk 0.0005739429883298259 0.0
target 0.0004782858236081883 0.0
targetloader 9.565716472163765e-05 0.0
tbody 0.001339200306102927 0.044451762570833796
technical 0.00028697149416491294 1.2185716037470886
technical_standard 9.565716472163765e-05 2.26002547857525
technology 0.0014348574708245648 0.7195804376281008
telecom 0.0001913143294432753 4.051784947803305
telephone 0.0001913143294432753 0.0
telephony 0.0001913143294432753 4.74493212836325
template 0.002965372106370767 0.0
template_talk 9.565716472163765e-05 0.41419878807691896
templateargumentsize 9.565716472163765e-05 0.0
templatestyles 0.001339200306102927 0.017544309650909525
terms 0.0001913143294432753 0.0
terms_of_use 9.565716472163765e-05 0.0
test 0.00028697149416491294 1.486835590341768
text 0.00449588674191697 0.0
text_of_the_creative_commons_attribution 9.565716472163765e-05 0.0
than 9.565716472163765e-05 0.6340582641899388
the 0.008322173330782475 0.0
theguardian 0.0001913143294432753 4.051784947803305
them 9.565716472163765e-05 0.9837320126696876
there 9.565716472163765e-05 0.8737311174553593
this 0.003061029271092405 0.0
those 0.0001913143294432753 1.3437347467010947
thumb 0.0005739429883298259 0.12981161152199053
thumbnail 9.565716472163765e-05 0.0
thus 0.0001913143294432753 1.0313600616589422
time 0.0011478859766596518 0.0
time_computing 9.565716472163765e-05 3.1354942159291497
timeline 0.0001913143294432753 1.4127276181880462
timestamp 0.0001913143294432753 0.0
timeusage 9.565716472163765e-05 0.008733679968754631
timingprofile 9.565716472163765e-05 0.0
title 0.03376697914673809 0.0
titlebar 0.0007652573177731012 0.0
titled 9.565716472163765e-05 3.6463198396951406
titleform 9.565716472163765e-05 0.0
toc 0.006982973024679548 0.0
together 9.565716472163765e-05 1.8004931491968095
toggle 0.0008609144824947389 0.0
toggle_view_mobile 9.565716472163765e-05 0.0
tokens 9.565716472163765e-05 0.0
tom 0.0001913143294432753 1.911718784307034
tom_maibaum 9.565716472163765e-05 2.953172659135195
tony 0.0003826286588865506 2.26002547857525
tony_brooker 9.565716472163765e-05 2.953172659135195
tony_hoare 9.565716472163765e-05 2.5477075510270306
toolbar 0.00028697149416491294 0.0
tools 0.0008609144824947389 0.0
top 0.0007652573177731012 0.0
total 0.0001913143294432753 0.0
touch 0.0001913143294432753 0.0
trademark 9.565716472163765e-05 0.0
transclusion 9.565716472163765e-05 0.0
transientcontent 9.565716472163765e-05 0.0
translate 9.565716472163765e-05 2.7990219793079367
transparent 0.0005739429883298259 0.06280090123903044
triggered 9.565716472163765e-05 0.0
true 0.0022957719533193035 0.0
ttl 9.565716472163765e-05 0.0
turner 0.0001913143294432753 2.7990219793079367
txt 0.00028697149416491294 2.1799827709017134
type 0.003539315094700593 0.0
type_system 9.565716472163765e-05 0.7746402148111283
types 9.565716472163765e-05 0.7375989431307791
typing 0.0001913143294432753 0.7018808605286999
uls 0.0004782858236081883 0.0
und 9.565716472163765e-05 2.665490586683414
under 0.0001913143294432753 0.0
unipi 0.00028697149416491294 4.051784947803305
unique 9.565716472163765e-05 2.1799827709017134
united 0.0009565716472163765 0.9837320126696876
united_kingdom 0.0001913143294432753 3.1354942159291497
united_states_department_of_defense 9.565716472163765e-05 3.3586377672433594
university 0.0006696001530514636 0.8947845266531914
university_of_edinburgh 9.565716472163765e-05 2.7990219793079367
university_of_st_andrews 9.565716472163765e-05 2.953172659135195
unix 0.00028697149416491294 1.449095262358921
unknown 9.565716472163765e-05 0.26759531388504365
unpin 0.0001913143294432753 0.0
unpinned 0.0001913143294432753 0.0
unsourced 0.0005739429883298259 1.3109449238781037
unstrip 0.0003826286588865506 0.0
updated 9.565716472163765e-05 0.41419878807691896
upload 0.0015305146355462024 0.0
upper 0.0003826286588865506 0.09097177820572679
url 0.0007652573177731012 0.0
us_department_of_defense 9.565716472163765e-05 4.051784947803305
usage 0.0003826286588865506 0.0
use 0.0011478859766596518 0.0
use_british_english_from_september_2019 9.565716472163765e-05 4.74493212836325
use_dmy_dates_from_september_2019 9.565716472163765e-05 4.74493212836325
used 9.565716472163765e-05 0.19105523676270922
uselang 9.565716472163765e-05 0.0
user 0.0025827434474842165 0.0
useradd 0.0001913143294432753 0.0
userlogin 0.0001913143294432753 0.0
users 0.00028697149416491294 0.9382696385929302
using 9.565716472163765e-05 0.0
utc 9.565716472163765e-05 0.0
utf 9.565716472163765e-05 0.0
utility 9.565716472163765e-05 2.1799827709017134
utm_campaign 9.565716472163765e-05 0.0
utm_medium 9.565716472163765e-05 0.0
utm_source 9.565716472163765e-05 0.0
value 0.0012435431413812894 0.0
van 0.0006696001530514636 2.1058747987479913
van_wijngaarden_grammar 9.565716472163765e-05 2.953172659135195
var 0.0001913143294432753 0.0
variant 0.00028697149416491294 0.0
variants 0.0012435431413812894 0.0
variety 9.565716472163765e-05 2.1799827709017134
vary 9.565716472163765e-05 0.10054122922187746
vauquois 9.565716472163765e-05 2.953172659135195
vax 0.0005739429883298259 2.7990219793079367
vector 0.02247943370958485 0.0
version 0.0003826286588865506 0.0
vevent 9.565716472163765e-05 0.22314355131420976
vhcfaqaaiaaj 9.565716472163765e-05 4.74493212836325
view 0.0011478859766596518 0.0
viewport 9.565716472163765e-05 0.0
views 0.00028697149416491294 0.0
vii 0.0001913143294432753 4.74493212836325
visible 9.565716472163765e-05 0.09097177820572679
visit 0.0001913143294432753 0.0
visited 9.565716472163765e-05 0.0
visualeditor 0.0003826286588865506 0.0
vue 0.0001913143294432753 0.0
wada 0.0001913143294432753 2.953172659135195
waiting 9.565716472163765e-05 3.1354942159291497
walltime 9.565716472163765e-05 0.0
was 0.0018174861297111154 0.0
watching 0.0001913143294432753 4.051784947803305
watchlist 9.565716472163765e-05 0.0
watchtoken 9.565716472163765e-05 0.0
wbc 9.565716472163765e-05 0.0
weak 9.565716472163765e-05 1.6538896750049343
web 0.0012435431413812894 0.09097177820572679
website 9.565716472163765e-05 0.0
wegstein 0.00028697149416491294 2.7990219793079367
weight 0.0004782858236081883 0.05358424613410626
were 9.565716472163765e-05 0.6844891178168307
western 9.565716472163765e-05 2.26002547857525
wetherall 9.565716472163765e-05 4.74493212836325
wgaction 9.565716472163765e-05 0.0
wgarticleid 9.565716472163765e-05 0.0
wgbackendresponsetime 9.565716472163765e-05 0.0
wgbreakframes 9.565716472163765e-05 0.0
wgcanonicalnamespace 9.565716472163765e-05 0.0
wgcanonicalspecialpagename 9.565716472163765e-05 0.0
wgcategories 9.565716472163765e-05 0.0
wgcentralauthmobiledomain 9.565716472163765e-05 0.0
wgcspnonce 9.565716472163765e-05 0.0
wgcurrevisionid 9.565716472163765e-05 0.0
wgdefaultdateformat 9.565716472163765e-05 0.0
wgdigittransformtable 9.565716472163765e-05 0.0
wgeditsubmitbuttonlabelpublish 9.565716472163765e-05 0.0
wgflaggedrevsparams 9.565716472163765e-05 0.0
wggestructuredtaskrejectionreasontextinputenabled 9.565716472163765e-05 0.0
wggetopicsmatchmodeenabled 9.565716472163765e-05 0.0
wghostname 9.565716472163765e-05 0.0
wginternalredirecttargeturl 9.565716472163765e-05 2.1058747987479913
wgisarticle 9.565716472163765e-05 0.0
wgisprobablyeditable 9.565716472163765e-05 0.0
wgisredirect 9.565716472163765e-05 0.0
wgmediaviewerenabledbydefault 9.565716472163765e-05 0.0
wgmediavieweronclick 9.565716472163765e-05 0.0
wgmfdisplaywikibasedescriptions 9.565716472163765e-05 0.0
wgmonthnames 9.565716472163765e-05 0.0
wgnamespacenumber 9.565716472163765e-05 0.0
wgnoticeproject 9.565716472163765e-05 0.0
wgpagecontentlanguage 9.565716472163765e-05 0.0
wgpagecontentmodel 9.565716472163765e-05 0.0
wgpagename 9.565716472163765e-05 0.0
wgpageparsereport 9.565716472163765e-05 0.0
wgpopupsflags 9.565716472163765e-05 0.0
wgredirectedfrom 9.565716472163765e-05 2.1058747987479913
wgrelevantarticleid 9.565716472163765e-05 0.0
wgrelevantpageisprobablyeditable 9.565716472163765e-05 0.0
wgrelevantpagename 9.565716472163765e-05 0.0
wgrequestid 9.565716472163765e-05 0.0
wgrestrictionedit 9.565716472163765e-05 0.0
wgrestrictionmove 9.565716472163765e-05 0.0
wgrevisionid 9.565716472163765e-05 0.0
wgseparatortransformtable 9.565716472163765e-05 0.0
wgtitle 9.565716472163765e-05 0.0
wgulscurrentautonym 9.565716472163765e-05 0.0
wgulsiscompactlinksenabled 9.565716472163765e-05 0.0
wgulsislanguageselectorempty 9.565716472163765e-05 0.0
wgulsposition 9.565716472163765e-05 0.0
wgusergroups 9.565716472163765e-05 0.0
wgusername 9.565716472163765e-05 0.0
wgvector2022previewpages 9.565716472163765e-05 0.0
wgvisualeditor 9.565716472163765e-05 0.0
wgwikibaseitemid 9.565716472163765e-05 0.0
wgwmepagelength 9.565716472163765e-05 0.0
wgwmeschemaeditattemptstepoversample 9.565716472163765e-05 0.0
what 9.565716472163765e-05 0.0
whatlinkshere 0.0001913143294432753 0.0
when 0.00028697149416491294 0.0
while 9.565716472163765e-05 0.7195804376281008
white 0.0003826286588865506 0.12981161152199053
widely 0.0001913143294432753 1.6538896750049343
width 0.005548115553854984 0.0
wijngaarden 0.0004782858236081883 2.953172659135195
wiki 0.027931892098718193 0.0
wikibase 0.0003826286588865506 0.0
wikidata 0.0007652573177731012 0.0
wikimedia 0.0037306294241438685 0.0
wikimediabadges 0.0001913143294432753 0.0
wikimediaevents 9.565716472163765e-05 0.0
wikimediafoundation 0.0001913143294432753 0.0
wikipedia 0.007843887507174288 0.0
wikisource 9.565716472163765e-05 0.09097177820572679
wikitext 9.565716472163765e-05 0.0
willem 0.0001913143294432753 2.953172659135195
willem_van_der_poel 9.565716472163765e-05 2.953172659135195
window 0.00028697149416491294 0.0
wired 0.0003826286588865506 3.6463198396951406
wirth 0.0001913143294432753 2.3470368555648795
with 0.0028697149416491295 0.0
without 9.565716472163765e-05 0.9162907318741551
wmf 0.00028697149416491294 0.0
woodger 0.00028697149416491294 2.7990219793079367
woodward 0.0008609144824947389 2.953172659135195
worcestershire 0.0001913143294432753 4.74493212836325
word 0.0003826286588865506 0.05358424613410626
wordmark 0.0001913143294432753 0.0
work 9.565716472163765e-05 0.9607424944449889
working 0.0001913143294432753 1.1895840668738364
works 9.565716472163765e-05 0.0
worldcat 0.0001913143294432753 1.5260563034950492
wpformidentifier 9.565716472163765e-05 0.0
wrap 0.0001913143294432753 0.06280090123903044
write 9.565716472163765e-05 1.16141318990714
written 9.565716472163765e-05 0.44086703515908027
www 0.0018174861297111154 0.0
x86 0.00028697149416491294 2.1799827709017134
xml 0.00028697149416491294 0.0
years 9.565716472163765e-05 0.454472687214859
yes 9.565716472163765e-05 0.0
yfroom 9.565716472163765e-05 4.74493212836325
yoneda 0.0001913143294432753 2.953172659135195
you 0.0004782858236081883 0.0
z39 0.0007652573177731012 0.10054122922187746
z3988 0.0007652573177731012 0.10054122922187746
z80 0.0001913143294432753 3.3586377672433594
zilog 0.0001913143294432753 3.6463198396951406
zilog_z80 9.565716472163765e-05 3.6463198396951406
العربية 9.565716472163765e-05 1.16141318990714
كورال 9.565716472163765e-05 4.74493212836325
