000 0.00018377285674905816 0.0
0201544282 0.0003675457134981163 4.74493212836325
0201565430 0.0003675457134981163 4.74493212836325
024x 0.00045943214187264543 4.74493212836325
02t17 0.00018377285674905816 3.1354942159291497
039 0.0003675457134981163 0.0
05t20 0.00018377285674905816 4.74493212836325
05z 0.00018377285674905816 2.953172659135195
0_unported_license 9.188642837452908e-05 0.0
100 0.0027565928512358726 0.0
1000 9.188642837452908e-05 0.0
10000 9.188642837452908e-05 1.2484245668967697
1000000 0.00018377285674905816 0.0
1002 0.00045943214187264543 2.7990219793079367
106 0.00018377285674905816 1.749199854809259
1097 0.00018377285674905816 4.051784947803305
1119641861 0.0006432049986217035 4.74493212836325
114 0.00027565928512358727 0.37548427589622857
117 9.188642837452908e-05 0.0
11765ce42027 9.188642837452908e-05 4.74493212836325
125em 0.00045943214187264543 0.0
127 9.188642837452908e-05 0.09097177820572679
12px 9.188642837452908e-05 0.09097177820572679
12s5i 9.188642837452908e-05 0.0
133 9.188642837452908e-05 0.08149303425118301
1362 0.00018377285674905816 4.74493212836325
15078 0.0003675457134981163 4.74493212836325
155 0.00018377285674905816 2.4423470353692043
160 0.0007350914269962326 0.0
16px 0.00018377285674905816 1.0072625100798818
179 0.00018377285674905816 3.3586377672433594
180 0.00018377285674905816 0.8947845266531914
184415685 9.188642837452908e-05 4.74493212836325
1846 0.00018377285674905816 4.74493212836325
185 0.00018377285674905816 0.9607424944449889
195 0.00018377285674905816 2.7990219793079367
1974 0.00018377285674905816 2.4423470353692043
1975 9.188642837452908e-05 2.03688192726104
1978 9.188642837452908e-05 1.749199854809259
1980 9.188642837452908e-05 2.1058747987479913
1982 0.00018377285674905816 2.1799827709017134
1983 9.188642837452908e-05 1.9723434061234688
1984 9.188642837452908e-05 1.911718784307034
1985 0.00027565928512358727 1.4127276181880462
1987 0.00018377285674905816 1.6538896750049343
1988 0.00027565928512358727 1.8004931491968095
1989 9.188642837452908e-05 1.749199854809259
1990 0.00018377285674905816 1.6538896750049343
1991 0.00045943214187264543 1.4127276181880462
1992 0.00045943214187264543 1.6538896750049343
1993 0.0003675457134981163 1.4127276181880462
1994 9.188642837452908e-05 1.911718784307034
1995 9.188642837452908e-05 1.377636298376776
1996 0.00018377285674905816 1.8004931491968095
199607 0.00018377285674905816 4.74493212836325
1997 0.0003675457134981163 1.7004096906398272
1998 9.188642837452908e-05 1.377636298376776
1999 9.188642837452908e-05 1.377636298376776
1a58aa00 9.188642837452908e-05 4.74493212836325
1em 0.0005513185702471745 0.02643325706815543
1px 0.00027565928512358727 0.2451224580329849
1x1 9.188642837452908e-05 0.0
2001 9.188642837452908e-05 1.449095262358921
2002 9.188642837452908e-05 1.0560526742493137
2003 0.00018377285674905816 0.9837320126696876
2004 0.0007350914269962326 0.06280090123903044
2005 0.00018377285674905816 0.8531118302526235
2007 9.188642837452908e-05 0.9382696385929302
2008 0.00018377285674905816 1.0313600616589422
2009 9.188642837452908e-05 0.9382696385929302
2011 0.00018377285674905816 0.6017974019717174
20110515111149 9.188642837452908e-05 4.74493212836325
2012 0.00018377285674905816 0.9382696385929302
20120603011509 9.188642837452908e-05 4.74493212836325
20120710225414 9.188642837452908e-05 4.74493212836325
2013 0.00018377285674905816 0.6844891178168307
2014 9.188642837452908e-05 0.8947845266531914
20191218082105 9.188642837452908e-05 4.74493212836325
2022 0.0010107507121198199 0.0
20230316040732 0.00027565928512358727 4.74493212836325
207 0.00018377285674905816 2.665490586683414
2097152 0.0003675457134981163 0.0
20e2 9.188642837452908e-05 4.74493212836325
23px 0.00018377285674905816 0.5254244231871433
253c833 9.188642837452908e-05 4.74493212836325
253e3 9.188642837452908e-05 4.74493212836325
255 9.188642837452908e-05 0.09097177820572679
25em 0.0017458421391160525 0.035401927050916
267 0.00018377285674905816 3.6463198396951406
26_informatica 9.188642837452908e-05 3.6463198396951406
28199607 0.00027565928512358727 4.74493212836325
28sici 0.00027565928512358727 4.74493212836325
291097 0.00027565928512358727 4.74493212836325
2926 0.00027565928512358727 4.74493212836325
298 0.00018377285674905816 3.6463198396951406
2cicon 9.188642837452908e-05 0.0
2cstyles 9.188642837452908e-05 0.0
2cwikimediabadges 9.188642837452908e-05 0.6177977433181585
2em 0.00018377285674905816 0.06280090123903044
2f10 0.00018377285674905816 0.8737311174553593
2f1985 9.188642837452908e-05 4.74493212836325
2f1991 9.188642837452908e-05 3.6463198396951406
2fdoi 9.188642837452908e-05 1.9723434061234688
2fen 0.0005513185702471745 0.10054122922187746
2ffmt 0.0005513185702471745 0.10054122922187746
2foberon2 9.188642837452908e-05 4.74493212836325
2fonlinelibrary 9.188642837452908e-05 4.74493212836325
2fpapers 9.188642837452908e-05 1.8004931491968095
2fpdf 9.188642837452908e-05 2.1058747987479913
2fresearch 9.188642837452908e-05 2.5477075510270306
2fwww 9.188642837452908e-05 0.3382128810989969
2px 0.00018377285674905816 0.26759531388504365
30em 9.188642837452908e-05 0.09097177820572679
3125em 9.188642837452908e-05 0.0
31px 0.00018377285674905816 0.9837320126696876
334 9.188642837452908e-05 3.6463198396951406
357599 0.00027565928512358727 4.74493212836325
387 0.0003675457134981163 2.665490586683414
398 9.188642837452908e-05 3.6463198396951406
3a3 9.188642837452908e-05 0.09097177820572679
3a7 0.00027565928512358727 4.74493212836325
3aaid 0.00027565928512358727 4.74493212836325
3abook 0.0003675457134981163 0.22314355131420976
3acomponent 0.0005513185702471745 4.74493212836325
3adoi 9.188642837452908e-05 0.9382696385929302
3ajournal 0.00018377285674905816 0.3260915205666521
3akev 0.0005513185702471745 0.10054122922187746
3amtx 0.0005513185702471745 0.10054122922187746
3aofi 0.0005513185702471745 0.10054122922187746
3asid 0.0005513185702471745 0.10054122922187746
3b2 0.00027565928512358727 4.74493212836325
3c833 0.00027565928512358727 4.74493212836325
3cols 9.188642837452908e-05 0.21233263520999412
3e3 0.00027565928512358727 4.74493212836325
3em 0.00018377285674905816 0.035401927050916
3px 0.00018377285674905816 0.12981161152199053
400 0.00018377285674905816 0.0
41426 0.00018377285674905816 4.74493212836325
4872872 0.00018377285674905816 4.74493212836325
488 0.00018377285674905816 4.051784947803305
49e3 9.188642837452908e-05 4.74493212836325
4em 0.00018377285674905816 0.40112670650956617
500 0.00018377285674905816 0.0
5000000 0.00018377285674905816 0.0
50z 0.00018377285674905816 2.5477075510270306
52428800 0.00018377285674905816 0.008733679968754631
536 0.00018377285674905816 3.3586377672433594
540 0.0003675457134981163 2.4423470353692043
542 0.00018377285674905816 4.051784947803305
57225 0.00018377285674905816 4.74493212836325
597 0.00018377285674905816 4.051784947803305
5em 0.00045943214187264543 0.0
655 0.00018377285674905816 4.051784947803305
6rc6 9.188642837452908e-05 4.74493212836325
720px 9.188642837452908e-05 0.0
767 0.00018377285674905816 2.953172659135195
7cext 0.00027565928512358727 0.0
7cjquery 9.188642837452908e-05 0.41419878807691896
7cmediawiki 9.188642837452908e-05 0.0
7cskins 9.188642837452908e-05 0.0
7cwikibase 9.188642837452908e-05 0.0
7em 9.188642837452908e-05 0.41419878807691896
8125em 9.188642837452908e-05 0.0
821 0.00018377285674905816 4.051784947803305
833 0.00027565928512358727 3.3586377672433594
839 0.00018377285674905816 3.3586377672433594
850 0.00018377285674905816 4.74493212836325
86400 0.00018377285674905816 0.8329091229351039
895 0.00018377285674905816 4.051784947803305
93naur_form 9.188642837452908e-05 3.1354942159291497
97649 0.0003675457134981163 4.74493212836325
978 0.0014701828539924653 0.9837320126696876
9px 0.00027565928512358727 0.09097177820572679
_oberon 0.0006432049986217035 4.051784947803305
a2_ 9.188642837452908e-05 3.6463198396951406
a2a9b1 9.188642837452908e-05 0.27902400970866637
abadi 0.00018377285674905816 4.051784947803305
abbr 0.0007350914269962326 0.41419878807691896
about 0.0008269778553707617 0.0
aboutsite 9.188642837452908e-05 0.0
above 9.188642837452908e-05 0.1599646496926782
abovebelow 0.00045943214187264543 0.44086703515908027
absolute 9.188642837452908e-05 0.0
abstract 0.00018377285674905816 1.449095262358921
academy 0.00018377285674905816 2.3470368555648795
academy_of_sciences_of_the_soviet_union 9.188642837452908e-05 4.051784947803305
access 9.188642837452908e-05 0.8131064956389242
accesskey 0.0017458421391160525 0.0
account 0.0003675457134981163 0.0
acorn 0.00018377285674905816 3.1354942159291497
acorn_computers 9.188642837452908e-05 4.051784947803305
across 9.188642837452908e-05 0.0
action 0.0019296149958651107 0.0
actions 9.188642837452908e-05 0.0
active 0.0005513185702471745 1.8004931491968095
active_oberon 9.188642837452908e-05 3.6463198396951406
add 9.188642837452908e-05 0.0
addison 0.0007350914269962326 2.3470368555648795
additional 9.188642837452908e-05 0.0
addop 0.00018377285674905816 4.74493212836325
address 0.00018377285674905816 0.0
adn_abadi 9.188642837452908e-05 4.051784947803305
advanced 9.188642837452908e-05 1.5260563034950492
after 0.0016539557107415235 0.0
ago 9.188642837452908e-05 0.5108256237659907
agree 9.188642837452908e-05 0.0
aid 0.00018377285674905816 2.665490586683414
alert 0.0003675457134981163 0.0
align 0.0007350914269962326 0.05358424613410626
all 0.00018377285674905816 0.0
allows 0.00018377285674905816 0.8329091229351039
alma 0.00027565928512358727 4.051784947803305
alpha 0.0003675457134981163 0.08149303425118301
also 0.00027565928512358727 0.19105523676270922
alt 0.0009188642837452909 0.0
alternate 0.00027565928512358727 0.0
although 9.188642837452908e-05 1.1340142157190256
amp 0.010475052834696316 0.0
analyser 9.188642837452908e-05 4.051784947803305
and 0.004134889276853809 0.0
announced 9.188642837452908e-05 2.1058747987479913
anon 0.00018377285674905816 0.0
anoncontribs 9.188642837452908e-05 0.0
anontalk 9.188642837452908e-05 0.0
anonymous 9.188642837452908e-05 0.0
another 9.188642837452908e-05 0.09097177820572679
aos 9.188642837452908e-05 3.6463198396951406
api 9.188642837452908e-05 0.0
appeared 0.00027565928512358727 0.40112670650956617
apple 0.00018377285674905816 0.0
application 0.0007350914269962326 0.0
apply 9.188642837452908e-05 0.0
approach 0.00018377285674905816 1.7004096906398272
april 9.188642837452908e-05 0.0
archive 0.0003675457134981163 0.3504829736908114
archived 0.00018377285674905816 0.6017974019717174
are 0.00045943214187264543 0.0
argument 9.188642837452908e-05 0.0
aria 0.0026647064228613434 0.0
around 9.188642837452908e-05 1.449095262358921
array 9.188642837452908e-05 1.16141318990714
article 0.0007350914269962326 0.0
articles 0.0003675457134981163 0.0
articles_with_curlie_links 9.188642837452908e-05 2.953172659135195
associated 0.00018377285674905816 0.0
async 0.00027565928512358727 0.0
atitle 0.00018377285674905816 0.25629575863111026
atom 0.00027565928512358727 0.0
attribution 9.188642837452908e-05 0.0
aufirst 0.0005513185702471745 0.3629054936893685
august 9.188642837452908e-05 0.0
aulast 0.0005513185702471745 0.3629054936893685
australia 9.188642837452908e-05 3.6463198396951406
author 0.00018377285674905816 0.0
auto 0.0003675457134981163 0.0
autocapitalize 9.188642837452908e-05 0.0
autostart 9.188642837452908e-05 0.11020314013361425
available 0.0003675457134981163 0.0
avoid 0.00018377285674905816 0.09097177820572679
b1d4 9.188642837452908e-05 4.74493212836325
b6ck 0.00027565928512358727 3.6463198396951406
b6ssenb 0.00027565928512358727 3.6463198396951406
b9_ 9.188642837452908e-05 4.051784947803305
baby 0.00018377285674905816 4.051784947803305
baby_modula 9.188642837452908e-05 4.051784947803305
background 0.0016539557107415235 0.017544309650909525
backlink 0.0005513185702471745 0.08149303425118301
backus 0.00018377285674905816 2.26002547857525
based 0.00045943214187264543 0.3504829736908114
based_software_engineering 9.188642837452908e-05 4.051784947803305
bcrg 9.188642837452908e-05 4.74493212836325
bcrg_gutknecht 0.00018377285674905816 3.6463198396951406
bcrich 9.188642837452908e-05 4.051784947803305
bday 9.188642837452908e-05 0.41419878807691896
bdi 0.0007350914269962326 0.7375989431307791
bears 0.00018377285674905816 4.051784947803305
because 9.188642837452908e-05 0.0
been 9.188642837452908e-05 0.6844891178168307
before 0.0013782964256179363 0.0
begin 0.00018377285674905816 1.6538896750049343
behind 0.00027565928512358727 2.1058747987479913
below 0.00018377285674905816 0.18058393689541388
beron 0.00027565928512358727 4.74493212836325
beta 9.188642837452908e-05 1.7004096906398272
between 9.188642837452908e-05 0.7375989431307791
beyond 0.00018377285674905816 1.911718784307034
binary 9.188642837452908e-05 1.7004096906398272
blackbox 0.0008269778553707617 3.6463198396951406
blackbox_component_builder 0.00027565928512358727 4.051784947803305
blackboxframework 0.0003675457134981163 4.74493212836325
block 0.00018377285674905816 0.18058393689541388
bluebottle 9.188642837452908e-05 3.6463198396951406
body 0.001286409997243407 0.0
bodycontent 0.00018377285674905816 0.0
bold 9.188642837452908e-05 0.2451224580329849
book 0.0007350914269962326 0.42744401482693967
books 0.0003675457134981163 0.5552773863368246
booksources 0.0007350914269962326 0.6673946844575306
bootstrap 9.188642837452908e-05 0.10054122922187746
border 0.0017458421391160525 0.0
both 9.188642837452908e-05 0.3022808718729337
bottom 0.00027565928512358727 0.05358424613410626
box 0.0013782964256179363 0.0
boxtext 9.188642837452908e-05 0.41419878807691896
bracket 0.0007350914269962326 0.0
brackets 0.00018377285674905816 0.41419878807691896
break 0.00027565928512358727 0.05358424613410626
browsing 9.188642837452908e-05 0.0
btitle 0.0003675457134981163 0.22314355131420976
btn 0.00045943214187264543 0.0
builder 0.0005513185702471745 2.1799827709017134
built 9.188642837452908e-05 1.0072625100798818
bundled 9.188642837452908e-05 3.6463198396951406
but 9.188642837452908e-05 0.3629054936893685
button 0.0029403657079849306 0.0
buttons 0.00018377285674905816 0.0
by_wirth 9.188642837452908e-05 4.051784947803305
bytes 0.0003675457134981163 0.0
c13_en 9.188642837452908e-05 0.0
cache 0.00018377285674905816 0.0
cached 9.188642837452908e-05 0.0
cachereport 9.188642837452908e-05 0.0
cactions 0.0005513185702471745 0.0
calls 9.188642837452908e-05 0.0
campaigns 9.188642837452908e-05 0.0
can 9.188642837452908e-05 0.17022114985986725
candidates 9.188642837452908e-05 4.74493212836325
canonical 0.00018377285674905816 0.0
caps 9.188642837452908e-05 0.41419878807691896
caption 0.00018377285674905816 0.21233263520999412
cardelli 0.00018377285674905816 3.6463198396951406
case 0.0003675457134981163 1.0813704822336037
caselabels 0.00027565928512358727 4.74493212836325
categories 0.00018377285674905816 0.02643325706815543
category 0.002389047137737756 0.0
catlinks 0.0005513185702471745 0.0
cats 9.188642837452908e-05 0.0721032939013439
ccf 9.188642837452908e-05 0.454472687214859
center 0.001102637140494349 0.017544309650909525
centralauth 0.00018377285674905816 0.0
centralautologin 0.00018377285674905816 0.0
centralnotice 0.00027565928512358727 0.0
centrum 0.00018377285674905816 2.953172659135195
centrum_wiskunde_ 9.188642837452908e-05 3.6463198396951406
ceres 0.00018377285674905816 3.6463198396951406
ceres_ 9.188642837452908e-05 3.6463198396951406
change 9.188642837452908e-05 0.0
changes 0.00045943214187264543 0.0
character 9.188642837452908e-05 1.3437347467010947
charinsert 9.188642837452908e-05 0.0
charset 9.188642837452908e-05 0.0
checkbox 0.003124138564733989 0.0
cher 9.188642837452908e-05 4.74493212836325
child 0.002297160709363227 0.06280090123903044
cid 9.188642837452908e-05 4.051784947803305
citation 0.001286409997243407 0.08149303425118301
cite 0.002297160709363227 0.0
cite_book 0.00018377285674905816 1.5668782980153044
cite_note 0.001102637140494349 0.08149303425118301
cite_ref 0.001102637140494349 0.08149303425118301
citerefjensenwirth1974 9.188642837452908e-05 4.74493212836325
citerefmössenböckkoskimies1996 9.188642837452908e-05 4.74493212836325
citerefmössenböckwirth1991 9.188642837452908e-05 4.74493212836325
citerefreiserwirth1992 9.188642837452908e-05 4.74493212836325
citerefwirth1982 9.188642837452908e-05 4.74493212836325
citerefwirthgutknecht1992 9.188642837452908e-05 4.74493212836325
citethispage 9.188642837452908e-05 0.0
class 0.07847100983184783 0.0
classname 0.00027565928512358727 0.0
clear 0.00018377285674905816 0.11995931507897897
clemens 9.188642837452908e-05 4.74493212836325
client 0.00045943214187264543 0.0
close 9.188642837452908e-05 1.9723434061234688
code 0.0007350914269962326 0.035401927050916
col 9.188642837452908e-05 0.540239508972284
coll 0.0003675457134981163 0.0
collapse 9.188642837452908e-05 0.21233263520999412
collapsed 0.0003675457134981163 0.0
collapses 9.188642837452908e-05 0.0
collapsible 0.0010107507121198199 0.0
color 0.0013782964256179363 0.017544309650909525
colspan 0.0005513185702471745 0.14981227822866008
column 0.00027565928512358727 0.09097177820572679
columns 0.00045943214187264543 0.09097177820572679
com 0.0005513185702471745 0.11995931507897897
command 9.188642837452908e-05 1.2791962255635234
commons 0.00045943214187264543 0.0
community 0.00018377285674905816 0.0
community_portal 9.188642837452908e-05 0.0
compactlinks 9.188642837452908e-05 0.0
company 9.188642837452908e-05 1.0072625100798818
compiler 0.00027565928512358727 0.5108256237659907
complete 9.188642837452908e-05 1.4127276181880462
complications 9.188642837452908e-05 0.0
component 0.003216024993108518 1.6538896750049343
component_pascal 0.003216024993108518 3.1354942159291497
components 0.00018377285674905816 1.4127276181880462
computer 0.0013782964256179363 0.12981161152199053
computer_science 0.00027565928512358727 0.5860490450035782
computer_scientist 9.188642837452908e-05 1.486835590341768
computers 0.00018377285674905816 1.0813704822336037
computersysteme 9.188642837452908e-05 4.74493212836325
computing 0.00018377285674905816 0.3504829736908114
conditional 9.188642837452908e-05 1.6094379124341003
config 0.00018377285674905816 0.0
const 9.188642837452908e-05 2.5477075510270306
constdecl 0.00018377285674905816 4.74493212836325
constexpr 0.0006432049986217035 4.051784947803305
construction 9.188642837452908e-05 2.26002547857525
contact 0.0003675457134981163 0.0
contact_us 0.00018377285674905816 0.0
contactpage 9.188642837452908e-05 0.0
container 0.001286409997243407 0.0
containing 9.188642837452908e-05 0.0
content 0.006523936414591565 0.0
contentinfo 9.188642837452908e-05 0.0
contents 0.001194523568868878 0.0
contentsub 9.188642837452908e-05 0.0
context 0.00018377285674905816 0.0
contribute 9.188642837452908e-05 0.0
contributions 9.188642837452908e-05 0.0
contributors 0.00018377285674905816 0.0
controls 0.00018377285674905816 0.0
conversion 9.188642837452908e-05 0.0
cookie 0.00045943214187264543 0.0
cookie_statement 9.188642837452908e-05 0.0
cookiestatement 9.188642837452908e-05 0.0
copyright 0.00027565928512358727 0.0
copyrightico 9.188642837452908e-05 0.0
corporation 0.00018377285674905816 1.3437347467010947
count 0.00018377285674905816 0.0
counter 0.0003675457134981163 0.27902400970866637
cpfront 9.188642837452908e-05 4.74493212836325
cps 9.188642837452908e-05 4.74493212836325
cpu 9.188642837452908e-05 0.0
cputime 9.188642837452908e-05 0.0
create 0.0003675457134981163 0.0
createaccount 0.0003675457134981163 0.0
creative 9.188642837452908e-05 0.0
creativecommons 0.00018377285674905816 0.0
cross 9.188642837452908e-05 0.0
crossorigin 9.188642837452908e-05 0.0
cs1 0.0017458421391160525 0.09097177820572679
csrftoken 9.188642837452908e-05 0.0
ctx_ver 0.0005513185702471745 0.10054122922187746
curlie 0.0006432049986217035 2.953172659135195
current 0.00018377285674905816 0.0
current_events 9.188642837452908e-05 0.0
currentevents 9.188642837452908e-05 0.0
cursor 9.188642837452908e-05 0.38822330167365837
d33 0.00018377285674905816 0.09097177820572679
data 0.003951116420104751 0.0
date 0.0005513185702471745 0.08149303425118301
datemodified 0.00018377285674905816 0.0
datepublished 0.00018377285674905816 0.0
dates 0.00027565928512358727 1.5260563034950492
ddf 9.188642837452908e-05 0.454472687214859
debugger 9.188642837452908e-05 2.4423470353692043
dec 0.00018377285674905816 2.03688192726104
dec_systems_research_center 9.188642837452908e-05 3.6463198396951406
december 0.00027565928512358727 0.0
decimal 9.188642837452908e-05 0.09097177820572679
declseq 0.00027565928512358727 4.74493212836325
decoding 0.00018377285674905816 0.11020314013361425
decoration 0.00018377285674905816 0.41419878807691896
deduplicate 0.0005513185702471745 0.017544309650909525
deduplicated 0.0005513185702471745 0.06280090123903044
depth 0.00027565928512358727 0.0
derivative 0.00018377285674905816 2.4423470353692043
derivative_work 0.00018377285674905816 4.051784947803305
description 9.188642837452908e-05 0.0
design 0.00018377285674905816 0.3141153295199365
designator 0.0003675457134981163 4.051784947803305
designed 9.188642837452908e-05 0.3504829736908114
desktoparticletarget 0.00027565928512358727 0.0
detection 9.188642837452908e-05 0.0
deutsch 9.188642837452908e-05 0.5254244231871433
developed 9.188642837452908e-05 0.540239508972284
developer 0.00027565928512358727 0.0
developers 0.0003675457134981163 0.0
development 0.0003675457134981163 0.38822330167365837
differences 0.00018377285674905816 1.911718784307034
different 0.00027565928512358727 0.38822330167365837
digital 0.00018377285674905816 1.3437347467010947
digital_equipment_corporation 9.188642837452908e-05 2.665490586683414
dir 0.0003675457134981163 0.0
disabled 0.0010107507121198199 0.0
discipline 9.188642837452908e-05 0.8131064956389242
disclaimers 0.00018377285674905816 0.0
discuss 0.00018377285674905816 0.0
discussion 0.00018377285674905816 0.0
display 0.0009188642837452909 0.0
div 0.020674446384269043 0.0
dmca 0.00018377285674905816 4.051784947803305
dmy 0.0003675457134981163 0.0
dns 0.00018377285674905816 0.0
dobbs 9.188642837452908e-05 4.051784947803305
doctype 9.188642837452908e-05 0.0
document 0.0005513185702471745 0.0
documentelement 0.00027565928512358727 0.0
does 9.188642837452908e-05 0.4682660093471948
doi 0.0003675457134981163 0.8131064956389242
doi_ 9.188642837452908e-05 0.9162907318741551
donate 0.00027565928512358727 0.0
donating 9.188642837452908e-05 0.0
download 0.0006432049986217035 0.0
downloadaspdf 9.188642837452908e-05 0.0
downloaded 9.188642837452908e-05 2.953172659135195
drdobbs 9.188642837452908e-05 2.7990219793079367
dropdown 0.002297160709363227 0.0
dtstart 9.188642837452908e-05 0.41419878807691896
e6e6ff 9.188642837452908e-05 0.454472687214859
ebnf 9.188642837452908e-05 4.74493212836325
echo 9.188642837452908e-05 0.0
edit 0.0028484792796104014 0.0
editable 0.00027565928512358727 0.0
edited 9.188642837452908e-05 0.0
editing 9.188642837452908e-05 0.0
editor 0.00018377285674905816 0.0
editors 0.00018377285674905816 0.0
editpage 9.188642837452908e-05 0.0
edits 0.00018377285674905816 0.0
editsection 0.001102637140494349 0.0
edituri 9.188642837452908e-05 0.0
eee 9.188642837452908e-05 0.48225225132193467
elego 9.188642837452908e-05 4.051784947803305
element 0.0009188642837452909 0.0
elements 9.188642837452908e-05 1.2791962255635234
ellipsis 0.00018377285674905816 0.0
else 0.00027565928512358727 1.4127276181880462
elsif 9.188642837452908e-05 4.74493212836325
elt 0.00018377285674905816 0.0
embedded 9.188642837452908e-05 1.449095262358921
empty 0.0003675457134981163 0.0
emptyportlet 0.00018377285674905816 0.0
enabled 0.0010107507121198199 0.0
encouraged 0.0003675457134981163 0.0
encyclopedia 0.00018377285674905816 0.0
end 0.0010107507121198199 0.0
engineering 0.00027565928512358727 1.3109449238781037
english 0.00027565928512358727 0.0
enhancements 9.188642837452908e-05 0.0721032939013439
entities 9.188642837452908e-05 0.0
entity 0.0003675457134981163 0.0
entityaccesscount 9.188642837452908e-05 0.0
entitypage 0.00018377285674905816 0.0
environment 0.00018377285674905816 0.7375989431307791
enwiki 9.188642837452908e-05 0.0
enwikimwclientprefs 9.188642837452908e-05 0.0
equipment 0.00018377285674905816 2.4423470353692043
error 0.00018377285674905816 0.09097177820572679
es6 9.188642837452908e-05 0.0
esi 0.00018377285674905816 0.0
esitest 9.188642837452908e-05 0.0
eth 0.0006432049986217035 3.3586377672433594
eth_z 9.188642837452908e-05 4.74493212836325
eth_zurich 0.00018377285674905816 3.3586377672433594
ethz 0.0007350914269962326 4.051784947803305
even 0.0006432049986217035 0.40112670650956617
event 0.0009188642837452909 0.0
eventlogging 0.00018377285674905816 0.0
events 0.00018377285674905816 0.0
exact 9.188642837452908e-05 0.0
excelsior 9.188642837452908e-05 4.051784947803305
executable 0.00018377285674905816 1.6538896750049343
exist 9.188642837452908e-05 0.540239508972284
exists 0.00018377285674905816 0.0
exit 9.188642837452908e-05 1.9723434061234688
expand 0.00027565928512358727 0.0
expanded 0.0003675457134981163 0.008733679968754631
expansion 0.00018377285674905816 0.0
expansiondepth 9.188642837452908e-05 0.0
expensive 9.188642837452908e-05 0.0
expensivefunctioncount 9.188642837452908e-05 0.0
experience 0.00018377285674905816 1.8545603704670854
expiry 0.00018377285674905816 0.0
export 9.188642837452908e-05 0.0
exported 9.188642837452908e-05 4.051784947803305
expr 0.0014701828539924653 3.6463198396951406
expressive 9.188642837452908e-05 2.7990219793079367
exprlist 0.0003675457134981163 4.74493212836325
ext 0.002572819994486814 0.0
extended 0.00018377285674905816 1.377636298376776
extended_backus 9.188642837452908e-05 4.74493212836325
extensible 0.0003675457134981163 1.9723434061234688
extensible_application_markup_language 9.188642837452908e-05 3.6463198396951406
extensions 9.188642837452908e-05 0.8131064956389242
external 0.002297160709363227 0.0
external_links 0.0003675457134981163 0.19105523676270922
extiw 9.188642837452908e-05 1.2185716037470886
extra 9.188642837452908e-05 0.0
f7f7f7 9.188642837452908e-05 0.454472687214859
fa8a495983347898 9.188642837452908e-05 0.0
factor 0.0003675457134981163 3.3586377672433594
fallbacksearchbutton 9.188642837452908e-05 0.0
false 0.0009188642837452909 0.0
family 0.0008269778553707617 0.7018808605286999
favicon 9.188642837452908e-05 0.0
fdfdfd 0.00027565928512358727 0.44086703515908027
feature 0.0019296149958651107 0.0
featurename 0.00027565928512358727 0.0
february 9.188642837452908e-05 0.0
feed 0.00018377285674905816 0.0
fieldlist 0.00027565928512358727 4.74493212836325
fields 9.188642837452908e-05 2.26002547857525
file 0.0006432049986217035 0.0
file_upload_wizard 0.00018377285674905816 0.0
files 0.00045943214187264543 0.0
final 0.00018377285674905816 1.5668782980153044
first 0.0013782964256179363 0.0
firstheading 0.00027565928512358727 0.0
float 0.00027565928512358727 0.06280090123903044
flush 0.00045943214187264543 0.0
folding 9.188642837452908e-05 3.6463198396951406
font 0.0016539557107415235 0.017544309650909525
footer 0.002389047137737756 0.0
for 0.002205274280988698 0.0
form 0.00045943214187264543 0.0
formalpars 0.0003675457134981163 4.74493212836325
format 0.0007350914269962326 0.0
formatting 9.188642837452908e-05 2.665490586683414
former 9.188642837452908e-05 2.03688192726104
forms 0.00018377285674905816 1.5668782980153044
forwarddecl 0.00018377285674905816 4.74493212836325
foundation 0.0008269778553707617 0.0
fpsection 0.00027565928512358727 4.74493212836325
framework 0.00018377285674905816 1.1340142157190256
free 0.00045943214187264543 0.0
from 0.001194523568868878 0.0
full 0.00045943214187264543 0.044451762570833796
fulltext 9.188642837452908e-05 0.0
function 0.0005513185702471745 0.0
fundraiserredirector 9.188642837452908e-05 0.0
further 0.00027565928512358727 0.7375989431307791
further_reading 0.0003675457134981163 1.2484245668967697
für 9.188642837452908e-05 2.5477075510270306
gadget 0.0003675457134981163 0.0
gardens 0.00027565928512358727 4.74493212836325
gehomepagesuggestededitsenabletopics 9.188642837452908e-05 0.0
general_disclaimer 9.188642837452908e-05 0.0
generator 9.188642837452908e-05 0.0
genre 0.0005513185702471745 0.10054122922187746
geoip 9.188642837452908e-05 0.0
german 9.188642837452908e-05 0.5108256237659907
github 0.00027565928512358727 1.0560526742493137
given 9.188642837452908e-05 1.4127276181880462
globalcssjs 0.00018377285674905816 0.0
gmbh 9.188642837452908e-05 4.051784947803305
googpub 0.00018377285674905816 0.0
goto 9.188642837452908e-05 2.1058747987479913
gough 0.00018377285674905816 4.051784947803305
gpcp 9.188642837452908e-05 4.74493212836325
grammatical 9.188642837452908e-05 4.051784947803305
graphical 0.00018377285674905816 1.449095262358921
graphical_user_interface 9.188642837452908e-05 2.1058747987479913
gray 9.188642837452908e-05 0.09097177820572679
greek 0.00018377285674905816 0.09097177820572679
green 9.188642837452908e-05 0.09097177820572679
greg 0.00018377285674905816 2.7990219793079367
greg_nelson_ 9.188642837452908e-05 4.051784947803305
group 0.003951116420104751 0.0
growthexperiments 9.188642837452908e-05 0.0
guard 0.00027565928512358727 3.1354942159291497
gui 9.188642837452908e-05 1.7004096906398272
guidance 9.188642837452908e-05 0.0
guides 9.188642837452908e-05 0.0
gutknecht 0.00045943214187264543 3.6463198396951406
hack 0.0005513185702471745 0.0
handles 9.188642837452908e-05 2.5477075510270306
hans 0.00018377285674905816 3.3586377672433594
hanspeter 0.00018377285674905816 3.6463198396951406
hanspeter_m 9.188642837452908e-05 3.6463198396951406
has 0.00027565928512358727 0.0
haspopup 0.00045943214187264543 0.0
head 0.00027565928512358727 0.0
header 0.0024809335661122854 0.0
heading 0.002113387852614169 0.0
headline 0.0005513185702471745 0.0
height 0.001286409997243407 0.0
help 0.0006432049986217035 0.0
here 9.188642837452908e-05 0.0
heritage 9.188642837452908e-05 4.051784947803305
hidden 0.001194523568868878 0.0
hide 0.00018377285674905816 0.0
highest 9.188642837452908e-05 0.0
highlight 0.00018377285674905816 0.6177977433181585
historical 9.188642837452908e-05 3.1354942159291497
history 0.0005513185702471745 0.0
hlist 0.005329412845722687 0.2905848321097423
hoare 0.00018377285674905816 2.5477075510270306
home 0.00018377285674905816 1.4127276181880462
hor 0.00018377285674905816 0.0
hosted 9.188642837452908e-05 0.0
how 0.00045943214187264543 0.0
however 0.0003675457134981163 0.0
href 0.02287972066525774 0.0
hreflang 0.0003675457134981163 0.11020314013361425
html 0.0003675457134981163 0.0
http 0.0020215014242396397 0.0
https 0.003124138564733989 0.0
hub 9.188642837452908e-05 0.0
ico 9.188642837452908e-05 0.0
icon 0.003216024993108518 0.0
icons 0.0003675457134981163 0.0
ide 0.00027565928512358727 1.449095262358921
ident 0.0014701828539924653 4.74493212836325
identdef 0.0006432049986217035 4.74493212836325
identifier 0.0009188642837452909 0.42744401482693967
identlist 0.00027565928512358727 4.74493212836325
idhash 9.188642837452908e-05 0.0
ile 0.00018377285674905816 3.6463198396951406
image 0.00027565928512358727 0.0
imageobject 0.00018377285674905816 0.0
images 0.001102637140494349 0.0
img 0.0007350914269962326 0.0
imperative 0.00018377285674905816 1.16141318990714
imperative_programming 9.188642837452908e-05 1.2791962255635234
implement 9.188642837452908e-05 0.0
implementation 9.188642837452908e-05 0.5705448584676129
import 9.188642837452908e-05 2.7990219793079367
importlist 0.00018377285674905816 4.74493212836325
improvements 9.188642837452908e-05 0.0
inc 0.00027565928512358727 0.0
include 0.00018377285674905816 0.0
includes 0.00018377285674905816 1.1340142157190256
incompatible 9.188642837452908e-05 2.5477075510270306
increment 9.188642837452908e-05 0.26759531388504365
index 0.002389047137737756 0.0
indicators 9.188642837452908e-05 0.0
inf 0.00045943214187264543 3.6463198396951406
influenced 9.188642837452908e-05 0.454472687214859
info 0.0016539557107415235 0.0
infobox 0.0028484792796104014 0.21233263520999412
infobox_programming_language 0.00018377285674905816 0.37548427589622857
informatica 0.00018377285674905816 2.953172659135195
information 0.00027565928512358727 0.0
inherit 0.0009188642837452909 0.035401927050916
init 0.00027565928512358727 0.0
initially 9.188642837452908e-05 1.7004096906398272
inline 0.001286409997243407 0.035401927050916
inner 0.0003675457134981163 0.0
input 0.001102637140494349 0.0
inside 0.00018377285674905816 0.0721032939013439
instead 9.188642837452908e-05 1.2484245668967697
institut 9.188642837452908e-05 3.6463198396951406
integrated 0.00018377285674905816 1.0560526742493137
integrated_development_environment 9.188642837452908e-05 1.7004096906398272
interaction 0.00027565928512358727 0.0
interface 0.0005513185702471745 0.0
interfacing 9.188642837452908e-05 3.1354942159291497
interlanguage 0.001194523568868878 0.0
interwiki 0.0003675457134981163 0.11020314013361425
introduction 0.00027565928512358727 0.0
isbn 0.001102637140494349 0.6673946844575306
isbn_ 0.0003675457134981163 0.6673946844575306
issue 9.188642837452908e-05 0.8947845266531914
italian 9.188642837452908e-05 0.7559480817989758
italiano 9.188642837452908e-05 0.7746402148111283
item 0.0054212992740972155 0.0
items 9.188642837452908e-05 0.0
its 0.00018377285674905816 0.25629575863111026
january 0.00018377285674905816 0.0
japanese 9.188642837452908e-05 0.9162907318741551
java 0.00018377285674905816 0.8947845266531914
java_virtual_machine 9.188642837452908e-05 3.3586377672433594
jensen 0.00018377285674905816 2.4423470353692043
jmr272 0.00018377285674905816 4.74493212836325
johannes 0.00018377285674905816 3.3586377672433594
johannes_kepler_university_linz 9.188642837452908e-05 4.051784947803305
john 0.00018377285674905816 1.2185716037470886
josef 9.188642837452908e-05 4.051784947803305
journal 0.00018377285674905816 0.7195804376281008
jquery 0.00027565928512358727 0.0
json 0.00018377285674905816 0.0
jtempl 9.188642837452908e-05 4.74493212836325
jtitle 0.00018377285674905816 0.3260915205666521
july 0.00018377285674905816 0.0
jump 0.00018377285674905816 0.0
june 0.0006432049986217035 0.0
jvm 0.00018377285674905816 3.1354942159291497
jürg 0.0003675457134981163 3.6463198396951406
kathleen 0.00018377285674905816 3.6463198396951406
kepler 0.00018377285674905816 3.3586377672433594
kern 0.00018377285674905816 0.09097177820572679
key 9.188642837452908e-05 0.0
knudsen 9.188642837452908e-05 4.051784947803305
koskimies 0.00018377285674905816 4.74493212836325
kronos 0.00027565928512358727 4.051784947803305
kronos_ 0.00018377285674905816 4.051784947803305
label 0.004961867132224571 0.0
labelledby 0.00018377285674905816 0.0
landmark 0.0003675457134981163 0.0
lang 0.0017458421391160525 0.0
langlinks 0.00018377285674905816 0.0
language 0.003767343563355692 0.0
languages 0.0006432049986217035 0.0
last 0.0013782964256179363 0.0
lastmod 9.188642837452908e-05 0.0
latest 9.188642837452908e-05 1.6538896750049343
lazy 0.00018377285674905816 0.0
learn 0.00045943214187264543 0.0
left 0.0013782964256179363 0.0
level 0.00045943214187264543 0.0
levels 9.188642837452908e-05 0.0
lexical 9.188642837452908e-05 1.911718784307034
libraries 9.188642837452908e-05 0.9162907318741551
license 0.0003675457134981163 0.0
licenses 0.00018377285674905816 0.0
lilith 0.0003675457134981163 3.6463198396951406
lilith_ 0.00027565928512358727 3.6463198396951406
limit 0.0010107507121198199 0.0
limited 0.0006432049986217035 0.0
limitreport 0.00027565928512358727 0.0
line 0.00027565928512358727 0.10054122922187746
link 0.003399797849857576 0.0
linked 0.00018377285674905816 0.0
linking 9.188642837452908e-05 3.1354942159291497
links 0.002297160709363227 0.0
linz 0.00045943214187264543 4.051784947803305
list 0.010566939263070844 0.0
listbullet 0.00027565928512358727 0.0
listitem 0.0003675457134981163 0.2905848321097423
load 0.00027565928512358727 0.0
loadable 9.188642837452908e-05 4.051784947803305
loaded 9.188642837452908e-05 0.0
loader 0.00018377285674905816 0.0
loading 0.00027565928512358727 0.0
loc 9.188642837452908e-05 0.0
lock 0.0010107507121198199 0.09097177820572679
log 0.0006432049986217035 0.0
logged 0.00018377285674905816 0.0
login 0.00045943214187264543 0.0
logo 0.0007350914269962326 0.0
lola 0.00018377285674905816 3.6463198396951406
lola_ 9.188642837452908e-05 3.6463198396951406
loop 9.188642837452908e-05 1.2791962255635234
lower 0.0005513185702471745 0.09097177820572679
ltr 0.0008269778553707617 0.0
lua 0.00018377285674905816 0.008733679968754631
luca 0.00018377285674905816 3.6463198396951406
luca_cardelli 9.188642837452908e-05 4.051784947803305
machine 0.0005513185702471745 0.6340582641899388
made 0.00018377285674905816 0.0
main 0.002297160709363227 0.0
main_page 0.00018377285674905816 0.0
mainentity 0.00018377285674905816 0.0
mainpage 9.188642837452908e-05 0.0
maint 9.188642837452908e-05 0.09097177820572679
makecollapsible 0.00027565928512358727 0.42744401482693967
mandatory 0.0003675457134981163 0.0
manual 0.00018377285674905816 1.1340142157190256
march 9.188642837452908e-05 0.0
margin 0.0016539557107415235 0.017544309650909525
markup 0.00018377285674905816 1.9723434061234688
mart 9.188642837452908e-05 4.051784947803305
martin 0.00018377285674905816 2.03688192726104
martín 0.00018377285674905816 4.051784947803305
match 9.188642837452908e-05 0.0
max 0.00018377285674905816 0.0
may 0.00027565928512358727 0.0
media 0.00018377285674905816 0.0
mediawiki 0.0007350914269962326 0.0
medos 9.188642837452908e-05 4.051784947803305
members 0.00018377285674905816 2.03688192726104
memory 9.188642837452908e-05 0.008733679968754631
memusage 9.188642837452908e-05 0.008733679968754631
menu 0.00909675640907838 0.0
message 0.00018377285674905816 0.0
meta 0.001194523568868878 0.0
methattributes 0.00027565928512358727 4.74493212836325
microsoft 9.188642837452908e-05 0.8531118302526235
microsystems 0.0005513185702471745 2.953172659135195
min 9.188642837452908e-05 0.12981161152199053
minerva 0.0006432049986217035 0.13976194237515863
mini 0.00027565928512358727 0.41419878807691896
minor 9.188642837452908e-05 2.5477075510270306
mmv 0.00018377285674905816 0.11020314013361425
mobile 0.00027565928512358727 0.0
mobileaction 9.188642837452908e-05 0.0
mobileview 9.188642837452908e-05 0.0
mod 9.188642837452908e-05 2.1799827709017134
modtooberon 9.188642837452908e-05 4.74493212836325
modula 0.003951116420104751 2.4423470353692043
modula_programming_language_family 0.00018377285674905816 4.051784947803305
modular 0.00018377285674905816 1.911718784307034
modular_programming 9.188642837452908e-05 2.7990219793079367
module 0.00027565928512358727 0.0
modules 0.00027565928512358727 0.0
more 0.0015620692823669945 0.0
move 9.188642837452908e-05 0.0
moved 9.188642837452908e-05 0.0
mulop 0.00018377285674905816 4.74493212836325
mw1415 9.188642837452908e-05 4.74493212836325
mw2337 0.00018377285674905816 4.051784947803305
mycontributions 9.188642837452908e-05 0.0
mytalk 9.188642837452908e-05 0.0
mössenböck 0.0005513185702471745 3.6463198396951406
name 0.0029403657079849306 0.0
named 0.00027565928512358727 1.1073459686368643
namespaces 9.188642837452908e-05 0.0
naur 0.00018377285674905816 2.3470368555648795
nav 0.001286409997243407 0.0
navbar 0.0015620692823669945 0.06280090123903044
navbox 0.01093448497656896 0.454472687214859
navigation 0.001102637140494349 0.0
navigationtiming 9.188642837452908e-05 0.0
nearby 9.188642837452908e-05 0.0
needed 9.188642837452908e-05 1.1340142157190256
nelson 0.00018377285674905816 3.3586377672433594
net 0.0007350914269962326 0.7195804376281008
net_framework 9.188642837452908e-05 2.1058747987479913
net_framework_3 9.188642837452908e-05 4.051784947803305
net_programming_languages 9.188642837452908e-05 2.665490586683414
new 0.0003675457134981163 0.14981227822866008
newpp 9.188642837452908e-05 0.0
niklaus 0.002205274280988698 2.3470368555648795
niklaus_wirth 0.0010107507121198199 2.3470368555648795
nil 9.188642837452908e-05 2.5477075510270306
node 9.188642837452908e-05 0.0
nofollow 0.0020215014242396397 0.0
noicon 0.00045943214187264543 0.0
nojs 9.188642837452908e-05 0.0
non 9.188642837452908e-05 0.0
none 0.0020215014242396397 0.0
noprint 0.0003675457134981163 0.0
normal 0.00045943214187264543 0.0
noscript 0.0003675457134981163 0.0
nosnippet 9.188642837452908e-05 0.0
not 0.00045943214187264543 0.0
notes 9.188642837452908e-05 1.2185716037470886
notice 9.188642837452908e-05 0.0
novel 9.188642837452908e-05 3.6463198396951406
november 0.00027565928512358727 0.0
noviewer 0.00018377285674905816 0.7018808605286999
novosibirsk 0.00027565928512358727 4.051784947803305
nowrap 0.00018377285674905816 0.05358424613410626
nowraplinks 0.0005513185702471745 0.454472687214859
nstab 9.188642837452908e-05 0.0
null 9.188642837452908e-05 0.0
numb 0.0003675457134981163 0.0
number 0.00018377285674905816 0.0
oberon 0.006248277129467978 2.953172659135195
oberon2 0.00027565928512358727 4.74493212836325
oberon_ 0.0005513185702471745 2.953172659135195
oberon_programming_language_family 0.00018377285674905816 4.051784947803305
object 0.0006432049986217035 0.5254244231871433
object_oberon 9.188642837452908e-05 4.051784947803305
objects 0.00018377285674905816 1.0560526742493137
obliq 0.00027565928512358727 4.051784947803305
ocf 9.188642837452908e-05 4.74493212836325
october 9.188642837452908e-05 0.0
odc 0.00018377285674905816 4.74493212836325
odd 0.001102637140494349 0.454472687214859
ode 9.188642837452908e-05 4.051784947803305
off 9.188642837452908e-05 1.449095262358921
official 0.0005513185702471745 0.8737311174553593
official_website 0.00018377285674905816 3.6463198396951406
official_website_different_in_wikidata_and_wikipedia 9.188642837452908e-05 1.8545603704670854
ofront 0.00018377285674905816 4.74493212836325
oldid 0.00027565928512358727 0.0
oleg 9.188642837452908e-05 4.74493212836325
olivetti 0.00027565928512358727 4.051784947803305
one 0.00018377285674905816 0.42744401482693967
ongoing 9.188642837452908e-05 3.1354942159291497
onlinelibrary 9.188642837452908e-05 4.051784947803305
only 0.00045943214187264543 0.0
open 0.00045943214187264543 0.7018808605286999
opensearch_desc 9.188642837452908e-05 0.0
opensearchdescription 9.188642837452908e-05 0.0
operating 0.0006432049986217035 0.41419878807691896
operating_system 0.00045943214187264543 0.5108256237659907
operating_systems 9.188642837452908e-05 2.665490586683414
options 0.00045943214187264543 0.0
orc 9.188642837452908e-05 3.6463198396951406
org 0.006523936414591565 0.0
organiser 9.188642837452908e-05 0.9382696385929302
organization 0.00045943214187264543 0.0
organizations 0.00018377285674905816 1.449095262358921
oriented 0.00018377285674905816 0.6505875661411494
oriented_programming 9.188642837452908e-05 1.0313600616589422
origin 0.00045943214187264543 0.0
originally 9.188642837452908e-05 0.9607424944449889
osf 9.188642837452908e-05 4.74493212836325
other 9.188642837452908e-05 0.0
others 0.00018377285674905816 1.486835590341768
out 0.00027565928512358727 0.0
output 0.012772213544059543 0.0
over 0.00018377285674905816 0.9162907318741551
overflow 0.00018377285674905816 0.0
own 9.188642837452908e-05 1.2791962255635234
padding 0.004226775705228338 0.017544309650909525
page 0.004502434990351925 0.0
pagelanguagecode 9.188642837452908e-05 0.0
pagelanguagedir 9.188642837452908e-05 0.0
pageprop 9.188642837452908e-05 0.27902400970866637
pages 0.0009188642837452909 0.0
pagevariantfallbacks 9.188642837452908e-05 0.0
panel 0.0003675457134981163 0.0
papers 0.00018377285674905816 1.3437347467010947
paradigm 9.188642837452908e-05 0.5705448584676129
paradigms 9.188642837452908e-05 1.8004931491968095
parsed 9.188642837452908e-05 0.0
parser 0.0129559864008086 0.0
pascal 0.0038592299917302214 1.1073459686368643
pascal_ 0.00027565928512358727 1.2791962255635234
past 9.188642837452908e-05 0.0
patroltoken 9.188642837452908e-05 0.0
pcache 9.188642837452908e-05 0.0
pdf 0.0016539557107415235 0.0
people 0.00018377285674905816 1.0560526742493137
permalink 9.188642837452908e-05 0.0
permanent 0.00018377285674905816 0.0
personal 0.0009188642837452909 0.0
peter 0.00018377285674905816 1.5260563034950492
pfister 9.188642837452908e-05 4.74493212836325
php 0.0028484792796104014 0.0
pin 0.00018377285674905816 0.0
pinnable 0.001102637140494349 0.0
pinned 0.0009188642837452909 0.0
placeholder 9.188642837452908e-05 0.0
places 0.0008269778553707617 0.0
plainlinks 9.188642837452908e-05 0.20163734609324613
planned 9.188642837452908e-05 2.5477075510270306
platforms 9.188642837452908e-05 1.3437347467010947
png 0.0014701828539924653 0.0
point 0.00027565928512358727 0.9162907318741551
pointer 9.188642837452908e-05 1.749199854809259
policy 0.00018377285674905816 0.0
popups 9.188642837452908e-05 0.0
portal 0.00027565928512358727 0.0
portlet 0.0024809335661122854 0.0
position 9.188642837452908e-05 0.0
post 0.00018377285674905816 0.0
postexpandincludesize 9.188642837452908e-05 0.0
powered 9.188642837452908e-05 0.0
poweredby_mediawiki_132x47 9.188642837452908e-05 0.0
poweredby_mediawiki_176x62 9.188642837452908e-05 0.0
poweredby_mediawiki_88x31 9.188642837452908e-05 0.0
poweredbyico 9.188642837452908e-05 0.0
ppvisitednodes 9.188642837452908e-05 0.0
practice 0.00018377285674905816 1.5260563034950492
pre 0.00018377285674905816 0.40112670650956617
preconnect 9.188642837452908e-05 0.11020314013361425
prefetch 0.00018377285674905816 0.0
preprocessor 9.188642837452908e-05 0.0
presented 9.188642837452908e-05 2.3470368555648795
preserves 9.188642837452908e-05 4.74493212836325
preview 9.188642837452908e-05 0.0
print 0.00018377285674905816 0.0
print_export 0.00027565928512358727 0.0
printable 0.00027565928512358727 0.0
printfooter 9.188642837452908e-05 0.0
privacy 0.00027565928512358727 0.0
privacy_policy 0.00018377285674905816 0.0
probably 9.188642837452908e-05 2.4423470353692043
procdecl 0.00018377285674905816 4.74493212836325
procedure 0.00027565928512358727 1.6094379124341003
procedures 9.188642837452908e-05 1.5668782980153044
productions 9.188642837452908e-05 3.6463198396951406
profiler 9.188642837452908e-05 2.953172659135195
profit 9.188642837452908e-05 0.0
proginoberon 0.00018377285674905816 4.74493212836325
programming 0.003583570706606634 0.0
programming_language 0.0008269778553707617 0.08149303425118301
programming_paradigm 9.188642837452908e-05 0.5860490450035782
progressive 0.00027565928512358727 0.0
project 0.00018377285674905816 0.7936884097818228
projectoberon 0.00018377285674905816 4.74493212836325
projects 0.00018377285674905816 0.0
property 0.00027565928512358727 0.0
pub 0.0003675457134981163 0.41419878807691896
published 9.188642837452908e-05 0.3504829736908114
publisher 0.00018377285674905816 0.0
push 0.00027565928512358727 0.0
pygments 0.00018377285674905816 0.6177977433181585
q1121719 0.0006432049986217035 4.74493212836325
qualident 0.0006432049986217035 4.74493212836325
queensland 0.00018377285674905816 4.74493212836325
queensland_university_of_technology 9.188642837452908e-05 4.74493212836325
quick 9.188642837452908e-05 0.0
quiet 0.0005513185702471745 0.0
quot 0.01415050996967748 0.9837320126696876
quotes 9.188642837452908e-05 0.09097177820572679
r1011085734 9.188642837452908e-05 0.09097177820572679
r1061467846 9.188642837452908e-05 0.454472687214859
r1063604349 9.188642837452908e-05 0.41419878807691896
r1066479718 9.188642837452908e-05 0.21233263520999412
r1129693374 0.00018377285674905816 0.2905848321097423
r1133582631 0.0005513185702471745 0.09097177820572679
random 0.00018377285674905816 0.0
randomly 9.188642837452908e-05 0.0
randompage 9.188642837452908e-05 0.0
raw 9.188642837452908e-05 0.0
read 0.00018377285674905816 0.0
reading 0.00027565928512358727 1.16141318990714
ready 0.0017458421391160525 0.0
real 9.188642837452908e-05 0.0
receiver 0.00027565928512358727 4.74493212836325
recent 0.00027565928512358727 0.0
recentchanges 0.00027565928512358727 0.0
recentchangeslinked 0.00018377285674905816 0.0
record 9.188642837452908e-05 1.749199854809259
recursion 9.188642837452908e-05 0.0
red 9.188642837452908e-05 0.09097177820572679
redirect 0.001286409997243407 0.008733679968754631
redlink 9.188642837452908e-05 0.7746402148111283
reduced 9.188642837452908e-05 0.0
reference 0.001102637140494349 0.035401927050916
references 0.0009188642837452909 0.008733679968754631
referencetooltips 9.188642837452908e-05 0.0
referrer 0.00027565928512358727 0.0
refinement 9.188642837452908e-05 4.74493212836325
reflist 0.0013782964256179363 0.09097177820572679
registered 9.188642837452908e-05 0.0
registration 0.00018377285674905816 0.08149303425118301
reiser 0.00018377285674905816 4.051784947803305
rel 0.004134889276853809 0.0
related 0.00018377285674905816 0.0
relation 0.00018377285674905816 2.953172659135195
release 0.0003675457134981163 0.49643688631389105
released 0.0003675457134981163 1.0072625100798818
rendering 9.188642837452908e-05 0.0
repeat 0.00045943214187264543 0.0721032939013439
replace 9.188642837452908e-05 0.0
report 0.0005513185702471745 0.0
require 9.188642837452908e-05 0.0
research 0.0005513185702471745 0.7018808605286999
reset 9.188642837452908e-05 0.26759531388504365
resourceloaderdynamicstyles 9.188642837452908e-05 0.0
retrieved 9.188642837452908e-05 0.0
return 9.188642837452908e-05 1.1073459686368643
returnto 0.0003675457134981163 0.0
revision 0.00027565928512358727 0.0
revisions 9.188642837452908e-05 0.0
rfr_id 0.0005513185702471745 0.10054122922187746
rft 0.004594321418726454 0.10054122922187746
rft_id 0.00027565928512358727 0.11020314013361425
rft_val_fmt 0.0005513185702471745 0.10054122922187746
rgba 9.188642837452908e-05 0.09097177820572679
rich 9.188642837452908e-05 2.1799827709017134
right 0.001102637140494349 0.0
rlconf 9.188642837452908e-05 0.0
rlpagemodules 9.188642837452908e-05 0.0
rlq 0.0005513185702471745 0.0
rlstate 9.188642837452908e-05 0.0
robots 9.188642837452908e-05 0.0
role 0.0013782964256179363 0.0
roman 0.0003675457134981163 0.09097177820572679
rootpage 9.188642837452908e-05 0.0
row 0.002113387852614169 0.12981161152199053
rsd 0.00018377285674905816 0.0
runtime 9.188642837452908e-05 1.1340142157190256
russian 9.188642837452908e-05 0.6505875661411494
sameas 0.00018377285674905816 0.0
saved 9.188642837452908e-05 0.0
schema 0.00018377285674905816 0.0
science 0.00027565928512358727 0.3504829736908114
sciences 0.00018377285674905816 2.1799827709017134
scientist 9.188642837452908e-05 1.377636298376776
scope 0.0024809335661122854 0.11995931507897897
scope_ 0.00018377285674905816 2.26002547857525
screen 0.00018377285674905816 0.0
scribunto 9.188642837452908e-05 0.008733679968754631
script 0.001286409997243407 0.0
scripts 9.188642837452908e-05 0.0
search 0.0024809335661122854 0.0
searchbutton 0.0003675457134981163 0.0
searchform 9.188642837452908e-05 0.0
searchinput 9.188642837452908e-05 0.0
seconds 0.00027565928512358727 0.0
section 0.0007350914269962326 0.0
see 9.188642837452908e-05 0.44086703515908027
selected 0.0003675457134981163 0.0
selector 9.188642837452908e-05 0.0
selflink 0.00027565928512358727 0.08149303425118301
sentences 9.188642837452908e-05 0.0
september 9.188642837452908e-05 0.0
set 0.00045943214187264543 0.0
several 9.188642837452908e-05 0.7195804376281008
sha1 9.188642837452908e-05 0.10054122922187746
shadow 0.00027565928512358727 0.5860490450035782
sharealike 9.188642837452908e-05 0.0
sharealike_3 9.188642837452908e-05 0.0
show 0.0003675457134981163 0.0
shown 9.188642837452908e-05 1.7004096906398272
sici 0.00018377285674905816 4.74493212836325
sidebar 0.0010107507121198199 0.0
similarity 9.188642837452908e-05 3.3586377672433594
simpleexpr 0.00027565928512358727 4.74493212836325
simplesearch 9.188642837452908e-05 0.0
since 9.188642837452908e-05 0.9162907318741551
site 0.00045943214187264543 0.0
sitedir 9.188642837452908e-05 0.0
sitelinks 9.188642837452908e-05 0.0
sitenotice 0.00018377285674905816 0.0
sitesub 9.188642837452908e-05 0.0
sitesupport 9.188642837452908e-05 0.0
size 0.0013782964256179363 0.0
sizing 9.188642837452908e-05 0.25629575863111026
skin 0.001194523568868878 0.0
skins 0.0005513185702471745 0.0
small 0.0003675457134981163 0.0721032939013439
software 0.0008269778553707617 0.08149303425118301
software_developer 9.188642837452908e-05 0.9382696385929302
solid 0.00027565928512358727 0.2340726218464
solutions 9.188642837452908e-05 2.03688192726104
some 9.188642837452908e-05 0.5108256237659907
source 0.0010107507121198199 0.49643688631389105
source_software 9.188642837452908e-05 1.486835590341768
soviet 0.0003675457134981163 2.953172659135195
space 0.00018377285674905816 0.11995931507897897
spacing 0.0007350914269962326 0.2905848321097423
span 0.10796655334007167 0.0
spe34 0.00045943214187264543 4.74493212836325
special 0.0027565928512358726 0.0
specialpages 0.00018377285674905816 0.0
spin 9.188642837452908e-05 3.3586377672433594
springer 0.0003675457134981163 1.911718784307034
src 0.0010107507121198199 0.0
srcset 0.0003675457134981163 0.0
ssw 0.00027565928512358727 4.74493212836325
standard 9.188642837452908e-05 0.0
start 0.00018377285674905816 0.0
startup 0.00018377285674905816 0.0
statement 0.0003675457134981163 0.0
statementseq 0.0014701828539924653 4.74493212836325
static 0.0013782964256179363 0.0
static_typing 9.188642837452908e-05 1.911718784307034
statistics 9.188642837452908e-05 0.0
stats 9.188642837452908e-05 0.0
statslink 9.188642837452908e-05 0.0
status 9.188642837452908e-05 0.0
steps 0.00018377285674905816 2.5477075510270306
sticky 0.00018377285674905816 0.0
stopmobileredirecttoggle 9.188642837452908e-05 0.0
string 0.00027565928512358727 1.0313600616589422
string_ 9.188642837452908e-05 2.665490586683414
strong 0.00018377285674905816 0.8737311174553593
strong_and_weak_typing 9.188642837452908e-05 2.03688192726104
structured 0.00045943214187264543 0.0
structured_programming 9.188642837452908e-05 1.7004096906398272
structuring 0.00018377285674905816 3.1354942159291497
style 0.008729210695580263 0.0
styles 0.001286409997243407 0.0
stylesheet 0.00018377285674905816 0.0
subbox 9.188642837452908e-05 0.21233263520999412
subgroup 0.0009188642837452909 0.454472687214859
subheader 9.188642837452908e-05 0.21233263520999412
subject 9.188642837452908e-05 0.0
sublist 0.0003675457134981163 0.0
submit 0.00018377285674905816 0.0
subscription 0.00018377285674905816 0.09097177820572679
subtitle 9.188642837452908e-05 0.0
such 9.188642837452908e-05 0.454472687214859
suggestededitsession 9.188642837452908e-05 0.0
summary 9.188642837452908e-05 0.19105523676270922
sup 0.001102637140494349 0.0721032939013439
support 0.00027565928512358727 0.0
supported 9.188642837452908e-05 0.9382696385929302
supports 9.188642837452908e-05 0.8531118302526235
svg 0.0016539557107415235 0.0
switcher 9.188642837452908e-05 0.0
symbol 0.00018377285674905816 1.749199854809259
symbol_category_class 0.001102637140494349 1.0072625100798818
syntax 0.0007350914269962326 0.540239508972284
system 0.0009188642837452909 0.11020314013361425
systems 0.00045943214187264543 0.454472687214859
szyperski 9.188642837452908e-05 4.74493212836325
tab 0.00045943214187264543 0.0
tabindex 0.00018377285674905816 0.0
table 0.0017458421391160525 0.0
tabs 0.00018377285674905816 0.0
tagline 0.00027565928512358727 0.0
tags 9.188642837452908e-05 0.0
taken 9.188642837452908e-05 1.9723434061234688
talk 0.0005513185702471745 0.0
target 0.0005513185702471745 0.0
targetloader 9.188642837452908e-05 0.0
tbody 0.001286409997243407 0.044451762570833796
team 9.188642837452908e-05 1.6538896750049343
technology 0.00018377285674905816 0.7195804376281008
telephone 9.188642837452908e-05 0.0
templ 9.188642837452908e-05 4.74493212836325
template 0.0027565928512358726 0.0
template_talk 9.188642837452908e-05 0.41419878807691896
templateargumentsize 9.188642837452908e-05 0.0
templatestyles 0.001102637140494349 0.017544309650909525
term 0.00027565928512358727 1.6094379124341003
terms 0.00018377285674905816 0.0
terms_of_use 9.188642837452908e-05 0.0
text 0.004778094275475512 0.0
text_of_the_creative_commons_attribution 9.188642837452908e-05 0.0
than 9.188642837452908e-05 0.6340582641899388
that 0.00018377285674905816 0.18058393689541388
the 0.004961867132224571 0.0
their 9.188642837452908e-05 0.7559480817989758
them 9.188642837452908e-05 0.9837320126696876
then 0.00018377285674905816 0.6017974019717174
they 9.188642837452908e-05 0.7195804376281008
this 0.002297160709363227 0.0
thumb 0.0005513185702471745 0.12981161152199053
thumbnail 9.188642837452908e-05 0.0
time 0.0005513185702471745 0.0
timestamp 0.00018377285674905816 0.0
timeusage 9.188642837452908e-05 0.008733679968754631
timingprofile 9.188642837452908e-05 0.0
title 0.020858219241018102 0.0
titlebar 0.0007350914269962326 0.0
titleform 9.188642837452908e-05 0.0
toc 0.006707709271340623 0.0
together 0.00018377285674905816 1.8004931491968095
toggle 0.0008269778553707617 0.0
toggle_view_mobile 9.188642837452908e-05 0.0
tokens 9.188642837452908e-05 0.0
tony 0.00018377285674905816 2.26002547857525
tony_hoare 9.188642837452908e-05 2.5477075510270306
took 9.188642837452908e-05 1.9723434061234688
toolbar 0.00027565928512358727 0.0
tools 0.0008269778553707617 0.0
top 0.0006432049986217035 0.0
total 0.00018377285674905816 0.0
touch 0.00018377285674905816 0.0
trademark 9.188642837452908e-05 0.0
tradition 0.00018377285674905816 2.953172659135195
transclusion 9.188642837452908e-05 0.0
transientcontent 9.188642837452908e-05 0.0
transparent 0.0005513185702471745 0.06280090123903044
transpiler 0.00027565928512358727 4.051784947803305
triggered 9.188642837452908e-05 0.0
true 0.002205274280988698 0.0
ttl 9.188642837452908e-05 0.0
type 0.004226775705228338 0.0
type_system 0.00018377285674905816 0.7746402148111283
typedecl 0.00018377285674905816 4.74493212836325
typing 0.00027565928512358727 0.7018808605286999
uls 0.00045943214187264543 0.0
ument 9.188642837452908e-05 4.74493212836325
under 9.188642837452908e-05 0.0
understanding 0.00018377285674905816 2.3470368555648795
uni 0.00027565928512358727 2.03688192726104
union 0.00018377285674905816 1.749199854809259
university 0.0003675457134981163 0.8947845266531914
unpin 0.00018377285674905816 0.0
unpinned 0.00018377285674905816 0.0
unstrip 0.0003675457134981163 0.0
until 9.188642837452908e-05 1.2791962255635234
updated 0.00018377285674905816 0.41419878807691896
upload 0.0014701828539924653 0.0
upper 0.0003675457134981163 0.09097177820572679
url 0.0009188642837452909 0.0
usage 0.0003675457134981163 0.0
use 0.0005513185702471745 0.0
use_dmy_dates 0.00018377285674905816 3.1354942159291497
use_dmy_dates_from_june_2022 9.188642837452908e-05 4.051784947803305
used 9.188642837452908e-05 0.19105523676270922
uselang 9.188642837452908e-05 0.0
user 0.00303225213635946 0.0
user_interface 9.188642837452908e-05 3.6463198396951406
useradd 0.00018377285674905816 0.0
userlogin 0.00018377285674905816 0.0
uses 0.00018377285674905816 0.7746402148111283
using 9.188642837452908e-05 0.0
utc 9.188642837452908e-05 0.0
utf 9.188642837452908e-05 0.0
utm_campaign 9.188642837452908e-05 0.0
utm_medium 9.188642837452908e-05 0.0
utm_source 9.188642837452908e-05 0.0
value 0.001194523568868878 0.0
var 0.00045943214187264543 0.0
vardecl 0.00018377285674905816 4.74493212836325
variables 9.188642837452908e-05 1.0072625100798818
variant 0.00027565928512358727 0.0
variants 0.0005513185702471745 0.0
vary 9.188642837452908e-05 0.10054122922187746
vector 0.021593310668014336 0.0
verlag 0.0003675457134981163 2.665490586683414
version 0.0005513185702471745 0.0
vevent 9.188642837452908e-05 0.22314355131420976
view 0.0010107507121198199 0.0
viewport 9.188642837452908e-05 0.0
views 0.00027565928512358727 0.0
virtual 0.00018377285674905816 1.0313600616589422
visible 9.188642837452908e-05 0.09097177820572679
visit 0.00018377285674905816 0.0
visited 9.188642837452908e-05 0.0
visualeditor 0.0003675457134981163 0.0
volume 0.00018377285674905816 0.8329091229351039
volunteers 9.188642837452908e-05 3.6463198396951406
vue 0.00018377285674905816 0.0
walltime 9.188642837452908e-05 0.0
was 0.0008269778553707617 0.0
watchlist 9.188642837452908e-05 0.0
watchtoken 9.188642837452908e-05 0.0
way 9.188642837452908e-05 0.8947845266531914
wayback 0.0006432049986217035 2.03688192726104
wayback_machine 0.00018377285674905816 2.03688192726104
wbc 9.188642837452908e-05 0.0
wbr 9.188642837452908e-05 0.7195804376281008
weak 9.188642837452908e-05 1.6538896750049343
web 0.0008269778553707617 0.09097177820572679
webarchive 0.00027565928512358727 2.03688192726104
webarchive_template_wayback_links 9.188642837452908e-05 2.03688192726104
website 0.0008269778553707617 0.0
weight 0.00045943214187264543 0.05358424613410626
wesley 0.0007350914269962326 2.4423470353692043
wgaction 9.188642837452908e-05 0.0
wgarticleid 9.188642837452908e-05 0.0
wgbackendresponsetime 9.188642837452908e-05 0.0
wgbreakframes 9.188642837452908e-05 0.0
wgcanonicalnamespace 9.188642837452908e-05 0.0
wgcanonicalspecialpagename 9.188642837452908e-05 0.0
wgcategories 9.188642837452908e-05 0.0
wgcentralauthmobiledomain 9.188642837452908e-05 0.0
wgcspnonce 9.188642837452908e-05 0.0
wgcurrevisionid 9.188642837452908e-05 0.0
wgdefaultdateformat 9.188642837452908e-05 0.0
wgdigittransformtable 9.188642837452908e-05 0.0
wgeditsubmitbuttonlabelpublish 9.188642837452908e-05 0.0
wgflaggedrevsparams 9.188642837452908e-05 0.0
wggestructuredtaskrejectionreasontextinputenabled 9.188642837452908e-05 0.0
wggetopicsmatchmodeenabled 9.188642837452908e-05 0.0
wghostname 9.188642837452908e-05 0.0
wgisarticle 9.188642837452908e-05 0.0
wgisprobablyeditable 9.188642837452908e-05 0.0
wgisredirect 9.188642837452908e-05 0.0
wgmediaviewerenabledbydefault 9.188642837452908e-05 0.0
wgmediavieweronclick 9.188642837452908e-05 0.0
wgmfdisplaywikibasedescriptions 9.188642837452908e-05 0.0
wgmonthnames 9.188642837452908e-05 0.0
wgnamespacenumber 9.188642837452908e-05 0.0
wgnoticeproject 9.188642837452908e-05 0.0
wgpagecontentlanguage 9.188642837452908e-05 0.0
wgpagecontentmodel 9.188642837452908e-05 0.0
wgpagename 9.188642837452908e-05 0.0
wgpageparsereport 9.188642837452908e-05 0.0
wgpopupsflags 9.188642837452908e-05 0.0
wgrelevantarticleid 9.188642837452908e-05 0.0
wgrelevantpageisprobablyeditable 9.188642837452908e-05 0.0
wgrelevantpagename 9.188642837452908e-05 0.0
wgrequestid 9.188642837452908e-05 0.0
wgrestrictionedit 9.188642837452908e-05 0.0
wgrestrictionmove 9.188642837452908e-05 0.0
wgrevisionid 9.188642837452908e-05 0.0
wgseparatortransformtable 9.188642837452908e-05 0.0
wgtitle 9.188642837452908e-05 0.0
wgulscurrentautonym 9.188642837452908e-05 0.0
wgulsiscompactlinksenabled 9.188642837452908e-05 0.0
wgulsislanguageselectorempty 9.188642837452908e-05 0.0
wgulsposition 9.188642837452908e-05 0.0
wgusergroups 9.188642837452908e-05 0.0
wgusername 9.188642837452908e-05 0.0
wgvector2022previewpages 9.188642837452908e-05 0.0
wgvisualeditor 9.188642837452908e-05 0.0
wgwikibaseitemid 9.188642837452908e-05 0.0
wgwmepagelength 9.188642837452908e-05 0.0
wgwmeschemaeditattemptstepoversample 9.188642837452908e-05 0.0
what 0.00018377285674905816 0.0
whatlinkshere 0.00018377285674905816 0.0
when 0.00018377285674905816 0.0
where 9.188642837452908e-05 0.9382696385929302
which 0.00018377285674905816 0.3022808718729337
while 0.00018377285674905816 0.7195804376281008
white 0.00018377285674905816 0.12981161152199053
width 0.005329412845722687 0.0
wiki 0.015528806395295415 0.0
wikibase 0.0003675457134981163 0.0
wikidata 0.0010107507121198199 0.0
wikimedia 0.003583570706606634 0.0
wikimediabadges 9.188642837452908e-05 0.0
wikimediaevents 9.188642837452908e-05 0.0
wikimediafoundation 0.00018377285674905816 0.0
wikipedia 0.007259027841587797 0.0
wikisource 9.188642837452908e-05 0.09097177820572679
wikitext 9.188642837452908e-05 0.0
wiley 0.00018377285674905816 2.4423470353692043
window 0.00027565928512358727 0.0
wirth 0.003399797849857576 2.3470368555648795
wiskunde 0.00018377285674905816 3.3586377672433594
with 0.002297160709363227 0.0
wmf 0.00027565928512358727 0.0
word 0.0003675457134981163 0.05358424613410626
wordmark 0.00018377285674905816 0.0
work 0.00018377285674905816 0.9607424944449889
works 9.188642837452908e-05 0.0
workstation 0.0006432049986217035 3.1354942159291497
workstations 9.188642837452908e-05 2.953172659135195
wpformidentifier 9.188642837452908e-05 0.0
wrap 0.00018377285674905816 0.06280090123903044
www 0.0018377285674905817 0.0
xaml 9.188642837452908e-05 3.6463198396951406
xml 0.00027565928512358727 0.0
years 0.00018377285674905816 0.454472687214859
yes 9.188642837452908e-05 0.0
ymbol 9.188642837452908e-05 4.74493212836325
you 0.00045943214187264543 0.0
z39 0.0005513185702471745 0.10054122922187746
z3988 0.0005513185702471745 0.10054122922187746
zonnon 0.00027565928512358727 4.051784947803305
zurich 0.0003675457134981163 3.1354942159291497
zürich 0.00027565928512358727 3.6463198396951406
компонентный 9.188642837452908e-05 4.74493212836325
паскаль 9.188642837452908e-05 4.74493212836325
русский 9.188642837452908e-05 0.6505875661411494
日本語 9.188642837452908e-05 0.9382696385929302
