000 0.00017417051293216058 0.0
01z 0.00017417051293216058 2.953172659135195
039 0.00034834102586432116 0.0
0_unported_license 8.708525646608029e-05 0.0
0px 8.708525646608029e-05 0.7375989431307791
100 0.001480449359923365 0.0
1000 8.708525646608029e-05 0.0
10000 8.708525646608029e-05 1.2484245668967697
1000000 0.00017417051293216058 0.0
109 0.00026125576939824087 1.9723434061234688
1098415878 0.0006095967952625621 4.74493212836325
10px 8.708525646608029e-05 0.454472687214859
114 0.00043542628233040145 0.37548427589622857
115 0.00017417051293216058 1.911718784307034
117 8.708525646608029e-05 0.0
1200 8.708525646608029e-05 1.1073459686368643
1200px 8.708525646608029e-05 1.749199854809259
125em 0.00043542628233040145 0.0
127 8.708525646608029e-05 0.09097177820572679
12px 8.708525646608029e-05 0.09097177820572679
12s5i 8.708525646608029e-05 0.0
131 0.00017417051293216058 2.953172659135195
132 8.708525646608029e-05 2.1058747987479913
133 8.708525646608029e-05 0.08149303425118301
154 0.00017417051293216058 2.7990219793079367
15f8d8de 8.708525646608029e-05 4.74493212836325
15px 8.708525646608029e-05 0.8531118302526235
15t18 0.00017417051293216058 4.74493212836325
160 0.0006966820517286423 0.0
162 0.00017417051293216058 3.1354942159291497
168 0.00017417051293216058 3.3586377672433594
16px 8.708525646608029e-05 1.0072625100798818
180 8.708525646608029e-05 0.8947845266531914
1814400 0.00017417051293216058 0.5705448584676129
185 8.708525646608029e-05 0.9607424944449889
194 8.708525646608029e-05 2.953172659135195
1em 0.0012191935905251242 0.02643325706815543
1px 0.00026125576939824087 0.2451224580329849
1x1 8.708525646608029e-05 0.0
2004 0.0010450230775929635 0.06280090123903044
2006 8.708525646608029e-05 1.0072625100798818
2007 8.708525646608029e-05 0.9382696385929302
2008 0.00034834102586432116 1.0313600616589422
2009 0.0006966820517286423 0.9382696385929302
2010 0.0006095967952625621 0.8329091229351039
2011 0.00026125576939824087 0.6017974019717174
2012 0.00026125576939824087 0.9382696385929302
2013 0.00034834102586432116 0.6844891178168307
2014 0.00043542628233040145 0.8947845266531914
2015 0.0007837673081947227 1.0072625100798818
20150530103839 8.708525646608029e-05 4.74493212836325
20150701205317 8.708525646608029e-05 4.74493212836325
2016 0.0005225115387964817 0.9837320126696876
20160203162733 8.708525646608029e-05 4.74493212836325
20160203181220 8.708525646608029e-05 4.74493212836325
2017 0.00043542628233040145 0.9837320126696876
2018 8.708525646608029e-05 1.0072625100798818
2019 8.708525646608029e-05 0.9162907318741551
2021 0.00043542628233040145 0.7746402148111283
20210801002756 8.708525646608029e-05 4.74493212836325
2022 0.0006966820517286423 0.0
20230314132459 8.708525646608029e-05 4.74493212836325
20230314132500 0.00017417051293216058 4.74493212836325
2097152 0.00034834102586432116 0.0
20px 8.708525646608029e-05 0.8531118302526235
212 0.00017417051293216058 3.1354942159291497
237 0.00017417051293216058 2.953172659135195
23px 8.708525646608029e-05 0.5254244231871433
250 8.708525646608029e-05 3.1354942159291497
250px 8.708525646608029e-05 4.74493212836325
2540pig 8.708525646608029e-05 4.74493212836325
255 8.708525646608029e-05 0.09097177820572679
256 0.00017417051293216058 1.449095262358921
25em 0.0006966820517286423 0.035401927050916
276 0.00017417051293216058 4.051784947803305
279 8.708525646608029e-05 3.1354942159291497
290 0.00017417051293216058 3.1354942159291497
29417433 0.00026125576939824087 4.74493212836325
2981 0.00017417051293216058 4.74493212836325
2b_standard_library 8.708525646608029e-05 3.6463198396951406
2cicon 8.708525646608029e-05 0.0
2cstyles 8.708525646608029e-05 0.0
2cwikimediabadges 8.708525646608029e-05 0.6177977433181585
2em 0.0006095967952625621 0.06280090123903044
2f964523786 0.00017417051293216058 4.74493212836325
2f9781491937082 8.708525646608029e-05 4.74493212836325
2fblogs 0.00026125576939824087 2.26002547857525
2fbrowse 8.708525646608029e-05 4.051784947803305
2fch01 8.708525646608029e-05 4.74493212836325
2fcomparing 8.708525646608029e-05 4.74493212836325
2fdatabase 8.708525646608029e-05 4.051784947803305
2fdeveloper 0.00026125576939824087 2.665490586683414
2fdocs 8.708525646608029e-05 1.5668782980153044
2fen 0.0010450230775929635 0.10054122922187746
2ffmt 0.0010450230775929635 0.10054122922187746
2fhadoop 0.00026125576939824087 4.74493212836325
2finfolab 8.708525646608029e-05 4.74493212836325
2fissues 8.708525646608029e-05 4.051784947803305
2fjira 8.708525646608029e-05 4.74493212836325
2flibrary 8.708525646608029e-05 2.7990219793079367
2fmsg10825 8.708525646608029e-05 4.74493212836325
2foclc 8.708525646608029e-05 4.74493212836325
2fpapers 8.708525646608029e-05 1.8004931491968095
2fpig 0.0005225115387964817 4.74493212836325
2fprogramming 8.708525646608029e-05 3.6463198396951406
2fpublications 8.708525646608029e-05 2.1799827709017134
2fr0 8.708525646608029e-05 4.74493212836325
2freleases 8.708525646608029e-05 3.1354942159291497
2fsigmod08 8.708525646608029e-05 4.74493212836325
2fstonebraker 8.708525646608029e-05 4.74493212836325
2fudf 8.708525646608029e-05 4.74493212836325
2fuser 8.708525646608029e-05 3.6463198396951406
2fview 8.708525646608029e-05 3.3586377672433594
2fwww 0.00026125576939824087 0.3382128810989969
2nd 0.00043542628233040145 2.1799827709017134
2px 0.00017417051293216058 0.26759531388504365
30em 8.708525646608029e-05 0.09097177820572679
3125em 8.708525646608029e-05 0.0
31px 8.708525646608029e-05 0.9837320126696876
31t02 0.00017417051293216058 3.6463198396951406
349 8.708525646608029e-05 2.953172659135195
3706 0.00034834102586432116 4.74493212836325
375px 8.708525646608029e-05 4.74493212836325
393 0.00026125576939824087 3.6463198396951406
3a3 8.708525646608029e-05 0.09097177820572679
3aapache 0.0010450230775929635 4.74493212836325
3abook 0.0007837673081947227 0.22314355131420976
3ajournal 0.00026125576939824087 0.3260915205666521
3akev 0.0010450230775929635 0.10054122922187746
3amtx 0.0010450230775929635 0.10054122922187746
3aoclcnum 8.708525646608029e-05 2.5477075510270306
3aofi 0.0010450230775929635 0.10054122922187746
3apig 8.708525646608029e-05 4.74493212836325
3asid 0.0010450230775929635 0.10054122922187746
3cols 8.708525646608029e-05 0.21233263520999412
3em 0.0006095967952625621 0.035401927050916
3px 0.00017417051293216058 0.12981161152199053
400 0.00017417051293216058 0.0
40pig 0.00017417051293216058 4.74493212836325
40px 8.708525646608029e-05 1.1340142157190256
413 0.00026125576939824087 3.3586377672433594
4134 8.708525646608029e-05 4.74493212836325
4167 0.00034834102586432116 4.74493212836325
444 0.00026125576939824087 2.953172659135195
445 8.708525646608029e-05 3.3586377672433594
45979 0.00017417051293216058 4.74493212836325
4919 0.00034834102586432116 4.051784947803305
4em 0.00017417051293216058 0.40112670650956617
500 0.00017417051293216058 0.0
5000000 0.00017417051293216058 0.0
500px 8.708525646608029e-05 1.9723434061234688
523 8.708525646608029e-05 3.6463198396951406
52428800 0.00017417051293216058 0.008733679968754631
566 0.00017417051293216058 3.3586377672433594
56z 0.00017417051293216058 4.74493212836325
5bbook 8.708525646608029e-05 4.74493212836325
5bpig 8.708525646608029e-05 4.74493212836325
5ec3d3116568 8.708525646608029e-05 4.74493212836325
5em 0.0005225115387964817 0.0
640 8.708525646608029e-05 1.0813704822336037
640px 8.708525646608029e-05 1.7004096906398272
643 0.00017417051293216058 4.051784947803305
6771 0.00017417051293216058 4.74493212836325
6946485 0.00017417051293216058 4.74493212836325
697 0.00017417051293216058 4.051784947803305
6em 8.708525646608029e-05 0.7195804376281008
705 0.00017417051293216058 4.051784947803305
70813 0.00017417051293216058 4.74493212836325
720px 8.708525646608029e-05 0.0
748 0.00017417051293216058 4.74493212836325
780 0.00017417051293216058 4.051784947803305
7cext 0.00026125576939824087 0.0
7cjquery 8.708525646608029e-05 0.41419878807691896
7cmediawiki 8.708525646608029e-05 0.0
7cskins 8.708525646608029e-05 0.0
7cwikibase 8.708525646608029e-05 0.0
7em 8.708525646608029e-05 0.41419878807691896
800 8.708525646608029e-05 1.1340142157190256
800px 8.708525646608029e-05 1.749199854809259
8125em 8.708525646608029e-05 0.0
8201 8.708525646608029e-05 3.1354942159291497
838 0.00017417051293216058 2.5477075510270306
885 0.00017417051293216058 4.051784947803305
90a0 8.708525646608029e-05 4.74493212836325
964523786 0.00026125576939824087 4.74493212836325
969 0.00017417051293216058 3.1354942159291497
978 0.00034834102586432116 0.9837320126696876
9781491937082 8.708525646608029e-05 4.74493212836325
98_ 8.708525646608029e-05 4.051784947803305
9px 0.00026125576939824087 0.09097177820572679
_load 8.708525646608029e-05 4.74493212836325
_transform 8.708525646608029e-05 4.74493212836325
a2a9b1 8.708525646608029e-05 0.27902400970866637
abbr 0.0006966820517286423 0.41419878807691896
abdera 0.00017417051293216058 4.74493212836325
ability 8.708525646608029e-05 1.486835590341768
able 8.708525646608029e-05 1.911718784307034
about 0.0007837673081947227 0.0
aboutsite 8.708525646608029e-05 0.0
above 0.00017417051293216058 0.1599646496926782
abovebelow 0.00043542628233040145 0.44086703515908027
absolute 8.708525646608029e-05 0.0
abstracts 8.708525646608029e-05 3.6463198396951406
access 8.708525646608029e-05 0.8131064956389242
accessdate 0.0009579378211268832 0.2451224580329849
accesskey 0.0016546198728555255 0.0
account 0.00034834102586432116 0.0
accumulo 0.00017417051293216058 4.74493212836325
acm 0.00034834102586432116 1.1895840668738364
across 0.00017417051293216058 0.0
action 0.0020029608987198466 0.0
actions 8.708525646608029e-05 0.0
activemq 0.00017417051293216058 4.74493212836325
acyclic 0.00026125576939824087 4.74493212836325
add 8.708525646608029e-05 0.0
additional 8.708525646608029e-05 0.0
address 0.00017417051293216058 0.0
after 0.0015675346163894453 0.0
ago 0.00017417051293216058 0.5108256237659907
agree 8.708525646608029e-05 0.0
airflow 0.00017417051293216058 4.74493212836325
alan 0.00043542628233040145 1.8545603704670854
alert 0.00034834102586432116 0.0
algorithm 8.708525646608029e-05 1.9723434061234688
align 0.0007837673081947227 0.05358424613410626
all 0.00034834102586432116 0.0
allowing 8.708525646608029e-05 1.3437347467010947
allows 8.708525646608029e-05 0.8329091229351039
along 8.708525646608029e-05 1.6094379124341003
alpha 0.00034834102586432116 0.08149303425118301
also 0.00034834102586432116 0.19105523676270922
alt 0.0009579378211268832 0.0
alternate 0.00026125576939824087 0.0
ambari 0.00017417051293216058 4.74493212836325
amp 0.010624401288861796 0.0
analytics 0.00034834102586432116 2.665490586683414
and 0.0022642166681180876 0.0
anon 0.00017417051293216058 0.0
anoncontribs 8.708525646608029e-05 0.0
anontalk 8.708525646608029e-05 0.0
anonymous 8.708525646608029e-05 0.0
another 8.708525646608029e-05 0.09097177820572679
ant 0.00017417051293216058 4.051784947803305
any 0.00026125576939824087 0.6844891178168307
apache 0.0181137333449447 1.8545603704670854
apache_abdera 8.708525646608029e-05 4.74493212836325
apache_accumulo 8.708525646608029e-05 4.74493212836325
apache_activemq 8.708525646608029e-05 4.74493212836325
apache_airflow 8.708525646608029e-05 4.74493212836325
apache_ambari 8.708525646608029e-05 4.74493212836325
apache_ant 8.708525646608029e-05 4.74493212836325
apache_apex 8.708525646608029e-05 4.74493212836325
apache_aries 8.708525646608029e-05 4.74493212836325
apache_arrow 8.708525646608029e-05 4.74493212836325
apache_attic 8.708525646608029e-05 4.74493212836325
apache_avro 8.708525646608029e-05 4.74493212836325
apache_axis 8.708525646608029e-05 4.74493212836325
apache_axis2 8.708525646608029e-05 4.74493212836325
apache_batik 8.708525646608029e-05 4.74493212836325
apache_beam 8.708525646608029e-05 4.051784947803305
apache_beehive 8.708525646608029e-05 4.74493212836325
apache_bloodhound 8.708525646608029e-05 4.74493212836325
apache_brooklyn 8.708525646608029e-05 4.74493212836325
apache_buildr 8.708525646608029e-05 4.74493212836325
apache_c 8.708525646608029e-05 4.74493212836325
apache_calcite 8.708525646608029e-05 4.74493212836325
apache_camel 8.708525646608029e-05 4.74493212836325
apache_carbondata 8.708525646608029e-05 4.74493212836325
apache_cassandra 8.708525646608029e-05 4.051784947803305
apache_cayenne 8.708525646608029e-05 4.74493212836325
apache_chemistry 8.708525646608029e-05 4.74493212836325
apache_click 8.708525646608029e-05 4.74493212836325
apache_cloudstack 8.708525646608029e-05 4.051784947803305
apache_cocoon 8.708525646608029e-05 4.74493212836325
apache_commons 8.708525646608029e-05 4.74493212836325
apache_commons_logging 8.708525646608029e-05 4.74493212836325
apache_continuum 8.708525646608029e-05 4.74493212836325
apache_cordova 8.708525646608029e-05 4.051784947803305
apache_couchdb 8.708525646608029e-05 4.74493212836325
apache_ctakes 8.708525646608029e-05 4.74493212836325
apache_cxf 8.708525646608029e-05 4.74493212836325
apache_derby 8.708525646608029e-05 4.051784947803305
apache_directory 8.708525646608029e-05 4.74493212836325
apache_drill 8.708525646608029e-05 4.74493212836325
apache_druid 8.708525646608029e-05 4.74493212836325
apache_empire 8.708525646608029e-05 4.74493212836325
apache_excalibur 8.708525646608029e-05 4.74493212836325
apache_felix 8.708525646608029e-05 4.74493212836325
apache_flex 8.708525646608029e-05 3.3586377672433594
apache_flink 8.708525646608029e-05 4.74493212836325
apache_flume 8.708525646608029e-05 4.74493212836325
apache_fop_ 8.708525646608029e-05 4.74493212836325
apache_forrest 8.708525646608029e-05 4.74493212836325
apache_geronimo 8.708525646608029e-05 4.051784947803305
apache_giraph 8.708525646608029e-05 4.74493212836325
apache_gump 8.708525646608029e-05 4.74493212836325
apache_hadoop 8.708525646608029e-05 4.051784947803305
apache_hama 8.708525646608029e-05 4.74493212836325
apache_harmony 8.708525646608029e-05 3.6463198396951406
apache_hbase 8.708525646608029e-05 4.74493212836325
apache_helix 8.708525646608029e-05 4.74493212836325
apache_hive 0.00017417051293216058 4.74493212836325
apache_hivemind 8.708525646608029e-05 4.74493212836325
apache_http_server 8.708525646608029e-05 4.051784947803305
apache_ibatis 8.708525646608029e-05 4.74493212836325
apache_impala 8.708525646608029e-05 4.74493212836325
apache_incubator 8.708525646608029e-05 4.74493212836325
apache_ivy 8.708525646608029e-05 4.74493212836325
apache_jackrabbit 8.708525646608029e-05 4.74493212836325
apache_james 8.708525646608029e-05 4.74493212836325
apache_jelly 8.708525646608029e-05 4.74493212836325
apache_jena 8.708525646608029e-05 4.74493212836325
apache_jmeter 8.708525646608029e-05 4.74493212836325
apache_kafka 8.708525646608029e-05 4.74493212836325
apache_kudu 8.708525646608029e-05 4.74493212836325
apache_kylin 8.708525646608029e-05 4.74493212836325
apache_lenya 8.708525646608029e-05 4.74493212836325
apache_license 8.708525646608029e-05 2.7990219793079367
apache_license_2 8.708525646608029e-05 2.953172659135195
apache_lucene 8.708525646608029e-05 4.74493212836325
apache_mahout 8.708525646608029e-05 4.74493212836325
apache_marmotta 8.708525646608029e-05 4.74493212836325
apache_maven 8.708525646608029e-05 3.1354942159291497
apache_mina 8.708525646608029e-05 4.74493212836325
apache_mxnet 8.708525646608029e-05 4.74493212836325
apache_myfaces 8.708525646608029e-05 4.74493212836325
apache_nifi 8.708525646608029e-05 4.74493212836325
apache_nutch 8.708525646608029e-05 4.74493212836325
apache_ode 8.708525646608029e-05 4.74493212836325
apache_ofbiz 8.708525646608029e-05 4.74493212836325
apache_oozie 8.708525646608029e-05 4.74493212836325
apache_openejb 8.708525646608029e-05 4.74493212836325
apache_openjpa 8.708525646608029e-05 4.74493212836325
apache_opennlp 8.708525646608029e-05 4.74493212836325
apache_openoffice 8.708525646608029e-05 4.74493212836325
apache_orc 8.708525646608029e-05 4.74493212836325
apache_parquet 8.708525646608029e-05 4.74493212836325
apache_pdfbox 8.708525646608029e-05 4.74493212836325
apache_phoenix 8.708525646608029e-05 4.74493212836325
apache_pig 0.003309239745711051 4.74493212836325
apache_pig_logo 0.0013062788469912043 4.74493212836325
apache_pinot 8.708525646608029e-05 4.74493212836325
apache_pivot 8.708525646608029e-05 4.051784947803305
apache_poi 8.708525646608029e-05 4.74493212836325
apache_portable_runtime 8.708525646608029e-05 4.74493212836325
apache_qpid 8.708525646608029e-05 4.74493212836325
apache_rocketmq 8.708525646608029e-05 4.74493212836325
apache_roller 8.708525646608029e-05 4.74493212836325
apache_samza 8.708525646608029e-05 4.74493212836325
apache_servicemix 8.708525646608029e-05 4.74493212836325
apache_shale 8.708525646608029e-05 4.74493212836325
apache_shindig 8.708525646608029e-05 4.74493212836325
apache_shiro 8.708525646608029e-05 4.74493212836325
apache_singa 8.708525646608029e-05 4.74493212836325
apache_sling 8.708525646608029e-05 4.74493212836325
apache_software_foundation 0.0006966820517286423 4.051784947803305
apache_software_foundation_projects 8.708525646608029e-05 4.74493212836325
apache_solr 8.708525646608029e-05 4.051784947803305
apache_spamassassin 8.708525646608029e-05 4.74493212836325
apache_spark 0.00017417051293216058 4.74493212836325
apache_stanbol 8.708525646608029e-05 4.74493212836325
apache_storm 8.708525646608029e-05 4.74493212836325
apache_struts_1 8.708525646608029e-05 4.74493212836325
apache_struts_2 8.708525646608029e-05 4.051784947803305
apache_subversion 8.708525646608029e-05 4.051784947803305
apache_superset 8.708525646608029e-05 4.74493212836325
apache_systemds 8.708525646608029e-05 4.74493212836325
apache_tapestry 8.708525646608029e-05 4.74493212836325
apache_taverna 8.708525646608029e-05 4.051784947803305
apache_thrift 8.708525646608029e-05 4.74493212836325
apache_tika 8.708525646608029e-05 4.74493212836325
apache_tomcat 8.708525646608029e-05 4.051784947803305
apache_traffic_server 8.708525646608029e-05 4.74493212836325
apache_trafodion 8.708525646608029e-05 4.74493212836325
apache_tuscany 8.708525646608029e-05 4.74493212836325
apache_velocity 8.708525646608029e-05 4.74493212836325
apache_wave 8.708525646608029e-05 4.74493212836325
apache_wicket 8.708525646608029e-05 4.74493212836325
apache_wink 8.708525646608029e-05 4.74493212836325
apache_xalan 8.708525646608029e-05 4.74493212836325
apache_xerces 8.708525646608029e-05 4.74493212836325
apache_xml 8.708525646608029e-05 4.74493212836325
apache_xmlbeans 8.708525646608029e-05 4.74493212836325
apache_yetus 8.708525646608029e-05 4.74493212836325
apache_zookeeper 8.708525646608029e-05 4.74493212836325
apex 0.00017417051293216058 3.6463198396951406
api 8.708525646608029e-05 0.0
apple 0.00017417051293216058 0.0
application 0.0005225115387964817 0.0
applications 8.708525646608029e-05 0.7746402148111283
apply 8.708525646608029e-05 0.0
applying 8.708525646608029e-05 2.4423470353692043
appropriate 8.708525646608029e-05 2.3470368555648795
apr 8.708525646608029e-05 2.7990219793079367
april 8.708525646608029e-05 0.0
arbitrarily 8.708525646608029e-05 4.051784947803305
archive 0.0006966820517286423 0.3504829736908114
archived 0.00043542628233040145 0.6017974019717174
are 0.00043542628233040145 0.0
argued 0.00017417051293216058 4.051784947803305
argument 8.708525646608029e-05 0.0
aria 0.0026125576939824086 0.0
aries 0.00017417051293216058 4.74493212836325
around 0.00017417051293216058 1.449095262358921
arrow 0.00017417051293216058 3.3586377672433594
article 0.0006095967952625621 0.0
articles 0.00034834102586432116 0.0
articles_with_short_description 8.708525646608029e-05 0.454472687214859
asf 0.00034834102586432116 4.051784947803305
aspects 8.708525646608029e-05 2.26002547857525
associated 0.00017417051293216058 0.0
async 0.00034834102586432116 0.0
atitle 0.00026125576939824087 0.25629575863111026
atom 0.00026125576939824087 0.0
attic 0.00017417051293216058 4.74493212836325
attribution 8.708525646608029e-05 0.0
aufirst 0.00017417051293216058 0.3629054936893685
august 0.00026125576939824087 0.0
aulast 0.00017417051293216058 0.3629054936893685
author 0.00017417051293216058 0.0
auto 0.00034834102586432116 0.0
autocapitalize 8.708525646608029e-05 0.0
autocollapse 8.708525646608029e-05 0.9162907318741551
autostart 8.708525646608029e-05 0.11020314013361425
available 0.00017417051293216058 0.0
avoid 0.00017417051293216058 0.09097177820572679
avro 0.00017417051293216058 4.74493212836325
axis 0.00017417051293216058 4.051784947803305
axis2 0.00017417051293216058 4.74493212836325
axkit 0.00026125576939824087 4.74493212836325
azerbaijani 8.708525646608029e-05 2.03688192726104
azərbaycanca 8.708525646608029e-05 2.03688192726104
b3n 8.708525646608029e-05 2.03688192726104
b9b1 8.708525646608029e-05 4.74493212836325
background 0.00296089871984673 0.017544309650909525
backlink 0.0010450230775929635 0.08149303425118301
bag 0.00017417051293216058 4.051784947803305
batik 0.00017417051293216058 4.74493212836325
bcel 8.708525646608029e-05 4.74493212836325
bday 0.00017417051293216058 0.41419878807691896
bdi 0.00017417051293216058 0.7375989431307791
beam 0.00017417051293216058 2.7990219793079367
bean 8.708525646608029e-05 4.051784947803305
bean_scripting_framework 8.708525646608029e-05 4.74493212836325
because 0.00017417051293216058 0.0
beehive 0.00017417051293216058 4.74493212836325
been 0.00017417051293216058 0.6844891178168307
before 0.0013062788469912043 0.0
begin 8.708525646608029e-05 1.6538896750049343
below 0.00017417051293216058 0.18058393689541388
block 0.00017417051293216058 0.18058393689541388
blockquote 0.00034834102586432116 2.26002547857525
blog 0.00017417051293216058 1.377636298376776
blogs 0.0005225115387964817 2.26002547857525
bloodhound 0.00017417051293216058 4.74493212836325
bluesky 0.00017417051293216058 4.74493212836325
bluesky_open_platform 8.708525646608029e-05 4.74493212836325
body 0.0012191935905251242 0.0
bodycontent 0.00017417051293216058 0.0
bold 8.708525646608029e-05 0.2451224580329849
book 0.00026125576939824087 0.42744401482693967
booksources 0.00017417051293216058 0.6673946844575306
bootstrap 8.708525646608029e-05 0.10054122922187746
border 0.0016546198728555255 0.0
both 8.708525646608029e-05 0.3022808718729337
bottom 0.00034834102586432116 0.05358424613410626
box 0.0013933641034572846 0.0
boxtext 8.708525646608029e-05 0.41419878807691896
bracket 0.0012191935905251242 0.0
brackets 0.00017417051293216058 0.41419878807691896
break 0.00026125576939824087 0.05358424613410626
brooklyn 0.00017417051293216058 4.74493212836325
brown 0.00026125576939824087 3.1354942159291497
browse 8.708525646608029e-05 3.1354942159291497
browsing 8.708525646608029e-05 0.0
bsf 8.708525646608029e-05 4.74493212836325
btitle 0.0007837673081947227 0.22314355131420976
btn 0.0005225115387964817 0.0
buildr 0.00017417051293216058 4.74493212836325
built 8.708525646608029e-05 1.0072625100798818
but 0.00026125576939824087 0.3629054936893685
button 0.00296089871984673 0.0
buttons 8.708525646608029e-05 0.0
byte 8.708525646608029e-05 1.9723434061234688
byte_code_engineering_library 8.708525646608029e-05 4.74493212836325
bytes 0.00034834102586432116 0.0
c13_en 8.708525646608029e-05 0.0
c1e6f5 8.708525646608029e-05 4.051784947803305
cache 0.00017417051293216058 0.0
cached 8.708525646608029e-05 0.0
cachereport 8.708525646608029e-05 0.0
cacm2010 0.00026125576939824087 4.74493212836325
cactions 0.0005225115387964817 0.0
cactus 0.00017417051293216058 4.74493212836325
calcite 0.00017417051293216058 4.74493212836325
call 0.00017417051293216058 1.1073459686368643
called 8.708525646608029e-05 0.6844891178168307
calls 8.708525646608029e-05 0.0
camel 0.00017417051293216058 4.051784947803305
campaigns 8.708525646608029e-05 0.0
can 0.0006095967952625621 0.17022114985986725
canonical 0.00017417051293216058 0.0
caps 8.708525646608029e-05 0.41419878807691896
caption 0.00017417051293216058 0.21233263520999412
carbondata 0.00017417051293216058 4.74493212836325
cassandra 0.00017417051293216058 4.051784947803305
catalan 8.708525646608029e-05 1.5668782980153044
català 8.708525646608029e-05 1.6094379124341003
categories 0.00026125576939824087 0.02643325706815543
categorization_approaches 8.708525646608029e-05 2.4423470353692043
category 0.002090046155185927 0.0
catlinks 0.0005225115387964817 0.0
cats 8.708525646608029e-05 0.0721032939013439
cayenne 0.00017417051293216058 4.051784947803305
ccf 8.708525646608029e-05 0.454472687214859
center 0.0006095967952625621 0.017544309650909525
centralauth 0.00017417051293216058 0.0
centralautologin 0.00017417051293216058 0.0
centralnotice 0.00026125576939824087 0.0
ch01 8.708525646608029e-05 4.74493212836325
chainsaw 0.00017417051293216058 4.74493212836325
chainsaw_ 8.708525646608029e-05 4.74493212836325
change 8.708525646608029e-05 0.0
changes 0.00034834102586432116 0.0
chararray 8.708525646608029e-05 4.74493212836325
charinsert 8.708525646608029e-05 0.0
charset 8.708525646608029e-05 0.0
checkbox 0.00296089871984673 0.0
chemistry 0.00017417051293216058 4.051784947803305
child 0.0021771314116520073 0.06280090123903044
chinese 8.708525646608029e-05 0.8131064956389242
chosen 8.708525646608029e-05 2.26002547857525
citation 0.0017417051293216058 0.08149303425118301
cite 0.003918836540973613 0.0
cite_note 0.002351301924584168 0.08149303425118301
cite_ref 0.0026125576939824086 0.08149303425118301
cite_web 0.00017417051293216058 0.4682660093471948
citerefgates2016 8.708525646608029e-05 4.74493212836325
citerefgates2021 8.708525646608029e-05 4.74493212836325
citethispage 8.708525646608029e-05 0.0
class 0.043716798745972306 0.0
classname 0.00026125576939824087 0.0
cleansing 8.708525646608029e-05 4.74493212836325
clear 0.00026125576939824087 0.11995931507897897
click 0.00017417051293216058 3.1354942159291497
client 0.00043542628233040145 0.0
cloud 0.00026125576939824087 1.911718784307034
cloud_computing 8.708525646608029e-05 3.1354942159291497
cloudstack 0.00017417051293216058 4.051784947803305
cluster 8.708525646608029e-05 2.953172659135195
cocoon 0.00017417051293216058 4.74493212836325
code 0.00026125576939824087 0.035401927050916
col 8.708525646608029e-05 0.540239508972284
coll 0.00034834102586432116 0.0
collapse 8.708525646608029e-05 0.21233263520999412
collapsed 0.00026125576939824087 0.0
collapses 8.708525646608029e-05 0.0
collapsible 0.0009579378211268832 0.0
color 0.002699642950448489 0.017544309650909525
colspan 0.0005225115387964817 0.14981227822866008
column 0.00034834102586432116 0.09097177820572679
columns 0.0005225115387964817 0.09097177820572679
com 0.0013933641034572846 0.11995931507897897
commons 0.0007837673081947227 0.0
commons_daemon 8.708525646608029e-05 4.74493212836325
communications 0.00017417051293216058 1.6538896750049343
community 8.708525646608029e-05 0.0
community_portal 8.708525646608029e-05 0.0
compactlinks 8.708525646608029e-05 0.0
comparing 0.00034834102586432116 3.6463198396951406
comparison 8.708525646608029e-05 0.7936884097818228
complications 8.708525646608029e-05 0.0
compressed 8.708525646608029e-05 3.6463198396951406
computing 0.00026125576939824087 0.3504829736908114
config 0.00017417051293216058 0.0
considerably 8.708525646608029e-05 2.953172659135195
constructing 0.00043542628233040145 3.3586377672433594
contact 0.00034834102586432116 0.0
contact_us 0.00017417051293216058 0.0
contactpage 8.708525646608029e-05 0.0
container 0.0012191935905251242 0.0
containing 8.708525646608029e-05 0.0
content 0.006879735260820343 0.0
contentinfo 8.708525646608029e-05 0.0
contents 0.0011321083340590438 0.0
contentsub 8.708525646608029e-05 0.0
context 0.00017417051293216058 0.0
continuum 0.00017417051293216058 4.74493212836325
contribute 8.708525646608029e-05 0.0
contributions 8.708525646608029e-05 0.0
contributors 0.00017417051293216058 0.0
control 0.00017417051293216058 0.44086703515908027
controls 0.00026125576939824087 0.0
conversion 8.708525646608029e-05 0.0
cookie 0.00043542628233040145 0.0
cookie_statement 8.708525646608029e-05 0.0
cookiestatement 8.708525646608029e-05 0.0
copy 8.708525646608029e-05 2.3470368555648795
copyright 0.00026125576939824087 0.0
copyrightico 8.708525646608029e-05 0.0
cordova 0.00017417051293216058 4.051784947803305
couchdb 0.00017417051293216058 4.74493212836325
count 0.0008708525646608029 0.0
counter 0.00034834102586432116 0.27902400970866637
coy 8.708525646608029e-05 4.74493212836325
cpan 8.708525646608029e-05 4.74493212836325
cpu 8.708525646608029e-05 0.0
cputime 8.708525646608029e-05 0.0
create 0.00043542628233040145 0.0
createaccount 0.00034834102586432116 0.0
creating 0.00017417051293216058 1.449095262358921
creative 8.708525646608029e-05 0.0
creativecommons 0.00017417051293216058 0.0
cross 8.708525646608029e-05 0.0
crossorigin 8.708525646608029e-05 0.0
cs1 0.002351301924584168 0.09097177820572679
csrftoken 8.708525646608029e-05 0.0
ctakes 0.00017417051293216058 4.74493212836325
ctx_ver 0.0010450230775929635 0.10054122922187746
current 0.00034834102586432116 0.0
current_events 8.708525646608029e-05 0.0
currentevents 8.708525646608029e-05 0.0
cursor 8.708525646608029e-05 0.38822330167365837
cxf 0.00017417051293216058 4.74493212836325
cycle 8.708525646608029e-05 0.6844891178168307
d33 0.00017417051293216058 0.09097177820572679
d4f4b4 0.00017417051293216058 4.051784947803305
daemon 0.00017417051293216058 4.74493212836325
dag 8.708525646608029e-05 4.051784947803305
dags 8.708525646608029e-05 4.74493212836325
dai 0.00017417051293216058 4.74493212836325
daniel 0.00017417051293216058 2.1058747987479913
data 0.008360184620743708 0.0
data_modeling_languages 8.708525646608029e-05 4.74493212836325
database 0.0006095967952625621 1.486835590341768
dataset 8.708525646608029e-05 3.1354942159291497
datatype 8.708525646608029e-05 2.665490586683414
date 0.00034834102586432116 0.08149303425118301
datemodified 0.00017417051293216058 0.0
datepublished 0.00017417051293216058 0.0
dbms 0.00017417051293216058 3.6463198396951406
dbmss 0.00026125576939824087 4.74493212836325
ddf 8.708525646608029e-05 0.454472687214859
december 8.708525646608029e-05 0.0
decimal 8.708525646608029e-05 0.09097177820572679
declarative 0.00017417051293216058 2.1058747987479913
declarative_programming 8.708525646608029e-05 2.5477075510270306
declares 8.708525646608029e-05 3.3586377672433594
decoding 0.00026125576939824087 0.11020314013361425
decoration 0.00017417051293216058 0.41419878807691896
deduplicate 0.0006966820517286423 0.017544309650909525
deduplicated 0.0011321083340590438 0.06280090123903044
defined 0.00034834102586432116 0.9162907318741551
defined_function 8.708525646608029e-05 4.051784947803305
deltacloud 0.00026125576939824087 4.74493212836325
depth 0.00026125576939824087 0.0
derby 0.00017417051293216058 4.051784947803305
desc 8.708525646608029e-05 4.051784947803305
describes 8.708525646608029e-05 2.1799827709017134
description 0.0006095967952625621 0.0
desktoparticletarget 0.00026125576939824087 0.0
detection 8.708525646608029e-05 0.0
developed 8.708525646608029e-05 0.540239508972284
developer 0.0006966820517286423 0.0
developers 0.00017417051293216058 0.0
development 0.00026125576939824087 0.38822330167365837
different 8.708525646608029e-05 0.38822330167365837
dir 0.00034834102586432116 0.0
directed 0.00026125576939824087 2.953172659135195
directed_acyclic_graph 0.00017417051293216058 4.74493212836325
directly 8.708525646608029e-05 1.1895840668738364
directory 0.00017417051293216058 2.1799827709017134
disabled 0.0009579378211268832 0.0
disclaimers 0.00017417051293216058 0.0
discuss 0.00017417051293216058 0.0
discussion 0.00017417051293216058 0.0
display 0.0027867282069145693 0.0
distributed 8.708525646608029e-05 1.1895840668738364
div 0.019332926935469823 0.0
dmy 8.708525646608029e-05 0.0
dns 0.00017417051293216058 0.0
docs 8.708525646608029e-05 1.1073459686368643
doctype 8.708525646608029e-05 0.0
document 0.00034834102586432116 0.0
documentelement 0.00026125576939824087 0.0
donate 0.00026125576939824087 0.0
donating 8.708525646608029e-05 0.0
download 0.00034834102586432116 0.0
downloadaspdf 8.708525646608029e-05 0.0
drill 0.00017417051293216058 4.051784947803305
dropdown 0.0021771314116520073 0.0
druid 0.00017417051293216058 4.74493212836325
dtstart 0.00017417051293216058 0.41419878807691896
during 8.708525646608029e-05 1.0560526742493137
e6e6ff 8.708525646608029e-05 0.454472687214859
each 0.00043542628233040145 0.8531118302526235
easier 8.708525646608029e-05 2.1058747987479913
easy 0.00017417051293216058 1.7004096906398272
echo 8.708525646608029e-05 0.0
edit 0.003570495515109292 0.0
editable 8.708525646608029e-05 0.0
edited 8.708525646608029e-05 0.0
editing 8.708525646608029e-05 0.0
edition 0.00034834102586432116 1.2484245668967697
editor 0.00017417051293216058 0.0
editors 0.00017417051293216058 0.0
editpage 8.708525646608029e-05 0.0
edits 0.00017417051293216058 0.0
editsection 0.0018287903857876861 0.0
edituri 8.708525646608029e-05 0.0
edu 0.00043542628233040145 0.9607424944449889
effect 8.708525646608029e-05 1.911718784307034
efficient 0.0005225115387964817 1.8545603704670854
element 0.0006095967952625621 0.0
ellipsis 0.00017417051293216058 0.0
elt 8.708525646608029e-05 0.0
empire 0.00017417051293216058 4.051784947803305
empty 0.00017417051293216058 0.0
emptyportlet 0.00017417051293216058 0.0
enabled 0.0009579378211268832 0.0
encouraged 0.00034834102586432116 0.0
encyclopedia 0.00017417051293216058 0.0
end 8.708525646608029e-05 0.0
engineering 8.708525646608029e-05 1.3109449238781037
english 0.00026125576939824087 0.0
enhancements 8.708525646608029e-05 0.0721032939013439
enough 0.00017417051293216058 2.4423470353692043
entertaining 8.708525646608029e-05 4.74493212836325
entities 8.708525646608029e-05 0.0
entity 0.00034834102586432116 0.0
entityaccesscount 8.708525646608029e-05 0.0
entitypage 0.00017417051293216058 0.0
entries 8.708525646608029e-05 2.953172659135195
enwiki 8.708525646608029e-05 0.0
enwikimwclientprefs 8.708525646608029e-05 0.0
error 0.00017417051293216058 0.09097177820572679
es6 8.708525646608029e-05 0.0
esi 0.00017417051293216058 0.0
esitest 8.708525646608029e-05 0.0
español 8.708525646608029e-05 0.7195804376281008
etch 0.00017417051293216058 4.74493212836325
etch_ 8.708525646608029e-05 4.74493212836325
etl 8.708525646608029e-05 4.74493212836325
evaluation 0.00017417051293216058 1.7004096906398272
even 0.00034834102586432116 0.40112670650956617
event 0.0008708525646608029 0.0
eventlogging 0.00017417051293216058 0.0
events 0.00017417051293216058 0.0
eventually 8.708525646608029e-05 2.3470368555648795
exact 8.708525646608029e-05 0.0
example 0.0006966820517286423 0.4682660093471948
excalibur 0.00017417051293216058 4.74493212836325
executable 8.708525646608029e-05 1.6538896750049343
execute 8.708525646608029e-05 1.7004096906398272
executing 0.00017417051293216058 2.3470368555648795
execution 0.00026125576939824087 0.9607424944449889
execution_plan 8.708525646608029e-05 4.74493212836325
exists 8.708525646608029e-05 0.0
expand 0.00034834102586432116 0.0
expanded 0.0005225115387964817 0.008733679968754631
expansion 0.00017417051293216058 0.0
expansiondepth 8.708525646608029e-05 0.0
expensive 8.708525646608029e-05 0.0
expensivefunctioncount 8.708525646608029e-05 0.0
expertise 8.708525646608029e-05 4.051784947803305
expiry 0.00017417051293216058 0.0
explicitly 8.708525646608029e-05 1.8545603704670854
export 8.708525646608029e-05 0.0
ext 0.0024383871810502483 0.0
extended 8.708525646608029e-05 1.377636298376776
external 0.0021771314116520073 0.0
external_links 0.00034834102586432116 0.19105523676270922
extra 8.708525646608029e-05 0.0
extract 0.00034834102586432116 2.953172659135195
f7f7f7 8.708525646608029e-05 0.454472687214859
fa8a495983347898 8.708525646608029e-05 0.0
fallbacksearchbutton 8.708525646608029e-05 0.0
false 0.0010450230775929635 0.0
faster 8.708525646608029e-05 2.3470368555648795
fault 8.708525646608029e-05 3.6463198396951406
favicon 8.708525646608029e-05 0.0
fdb3ab 0.001480449359923365 4.051784947803305
fdfdfd 0.00026125576939824087 0.44086703515908027
feature 0.0018287903857876861 0.0
featurename 0.00026125576939824087 0.0
february 0.00026125576939824087 0.0
fed1a0 8.708525646608029e-05 4.051784947803305
feed 0.00017417051293216058 0.0
fef8c6 8.708525646608029e-05 4.051784947803305
felix 0.00017417051293216058 4.74493212836325
file 0.0009579378211268832 0.0
file_upload_wizard 0.00017417051293216058 0.0
files 8.708525646608029e-05 0.0
filter 0.00017417051293216058 2.665490586683414
filtered_words 0.00026125576939824087 4.74493212836325
first 0.0012191935905251242 0.0
firstheading 0.00026125576939824087 0.0
fits 8.708525646608029e-05 4.051784947803305
flatten 0.00017417051293216058 4.74493212836325
flex 0.00017417051293216058 1.749199854809259
flink 0.00017417051293216058 4.74493212836325
float 0.0007837673081947227 0.06280090123903044
flow 8.708525646608029e-05 1.0813704822336037
flume 0.00017417051293216058 4.74493212836325
flush 0.00043542628233040145 0.0
foes 0.00017417051293216058 4.74493212836325
font 0.0016546198728555255 0.017544309650909525
footer 0.0022642166681180876 0.0
fop 0.00017417051293216058 4.74493212836325
for 0.0027867282069145693 0.0
foreach 0.00017417051293216058 3.1354942159291497
foreign 0.00017417051293216058 2.1058747987479913
form 0.00026125576939824087 0.0
format 0.00043542628233040145 0.0
formatting 8.708525646608029e-05 2.665490586683414
formatting_objects_processor 8.708525646608029e-05 4.74493212836325
forrest 0.00017417051293216058 4.74493212836325
foundation 0.0022642166681180876 0.0
framework 8.708525646608029e-05 1.1340142157190256
français 8.708525646608029e-05 0.6844891178168307
free 0.0006095967952625621 0.0
free_software_programmed_in_java_ 8.708525646608029e-05 4.74493212836325
freemarker 0.00026125576939824087 4.74493212836325
french 8.708525646608029e-05 0.6673946844575306
friends 0.00017417051293216058 3.3586377672433594
from 0.0013933641034572846 0.0
full 0.00026125576939824087 0.044451762570833796
fulltext 8.708525646608029e-05 0.0
function 0.0006095967952625621 0.0
functions 0.00026125576939824087 0.7018808605286999
fundraiserredirector 8.708525646608029e-05 0.0
future 0.00026125576939824087 1.8004931491968095
gadget 0.00034834102586432116 0.0
gates 0.00043542628233040145 4.051784947803305
gehomepagesuggestededitsenabletopics 8.708525646608029e-05 0.0
general_disclaimer 8.708525646608029e-05 0.0
generate 0.00026125576939824087 1.377636298376776
generator 8.708525646608029e-05 0.0
genre 0.0010450230775929635 0.10054122922187746
geoip 8.708525646608029e-05 0.0
geronimo 0.00017417051293216058 4.051784947803305
get 8.708525646608029e-05 1.2791962255635234
giraph 0.00017417051293216058 4.74493212836325
globalcssjs 0.00017417051293216058 0.0
goes 8.708525646608029e-05 2.665490586683414
google 8.708525646608029e-05 0.540239508972284
googpub 0.00017417051293216058 0.0
graph 0.00026125576939824087 2.1799827709017134
gray 8.708525646608029e-05 0.09097177820572679
greek 0.00017417051293216058 0.09097177820572679
green 8.708525646608029e-05 0.09097177820572679
groovy 0.00017417051293216058 3.3586377672433594
groovy_ 8.708525646608029e-05 3.3586377672433594
group 0.0022642166681180876 0.0
growthexperiments 8.708525646608029e-05 0.0
grunt 8.708525646608029e-05 4.74493212836325
guidance 8.708525646608029e-05 0.0
guides 8.708525646608029e-05 0.0
gump 0.00017417051293216058 4.74493212836325
hack 0.0005225115387964817 0.0
hadoop 0.002090046155185927 4.051784947803305
hama 0.00017417051293216058 4.74493212836325
hand 8.708525646608029e-05 2.26002547857525
handles 8.708525646608029e-05 2.5477075510270306
harmony 0.00017417051293216058 3.1354942159291497
has 0.0005225115387964817 0.0
haspopup 0.00043542628233040145 0.0
have 0.00026125576939824087 0.6340582641899388
hbase 0.00017417051293216058 4.74493212836325
head 0.00034834102586432116 0.0
header 0.0022642166681180876 0.0
heading 0.0020029608987198466 0.0
headline 0.0007837673081947227 0.0
hebrew 8.708525646608029e-05 1.5668782980153044
height 0.0018287903857876861 0.0
helix 0.00017417051293216058 4.051784947803305
help 0.0006095967952625621 0.0
here 8.708525646608029e-05 0.0
herramienta 8.708525646608029e-05 4.74493212836325
herramienta_de_programaci 8.708525646608029e-05 4.74493212836325
hidden 0.0012191935905251242 0.0
hide 0.00017417051293216058 0.0
high 0.0006095967952625621 0.8531118302526235
highest 8.708525646608029e-05 0.0
highlight 0.00017417051293216058 0.6177977433181585
hinted 8.708525646608029e-05 4.051784947803305
his 8.708525646608029e-05 1.4127276181880462
history 0.0013062788469912043 0.0
hive 0.00034834102586432116 4.051784947803305
hivemind 0.00017417051293216058 4.74493212836325
hlist 0.005050944875032657 0.2905848321097423
hoc 8.708525646608029e-05 2.665490586683414
hor 0.00017417051293216058 0.0
hosted 8.708525646608029e-05 0.0
how 0.00043542628233040145 0.0
however 0.00034834102586432116 0.0
href 0.032395715405381866 0.0
hreflang 0.0006966820517286423 0.11020314013361425
html 0.0018287903857876861 0.0
http 0.0013933641034572846 0.0
https 0.005399285900896978 0.0
hub 8.708525646608029e-05 0.0
ibatis 0.00017417051293216058 4.74493212836325
ico 8.708525646608029e-05 0.0
icon 0.003309239745711051 0.0
icons 0.00034834102586432116 0.0
identifier 0.00034834102586432116 0.42744401482693967
idhash 8.708525646608029e-05 0.0
idiom 8.708525646608029e-05 3.1354942159291497
image 0.0013933641034572846 0.0
imageobject 0.00017417051293216058 0.0
images 0.0010450230775929635 0.0
img 0.0007837673081947227 0.0
impala 0.00017417051293216058 4.74493212836325
implement 8.708525646608029e-05 0.0
implementation 0.0005225115387964817 0.5705448584676129
imported 8.708525646608029e-05 3.3586377672433594
improvements 8.708525646608029e-05 0.0
inc 0.00026125576939824087 0.0
include 0.00026125576939824087 0.0
increment 8.708525646608029e-05 0.26759531388504365
incubation 0.00043542628233040145 4.74493212836325
incubator 0.00017417051293216058 4.051784947803305
index 0.002351301924584168 0.0
indexes 8.708525646608029e-05 3.3586377672433594
indicators 8.708525646608029e-05 0.0
info 0.0026125576939824086 0.0
infobox 0.0027867282069145693 0.21233263520999412
infobox_software 0.00017417051293216058 1.0313600616589422
infolab 8.708525646608029e-05 4.051784947803305
information 0.00026125576939824087 0.0
inherit 0.0009579378211268832 0.035401927050916
init 0.00026125576939824087 0.0
initial 0.00026125576939824087 1.377636298376776
initially 8.708525646608029e-05 1.7004096906398272
inline 0.0018287903857876861 0.035401927050916
inner 0.00034834102586432116 0.0
input 0.0010450230775929635 0.0
input_lines 0.00017417051293216058 4.74493212836325
inside 0.00017417051293216058 0.0721032939013439
instead 0.00017417051293216058 1.2484245668967697
interaction 0.00026125576939824087 0.0
interface 0.00017417051293216058 0.0
interlanguage 0.0018287903857876861 0.0
internet 0.00026125576939824087 2.03688192726104
interwiki 0.0006966820517286423 0.11020314013361425
into 0.0006095967952625621 0.48225225132193467
introduction 0.00026125576939824087 0.0
isbn 0.00026125576939824087 0.6673946844575306
isbn_ 8.708525646608029e-05 0.6673946844575306
issues 0.00026125576939824087 1.3109449238781037
italian 8.708525646608029e-05 0.7559480817989758
italiano 8.708525646608029e-05 0.7746402148111283
item 0.00592179743969346 0.0
items 8.708525646608029e-05 0.0
its 8.708525646608029e-05 0.25629575863111026
ivy 0.00017417051293216058 4.051784947803305
jackrabbit 0.00017417051293216058 4.051784947803305
jakarta 0.00034834102586432116 4.051784947803305
jakarta_cactus 8.708525646608029e-05 4.74493212836325
jakarta_project 8.708525646608029e-05 4.74493212836325
jakarta_slide 8.708525646608029e-05 4.74493212836325
james 0.00017417051293216058 2.03688192726104
january 8.708525646608029e-05 0.0
java 0.0006095967952625621 0.8947845266531914
java_ 0.00017417051293216058 1.1073459686368643
javascript 0.00026125576939824087 1.377636298376776
jelly 0.00017417051293216058 4.051784947803305
jena 0.00017417051293216058 3.3586377672433594
jini 0.00026125576939824087 4.74493212836325
jira 0.00026125576939824087 3.6463198396951406
jmeter 0.00017417051293216058 4.74493212836325
jobs 0.00017417051293216058 2.5477075510270306
join 0.00026125576939824087 2.953172659135195
joined 8.708525646608029e-05 2.5477075510270306
jquery 0.00026125576939824087 0.0
json 0.00017417051293216058 0.0
jtitle 0.00026125576939824087 0.3260915205666521
july 0.00026125576939824087 0.0
jump 0.00017417051293216058 0.0
june 0.00017417051293216058 0.0
just 8.708525646608029e-05 1.2484245668967697
kafka 0.00017417051293216058 4.74493212836325
kern 0.00017417051293216058 0.09097177820572679
key 8.708525646608029e-05 0.0
knowledge 8.708525646608029e-05 1.7004096906398272
korean 8.708525646608029e-05 1.0813704822336037
kudu 0.00017417051293216058 4.74493212836325
kylin 0.00017417051293216058 4.74493212836325
label 0.004789689105634416 0.0
labelledby 0.00017417051293216058 0.0
landmark 0.00034834102586432116 0.0
lang 0.002090046155185927 0.0
langlinks 0.00017417051293216058 0.0
language 0.0028738134633806496 0.0
languages 0.0007837673081947227 0.0
large 8.708525646608029e-05 1.2185716037470886
last 0.0011321083340590438 0.0
lastmod 8.708525646608029e-05 0.0
latest 0.00043542628233040145 1.6538896750049343
latin 0.001480449359923365 2.3470368555648795
lazy 0.00034834102586432116 0.0
lazy_evaluation 8.708525646608029e-05 2.7990219793079367
learn 0.00043542628233040145 0.0
left 0.003570495515109292 0.0
legend 8.708525646608029e-05 3.1354942159291497
lenya 0.00017417051293216058 4.74493212836325
level 0.001480449359923365 0.0
levels 8.708525646608029e-05 0.0
library 0.00034834102586432116 0.6340582641899388
license 0.0011321083340590438 0.0
licenses 0.00026125576939824087 0.0
life 8.708525646608029e-05 0.6340582641899388
like 8.708525646608029e-05 0.41419878807691896
limit 0.0009579378211268832 0.0
limited 0.0005225115387964817 0.0
limitreport 0.00026125576939824087 0.0
line 0.0006966820517286423 0.10054122922187746
link 0.004789689105634416 0.0
linked 8.708525646608029e-05 0.0
links 0.0016546198728555255 0.0
linux 0.00026125576939824087 1.0313600616589422
list 0.009492292954802752 0.0
listbullet 0.00026125576939824087 0.0
listitem 0.00034834102586432116 0.2905848321097423
load 0.0005225115387964817 0.0
loaded 0.00017417051293216058 0.0
loader 8.708525646608029e-05 0.0
loading 0.00034834102586432116 0.0
loc 8.708525646608029e-05 0.0
lock 0.0009579378211268832 0.09097177820572679
log 0.0006966820517286423 0.0
log4j 0.00026125576939824087 4.74493212836325
log_file_viewer 8.708525646608029e-05 4.74493212836325
logged 0.00017417051293216058 0.0
logging 0.00017417051293216058 4.051784947803305
login 0.00043542628233040145 0.0
logo 0.0009579378211268832 0.0
longer 0.00296089871984673 1.8545603704670854
lower 0.0005225115387964817 0.09097177820572679
ltr 0.0013062788469912043 0.0
lua 0.00017417051293216058 0.008733679968754631
lucene 0.00017417051293216058 4.74493212836325
machines 8.708525646608029e-05 1.5668782980153044
made 8.708525646608029e-05 0.0
mahout 0.00017417051293216058 4.74493212836325
mail 0.00026125576939824087 2.665490586683414
mailing 0.00017417051293216058 2.665490586683414
mailinglist 8.708525646608029e-05 4.051784947803305
main 0.0021771314116520073 0.0
main_page 0.00017417051293216058 0.0
mainentity 0.00017417051293216058 0.0
mainpage 0.00034834102586432116 0.0
mainpage_1 0.00034834102586432116 4.74493212836325
maint 8.708525646608029e-05 0.09097177820572679
maintained 0.0030479839763128103 2.26002547857525
makecollapsible 0.00026125576939824087 0.42744401482693967
makes 8.708525646608029e-05 1.377636298376776
making 8.708525646608029e-05 1.5668782980153044
management 0.00026125576939824087 1.0813704822336037
mandatory 0.00034834102586432116 0.0
many 8.708525646608029e-05 0.6673946844575306
mapreduce 0.0007837673081947227 3.3586377672433594
march 8.708525646608029e-05 0.0
margin 0.0026125576939824086 0.017544309650909525
marmotta 0.00017417051293216058 4.74493212836325
mascot 0.00017417051293216058 3.3586377672433594
match 8.708525646608029e-05 0.0
matches 0.00034834102586432116 1.2791962255635234
maven 0.00017417051293216058 3.1354942159291497
max 0.00017417051293216058 0.0
may 0.0008708525646608029 0.0
mechanism 8.708525646608029e-05 1.6538896750049343
media 0.00017417051293216058 0.0
mediawiki 0.0006966820517286423 0.0
memorable 0.00017417051293216058 4.74493212836325
memory 8.708525646608029e-05 0.008733679968754631
memusage 8.708525646608029e-05 0.008733679968754631
menu 0.00862144039014195 0.0
message 0.00017417051293216058 0.0
meta 0.0019158756422537665 0.0
microsoft 0.00017417051293216058 0.8531118302526235
microsoft_windows 8.708525646608029e-05 1.6538896750049343
min 8.708525646608029e-05 0.12981161152199053
mina 0.00017417051293216058 4.74493212836325
minerva 0.0006095967952625621 0.13976194237515863
mini 0.00026125576939824087 0.41419878807691896
mmv 0.00017417051293216058 0.11020314013361425
mobile 0.00026125576939824087 0.0
mobileaction 8.708525646608029e-05 0.0
mobileview 8.708525646608029e-05 0.0
mod 8.708525646608029e-05 2.1799827709017134
mod_perl 0.00017417051293216058 4.74493212836325
model 8.708525646608029e-05 0.8737311174553593
modeling 0.00026125576939824087 2.03688192726104
module 8.708525646608029e-05 0.0
modules 0.00026125576939824087 0.0
more 0.0012191935905251242 0.0
move 8.708525646608029e-05 0.0
moved 0.00017417051293216058 0.0
msg10825 0.00017417051293216058 4.74493212836325
multiple 8.708525646608029e-05 0.7936884097818228
must 0.00017417051293216058 1.2185716037470886
mw1366 0.00017417051293216058 3.6463198396951406
mw1368 8.708525646608029e-05 3.6463198396951406
mxnet 0.00017417051293216058 4.74493212836325
mycontributions 8.708525646608029e-05 0.0
myfaces 0.00017417051293216058 4.74493212836325
mytalk 8.708525646608029e-05 0.0
name 0.00296089871984673 0.0
namespaces 8.708525646608029e-05 0.0
naming 0.0006966820517286423 2.4423470353692043
naturally 0.00017417051293216058 3.6463198396951406
nav 0.0012191935905251242 0.0
navbar 0.001480449359923365 0.06280090123903044
navbox 0.006270138465557781 0.454472687214859
navigation 0.0010450230775929635 0.0
navigationtiming 8.708525646608029e-05 0.0
nearby 8.708525646608029e-05 0.0
needed 8.708525646608029e-05 1.1340142157190256
nested 8.708525646608029e-05 1.9723434061234688
netbeans 0.00026125576939824087 2.7990219793079367
newpp 8.708525646608029e-05 0.0
nifi 0.00017417051293216058 4.74493212836325
node 8.708525646608029e-05 0.0
noexcerpt 8.708525646608029e-05 0.42744401482693967
nofollow 0.0019158756422537665 0.0
noicon 0.00043542628233040145 0.0
nojs 8.708525646608029e-05 0.0
nomenclature 8.708525646608029e-05 2.953172659135195
nomobile 8.708525646608029e-05 0.4682660093471948
non 8.708525646608029e-05 0.0
none 0.003918836540973613 0.0
noprint 0.0006095967952625621 0.0
normal 0.00043542628233040145 0.0
noscript 0.00034834102586432116 0.0
nosnippet 8.708525646608029e-05 0.0
not 0.0006966820517286423 0.0
notation 8.708525646608029e-05 1.749199854809259
notice 8.708525646608029e-05 0.0
novelty 8.708525646608029e-05 4.74493212836325
november 0.00017417051293216058 0.0
noviewer 8.708525646608029e-05 0.7018808605286999
nowrap 0.002351301924584168 0.05358424613410626
nowraplinks 8.708525646608029e-05 0.454472687214859
nstab 8.708525646608029e-05 0.0
null 8.708525646608029e-05 0.0
numb 0.0006095967952625621 0.0
number 0.00026125576939824087 0.0
nutch 0.00017417051293216058 4.74493212836325
nuttx 0.00026125576939824087 4.74493212836325
objects 8.708525646608029e-05 1.0560526742493137
oclc 0.00034834102586432116 2.5477075510270306
oclc_ 8.708525646608029e-05 2.5477075510270306
october 8.708525646608029e-05 0.0
odd 0.00034834102586432116 0.454472687214859
ode 0.00017417051293216058 4.051784947803305
ofbiz 0.00017417051293216058 4.74493212836325
off 8.708525646608029e-05 1.449095262358921
offer 8.708525646608029e-05 2.665490586683414
official 0.00017417051293216058 0.8737311174553593
old 0.00296089871984673 1.6538896750049343
older 0.00017417051293216058 2.3470368555648795
oldid 0.00026125576939824087 0.0
olston 0.00017417051293216058 4.74493212836325
once 8.708525646608029e-05 2.03688192726104
one 0.00017417051293216058 0.42744401482693967
only 0.00034834102586432116 0.0
oojs_ui_icon_edit 0.0005225115387964817 0.8737311174553593
oozie 0.00017417051293216058 4.74493212836325
open 0.00034834102586432116 0.7018808605286999
openejb 0.00017417051293216058 4.74493212836325
openjpa 0.00017417051293216058 4.74493212836325
opennlp 0.00017417051293216058 4.74493212836325
openoffice 8.708525646608029e-05 4.051784947803305
opensearch_desc 8.708525646608029e-05 0.0
opensearchdescription 8.708525646608029e-05 0.0
operating 0.00017417051293216058 0.41419878807691896
operating_system 8.708525646608029e-05 0.5108256237659907
operators 8.708525646608029e-05 1.2484245668967697
options 0.00043542628233040145 0.0
orc 0.00017417051293216058 3.6463198396951406
order 0.00017417051293216058 1.1073459686368643
ordered_word_count 0.00017417051293216058 4.74493212836325
oreilly 0.00034834102586432116 3.1354942159291497
org 0.00914395192893843 0.0
organization 0.00043542628233040145 0.0
oriented 8.708525646608029e-05 0.6505875661411494
origin 0.00043542628233040145 0.0
original 0.0005225115387964817 0.3022808718729337
originally 8.708525646608029e-05 0.9607424944449889
os_x 8.708525646608029e-05 4.051784947803305
other 0.00026125576939824087 0.0
out 0.00034834102586432116 0.0
output 0.012627362187581643 0.0
overflow 0.00026125576939824087 0.0
oрenoffice 8.708525646608029e-05 4.74493212836325
p1324 8.708525646608029e-05 3.1354942159291497
padding 0.0027867282069145693 0.017544309650909525
page 0.004005921797439693 0.0
pagelanguagecode 8.708525646608029e-05 0.0
pagelanguagedir 8.708525646608029e-05 0.0
pageprop 8.708525646608029e-05 0.27902400970866637
pages 0.0006966820517286423 0.0
pagevariantfallbacks 8.708525646608029e-05 0.0
panel 0.00034834102586432116 0.0
papers 0.00017417051293216058 1.3437347467010947
paradigm 8.708525646608029e-05 0.5705448584676129
parallel 0.00026125576939824087 1.8004931491968095
parquet 0.00017417051293216058 4.74493212836325
parsed 8.708525646608029e-05 0.0
parser 0.012801532700513802 0.0
past 8.708525646608029e-05 0.0
patroltoken 8.708525646608029e-05 0.0
pcache 8.708525646608029e-05 0.0
pdf 0.0008708525646608029 0.0
pdfbox 0.00017417051293216058 4.74493212836325
perl 8.708525646608029e-05 1.5260563034950492
permalink 8.708525646608029e-05 0.0
permanent 0.00017417051293216058 0.0
personal 0.00043542628233040145 0.0
phoenix 0.00017417051293216058 3.3586377672433594
php 0.0027867282069145693 0.0
pig 0.00870852564660803 3.6463198396951406
pig_ 0.00017417051293216058 4.051784947803305
pig_vs_sql 0.00034834102586432116 4.74493212836325
piggybank 8.708525646608029e-05 4.74493212836325
pin 0.00017417051293216058 0.0
pinnable 0.0010450230775929635 0.0
pinned 0.0008708525646608029 0.0
pinot 0.00017417051293216058 4.74493212836325
pipeline 0.0006095967952625621 2.3470368555648795
pipeline_ 8.708525646608029e-05 2.665490586683414
pipelines 0.0005225115387964817 4.051784947803305
pivot 0.00017417051293216058 4.051784947803305
place 8.708525646608029e-05 0.8737311174553593
placeholder 8.708525646608029e-05 0.0
places 0.0007837673081947227 0.0
plainlinks 8.708525646608029e-05 0.20163734609324613
plainlist 0.00043542628233040145 1.7004096906398272
plan 0.00017417051293216058 3.3586377672433594
plans 8.708525646608029e-05 3.3586377672433594
platform 0.00026125576939824087 0.5552773863368246
png 0.0019158756422537665 0.0
poi 0.00017417051293216058 4.74493212836325
point 0.00017417051293216058 0.9162907318741551
policy 0.00017417051293216058 0.0
popups 8.708525646608029e-05 0.0
portable 8.708525646608029e-05 1.5260563034950492
portal 0.00026125576939824087 0.0
portlet 0.002351301924584168 0.0
position 8.708525646608029e-05 0.0
post 0.00017417051293216058 0.0
postexpandincludesize 8.708525646608029e-05 0.0
powered 8.708525646608029e-05 0.0
poweredby_mediawiki_132x47 8.708525646608029e-05 0.0
poweredby_mediawiki_176x62 8.708525646608029e-05 0.0
poweredby_mediawiki_88x31 8.708525646608029e-05 0.0
poweredbyico 8.708525646608029e-05 0.0
ppvisitednodes 8.708525646608029e-05 0.0
pre 0.00017417051293216058 0.40112670650956617
preconnect 8.708525646608029e-05 0.11020314013361425
prefetch 0.00017417051293216058 0.0
preprocessor 8.708525646608029e-05 0.0
preview 0.00026125576939824087 0.0
print 0.00017417051293216058 0.0
print_export 0.00026125576939824087 0.0
printable 0.00026125576939824087 0.0
printfooter 8.708525646608029e-05 0.0
privacy 0.00026125576939824087 0.0
privacy_policy 0.00017417051293216058 0.0
procedural 0.00017417051293216058 1.0813704822336037
procedural_programming 8.708525646608029e-05 1.5668782980153044
proceed 8.708525646608029e-05 3.1354942159291497
process 8.708525646608029e-05 0.9162907318741551
processing 0.0007837673081947227 0.8947845266531914
processor 8.708525646608029e-05 1.6094379124341003
produce 8.708525646608029e-05 1.7004096906398272
profit 8.708525646608029e-05 0.0
program 0.00017417051293216058 0.41419878807691896
programación 8.708525646608029e-05 2.03688192726104
programma 0.00017417051293216058 4.74493212836325
programmed 0.00026125576939824087 2.26002547857525
programmer 0.00017417051293216058 0.9837320126696876
programmers 8.708525646608029e-05 1.449095262358921
programming 0.0018287903857876861 0.0
programming_language 0.0006095967952625621 0.08149303425118301
programs 8.708525646608029e-05 0.6340582641899388
progressive 0.0007837673081947227 0.0
project 0.00017417051293216058 0.7936884097818228
projects 0.0006095967952625621 0.0
property 0.0010450230775929635 0.0
protocol 0.00017417051293216058 1.8004931491968095
provided 8.708525646608029e-05 1.0560526742493137
publications 8.708525646608029e-05 1.5260563034950492
published 0.00017417051293216058 0.3504829736908114
publisher 0.00017417051293216058 0.0
push 0.00026125576939824087 0.0
put 8.708525646608029e-05 2.03688192726104
pygments 0.00017417051293216058 0.6177977433181585
python 0.00017417051293216058 1.377636298376776
python_ 8.708525646608029e-05 1.377636298376776
q7193204 0.0006966820517286423 4.74493212836325
qpid 0.00017417051293216058 4.74493212836325
queries 8.708525646608029e-05 2.953172659135195
query 0.00043542628233040145 1.0813704822336037
query_languages 8.708525646608029e-05 3.6463198396951406
questions 0.00017417051293216058 2.1058747987479913
quick 8.708525646608029e-05 0.0
quiet 0.0005225115387964817 0.0
quirky 8.708525646608029e-05 4.74493212836325
quotes 8.708525646608029e-05 0.09097177820572679
r1011085734 8.708525646608029e-05 0.09097177820572679
r1061467846 8.708525646608029e-05 0.454472687214859
r1063604349 8.708525646608029e-05 0.41419878807691896
r1066479718 0.00017417051293216058 0.21233263520999412
r1126788409 8.708525646608029e-05 1.7004096906398272
r1129693374 0.00017417051293216058 0.2905848321097423
r1133582631 0.0010450230775929635 0.09097177820572679
r996844942 8.708525646608029e-05 2.665490586683414
random 0.00026125576939824087 0.0
randomly 8.708525646608029e-05 0.0
randompage 8.708525646608029e-05 0.0
rather 8.708525646608029e-05 1.3109449238781037
raw 8.708525646608029e-05 0.0
rdbmss 8.708525646608029e-05 4.74493212836325
read 0.00017417051293216058 0.0
ready 0.0016546198728555255 0.0
real 8.708525646608029e-05 0.0
recent 0.00026125576939824087 0.0
recentchanges 0.00026125576939824087 0.0
recentchangeslinked 0.00017417051293216058 0.0
records 8.708525646608029e-05 1.749199854809259
recursion 8.708525646608029e-05 0.0
red 8.708525646608029e-05 0.09097177820572679
redirect 0.0012191935905251242 0.008733679968754631
reduced 8.708525646608029e-05 0.0
reference 0.003309239745711051 0.035401927050916
references 0.0009579378211268832 0.008733679968754631
referencetooltips 8.708525646608029e-05 0.0
referred 8.708525646608029e-05 1.9723434061234688
referrer 0.00026125576939824087 0.0
reflist 0.0013062788469912043 0.09097177820572679
regarding 8.708525646608029e-05 3.1354942159291497
registered 8.708525646608029e-05 0.0
registration 0.00017417051293216058 0.08149303425118301
rel 0.004528433336236175 0.0
related 0.00017417051293216058 0.0
relational 0.00034834102586432116 2.4423470353692043
relational_database_management_system 0.00017417051293216058 4.74493212836325
release 0.0006966820517286423 0.49643688631389105
releases 0.00026125576939824087 1.449095262358921
rendering 8.708525646608029e-05 0.0
repeat 0.00034834102586432116 0.0721032939013439
replace 8.708525646608029e-05 0.0
report 0.00017417051293216058 0.0
repos 0.00017417051293216058 4.051784947803305
repository 0.00026125576939824087 1.9723434061234688
repository_ 8.708525646608029e-05 2.665490586683414
require 8.708525646608029e-05 0.0
research 0.00017417051293216058 0.7018808605286999
researcher 8.708525646608029e-05 4.74493212836325
researchers 0.00017417051293216058 2.5477075510270306
reset 8.708525646608029e-05 0.26759531388504365
resourceloaderdynamicstyles 8.708525646608029e-05 0.0
result 8.708525646608029e-05 0.9837320126696876
retrieved 0.0010450230775929635 0.0
returnto 0.00034834102586432116 0.0
revision 0.00026125576939824087 0.0
revisions 8.708525646608029e-05 0.0
rfr_id 0.0010450230775929635 0.10054122922187746
rft 0.0031350692327788907 0.10054122922187746
rft_id 0.0011321083340590438 0.11020314013361425
rft_val_fmt 0.0010450230775929635 0.10054122922187746
rgba 8.708525646608029e-05 0.09097177820572679
right 0.0010450230775929635 0.0
rlconf 8.708525646608029e-05 0.0
rlpagemodules 8.708525646608029e-05 0.0
rlq 0.0005225115387964817 0.0
rlstate 8.708525646608029e-05 0.0
road 0.00043542628233040145 3.6463198396951406
robots 8.708525646608029e-05 0.0
rocketmq 0.00017417051293216058 4.74493212836325
role 0.0013062788469912043 0.0
roller 0.00017417051293216058 4.74493212836325
roman 0.00034834102586432116 0.09097177820572679
rootpage 8.708525646608029e-05 0.0
row 0.0013062788469912043 0.12981161152199053
rsd 0.00017417051293216058 0.0
ruby 0.00017417051293216058 1.6094379124341003
ruby_ 8.708525646608029e-05 1.7004096906398272
run 8.708525646608029e-05 0.7018808605286999
runtime 8.708525646608029e-05 1.1340142157190256
sameas 0.00017417051293216058 0.0
samza 0.00017417051293216058 4.74493212836325
saved 8.708525646608029e-05 0.0
sawzall 0.00017417051293216058 3.6463198396951406
sawzall_ 8.708525646608029e-05 3.6463198396951406
schema 0.00017417051293216058 0.0
scope 0.0013062788469912043 0.11995931507897897
screen 0.00017417051293216058 0.0
scribunto 8.708525646608029e-05 0.008733679968754631
script 0.0013933641034572846 0.0
scripting 8.708525646608029e-05 1.3109449238781037
scripts 8.708525646608029e-05 0.0
search 0.002351301924584168 0.0
searchaux 8.708525646608029e-05 0.4682660093471948
searchbutton 0.00034834102586432116 0.0
searchform 8.708525646608029e-05 0.0
searchinput 8.708525646608029e-05 0.0
sebastopol 0.00017417051293216058 3.3586377672433594
second 0.00017417051293216058 1.1073459686368643
seconds 0.00026125576939824087 0.0
section 0.0012191935905251242 0.0
see 0.00026125576939824087 0.44086703515908027
see_also 0.00034834102586432116 0.6340582641899388
selected 0.00034834102586432116 0.0
selector 8.708525646608029e-05 0.0
selflink 0.00026125576939824087 0.08149303425118301
sentences 8.708525646608029e-05 0.0
sep 8.708525646608029e-05 3.1354942159291497
september 0.00017417051293216058 0.0
sequential 8.708525646608029e-05 2.4423470353692043
server 0.00034834102586432116 1.3437347467010947
servicemix 0.00017417051293216058 4.74493212836325
set 0.00026125576939824087 0.0
sets 8.708525646608029e-05 1.5668782980153044
several 8.708525646608029e-05 0.7195804376281008
sha1 8.708525646608029e-05 0.10054122922187746
shadow 0.00026125576939824087 0.5860490450035782
shale 0.00017417051293216058 4.74493212836325
sharealike 8.708525646608029e-05 0.0
sharealike_3 8.708525646608029e-05 0.0
shared 8.708525646608029e-05 1.6538896750049343
shell 8.708525646608029e-05 1.4127276181880462
shindig 0.00017417051293216058 4.74493212836325
shiro 0.00017417051293216058 4.74493212836325
short 0.0005225115387964817 0.42744401482693967
short_description 0.00017417051293216058 0.5860490450035782
short_description_matches_wikidata 8.708525646608029e-05 1.3109449238781037
shortdescription 8.708525646608029e-05 0.4682660093471948
show 0.00034834102586432116 0.0
sidebar 0.0009579378211268832 0.0
sigmod 0.00017417051293216058 4.74493212836325
sigmod08 8.708525646608029e-05 4.74493212836325
silly 8.708525646608029e-05 4.74493212836325
similar 0.00026125576939824087 0.9162907318741551
simplesearch 8.708525646608029e-05 0.0
simply 8.708525646608029e-05 2.03688192726104
singa 0.00017417051293216058 4.74493212836325
single 8.708525646608029e-05 1.16141318990714
site 0.00043542628233040145 0.0
sitedir 8.708525646608029e-05 0.0
sitelinks 8.708525646608029e-05 0.0
sitenotice 0.00017417051293216058 0.0
sitesub 8.708525646608029e-05 0.0
sitesupport 8.708525646608029e-05 0.0
size 0.0013933641034572846 0.0
sizing 8.708525646608029e-05 0.25629575863111026
skin 0.0011321083340590438 0.0
skins 0.0005225115387964817 0.0
slide 0.00017417051293216058 4.74493212836325
sling 0.00017417051293216058 4.74493212836325
small 0.00017417051293216058 0.0721032939013439
software 0.002699642950448489 0.08149303425118301
software_categories 8.708525646608029e-05 2.4423470353692043
software_license 8.708525646608029e-05 1.0072625100798818
software_release_life_cycle 8.708525646608029e-05 0.7018808605286999
software_using_the_apache_license 8.708525646608029e-05 3.3586377672433594
solid 0.0006966820517286423 0.2340726218464
solr 0.00017417051293216058 4.051784947803305
some 8.708525646608029e-05 0.5108256237659907
something 8.708525646608029e-05 2.4423470353692043
sort 0.001480449359923365 1.911718784307034
sounds 8.708525646608029e-05 3.6463198396951406
source 0.00026125576939824087 0.49643688631389105
space 0.0013933641034572846 0.11995931507897897
spaces 8.708525646608029e-05 1.9723434061234688
spacing 0.00026125576939824087 0.2905848321097423
spamassassin 0.00017417051293216058 4.74493212836325
span 0.043107201950709745 0.0
spanish 8.708525646608029e-05 0.7195804376281008
spark 0.0005225115387964817 3.6463198396951406
special 0.002090046155185927 0.0
specialpages 0.00017417051293216058 0.0
specify 0.00034834102586432116 1.8545603704670854
specifying 8.708525646608029e-05 2.3470368555648795
spell 0.00017417051293216058 4.051784947803305
splits 8.708525646608029e-05 4.051784947803305
splitting 8.708525646608029e-05 4.74493212836325
sql 0.0016546198728555255 1.377636298376776
sqoop 0.00026125576939824087 4.74493212836325
src 0.0009579378211268832 0.0
srcset 0.00043542628233040145 0.0
stable 0.00034834102586432116 0.7195804376281008
stanbol 0.00017417051293216058 4.74493212836325
standard 0.00026125576939824087 0.0
stanford 0.00017417051293216058 2.26002547857525
start 0.00017417051293216058 0.0
start_date_and_age 0.00017417051293216058 2.5477075510270306
startup 0.00017417051293216058 0.0
statement 8.708525646608029e-05 0.0
static 0.0011321083340590438 0.0
statistics 8.708525646608029e-05 0.0
stats 8.708525646608029e-05 0.0
statslink 8.708525646608029e-05 0.0
status 8.708525646608029e-05 0.0
sticky 0.00017417051293216058 0.0
still 0.00017417051293216058 1.1895840668738364
stonebraker 0.00017417051293216058 4.74493212836325
stopmobileredirecttoggle 8.708525646608029e-05 0.0
storage 8.708525646608029e-05 1.449095262358921
store 0.00017417051293216058 1.377636298376776
storm 0.00017417051293216058 4.74493212836325
story 8.708525646608029e-05 2.4423470353692043
stream 0.00017417051293216058 1.8545603704670854
strictly 8.708525646608029e-05 2.5477075510270306
structured 8.708525646608029e-05 0.0
struts 0.00034834102586432116 3.6463198396951406
stuck 0.00017417051293216058 4.74493212836325
style 0.011408168597056519 0.0
styles 0.0012191935905251242 0.0
stylesheet 0.00017417051293216058 0.0
sub 8.708525646608029e-05 2.665490586683414
subbox 8.708525646608029e-05 0.21233263520999412
subgroup 0.00043542628233040145 0.454472687214859
subheader 8.708525646608029e-05 0.21233263520999412
subject 8.708525646608029e-05 0.0
sublist 0.0006966820517286423 0.0
submit 0.00017417051293216058 0.0
subscription 0.00017417051293216058 0.09097177820572679
subsection 8.708525646608029e-05 0.7195804376281008
substantially 8.708525646608029e-05 3.6463198396951406
subtitle 8.708525646608029e-05 0.0
subversion 0.00017417051293216058 4.051784947803305
such 0.00017417051293216058 0.454472687214859
suggested 8.708525646608029e-05 3.3586377672433594
suggestededitsession 8.708525646608029e-05 0.0
summary 8.708525646608029e-05 0.19105523676270922
sup 0.0034834102586432116 0.0721032939013439
superset 0.00017417051293216058 2.26002547857525
support 0.00017417051293216058 0.0
supports 8.708525646608029e-05 0.8531118302526235
svg 0.0028738134633806496 0.0
svn 0.00017417051293216058 4.74493212836325
switcher 8.708525646608029e-05 0.0
symbol_category_class 0.0005225115387964817 1.0072625100798818
system 0.00043542628233040145 0.11020314013361425
systemds 0.00017417051293216058 4.74493212836325
systems 0.00017417051293216058 0.454472687214859
tab 0.00043542628233040145 0.0
tabindex 0.00017417051293216058 0.0
table 0.0009579378211268832 0.0
tables 8.708525646608029e-05 2.1799827709017134
tabs 0.00017417051293216058 0.0
tagline 0.00026125576939824087 0.0
tags 8.708525646608029e-05 0.0
takes 8.708525646608029e-05 1.7004096906398272
talk 0.0005225115387964817 0.0
tapestry 0.00017417051293216058 4.74493212836325
target 0.0008708525646608029 0.0
targetloader 8.708525646608029e-05 0.0
task 8.708525646608029e-05 1.749199854809259
tasks 8.708525646608029e-05 1.749199854809259
taverna 0.00017417051293216058 4.051784947803305
tbody 0.0005225115387964817 0.044451762570833796
team 0.00017417051293216058 1.6538896750049343
telephone 8.708525646608029e-05 0.0
template 0.002351301924584168 0.0
template_talk 8.708525646608029e-05 0.41419878807691896
templateargumentsize 8.708525646608029e-05 0.0
templatequote 0.00026125576939824087 2.665490586683414
templatequotecite 0.00017417051293216058 2.665490586683414
templatestyles 0.0018287903857876861 0.017544309650909525
templateversion 0.00017417051293216058 4.051784947803305
terms 0.00017417051293216058 0.0
terms_of_use 8.708525646608029e-05 0.0
text 0.004963859618566577 0.0
text_of_the_creative_commons_attribution 8.708525646608029e-05 0.0
tez 8.708525646608029e-05 3.6463198396951406
than 0.00017417051293216058 0.6340582641899388
that 0.0006966820517286423 0.18058393689541388
the 0.006357223722023861 0.0
the_apache_software_foundation 0.00026125576939824087 4.74493212836325
their 8.708525646608029e-05 0.7559480817989758
them 8.708525646608029e-05 0.9837320126696876
then 0.00026125576939824087 0.6017974019717174
they 8.708525646608029e-05 0.7195804376281008
this 0.0022642166681180876 0.0
thrift 0.00017417051293216058 4.74493212836325
thumb 0.0010450230775929635 0.12981161152199053
thumbnail 8.708525646608029e-05 0.0
thus 0.00017417051293216058 1.0313600616589422
tika 0.00017417051293216058 4.74493212836325
time 0.00043542628233040145 0.0
timestamp 0.00017417051293216058 0.0
timeusage 8.708525646608029e-05 0.008733679968754631
timingprofile 8.708525646608029e-05 0.0
title 0.030479839763128104 0.0
titlebar 0.0006966820517286423 0.0
titleform 8.708525646608029e-05 0.0
tmp 0.00017417051293216058 4.051784947803305
toc 0.008795610903074109 0.0
toggle 0.0009579378211268832 0.0
toggle_view_mobile 8.708525646608029e-05 0.0
tokenize 8.708525646608029e-05 4.74493212836325
tokens 8.708525646608029e-05 0.0
tolerance 8.708525646608029e-05 4.74493212836325
tomcat 0.00017417051293216058 3.6463198396951406
tool 8.708525646608029e-05 1.1073459686368643
toolbar 0.00026125576939824087 0.0
tools 0.0007837673081947227 0.0
top 0.0010450230775929635 0.0
total 0.00017417051293216058 0.0
touch 0.00017417051293216058 0.0
trademark 8.708525646608029e-05 0.0
traffic 0.00017417051293216058 3.3586377672433594
trafodion 0.00017417051293216058 4.74493212836325
transaction 8.708525646608029e-05 3.1354942159291497
transclusion 8.708525646608029e-05 0.0
transform 0.00017417051293216058 3.3586377672433594
transformation 8.708525646608029e-05 2.26002547857525
transientcontent 8.708525646608029e-05 0.0
transparent 0.0005225115387964817 0.06280090123903044
trees 8.708525646608029e-05 2.7990219793079367
triggered 8.708525646608029e-05 0.0
true 0.0019158756422537665 0.0
ttl 8.708525646608029e-05 0.0
tuscany 0.00017417051293216058 4.74493212836325
two 8.708525646608029e-05 0.6505875661411494
type 0.0030479839763128103 0.0
udf 8.708525646608029e-05 3.3586377672433594
udfs 8.708525646608029e-05 4.051784947803305
uima 0.00026125576939824087 4.74493212836325
uls 0.00043542628233040145 0.0
under 8.708525646608029e-05 0.0
unknown 0.0009579378211268832 0.26759531388504365
unpin 0.00017417051293216058 0.0
unpinned 0.00017417051293216058 0.0
unstrip 0.00034834102586432116 0.0
updated 0.00017417051293216058 0.41419878807691896
upload 0.002090046155185927 0.0
upper 0.00034834102586432116 0.09097177820572679
url 0.0009579378211268832 0.0
usage 0.00034834102586432116 0.0
use 0.00034834102586432116 0.0
used 0.00017417051293216058 0.19105523676270922
useful 8.708525646608029e-05 1.5668782980153044
uselang 8.708525646608029e-05 0.0
user 0.003222154489244971 0.0
useradd 0.00017417051293216058 0.0
userlogin 0.00017417051293216058 0.0
users 0.00017417051293216058 0.9382696385929302
uses 0.00017417051293216058 0.7746402148111283
using 0.00043542628233040145 0.0
utc 8.708525646608029e-05 0.0
utf 8.708525646608029e-05 0.0
utm_campaign 8.708525646608029e-05 0.0
utm_medium 8.708525646608029e-05 0.0
utm_source 8.708525646608029e-05 0.0
value 0.0026125576939824086 0.0
var 0.00017417051293216058 0.0
variant 0.00017417051293216058 0.0
variants 0.0005225115387964817 0.0
vary 8.708525646608029e-05 0.10054122922187746
vector 0.022293825655316554 0.0
velocity 0.00017417051293216058 4.051784947803305
version 0.004005921797439693 0.0
version_control 8.708525646608029e-05 2.665490586683414
vertical 8.708525646608029e-05 0.6017974019717174
very 0.00017417051293216058 0.9607424944449889
vevent 8.708525646608029e-05 0.22314355131420976
view 0.0010450230775929635 0.0
viewer 8.708525646608029e-05 3.3586377672433594
viewport 8.708525646608029e-05 0.0
views 0.00026125576939824087 0.0
visible 8.708525646608029e-05 0.09097177820572679
visit 0.00017417051293216058 0.0
visited 8.708525646608029e-05 0.0
visualeditor 0.00034834102586432116 0.0
vue 0.00017417051293216058 0.0
walltime 8.708525646608029e-05 0.0
was 0.0005225115387964817 0.0
watchlist 8.708525646608029e-05 0.0
watchtoken 8.708525646608029e-05 0.0
wave 0.00017417051293216058 3.1354942159291497
way 8.708525646608029e-05 0.8947845266531914
ways 8.708525646608029e-05 1.449095262358921
wbc 8.708525646608029e-05 0.0
wbr 0.0006966820517286423 0.7195804376281008
web 0.0017417051293216058 0.09097177820572679
webpages 8.708525646608029e-05 4.74493212836325
website 0.00034834102586432116 0.0
weight 0.00043542628233040145 0.05358424613410626
wgaction 8.708525646608029e-05 0.0
wgarticleid 8.708525646608029e-05 0.0
wgbackendresponsetime 8.708525646608029e-05 0.0
wgbreakframes 8.708525646608029e-05 0.0
wgcanonicalnamespace 8.708525646608029e-05 0.0
wgcanonicalspecialpagename 8.708525646608029e-05 0.0
wgcategories 8.708525646608029e-05 0.0
wgcentralauthmobiledomain 8.708525646608029e-05 0.0
wgcspnonce 8.708525646608029e-05 0.0
wgcurrevisionid 8.708525646608029e-05 0.0
wgdefaultdateformat 8.708525646608029e-05 0.0
wgdigittransformtable 8.708525646608029e-05 0.0
wgeditsubmitbuttonlabelpublish 8.708525646608029e-05 0.0
wgflaggedrevsparams 8.708525646608029e-05 0.0
wggestructuredtaskrejectionreasontextinputenabled 8.708525646608029e-05 0.0
wggetopicsmatchmodeenabled 8.708525646608029e-05 0.0
wghostname 8.708525646608029e-05 0.0
wgisarticle 8.708525646608029e-05 0.0
wgisprobablyeditable 8.708525646608029e-05 0.0
wgisredirect 8.708525646608029e-05 0.0
wgmediaviewerenabledbydefault 8.708525646608029e-05 0.0
wgmediavieweronclick 8.708525646608029e-05 0.0
wgmfdisplaywikibasedescriptions 8.708525646608029e-05 0.0
wgmonthnames 8.708525646608029e-05 0.0
wgnamespacenumber 8.708525646608029e-05 0.0
wgnoticeproject 8.708525646608029e-05 0.0
wgpagecontentlanguage 8.708525646608029e-05 0.0
wgpagecontentmodel 8.708525646608029e-05 0.0
wgpagename 8.708525646608029e-05 0.0
wgpageparsereport 8.708525646608029e-05 0.0
wgpopupsflags 8.708525646608029e-05 0.0
wgrelevantarticleid 8.708525646608029e-05 0.0
wgrelevantpageisprobablyeditable 8.708525646608029e-05 0.0
wgrelevantpagename 8.708525646608029e-05 0.0
wgrequestid 8.708525646608029e-05 0.0
wgrestrictionedit 8.708525646608029e-05 0.0
wgrestrictionmove 8.708525646608029e-05 0.0
wgrevisionid 8.708525646608029e-05 0.0
wgseparatortransformtable 8.708525646608029e-05 0.0
wgtitle 8.708525646608029e-05 0.0
wgulscurrentautonym 8.708525646608029e-05 0.0
wgulsiscompactlinksenabled 8.708525646608029e-05 0.0
wgulsislanguageselectorempty 8.708525646608029e-05 0.0
wgulsposition 8.708525646608029e-05 0.0
wgusergroups 8.708525646608029e-05 0.0
wgusername 8.708525646608029e-05 0.0
wgvector2022previewpages 8.708525646608029e-05 0.0
wgvisualeditor 8.708525646608029e-05 0.0
wgwikibaseitemid 8.708525646608029e-05 0.0
wgwmepagelength 8.708525646608029e-05 0.0
wgwmeschemaeditattemptstepoversample 8.708525646608029e-05 0.0
what 0.00043542628233040145 0.0
whatlinkshere 0.00017417051293216058 0.0
when 0.00017417051293216058 0.0
which 0.00026125576939824087 0.3022808718729337
while 0.00017417051293216058 0.7195804376281008
white 0.001480449359923365 0.12981161152199053
wicket 0.00017417051293216058 4.74493212836325
width 0.0036575807715753723 0.0
wiki 0.022729251937646956 0.0
wikibase 0.00034834102586432116 0.0
wikidata 0.0012191935905251242 0.0
wikimedia 0.004180092310371854 0.0
wikimediabadges 8.708525646608029e-05 0.0
wikimediaevents 8.708525646608029e-05 0.0
wikimediafoundation 0.00017417051293216058 0.0
wikipedia 0.008186014107811548 0.0
wikisource 8.708525646608029e-05 0.09097177820572679
wikitable 8.708525646608029e-05 1.6094379124341003
wikitext 8.708525646608029e-05 0.0
will 8.708525646608029e-05 0.9607424944449889
window 0.00026125576939824087 0.0
windows 0.00017417051293216058 0.8329091229351039
wink 0.00017417051293216058 4.74493212836325
with 0.0012191935905251242 0.0
wmf 0.00026125576939824087 0.0
word 0.0010450230775929635 0.05358424613410626
word_count 0.00026125576939824087 4.74493212836325
word_groups 0.00017417051293216058 4.74493212836325
wordmark 0.00017417051293216058 0.0
words 0.0005225115387964817 1.6538896750049343
workflows 8.708525646608029e-05 3.6463198396951406
working 0.00017417051293216058 1.1895840668738364
works 8.708525646608029e-05 0.0
worldcat 0.00026125576939824087 1.5260563034950492
wpformidentifier 8.708525646608029e-05 0.0
wrap 0.00017417051293216058 0.06280090123903044
write 8.708525646608029e-05 1.16141318990714
writer 8.708525646608029e-05 2.5477075510270306
www 0.0015675346163894453 0.0
xalan 0.00017417051293216058 4.74493212836325
xerces 0.00017417051293216058 4.74493212836325
xml 0.00043542628233040145 0.0
xmlbeans 0.00017417051293216058 4.74493212836325
yahoo 0.0016546198728555255 2.953172659135195
years 0.00017417051293216058 0.454472687214859
yes 8.708525646608029e-05 0.0
yet 0.00017417051293216058 1.8004931491968095
yetus 0.00017417051293216058 4.74493212836325
you 0.0005225115387964817 0.0
ypgd 0.00034834102586432116 4.74493212836325
ypgd_11 0.0005225115387964817 4.74493212836325
z39 0.0010450230775929635 0.10054122922187746
z3988 0.0010450230775929635 0.10054122922187746
zookeeper 0.00017417051293216058 4.74493212836325
עברית 8.708525646608029e-05 1.5668782980153044
פיג 8.708525646608029e-05 4.74493212836325
아파치 8.708525646608029e-05 4.74493212836325
한국어 8.708525646608029e-05 1.0813704822336037
