000 0.00018802293879853342 0.0
0346 0.00037604587759706683 4.74493212836325
0360 0.00037604587759706683 4.74493212836325
039 0.00037604587759706683 0.0
049 0.00018802293879853342 3.3586377672433594
0717116676 0.00037604587759706683 4.74493212836325
0878 0.0002820344081978001 4.74493212836325
0907876908 0.00037604587759706683 4.74493212836325
09t04 0.00018802293879853342 4.051784947803305
0_unported_license 9.401146939926671e-05 0.0
100 0.0014101720409890007 0.0
1000 0.00018802293879853342 0.0
10000 9.401146939926671e-05 1.2484245668967697
1000000 0.00018802293879853342 0.0
100px 9.401146939926671e-05 0.9837320126696876
1016 0.0005640688163956002 2.3470368555648795
10392 0.00018802293879853342 4.74493212836325
107 0.00018802293879853342 1.6538896750049343
10px 0.0007520917551941337 0.454472687214859
1138340598 0.000658080285794867 4.74493212836325
117 9.401146939926671e-05 0.0
11_ibm_pc 0.00037604587759706683 4.74493212836325
11_ibm_pc_5 0.0005640688163956002 4.74493212836325
1200 0.00037604587759706683 1.1073459686368643
125em 0.00018802293879853342 0.0
127 9.401146939926671e-05 0.09097177820572679
128 0.00018802293879853342 1.7004096906398272
12px 9.401146939926671e-05 0.09097177820572679
12s5i 9.401146939926671e-05 0.0
1315 0.0005640688163956002 4.051784947803305
132_1_update_on_comal_a_superbasic 9.401146939926671e-05 4.74493212836325
133 9.401146939926671e-05 0.08149303425118301
15px 9.401146939926671e-05 0.8531118302526235
160 0.002068252326783868 0.0
16bitwindos 0.0002820344081978001 4.74493212836325
179 0.00018802293879853342 3.3586377672433594
17t11 0.00018802293879853342 4.74493212836325
1814400 0.00018802293879853342 0.5705448584676129
192 0.00018802293879853342 2.3470368555648795
1972 9.401146939926671e-05 2.3470368555648795
1973 0.0002820344081978001 2.5477075510270306
1974 0.00018802293879853342 2.4423470353692043
1975 0.0002820344081978001 2.03688192726104
197700 0.0002820344081978001 4.74493212836325
1978 9.401146939926671e-05 1.749199854809259
1980 0.00018802293879853342 2.1058747987479913
1980s 9.401146939926671e-05 1.7004096906398272
1982 0.00037604587759706683 2.1799827709017134
1983 0.00047005734699633354 1.9723434061234688
1984 0.0008461032245934004 1.911718784307034
1985 9.401146939926671e-05 1.4127276181880462
1986 0.00018802293879853342 1.6538896750049343
1987 0.0002820344081978001 1.6538896750049343
1990 0.00037604587759706683 1.6538896750049343
1992 0.00018802293879853342 1.6538896750049343
1em 0.000658080285794867 0.02643325706815543
1f3262ee 9.401146939926671e-05 4.74493212836325
1px 0.0005640688163956002 0.2451224580329849
1x1 9.401146939926671e-05 0.0
2003 0.00018802293879853342 0.9837320126696876
2004 0.0012221491021904673 0.06280090123903044
2013 0.00037604587759706683 0.6844891178168307
2016 9.401146939926671e-05 0.9837320126696876
2017 0.0002820344081978001 0.9837320126696876
2018 0.00037604587759706683 1.0072625100798818
2020 0.0008461032245934004 0.8329091229351039
2021 9.401146939926671e-05 0.7746402148111283
2022 0.00047005734699633354 0.0
2023 0.0002820344081978001 0.7195804376281008
20230314215754 9.401146939926671e-05 4.74493212836325
20230314215755 0.00018802293879853342 4.74493212836325
207 0.00018802293879853342 2.665490586683414
2097152 0.00037604587759706683 0.0
20px 9.401146939926671e-05 0.8531118302526235
2134 0.0002820344081978001 4.74493212836325
228 0.00018802293879853342 2.26002547857525
22comal 0.0005640688163956002 4.74493212836325
238px 9.401146939926671e-05 0.8329091229351039
23page 9.401146939926671e-05 3.1354942159291497
23px 9.401146939926671e-05 0.5254244231871433
247 0.00018802293879853342 3.1354942159291497
251x 0.0005640688163956002 4.74493212836325
255 9.401146939926671e-05 0.09097177820572679
25em 0.00047005734699633354 0.035401927050916
27s 9.401146939926671e-05 1.0813704822336037
27sullivan 9.401146939926671e-05 4.74493212836325
288 0.00018802293879853342 3.1354942159291497
2882 0.00018802293879853342 4.74493212836325
2887 0.00018802293879853342 4.74493212836325
2925 0.00018802293879853342 4.74493212836325
2982 0.00018802293879853342 4.74493212836325
2990011 0.00018802293879853342 4.74493212836325
2990031 0.00018802293879853342 4.74493212836325
2cicon 9.401146939926671e-05 0.0
2cstyles 9.401146939926671e-05 0.0
2cwikimediabadges 9.401146939926671e-05 0.6177977433181585
2em 0.00018802293879853342 0.06280090123903044
2f0346 0.00018802293879853342 4.74493212836325
2f0360 0.00018802293879853342 4.74493212836325
2f10 0.00018802293879853342 0.8737311174553593
2f10392 0.0002820344081978001 4.74493212836325
2f2134 0.00018802293879853342 4.74493212836325
2f2up 9.401146939926671e-05 2.7990219793079367
2farchive 0.000658080285794867 1.5668782980153044
2fcomal_today_issue_24 9.401146939926671e-05 4.74493212836325
2fcomal_today_issue_25 0.0002820344081978001 4.74493212836325
2fd 9.401146939926671e-05 3.6463198396951406
2fd5 9.401146939926671e-05 4.74493212836325
2fdatamuseum 9.401146939926671e-05 4.74493212836325
2fdetails 0.00018802293879853342 1.6538896750049343
2fdownload 0.00037604587759706683 2.665490586683414
2fdspace 0.00018802293879853342 4.051784947803305
2fen 0.0012221491021904673 0.10054122922187746
2ffmt 0.0012221491021904673 0.10054122922187746
2ffoundations 9.401146939926671e-05 4.74493212836325
2fhandle 9.401146939926671e-05 3.3586377672433594
2fimages 9.401146939926671e-05 4.74493212836325
2finfoworld 9.401146939926671e-05 4.74493212836325
2fkr_comal80_kernel_syntax_and_semantics_apr_1985 9.401146939926671e-05 4.74493212836325
2fmode 9.401146939926671e-05 2.7990219793079367
2fn31 9.401146939926671e-05 4.74493212836325
2fstream 9.401146939926671e-05 3.3586377672433594
2funi 9.401146939926671e-05 4.74493212836325
2fw 9.401146939926671e-05 3.3586377672433594
2px 0.0005640688163956002 0.26759531388504365
2up 9.401146939926671e-05 2.665490586683414
300 9.401146939926671e-05 1.6094379124341003
30em 9.401146939926671e-05 0.09097177820572679
3125em 9.401146939926671e-05 0.0
352 0.00018802293879853342 3.6463198396951406
36c 9.401146939926671e-05 1.0072625100798818
373 0.00018802293879853342 3.6463198396951406
376 0.00018802293879853342 3.6463198396951406
380 0.00018802293879853342 3.3586377672433594
399 9.401146939926671e-05 1.3109449238781037
39z 0.00018802293879853342 4.051784947803305
3a3 9.401146939926671e-05 0.09097177820572679
3abook 0.00047005734699633354 0.22314355131420976
3acomal 0.0012221491021904673 4.74493212836325
3adissertation 9.401146939926671e-05 2.953172659135195
3adoi 0.00018802293879853342 0.9382696385929302
3ahdl 9.401146939926671e-05 3.6463198396951406
3ajournal 0.000658080285794867 0.3260915205666521
3akev 0.0012221491021904673 0.10054122922187746
3amtx 0.0012221491021904673 0.10054122922187746
3aofi 0.0012221491021904673 0.10054122922187746
3asid 0.0012221491021904673 0.10054122922187746
3cols 9.401146939926671e-05 0.21233263520999412
3em 0.00018802293879853342 0.035401927050916
3px 0.00018802293879853342 0.12981161152199053
400 0.00018802293879853342 0.0
40022 0.0002820344081978001 4.74493212836325
410 0.00018802293879853342 3.1354942159291497
416 0.0002820344081978001 3.1354942159291497
43326 0.00018802293879853342 4.74493212836325
435 0.0002820344081978001 3.3586377672433594
438 0.00018802293879853342 3.1354942159291497
45e1 9.401146939926671e-05 4.74493212836325
46z 0.00018802293879853342 2.953172659135195
487 0.00018802293879853342 4.74493212836325
488 0.00018802293879853342 4.051784947803305
4dcf 9.401146939926671e-05 4.74493212836325
4px 0.00018802293879853342 0.8329091229351039
500 0.00018802293879853342 0.0
5000000 0.00018802293879853342 0.0
50px 9.401146939926671e-05 1.0072625100798818
512 9.401146939926671e-05 0.6505875661411494
52428800 0.00018802293879853342 0.008733679968754631
52777 0.00018802293879853342 4.74493212836325
52px 9.401146939926671e-05 1.0072625100798818
5em 0.0007520917551941337 0.0
62e20630e727 9.401146939926671e-05 4.74493212836325
635 0.00018802293879853342 3.3586377672433594
720px 0.00018802293879853342 0.0
740 0.00018802293879853342 3.3586377672433594
75px 9.401146939926671e-05 1.0072625100798818
7cext 0.0002820344081978001 0.0
7cmediawiki 9.401146939926671e-05 0.0
7cskins 9.401146939926671e-05 0.0
7cwikibase 9.401146939926671e-05 0.0
8125em 9.401146939926671e-05 0.0
8215868 0.00018802293879853342 4.74493212836325
8359 0.0002820344081978001 4.74493212836325
84_ 9.401146939926671e-05 2.3470368555648795
85312 0.0005640688163956002 4.74493212836325
90011 9.401146939926671e-05 4.74493212836325
90031 9.401146939926671e-05 4.74493212836325
920607 0.0002820344081978001 4.74493212836325
928411 0.0002820344081978001 4.74493212836325
94adding 9.401146939926671e-05 4.74493212836325
960 0.00018802293879853342 4.051784947803305
978 0.0007520917551941337 0.9837320126696876
987007284728905171 9.401146939926671e-05 4.74493212836325
9932cc 9.401146939926671e-05 1.0072625100798818
99zyk 9.401146939926671e-05 4.74493212836325
9px 0.0002820344081978001 0.09097177820572679
_semantics 0.00018802293879853342 4.74493212836325
_semantics_1 0.00018802293879853342 4.74493212836325
a2a9b1 0.0002820344081978001 0.27902400970866637
a5a0 9.401146939926671e-05 4.74493212836325
a9_ 9.401146939926671e-05 1.911718784307034
able 9.401146939926671e-05 1.911718784307034
about 0.0008461032245934004 0.0
aboutsite 9.401146939926671e-05 0.0
above 0.00018802293879853342 0.1599646496926782
abovebelow 0.00037604587759706683 0.44086703515908027
absolute 9.401146939926671e-05 0.0
acc 9.401146939926671e-05 1.3109449238781037
accessdate 0.0008461032245934004 0.2451224580329849
accesskey 0.0017862179185860676 0.0
account 0.00037604587759706683 0.0
acorn 0.00037604587759706683 3.1354942159291497
acorn_electron 9.401146939926671e-05 4.74493212836325
acornsoft 0.00047005734699633354 4.74493212836325
acquired 9.401146939926671e-05 2.4423470353692043
across 9.401146939926671e-05 0.0
action 0.0028203440819780014 0.0
actions 9.401146939926671e-05 0.0
actively 9.401146939926671e-05 3.1354942159291497
adapt 9.401146939926671e-05 2.953172659135195
add 9.401146939926671e-05 0.0
added 9.401146939926671e-05 1.0560526742493137
adding 0.0002820344081978001 0.8947845266531914
additional 0.0007520917551941337 0.0
additions 9.401146939926671e-05 2.1058747987479913
address 0.00018802293879853342 0.0
after 0.0015981949797875341 0.0
again 9.401146939926671e-05 2.1799827709017134
agree 9.401146939926671e-05 0.0
alert 0.00037604587759706683 0.0
algol 0.0002820344081978001 1.3109449238781037
algorithmic 0.00018802293879853342 2.7990219793079367
align 0.0009401146939926671 0.05358424613410626
all 0.001034126163391934 0.0
all_articles_needing_additional_references 9.401146939926671e-05 1.911718784307034
all_articles_that_may_contain_original_research 9.401146939926671e-05 3.6463198396951406
all_articles_with_unsourced_statements 9.401146939926671e-05 1.749199854809259
alpha 0.00037604587759706683 0.08149303425118301
also 0.0002820344081978001 0.19105523676270922
alt 0.0009401146939926671 0.0
alternate 0.0002820344081978001 0.0
alternative 9.401146939926671e-05 1.7004096906398272
ambox 0.002914355551377268 1.0072625100798818
amiga 0.0002820344081978001 3.3586377672433594
among 9.401146939926671e-05 1.5668782980153044
amp 0.019366362696248942 0.0
and 0.004512550531164802 0.0
anon 0.00018802293879853342 0.0
anoncontribs 9.401146939926671e-05 0.0
anontalk 9.401146939926671e-05 0.0
anonymous 9.401146939926671e-05 0.0
another 0.00018802293879853342 0.09097177820572679
any 9.401146939926671e-05 0.6844891178168307
api 9.401146939926671e-05 0.0
appeared 9.401146939926671e-05 0.40112670650956617
apple 0.0005640688163956002 0.0
apple_computer 9.401146939926671e-05 4.74493212836325
apple_ii 9.401146939926671e-05 3.6463198396951406
application 0.0005640688163956002 0.0
apply 9.401146939926671e-05 0.0
april 0.00018802293879853342 0.0
arabic 9.401146939926671e-05 1.16141318990714
archive 0.0012221491021904673 0.3504829736908114
are 0.00047005734699633354 0.0
argument 9.401146939926671e-05 0.0
aria 0.0027263326125787344 0.0
arm 9.401146939926671e-05 2.953172659135195
around 0.0002820344081978001 1.449095262358921
article 0.0015041835103882673 0.0
articles 0.002632321143179468 0.0
articles_needing_additional_references_from_january_2013 9.401146939926671e-05 4.74493212836325
articles_that_may_contain_original_research_from_august_2020 9.401146939926671e-05 4.74493212836325
articles_with_j9u_identifiers 9.401146939926671e-05 1.3437347467010947
articles_with_lccn_identifiers 9.401146939926671e-05 1.3437347467010947
articles_with_short_description 9.401146939926671e-05 0.454472687214859
articles_with_unsourced_statements_from_september_2018 9.401146939926671e-05 4.051784947803305
as_eq 9.401146939926671e-05 1.377636298376776
associated 0.00018802293879853342 0.0
async 0.0002820344081978001 0.0
atarimagazines 9.401146939926671e-05 3.6463198396951406
atherton 9.401146939926671e-05 4.74493212836325
atitle 0.000658080285794867 0.25629575863111026
atom 0.0002820344081978001 0.0
attracting 9.401146939926671e-05 4.74493212836325
attribution 9.401146939926671e-05 0.0
aufirst 0.0009401146939926671 0.3629054936893685
august 0.000658080285794867 0.0
aulast 0.0009401146939926671 0.3629054936893685
author 0.00018802293879853342 0.0
authorities 9.401146939926671e-05 1.3109449238781037
authority 0.0002820344081978001 1.16141318990714
authority_control 0.0002820344081978001 1.1340142157190256
auto 0.00037604587759706683 0.0
autocapitalize 9.401146939926671e-05 0.0
autostart 9.401146939926671e-05 0.11020314013361425
availability 0.000658080285794867 2.1058747987479913
available 0.000658080285794867 0.0
avoid 0.00018802293879853342 0.09097177820572679
b32424 0.00018802293879853342 1.0072625100798818
b8rge 9.401146939926671e-05 4.74493212836325
back 9.401146939926671e-05 1.5668782980153044
background 0.0015981949797875341 0.017544309650909525
backlink 0.001034126163391934 0.08149303425118301
bain 0.00018802293879853342 4.74493212836325
based 9.401146939926671e-05 0.3504829736908114
basic 0.002256275265582401 0.7195804376281008
basic_programming_language 9.401146939926671e-05 4.74493212836325
bbc 0.0007520917551941337 3.6463198396951406
bbc_basic 9.401146939926671e-05 4.051784947803305
bbc_micro 0.00018802293879853342 4.74493212836325
bdi 0.00037604587759706683 0.7375989431307791
became 9.401146939926671e-05 1.6094379124341003
because 9.401146939926671e-05 0.0
becoming 9.401146939926671e-05 2.4423470353692043
been 0.00018802293879853342 0.6844891178168307
before 0.001316160571589734 0.0
began 9.401146939926671e-05 1.8004931491968095
begin 9.401146939926671e-05 1.6538896750049343
beginners 9.401146939926671e-05 1.7004096906398272
beginning 0.00047005734699633354 1.749199854809259
below 9.401146939926671e-05 0.18058393689541388
benedict 0.0002820344081978001 4.74493212836325
benefit 9.401146939926671e-05 3.3586377672433594
between 9.401146939926671e-05 0.7375989431307791
bit 0.00037604587759706683 1.2791962255635234
bks 0.00018802293879853342 1.377636298376776
bkt 9.401146939926671e-05 1.377636298376776
block 9.401146939926671e-05 0.18058393689541388
body 0.0015041835103882673 0.0
bodycontent 0.00018802293879853342 0.0
bokmål 0.00018802293879853342 1.3437347467010947
bold 9.401146939926671e-05 0.2451224580329849
book 0.000658080285794867 0.42744401482693967
books 9.401146939926671e-05 0.5552773863368246
booksources 0.0015041835103882673 0.6673946844575306
bootstrap 9.401146939926671e-05 0.10054122922187746
border 0.002256275265582401 0.0
both 0.00018802293879853342 0.3022808718729337
bottom 0.00018802293879853342 0.05358424613410626
box 0.0014101720409890007 0.0
bracket 0.0015041835103882673 0.0
brady 0.00037604587759706683 3.6463198396951406
brady_8 0.00018802293879853342 4.74493212836325
bramer 0.00018802293879853342 4.74493212836325
break 0.0002820344081978001 0.05358424613410626
browsing 9.401146939926671e-05 0.0
btitle 0.00047005734699633354 0.22314355131420976
btn 0.0005640688163956002 0.0
burkhard 0.00018802293879853342 4.74493212836325
but 0.0002820344081978001 0.3629054936893685
button 0.0030083670207765346 0.0
buttons 9.401146939926671e-05 0.0
bytes 0.00037604587759706683 0.0
børge 0.0005640688163956002 4.74493212836325
c13_en 9.401146939926671e-05 0.0
cache 0.00018802293879853342 0.0
cached 9.401146939926671e-05 0.0
cachereport 9.401146939926671e-05 0.0
cactions 0.0005640688163956002 0.0
called 9.401146939926671e-05 0.6844891178168307
calls 9.401146939926671e-05 0.0
campaigns 9.401146939926671e-05 0.0
canonical 0.00018802293879853342 0.0
capable 9.401146939926671e-05 2.26002547857525
caption 0.00018802293879853342 0.21233263520999412
catalog_lookup_link 0.00018802293879853342 3.1354942159291497
categories 0.00018802293879853342 0.02643325706815543
category 0.0031963899595750683 0.0
catlinks 0.0005640688163956002 0.0
cats 9.401146939926671e-05 0.0721032939013439
ccf 9.401146939926671e-05 0.454472687214859
cell 9.401146939926671e-05 0.7195804376281008
center 0.0009401146939926671 0.017544309650909525
centralauth 0.00018802293879853342 0.0
centralautologin 0.00018802293879853342 0.0
centralnotice 0.0002820344081978001 0.0
challenged 9.401146939926671e-05 1.8004931491968095
change 9.401146939926671e-05 0.0
changes 0.00037604587759706683 0.0
characteristics 9.401146939926671e-05 2.5477075510270306
charinsert 9.401146939926671e-05 0.0
charset 9.401146939926671e-05 0.0
checkbox 0.0031963899595750683 0.0
chichester 0.00018802293879853342 4.74493212836325
child 0.0023502867349816676 0.06280090123903044
christensen 0.002068252326783868 4.051784947803305
citation 0.0021622637961831344 0.08149303425118301
citation_needed 9.401146939926671e-05 1.749199854809259
citations 0.00018802293879853342 1.2185716037470886
cite 0.004136504653567736 0.0
cite_note 0.0024442982043809346 0.08149303425118301
cite_ref 0.0028203440819780014 0.08149303425118301
cite_web 0.00018802293879853342 0.4682660093471948
citerefbainlindsay 9.401146939926671e-05 4.74493212836325
citerefbrady1986 9.401146939926671e-05 4.74493212836325
citerefbramer1982 9.401146939926671e-05 4.74493212836325
citerefchristensen 9.401146939926671e-05 4.74493212836325
citerefkelly1984 9.401146939926671e-05 4.74493212836325
citerefleuschner1987 9.401146939926671e-05 4.74493212836325
citereflundyo 9.401146939926671e-05 4.74493212836325
citerefmoynihan1983 9.401146939926671e-05 4.74493212836325
citerefryan 9.401146939926671e-05 4.74493212836325
citerefthorntonchristensen1984 9.401146939926671e-05 4.74493212836325
citethispage 9.401146939926671e-05 0.0
claim 9.401146939926671e-05 1.5668782980153044
class 0.04352731033186049 0.0
classname 0.0002820344081978001 0.0
clear 0.00018802293879853342 0.11995931507897897
client 0.0005640688163956002 0.0
code 0.00018802293879853342 0.035401927050916
coll 0.00037604587759706683 0.0
collapse 0.00018802293879853342 0.21233263520999412
collapsed 0.0002820344081978001 0.0
collapses 9.401146939926671e-05 0.0
collapsible 0.0009401146939926671 0.0
college 9.401146939926671e-05 2.3470368555648795
color 0.0015981949797875341 0.017544309650909525
colspan 0.0002820344081978001 0.14981227822866008
column 0.0002820344081978001 0.09097177820572679
columns 0.0005640688163956002 0.09097177820572679
com 0.000658080285794867 0.11995931507897897
comal 0.01231550249130394 4.74493212836325
comal_ 9.401146939926671e-05 4.74493212836325
comal_2nd 0.00018802293879853342 4.74493212836325
comal_handbook_1983_reston_publishing 9.401146939926671e-05 4.74493212836325
comal_kernel_syntax_ 0.00037604587759706683 4.74493212836325
comal_reference_guide 9.401146939926671e-05 4.74493212836325
comal_today_issue_24 9.401146939926671e-05 4.74493212836325
comal_today_issue_25 0.0002820344081978001 4.74493212836325
comet 0.00018802293879853342 3.6463198396951406
comet_ 9.401146939926671e-05 3.6463198396951406
comfortably 9.401146939926671e-05 4.74493212836325
commercial 9.401146939926671e-05 1.3109449238781037
commodore 0.0009401146939926671 2.7990219793079367
commodore_128 9.401146939926671e-05 4.74493212836325
commodore_64 9.401146939926671e-05 4.051784947803305
commodore_international 9.401146939926671e-05 4.051784947803305
commodore_pet 0.00018802293879853342 4.74493212836325
common 0.0008461032245934004 0.8737311174553593
common_comal_definition_and_tests 0.00018802293879853342 4.74493212836325
common_comal_definition_and_tests_2 0.00018802293879853342 4.74493212836325
commons 0.00047005734699633354 0.0
community 9.401146939926671e-05 0.0
community_portal 9.401146939926671e-05 0.0
compact 0.00018802293879853342 0.8947845266531914
compactlinks 9.401146939926671e-05 0.0
company 0.00018802293879853342 1.0072625100798818
compared 9.401146939926671e-05 1.9723434061234688
compatible 0.00018802293879853342 1.486835590341768
compatible_keywords 0.00018802293879853342 4.74493212836325
compatible_keywords_3 0.00018802293879853342 4.74493212836325
compis 0.0008461032245934004 4.74493212836325
complete 9.401146939926671e-05 1.4127276181880462
compliant 9.401146939926671e-05 2.5477075510270306
complications 9.401146939926671e-05 0.0
compute 9.401146939926671e-05 2.03688192726104
computer 0.0014101720409890007 0.12981161152199053
computer_science 9.401146939926671e-05 0.5860490450035782
computers 0.00047005734699633354 1.0813704822336037
computing 0.0002820344081978001 0.3504829736908114
concept 9.401146939926671e-05 1.8004931491968095
condition 9.401146939926671e-05 1.9723434061234688
conditions 9.401146939926671e-05 2.1799827709017134
config 0.00018802293879853342 0.0
conjection 9.401146939926671e-05 4.74493212836325
contact 0.00037604587759706683 0.0
contact_us 0.00018802293879853342 0.0
contactpage 9.401146939926671e-05 0.0
contain 0.0005640688163956002 1.749199854809259
container 0.0014101720409890007 0.0
containing 9.401146939926671e-05 0.0
contains 0.00018802293879853342 1.4127276181880462
content 0.0068628372661464696 0.0
contentinfo 9.401146939926671e-05 0.0
contents 0.0012221491021904673 0.0
contentsub 9.401146939926671e-05 0.0
context 0.00018802293879853342 0.0
continue 9.401146939926671e-05 2.3470368555648795
contract 9.401146939926671e-05 2.7990219793079367
contribute 9.401146939926671e-05 0.0
contributions 9.401146939926671e-05 0.0
contributors 0.00018802293879853342 0.0
control 0.00047005734699633354 0.44086703515908027
controls 0.00018802293879853342 0.0
conversion 9.401146939926671e-05 0.0
cookie 0.00047005734699633354 0.0
cookie_statement 9.401146939926671e-05 0.0
cookiestatement 9.401146939926671e-05 0.0
copyright 0.0002820344081978001 0.0
copyrightico 9.401146939926671e-05 0.0
corresponded 9.401146939926671e-05 4.74493212836325
costs 9.401146939926671e-05 3.3586377672433594
could 9.401146939926671e-05 1.0813704822336037
count 0.00018802293879853342 0.0
counter 0.00037604587759706683 0.27902400970866637
course 0.0002820344081978001 1.8545603704670854
coverage 0.00018802293879853342 2.3470368555648795
cpu 9.401146939926671e-05 0.0
cputime 9.401146939926671e-05 0.0
create 0.00037604587759706683 0.0
createaccount 0.00037604587759706683 0.0
created 0.00047005734699633354 0.44086703515908027
creative 9.401146939926671e-05 0.0
creativecommons 0.00018802293879853342 0.0
creator 9.401146939926671e-05 2.26002547857525
critiques 9.401146939926671e-05 4.74493212836325
cross 9.401146939926671e-05 0.0
crossorigin 9.401146939926671e-05 0.0
cs1 0.0024442982043809346 0.09097177820572679
csrftoken 9.401146939926671e-05 0.0
ctx_ver 0.0012221491021904673 0.10054122922187746
current 0.00018802293879853342 0.0
current_events 9.401146939926671e-05 0.0
currentevents 9.401146939926671e-05 0.0
d33 0.00018802293879853342 0.09097177820572679
danish 0.00047005734699633354 1.9723434061234688
dansk 0.0002820344081978001 1.9723434061234688
data 0.005358653755758202 0.0
data_general_extended_basic 9.401146939926671e-05 4.051784947803305
data_general_nova 9.401146939926671e-05 4.74493212836325
datahistorisk 0.00018802293879853342 4.74493212836325
datamuseum 9.401146939926671e-05 4.74493212836325
date 0.0009401146939926671 0.08149303425118301
datemodified 0.00018802293879853342 0.0
datepublished 0.00018802293879853342 0.0
david 0.00018802293879853342 1.16141318990714
ddf 9.401146939926671e-05 0.454472687214859
december 9.401146939926671e-05 0.0
decimal 9.401146939926671e-05 0.09097177820572679
decoding 0.00018802293879853342 0.11020314013361425
deduplicate 0.0005640688163956002 0.017544309650909525
deduplicated 0.0016922064491868007 0.06280090123903044
defined 9.401146939926671e-05 0.9162907318741551
definition 0.00037604587759706683 1.2185716037470886
definitive 9.401146939926671e-05 3.3586377672433594
delete 9.401146939926671e-05 0.9162907318741551
denmark 0.0005640688163956002 4.051784947803305
depth 0.0002820344081978001 0.0
description 0.0007520917551941337 0.0
design 0.0011281376327912005 0.3141153295199365
designed 9.401146939926671e-05 0.3504829736908114
desktop 0.00018802293879853342 1.749199854809259
desktop_pc 9.401146939926671e-05 4.74493212836325
desktoparticletarget 0.0002820344081978001 0.0
details 0.0005640688163956002 1.1340142157190256
detection 9.401146939926671e-05 0.0
deutsch 9.401146939926671e-05 0.5254244231871433
develop 9.401146939926671e-05 1.911718784307034
developed 0.0002820344081978001 0.540239508972284
developer 9.401146939926671e-05 0.0
developers 0.00018802293879853342 0.0
developing 9.401146939926671e-05 2.1058747987479913
development 0.00018802293879853342 0.38822330167365837
did 9.401146939926671e-05 1.7004096906398272
different 0.0002820344081978001 0.38822330167365837
difficult 9.401146939926671e-05 2.26002547857525
dir 0.000658080285794867 0.0
directly 9.401146939926671e-05 1.1895840668738364
disabled 0.001034126163391934 0.0
discipline 9.401146939926671e-05 0.8131064956389242
disclaimers 0.00018802293879853342 0.0
discuss 9.401146939926671e-05 0.0
discussion 0.00018802293879853342 0.0
display 0.0007520917551941337 0.0
div 0.01861427094105481 0.0
dmy 9.401146939926671e-05 0.0
dns 0.00018802293879853342 0.0
dobasicsearch 9.401146939926671e-05 1.377636298376776
doctype 9.401146939926671e-05 0.0
document 0.00037604587759706683 0.0
documentelement 0.0002820344081978001 0.0
does 0.00018802293879853342 0.4682660093471948
doi 0.0005640688163956002 0.8131064956389242
doi_ 0.00018802293879853342 0.9162907318741551
domain 0.0002820344081978001 1.377636298376776
donate 0.0002820344081978001 0.0
donating 9.401146939926671e-05 0.0
dos 0.0005640688163956002 2.3470368555648795
dosbox 0.0002820344081978001 4.74493212836325
download 0.0007520917551941337 0.0
downloadaspdf 9.401146939926671e-05 0.0
dropdown 0.0023502867349816676 0.0
dspace 0.00018802293879853342 4.051784947803305
dublin 0.00037604587759706683 4.74493212836325
dutch 9.401146939926671e-05 1.3437347467010947
e6e6ff 9.401146939926671e-05 0.454472687214859
early 9.401146939926671e-05 1.2791962255635234
easy 9.401146939926671e-05 1.7004096906398272
echo 9.401146939926671e-05 0.0
edit 0.004136504653567736 0.0
editable 9.401146939926671e-05 0.0
edited 9.401146939926671e-05 0.0
editing 0.00018802293879853342 0.0
edition 9.401146939926671e-05 1.2484245668967697
editor 0.00018802293879853342 0.0
editors 0.00018802293879853342 0.0
editpage 9.401146939926671e-05 0.0
edits 0.00018802293879853342 0.0
editsection 0.002256275265582401 0.0
edituri 9.401146939926671e-05 0.0
education 0.0002820344081978001 1.486835590341768
educational 0.0007520917551941337 2.26002547857525
educational_programming_languages 9.401146939926671e-05 3.1354942159291497
eee 9.401146939926671e-05 0.48225225132193467
electron 0.00037604587759706683 4.051784947803305
element 0.000658080285794867 0.0
elements 0.0002820344081978001 1.2791962255635234
ellipsis 0.00018802293879853342 0.0
elt 0.00037604587759706683 0.0
empty 0.0005640688163956002 0.0
emptyportlet 0.00018802293879853342 0.0
enabled 0.001034126163391934 0.0
encouraged 0.00047005734699633354 0.0
encyclopedia 0.00018802293879853342 0.0
end 9.401146939926671e-05 0.0
endfor 9.401146939926671e-05 4.74493212836325
endif 9.401146939926671e-05 3.3586377672433594
english 0.0002820344081978001 0.0
enhanced 9.401146939926671e-05 2.1799827709017134
enhancements 9.401146939926671e-05 0.0721032939013439
entities 9.401146939926671e-05 0.0
entity 0.00037604587759706683 0.0
entityaccesscount 9.401146939926671e-05 0.0
entitypage 0.00018802293879853342 0.0
environment 9.401146939926671e-05 0.7375989431307791
enwiki 9.401146939926671e-05 0.0
enwikimwclientprefs 9.401146939926671e-05 0.0
error 0.00018802293879853342 0.09097177820572679
errors 0.0002820344081978001 1.486835590341768
es6 9.401146939926671e-05 0.0
esi 0.00018802293879853342 0.0
esitest 9.401146939926671e-05 0.0
español 9.401146939926671e-05 0.7195804376281008
even 9.401146939926671e-05 0.40112670650956617
event 0.0009401146939926671 0.0
eventlogging 0.00018802293879853342 0.0
events 0.00018802293879853342 0.0
evers 9.401146939926671e-05 4.74493212836325
evolved 9.401146939926671e-05 2.7990219793079367
exact 9.401146939926671e-05 0.0
examples 0.0008461032245934004 1.2185716037470886
exist 0.00018802293879853342 0.540239508972284
exists 9.401146939926671e-05 0.0
expand 0.0002820344081978001 0.0
expanded 0.0007520917551941337 0.008733679968754631
expansion 0.00018802293879853342 0.0
expansiondepth 9.401146939926671e-05 0.0
expectation 9.401146939926671e-05 4.74493212836325
expected 9.401146939926671e-05 1.9723434061234688
expensive 9.401146939926671e-05 0.0
expensivefunctioncount 9.401146939926671e-05 0.0
experimenting 9.401146939926671e-05 4.051784947803305
expiry 0.00018802293879853342 0.0
export 9.401146939926671e-05 0.0
ext 0.002632321143179468 0.0
extended 0.00018802293879853342 1.377636298376776
extension 9.401146939926671e-05 0.7375989431307791
extensions 9.401146939926671e-05 0.8131064956389242
external 0.0031023784901758012 0.0
external_links 0.00037604587759706683 0.19105523676270922
extra 9.401146939926671e-05 0.0
f28500 9.401146939926671e-05 1.0072625100798818
f7f7f7 9.401146939926671e-05 0.454472687214859
fa8a495983347898 9.401146939926671e-05 0.0
fact 9.401146939926671e-05 1.1340142157190256
fallbacksearchbutton 9.401146939926671e-05 0.0
false 0.0011281376327912005 0.0
favicon 9.401146939926671e-05 0.0
favourite 0.00018802293879853342 4.74493212836325
fbfbfb 9.401146939926671e-05 1.0072625100798818
fc3 9.401146939926671e-05 1.0072625100798818
fdfdfd 0.0002820344081978001 0.44086703515908027
feature 0.0019742408573846008 0.0
featurename 0.0002820344081978001 0.0
february 0.0002820344081978001 0.0
fee7e6 9.401146939926671e-05 1.0072625100798818
feed 0.00018802293879853342 0.0
few 9.401146939926671e-05 1.7004096906398272
file 0.0007520917551941337 0.0
file_upload_wizard 0.00018802293879853342 0.0
files 9.401146939926671e-05 0.0
find 0.00018802293879853342 0.6177977433181585
find_code 9.401146939926671e-05 1.3437347467010947
firm 9.401146939926671e-05 2.7990219793079367
firms 9.401146939926671e-05 3.1354942159291497
first 0.0018802293879853342 0.0
firstheading 0.0002820344081978001 0.0
five 9.401146939926671e-05 1.9723434061234688
float 0.00018802293879853342 0.06280090123903044
flow 9.401146939926671e-05 1.0813704822336037
flush 0.00047005734699633354 0.0
font 0.0012221491021904673 0.017544309650909525
footer 0.0024442982043809346 0.0
for 0.0028203440819780014 0.0
forening 0.00018802293879853342 4.74493212836325
fork 9.401146939926671e-05 2.665490586683414
form 0.0002820344081978001 0.0
formal 9.401146939926671e-05 1.8545603704670854
format 0.0002820344081978001 0.0
found 9.401146939926671e-05 1.449095262358921
foundation 0.0008461032245934004 0.0
foundations 0.0002820344081978001 3.6463198396951406
free 0.00047005734699633354 0.0
from 0.0019742408573846008 0.0
frustrated 9.401146939926671e-05 4.051784947803305
full 0.0002820344081978001 0.044451762570833796
fulltext 9.401146939926671e-05 0.0
func 9.401146939926671e-05 1.2185716037470886
function 0.0005640688163956002 0.0
fundraiserredirector 9.401146939926671e-05 0.0
further 0.00037604587759706683 0.7375989431307791
further_reading 0.00037604587759706683 1.2484245668967697
gadget 0.00037604587759706683 0.0
gaeilge 9.401146939926671e-05 2.7990219793079367
gehomepagesuggestededitsenabletopics 9.401146939926671e-05 0.0
general 0.00037604587759706683 0.6844891178168307
general_disclaimer 9.401146939926671e-05 0.0
generator 9.401146939926671e-05 0.0
genre 0.0011281376327912005 0.10054122922187746
geoip 9.401146939926671e-05 0.0
german 9.401146939926671e-05 0.5108256237659907
gill 0.00018802293879853342 4.051784947803305
github 9.401146939926671e-05 1.0560526742493137
globalcssjs 0.00018802293879853342 0.0
google 0.00047005734699633354 0.540239508972284
googpub 0.00018802293879853342 0.0
gordon 9.401146939926671e-05 4.74493212836325
goto 0.0002820344081978001 2.1058747987479913
gov 9.401146939926671e-05 1.1340142157190256
graphics 0.00018802293879853342 1.6094379124341003
gray 9.401146939926671e-05 0.09097177820572679
greek 0.00018802293879853342 0.09097177820572679
green 9.401146939926671e-05 0.09097177820572679
group 0.0014101720409890007 0.0
groups 9.401146939926671e-05 1.5668782980153044
growthexperiments 9.401146939926671e-05 0.0
grundy 0.00018802293879853342 4.74493212836325
grundy_newbrain 9.401146939926671e-05 4.74493212836325
guidance 9.401146939926671e-05 0.0
guide 9.401146939926671e-05 1.1340142157190256
guides 9.401146939926671e-05 0.0
hack 0.0005640688163956002 0.0
had 0.000658080285794867 1.0313600616589422
handbook 9.401146939926671e-05 3.1354942159291497
handed 9.401146939926671e-05 3.6463198396951406
handle 0.00018802293879853342 1.8545603704670854
has 0.00018802293879853342 0.0
haspopup 0.00047005734699633354 0.0
hdl 0.0002820344081978001 3.3586377672433594
hdl_ 9.401146939926671e-05 3.6463198396951406
head 0.0002820344081978001 0.0
header 0.002538309673780201 0.0
heading 0.0021622637961831344 0.0
headline 0.0009401146939926671 0.0
height 0.001316160571589734 0.0
hello 0.00018802293879853342 1.1340142157190256
help 0.001316160571589734 0.0
here 9.401146939926671e-05 0.0
hidden 0.001316160571589734 0.0
hide 0.00037604587759706683 0.0
high 9.401146939926671e-05 0.8531118302526235
highest 9.401146939926671e-05 0.0
highlight 0.00037604587759706683 0.6177977433181585
highlighting 0.0002820344081978001 2.7990219793079367
him 9.401146939926671e-05 3.6463198396951406
hindsight 9.401146939926671e-05 4.74493212836325
his 9.401146939926671e-05 1.4127276181880462
history 0.0012221491021904673 0.0
hlist 0.005358653755758202 0.2905848321097423
home 0.00018802293879853342 1.4127276181880462
home_computer 9.401146939926671e-05 4.74493212836325
hor 0.00018802293879853342 0.0
horwood 0.00018802293879853342 3.6463198396951406
hosted 9.401146939926671e-05 0.0
how 0.0005640688163956002 0.0
however 0.00047005734699633354 0.0
href 0.02829745228917928 0.0
hreflang 0.001034126163391934 0.11020314013361425
html 0.00047005734699633354 0.0
http 0.0008461032245934004 0.0
https 0.005640688163956003 0.0
hub 9.401146939926671e-05 0.0
ibm 0.00037604587759706683 1.2185716037470886
ibm_pc 9.401146939926671e-05 3.1354942159291497
ico 9.401146939926671e-05 0.0
icon 0.003290401428974335 0.0
icons 0.00037604587759706683 0.0
identifier 0.0024442982043809346 0.42744401482693967
identifiers 0.000658080285794867 1.0813704822336037
idhash 9.401146939926671e-05 0.0
image 0.0007520917551941337 0.0
imageobject 0.00018802293879853342 0.0
imageright 9.401146939926671e-05 0.8329091229351039
images 0.0012221491021904673 0.0
img 0.0007520917551941337 0.0
implement 9.401146939926671e-05 0.0
implementation 0.00047005734699633354 0.5705448584676129
implementations 0.00018802293879853342 0.8531118302526235
important 9.401146939926671e-05 0.7018808605286999
impressed 9.401146939926671e-05 4.051784947803305
improve 9.401146939926671e-05 0.9382696385929302
improvements 9.401146939926671e-05 0.0
inc 0.0002820344081978001 0.0
include 0.00018802293879853342 0.0
including 9.401146939926671e-05 0.7375989431307791
increment 9.401146939926671e-05 0.26759531388504365
index 0.0028203440819780014 0.0
indicators 9.401146939926671e-05 0.0
industrial 9.401146939926671e-05 2.953172659135195
influenced 9.401146939926671e-05 0.454472687214859
info 0.0031963899595750683 0.0
infobox 0.0021622637961831344 0.21233263520999412
infobox_programming_language 0.00018802293879853342 0.37548427589622857
information 0.0002820344081978001 0.0
infoworld 0.0002820344081978001 2.3470368555648795
inherit 0.000658080285794867 0.035401927050916
init 0.0002820344081978001 0.0
inline 0.0024442982043809346 0.035401927050916
inner 0.00037604587759706683 0.0
input 0.0015041835103882673 0.0
inside 0.00018802293879853342 0.0721032939013439
insisted 9.401146939926671e-05 4.74493212836325
inspired 9.401146939926671e-05 1.749199854809259
inst 9.401146939926671e-05 2.953172659135195
instructions 9.401146939926671e-05 1.7004096906398272
interaction 0.0002820344081978001 0.0
interactive 0.00018802293879853342 1.3437347467010947
interest 9.401146939926671e-05 1.9723434061234688
interface 0.00018802293879853342 0.0
interlanguage 0.002538309673780201 0.0
internal 9.401146939926671e-05 1.16141318990714
international 9.401146939926671e-05 0.9607424944449889
internet 0.00018802293879853342 2.03688192726104
interwiki 0.001034126163391934 0.11020314013361425
into 9.401146939926671e-05 0.48225225132193467
introduce 9.401146939926671e-05 2.7990219793079367
introduced 9.401146939926671e-05 1.1895840668738364
introduction 0.0002820344081978001 0.0
ireland 0.0005640688163956002 4.051784947803305
irish 0.00018802293879853342 2.7990219793079367
isbn 0.0018802293879853342 0.6673946844575306
isbn_ 0.0007520917551941337 0.6673946844575306
israel 9.401146939926671e-05 1.3437347467010947
issn 0.0007520917551941337 1.8545603704670854
issn_ 0.00018802293879853342 1.8545603704670854
issue 0.000658080285794867 0.8947845266531914
issue54 9.401146939926671e-05 4.74493212836325
italian 9.401146939926671e-05 0.7559480817989758
italiano 9.401146939926671e-05 0.7746402148111283
item 0.006956848735545736 0.0
items 9.401146939926671e-05 0.0
its 9.401146939926671e-05 0.25629575863111026
j9u 0.0002820344081978001 1.3437347467010947
january 0.0009401146939926671 0.0
jim 9.401146939926671e-05 2.5477075510270306
john 0.00018802293879853342 1.2185716037470886
josvisser 9.401146939926671e-05 4.74493212836325
journal 0.000658080285794867 0.7195804376281008
jquery 9.401146939926671e-05 0.0
json 0.00018802293879853342 0.0
jspui 0.00018802293879853342 4.74493212836325
jstor 0.00018802293879853342 1.377636298376776
jtitle 0.000658080285794867 0.3260915205666521
july 9.401146939926671e-05 0.0
jump 0.00018802293879853342 0.0
june 9.401146939926671e-05 0.0
język 9.401146939926671e-05 2.3470368555648795
kelly 0.00037604587759706683 3.6463198396951406
kelly_9 0.00018802293879853342 4.74493212836325
kern 0.00018802293879853342 0.09097177820572679
kernel 0.0002820344081978001 1.911718784307034
kevin 0.00018802293879853342 4.051784947803305
key 9.401146939926671e-05 0.0
keyword 0.00018802293879853342 1.6094379124341003
keyword_syntax_and_examples 0.00018802293879853342 4.74493212836325
keyword_syntax_and_examples_4 0.00018802293879853342 4.74493212836325
keywords 0.00018802293879853342 1.8545603704670854
kingdom 9.401146939926671e-05 2.5477075510270306
kjaer 9.401146939926671e-05 4.74493212836325
kr_comal80_kernel_syntax_and_semantics_apr_1985 9.401146939926671e-05 4.74493212836325
label 0.004888596408761869 0.0
labelledby 9.401146939926671e-05 0.0
lacked 9.401146939926671e-05 2.953172659135195
landmark 0.00037604587759706683 0.0
lang 0.0024442982043809346 0.0
langlinks 0.00018802293879853342 0.0
language 0.0036664473065714017 0.0
languages 0.0018802293879853342 0.0
last 0.0012221491021904673 0.0
lastmod 9.401146939926671e-05 0.0
later 9.401146939926671e-05 0.8531118302526235
latter 9.401146939926671e-05 2.03688192726104
lazy 0.00018802293879853342 0.0
lboro 0.00018802293879853342 4.74493212836325
lccn 0.0002820344081978001 1.3109449238781037
lead 9.401146939926671e-05 2.3470368555648795
learn 0.0005640688163956002 0.0
least 9.401146939926671e-05 1.8545603704670854
led 9.401146939926671e-05 1.911718784307034
left 0.0019742408573846008 0.0
leicester 9.401146939926671e-05 4.74493212836325
len 0.0002820344081978001 3.6463198396951406
leuschner 0.00018802293879853342 4.74493212836325
level 0.0008461032245934004 0.0
levels 9.401146939926671e-05 0.0
license 0.00037604587759706683 0.0
licenses 0.00018802293879853342 0.0
like 0.00018802293879853342 0.41419878807691896
limit 0.001034126163391934 0.0
limited 0.0005640688163956002 0.0
limitreport 0.0002820344081978001 0.0
lindsay 0.0002820344081978001 4.74493212836325
line 0.000658080285794867 0.10054122922187746
line_number 9.401146939926671e-05 4.74493212836325
link 0.007050860204945004 0.0
linked 9.401146939926671e-05 0.0
links 0.0017862179185860676 0.0
linux 0.0002820344081978001 1.0313600616589422
list 0.009683181348124471 0.0
listbullet 0.0002820344081978001 0.0
listitem 0.00037604587759706683 0.2905848321097423
load 0.0002820344081978001 0.0
loaded 9.401146939926671e-05 0.0
loader 9.401146939926671e-05 0.0
loading 0.0002820344081978001 0.0
loc 0.00018802293879853342 0.0
local_base 9.401146939926671e-05 1.3109449238781037
locally 9.401146939926671e-05 2.953172659135195
lock 0.001034126163391934 0.09097177820572679
log 0.000658080285794867 0.0
logged 0.00018802293879853342 0.0
login 0.00047005734699633354 0.0
logo 0.0009401146939926671 0.0
logo_ 9.401146939926671e-05 2.953172659135195
look 9.401146939926671e-05 1.749199854809259
looks 9.401146939926671e-05 2.4423470353692043
loop 9.401146939926671e-05 1.2791962255635234
loops 9.401146939926671e-05 2.1058747987479913
loughborough 0.0002820344081978001 4.74493212836325
low 9.401146939926671e-05 1.8545603704670854
lower 0.0005640688163956002 0.09097177820572679
ltr 0.0019742408573846008 0.0
lua 0.00018802293879853342 0.008733679968754631
lundy 0.00037604587759706683 4.74493212836325
lundyosullivan1990 0.0002820344081978001 4.74493212836325
lundyosullivan1990_10 0.00037604587759706683 4.74493212836325
løfstedt 0.00037604587759706683 4.74493212836325
mac 0.00018802293879853342 2.1058747987479913
mac_os_x 9.401146939926671e-05 3.6463198396951406
machine 0.0002820344081978001 0.6340582641899388
machine_language 9.401146939926671e-05 3.6463198396951406
machines 9.401146939926671e-05 1.5668782980153044
macmillan 0.00018802293879853342 4.051784947803305
made 0.00018802293879853342 0.0
mail 9.401146939926671e-05 2.665490586683414
main 0.0023502867349816676 0.0
main_page 0.00018802293879853342 0.0
mainentity 0.00018802293879853342 0.0
mainly 9.401146939926671e-05 2.5477075510270306
mainpage 9.401146939926671e-05 0.0
maint 9.401146939926671e-05 0.09097177820572679
maintain 9.401146939926671e-05 2.3470368555648795
maintenance 9.401146939926671e-05 0.9382696385929302
maintenance_template_removal 9.401146939926671e-05 1.0813704822336037
mandatory 0.00037604587759706683 0.0
manual 0.00018802293879853342 1.1340142157190256
manufactured 9.401146939926671e-05 4.051784947803305
many 9.401146939926671e-05 0.6673946844575306
march 9.401146939926671e-05 0.0
margin 0.0015981949797875341 0.017544309650909525
mark 9.401146939926671e-05 1.486835590341768
match 9.401146939926671e-05 0.0
matched 9.401146939926671e-05 3.3586377672433594
material 0.00018802293879853342 1.486835590341768
mathematics 9.401146939926671e-05 1.8545603704670854
max 0.00018802293879853342 0.0
may 0.0009401146939926671 0.0
mbox 0.001034126163391934 1.0072625100798818
meant 9.401146939926671e-05 2.4423470353692043
media 0.0002820344081978001 0.0
mediawiki 0.0008461032245934004 0.0
memory 9.401146939926671e-05 0.008733679968754631
memusage 9.401146939926671e-05 0.008733679968754631
menu 0.009307135470527405 0.0
message 0.0002820344081978001 0.0
met 9.401146939926671e-05 2.665490586683414
meta 0.0012221491021904673 0.0
metadata 9.401146939926671e-05 0.6017974019717174
michael 0.00037604587759706683 1.3109449238781037
micro 0.00037604587759706683 1.9723434061234688
microcomputer 0.0005640688163956002 2.5477075510270306
microcomputers 9.401146939926671e-05 3.1354942159291497
min 0.00018802293879853342 0.12981161152199053
minerva 0.0007520917551941337 0.13976194237515863
minicomputer 9.401146939926671e-05 3.6463198396951406
mixture 9.401146939926671e-05 3.1354942159291497
mmv 0.00018802293879853342 0.11020314013361425
mobile 0.0002820344081978001 0.0
mobileaction 9.401146939926671e-05 0.0
mobileview 9.401146939926671e-05 0.0
mode 9.401146939926671e-05 1.5260563034950492
module 9.401146939926671e-05 0.0
modules 0.0002820344081978001 0.0
mogens 9.401146939926671e-05 4.74493212836325
months 0.00018802293879853342 1.7004096906398272
more 0.001316160571589734 0.0
more_citations_needed 0.0002820344081978001 2.03688192726104
move 0.00018802293879853342 0.0
moved 9.401146939926671e-05 0.0
moynihan 0.00037604587759706683 4.74493212836325
moynihan_7 0.00018802293879853342 4.74493212836325
multi 9.401146939926671e-05 0.8329091229351039
mw1454 0.00018802293879853342 4.051784947803305
mw1477 9.401146939926671e-05 4.051784947803305
mycontributions 9.401146939926671e-05 0.0
mytalk 9.401146939926671e-05 0.0
n31 9.401146939926671e-05 4.74493212836325
name 0.0031023784901758012 0.0
named 9.401146939926671e-05 1.1073459686368643
namespaces 9.401146939926671e-05 0.0
national 9.401146939926671e-05 0.8947845266531914
nav 0.001316160571589734 0.0
navbar 0.0002820344081978001 0.06280090123903044
navbox 0.004606562000564069 0.454472687214859
navigation 0.0011281376327912005 0.0
navigationtiming 9.401146939926671e-05 0.0
near 9.401146939926671e-05 2.1058747987479913
nearby 9.401146939926671e-05 0.0
necessary 9.401146939926671e-05 2.03688192726104
nederlands 9.401146939926671e-05 1.4127276181880462
needed 0.00018802293879853342 1.1340142157190256
needing 0.0005640688163956002 1.5260563034950492
needs 0.00018802293879853342 1.0813704822336037
net 9.401146939926671e-05 0.7195804376281008
neutral 9.401146939926671e-05 2.665490586683414
never 9.401146939926671e-05 2.03688192726104
new 0.001034126163391934 0.14981227822866008
newbrain 0.00018802293879853342 4.74493212836325
newpp 9.401146939926671e-05 0.0
news 9.401146939926671e-05 0.5552773863368246
newspapers 9.401146939926671e-05 1.377636298376776
next 9.401146939926671e-05 1.2484245668967697
niklaus 0.00018802293879853342 2.3470368555648795
niklaus_wirth 9.401146939926671e-05 2.3470368555648795
nli 9.401146939926671e-05 1.3437347467010947
nlx10 9.401146939926671e-05 1.3437347467010947
nmr 0.00018802293879853342 4.74493212836325
no_original_research 9.401146939926671e-05 2.03688192726104
node 9.401146939926671e-05 0.0
noexcerpt 9.401146939926671e-05 0.42744401482693967
nofollow 0.0028203440819780014 0.0
noicon 0.00047005734699633354 0.0
nojs 9.401146939926671e-05 0.0
nomobile 9.401146939926671e-05 0.4682660093471948
non 9.401146939926671e-05 0.0
none 0.0014101720409890007 0.0
noprint 0.000658080285794867 0.0
normal 0.00037604587759706683 0.0
normally 9.401146939926671e-05 2.03688192726104
norsk 9.401146939926671e-05 1.3437347467010947
norwegian 9.401146939926671e-05 1.3437347467010947
noscript 0.00037604587759706683 0.0
nosnippet 9.401146939926671e-05 0.0
not 0.0007520917551941337 0.0
note 9.401146939926671e-05 0.6340582641899388
notice 9.401146939926671e-05 0.0
nova 0.00047005734699633354 4.051784947803305
november 0.00037604587759706683 0.0
now 9.401146939926671e-05 1.0072625100798818
nowrap 0.0012221491021904673 0.05358424613410626
nowraplinks 9.401146939926671e-05 0.454472687214859
nstab 9.401146939926671e-05 0.0
null 9.401146939926671e-05 0.0
numb 0.0007520917551941337 0.0
number 0.0005640688163956002 0.0
numbers 9.401146939926671e-05 1.16141318990714
nws 9.401146939926671e-05 1.377636298376776
october 9.401146939926671e-05 0.0
odd 0.00018802293879853342 0.454472687214859
oldid 0.0002820344081978001 0.0
one 9.401146939926671e-05 0.42744401482693967
only 0.0005640688163956002 0.0
ontario 9.401146939926671e-05 4.051784947803305
oojs_ui_icon_edit 0.0005640688163956002 0.8737311174553593
opencomal 0.0002820344081978001 4.74493212836325
opensearch_desc 9.401146939926671e-05 0.0
opensearchdescription 9.401146939926671e-05 0.0
options 0.00047005734699633354 0.0
org 0.009307135470527405 0.0
organization 0.00047005734699633354 0.0
origin 0.00047005734699633354 0.0
original 0.0008461032245934004 0.3022808718729337
originally 0.00018802293879853342 0.9607424944449889
other 0.00018802293879853342 0.0
out 0.00037604587759706683 0.0
output 0.014195731879289273 0.0
over 0.0002820344081978001 0.9162907318741551
overflow 0.0002820344081978001 0.0
packaged 9.401146939926671e-05 4.051784947803305
padding 0.0014101720409890007 0.017544309650909525
page 0.004700573469963335 0.0
pagelanguagecode 9.401146939926671e-05 0.0
pagelanguagedir 9.401146939926671e-05 0.0
pageprop 9.401146939926671e-05 0.27902400970866637
pages 0.0015981949797875341 0.0
pages_with_syntax_highlighting_errors 9.401146939926671e-05 4.051784947803305
pagevariantfallbacks 9.401146939926671e-05 0.0
panel 0.00037604587759706683 0.0
paper 0.00018802293879853342 1.6094379124341003
paper_tape 9.401146939926671e-05 4.051784947803305
paradigm 0.00018802293879853342 0.5705448584676129
parsed 9.401146939926671e-05 0.0
parser 0.014101720409890007 0.0
pascal 0.0007520917551941337 1.1073459686368643
pascal_ 0.0002820344081978001 1.2791962255635234
past 9.401146939926671e-05 0.0
patroltoken 9.401146939926671e-05 0.0
paul 0.0002820344081978001 1.6538896750049343
pcache 9.401146939926671e-05 0.0
pdf 0.00047005734699633354 0.0
permalink 9.401146939926671e-05 0.0
permanent 0.00018802293879853342 0.0
personal 0.00047005734699633354 0.0
pet 0.00047005734699633354 4.74493212836325
php 0.0033844128983736015 0.0
pick 9.401146939926671e-05 2.953172659135195
pin 0.00018802293879853342 0.0
pinnable 0.0011281376327912005 0.0
pinned 0.0009401146939926671 0.0
place 0.00018802293879853342 0.8737311174553593
placeholder 9.401146939926671e-05 0.0
places 0.0008461032245934004 0.0
plainlinks 0.00018802293879853342 0.20163734609324613
please 9.401146939926671e-05 0.9837320126696876
png 0.0015041835103882673 0.0
poldy 9.401146939926671e-05 4.74493212836325
policy 0.00018802293879853342 0.0
polish 9.401146939926671e-05 0.9837320126696876
polski 9.401146939926671e-05 1.0560526742493137
popular 9.401146939926671e-05 1.5668782980153044
popups 9.401146939926671e-05 0.0
portal 0.0002820344081978001 0.0
ported 9.401146939926671e-05 2.03688192726104
porting 0.00018802293879853342 2.953172659135195
portlet 0.002538309673780201 0.0
position 9.401146939926671e-05 0.0
possibly 9.401146939926671e-05 2.3470368555648795
post 0.00018802293879853342 0.0
postexpandincludesize 9.401146939926671e-05 0.0
powered 9.401146939926671e-05 0.0
poweredby_mediawiki_132x47 9.401146939926671e-05 0.0
poweredby_mediawiki_176x62 9.401146939926671e-05 0.0
poweredby_mediawiki_88x31 9.401146939926671e-05 0.0
poweredbyico 9.401146939926671e-05 0.0
ppvisitednodes 9.401146939926671e-05 0.0
pre 0.0007520917551941337 0.40112670650956617
preconnect 9.401146939926671e-05 0.11020314013361425
prefetch 0.00018802293879853342 0.0
preprocessor 9.401146939926671e-05 0.0
presentation 9.401146939926671e-05 0.6177977433181585
prevalent 9.401146939926671e-05 4.74493212836325
preview 9.401146939926671e-05 0.0
previously 9.401146939926671e-05 1.8545603704670854
print 0.0005640688163956002 0.0
print_export 0.0002820344081978001 0.0
printable 0.0002820344081978001 0.0
printfooter 9.401146939926671e-05 0.0
privacy 0.0002820344081978001 0.0
privacy_policy 0.00018802293879853342 0.0
procedural 0.0002820344081978001 1.0813704822336037
procedural_programming_languages 9.401146939926671e-05 1.749199854809259
produced 9.401146939926671e-05 1.9723434061234688
profit 9.401146939926671e-05 0.0
program 9.401146939926671e-05 0.41419878807691896
programming 0.004512550531164802 0.0
programming_language 0.0005640688163956002 0.08149303425118301
programming_languages 9.401146939926671e-05 1.2484245668967697
programming_languages_created_in_1973 9.401146939926671e-05 4.74493212836325
programming_paradigm 9.401146939926671e-05 0.5860490450035782
progressive 0.0008461032245934004 0.0
projects 0.00018802293879853342 0.0
proof 9.401146939926671e-05 2.7990219793079367
property 0.0002820344081978001 0.0
protection 9.401146939926671e-05 0.9162907318741551
pub 0.00047005734699633354 0.41419878807691896
public 0.0002820344081978001 0.9162907318741551
public_domain_software 9.401146939926671e-05 4.051784947803305
publisher 0.00018802293879853342 0.0
publishing 9.401146939926671e-05 1.911718784307034
purchased 9.401146939926671e-05 3.1354942159291497
purely 9.401146939926671e-05 2.26002547857525
purposes 9.401146939926671e-05 1.9723434061234688
push 0.0002820344081978001 0.0
pygments 0.00018802293879853342 0.6177977433181585
q1023991 0.0007520917551941337 4.74493212836325
quality 9.401146939926671e-05 1.8004931491968095
query 9.401146939926671e-05 1.0813704822336037
question_book 0.000658080285794867 1.3437347467010947
quick 9.401146939926671e-05 0.0
quickly 9.401146939926671e-05 2.4423470353692043
quiet 0.0005640688163956002 0.0
quotes 9.401146939926671e-05 0.09097177820572679
r1011085734 9.401146939926671e-05 0.09097177820572679
r1061467846 9.401146939926671e-05 0.454472687214859
r1066479718 9.401146939926671e-05 0.21233263520999412
r1097763485 9.401146939926671e-05 1.0072625100798818
r1129693374 9.401146939926671e-05 0.2905848321097423
r1133582631 0.0017862179185860676 0.09097177820572679
random 0.00018802293879853342 0.0
randomly 9.401146939926671e-05 0.0
randompage 9.401146939926671e-05 0.0
rather 9.401146939926671e-05 1.3109449238781037
raw 9.401146939926671e-05 0.0
read 0.00037604587759706683 0.0
reading 0.0002820344081978001 1.16141318990714
ready 0.0018802293879853342 0.0
real 9.401146939926671e-05 0.0
reasonably 9.401146939926671e-05 4.051784947803305
received 9.401146939926671e-05 2.3470368555648795
recent 0.0002820344081978001 0.0
recentchanges 0.0002820344081978001 0.0
recentchangeslinked 0.00018802293879853342 0.0
records 9.401146939926671e-05 1.749199854809259
recursion 9.401146939926671e-05 0.0
red 9.401146939926671e-05 0.09097177820572679
redirect 0.002914355551377268 0.008733679968754631
redlink 0.00018802293879853342 0.7746402148111283
reduced 9.401146939926671e-05 0.0
reference 0.003478424367772868 0.035401927050916
references 0.0016922064491868007 0.008733679968754631
referencetooltips 9.401146939926671e-05 0.0
referencing 9.401146939926671e-05 1.8004931491968095
referencing_for_beginners 9.401146939926671e-05 1.911718784307034
referrer 0.0002820344081978001 0.0
refimprove 9.401146939926671e-05 1.911718784307034
reflist 0.0014101720409890007 0.09097177820572679
registered 9.401146939926671e-05 0.0
registration 0.00018802293879853342 0.08149303425118301
rel 0.006110745510952336 0.0
related 0.00018802293879853342 0.0
release 0.0002820344081978001 0.49643688631389105
released 0.0002820344081978001 1.0072625100798818
releases 9.401146939926671e-05 1.449095262358921
reliable 0.00018802293879853342 0.8947845266531914
removal 9.401146939926671e-05 1.0313600616589422
remove 9.401146939926671e-05 0.9382696385929302
removed 9.401146939926671e-05 1.3109449238781037
rendering 9.401146939926671e-05 0.0
repeat 0.00037604587759706683 0.0721032939013439
replace 9.401146939926671e-05 0.0
report 0.00018802293879853342 0.0
request 9.401146939926671e-05 1.1895840668738364
require 9.401146939926671e-05 0.0
required 9.401146939926671e-05 1.1895840668738364
research 0.0008461032245934004 0.7018808605286999
reset 9.401146939926671e-05 0.26759531388504365
resourceloaderdynamicstyles 9.401146939926671e-05 0.0
reston 0.00018802293879853342 4.74493212836325
retained 9.401146939926671e-05 3.6463198396951406
retrieved 0.0009401146939926671 0.0
returnto 0.00037604587759706683 0.0
revision 0.0002820344081978001 0.0
revisions 9.401146939926671e-05 0.0
rfr_id 0.0012221491021904673 0.10054122922187746
rft 0.008743066654131803 0.10054122922187746
rft_id 0.0011281376327912005 0.11020314013361425
rft_val_fmt 0.0012221491021904673 0.10054122922187746
rgba 9.401146939926671e-05 0.09097177820572679
richard 0.00018802293879853342 1.486835590341768
right 0.001034126163391934 0.0
rlconf 9.401146939926671e-05 0.0
rlpagemodules 9.401146939926671e-05 0.0
rlq 0.0005640688163956002 0.0
rlstate 9.401146939926671e-05 0.0
robots 9.401146939926671e-05 0.0
role 0.0015041835103882673 0.0
roman 0.00037604587759706683 0.09097177820572679
rootpage 9.401146939926671e-05 0.0
rory 0.00037604587759706683 4.74493212836325
row 0.00047005734699633354 0.12981161152199053
roy 0.00037604587759706683 4.051784947803305
rsd 0.00018802293879853342 0.0
run 0.00037604587759706683 0.7018808605286999
running 0.00018802293879853342 1.4127276181880462
ryan 0.00018802293879853342 3.3586377672433594
same 9.401146939926671e-05 0.8737311174553593
sameas 0.00018802293879853342 0.0
saved 9.401146939926671e-05 0.0
sbd 0.00018802293879853342 4.74493212836325
scandis 0.0002820344081978001 4.74493212836325
schema 0.00018802293879853342 0.0
scholar 0.0002820344081978001 1.3109449238781037
school 0.00018802293879853342 2.7990219793079367
schools 0.00037604587759706683 2.953172659135195
science 0.00018802293879853342 0.3504829736908114
scientist 9.401146939926671e-05 1.377636298376776
scope 0.00047005734699633354 0.11995931507897897
screen 0.00018802293879853342 0.0
scribunto 9.401146939926671e-05 0.008733679968754631
script 0.001316160571589734 0.0
scripts 9.401146939926671e-05 0.0
search 0.002914355551377268 0.0
searchaux 9.401146939926671e-05 0.4682660093471948
searchbutton 0.00037604587759706683 0.0
searchform 9.401146939926671e-05 0.0
searchinput 9.401146939926671e-05 0.0
second 0.00018802293879853342 1.1073459686368643
secondary 9.401146939926671e-05 1.5260563034950492
seconds 0.0002820344081978001 0.0
section 0.0015041835103882673 0.0
sector 9.401146939926671e-05 3.6463198396951406
see 0.0002820344081978001 0.44086703515908027
see_also 0.00037604587759706683 0.6340582641899388
selected 0.00037604587759706683 0.0
selector 9.401146939926671e-05 0.0
selflink 9.401146939926671e-05 0.08149303425118301
semantics 0.0002820344081978001 1.2791962255635234
seminal 9.401146939926671e-05 4.051784947803305
sentences 9.401146939926671e-05 0.0
september 0.0005640688163956002 0.0
set 0.0002820344081978001 0.0
sh85028784 9.401146939926671e-05 4.74493212836325
sha1 9.401146939926671e-05 0.10054122922187746
sharealike 9.401146939926671e-05 0.0
sharealike_3 9.401146939926671e-05 0.0
shell 0.00018802293879853342 1.4127276181880462
shell_ 9.401146939926671e-05 4.74493212836325
shigley 9.401146939926671e-05 4.74493212836325
short 0.000658080285794867 0.42744401482693967
short_description 0.00018802293879853342 0.5860490450035782
short_description_is_different_from_wikidata 9.401146939926671e-05 1.0072625100798818
shortdescription 9.401146939926671e-05 0.4682660093471948
show 0.00037604587759706683 0.0
sidebar 0.001034126163391934 0.0
simplesearch 9.401146939926671e-05 0.0
site 0.00047005734699633354 0.0
sitedir 9.401146939926671e-05 0.0
sitelinks 9.401146939926671e-05 0.0
sitenotice 0.00018802293879853342 0.0
sitesub 9.401146939926671e-05 0.0
sitesupport 9.401146939926671e-05 0.0
six 0.00018802293879853342 2.1799827709017134
size 0.0011281376327912005 0.0
sizing 0.00018802293879853342 0.25629575863111026
skin 0.001316160571589734 0.0
skins 0.0005640688163956002 0.0
small 0.00047005734699633354 0.0721032939013439
software 0.00047005734699633354 0.08149303425118301
software_design 9.401146939926671e-05 0.5705448584676129
solid 0.001034126163391934 0.2340726218464
some 0.00018802293879853342 0.5108256237659907
sources 0.0002820344081978001 0.6177977433181585
space 0.00037604587759706683 0.11995931507897897
spacing 9.401146939926671e-05 0.2905848321097423
span 0.03252796841214628 0.0
spanish 9.401146939926671e-05 0.7195804376281008
special 0.003572435837172135 0.0
specialpages 0.00018802293879853342 0.0
spectrum 0.00018802293879853342 3.3586377672433594
speedy 9.401146939926671e-05 1.0072625100798818
src 0.0009401146939926671 0.0
srcset 0.00037604587759706683 0.0
standard 0.00018802293879853342 0.0
standardised 9.401146939926671e-05 4.051784947803305
standards 0.00018802293879853342 1.4127276181880462
start 0.00018802293879853342 0.0
started 9.401146939926671e-05 1.377636298376776
startup 0.00018802293879853342 0.0
statement 9.401146939926671e-05 0.0
statements 0.0007520917551941337 0.9382696385929302
states 9.401146939926671e-05 1.0072625100798818
static 0.0012221491021904673 0.0
statistics 9.401146939926671e-05 0.0
stats 9.401146939926671e-05 0.0
statslink 9.401146939926671e-05 0.0
status 9.401146939926671e-05 0.0
stepped 9.401146939926671e-05 4.051784947803305
sticky 0.00018802293879853342 0.0
still 9.401146939926671e-05 1.1895840668738364
stopmobileredirecttoggle 9.401146939926671e-05 0.0
story 0.00018802293879853342 2.4423470353692043
stream 9.401146939926671e-05 1.8545603704670854
strong 9.401146939926671e-05 0.8737311174553593
strongly 0.00018802293879853342 1.8004931491968095
struct 0.00018802293879853342 2.665490586683414
structs 9.401146939926671e-05 2.7990219793079367
structure 0.00018802293879853342 1.1073459686368643
structured 0.0015981949797875341 0.0
structured_basic 9.401146939926671e-05 4.74493212836325
structured_programming 0.0002820344081978001 1.7004096906398272
structured_programming_languages 9.401146939926671e-05 2.953172659135195
structuring 0.00018802293879853342 3.1354942159291497
students 0.0002820344081978001 2.3470368555648795
studies 0.00037604587759706683 2.7990219793079367
style 0.005452665225157469 0.0
styles 0.0011281376327912005 0.0
stylesheet 0.00018802293879853342 0.0
subbox 9.401146939926671e-05 0.21233263520999412
subgroup 0.00047005734699633354 0.454472687214859
subheader 9.401146939926671e-05 0.21233263520999412
subject 0.0002820344081978001 0.0
subjects 9.401146939926671e-05 1.3437347467010947
sublist 0.0007520917551941337 0.0
submit 0.00018802293879853342 0.0
subroutine 0.00018802293879853342 1.9723434061234688
subroutines 9.401146939926671e-05 2.4423470353692043
subscription 0.00018802293879853342 0.09097177820572679
subsequently 0.0002820344081978001 2.5477075510270306
subsidiary 9.401146939926671e-05 3.6463198396951406
subtitle 9.401146939926671e-05 0.0
such 0.00037604587759706683 0.454472687214859
suggestededitsession 9.401146939926671e-05 0.0
sullivan 0.0002820344081978001 3.3586377672433594
sullivan1990 9.401146939926671e-05 4.74493212836325
summary 9.401146939926671e-05 0.19105523676270922
sup 0.004512550531164802 0.0721032939013439
supplied 0.00018802293879853342 2.4423470353692043
supply 9.401146939926671e-05 3.6463198396951406
support 9.401146939926671e-05 0.0
supported 9.401146939926671e-05 0.9382696385929302
supports 9.401146939926671e-05 0.8531118302526235
svenska 9.401146939926671e-05 1.486835590341768
svg 0.0017862179185860676 0.0
swedish 0.0002820344081978001 1.3437347467010947
switcher 9.401146939926671e-05 0.0
syntax 0.0007520917551941337 0.540239508972284
system 0.0005640688163956002 0.11020314013361425
systematic 0.00018802293879853342 4.74493212836325
systematic_programming 9.401146939926671e-05 4.74493212836325
tab 0.00047005734699633354 0.0
tabindex 0.00018802293879853342 0.0
table 0.001034126163391934 0.0
tabs 0.00018802293879853342 0.0
tag 9.401146939926671e-05 1.486835590341768
tagline 0.0002820344081978001 0.0
tags 9.401146939926671e-05 0.0
taken 9.401146939926671e-05 1.9723434061234688
talk 0.00037604587759706683 0.0
tape 0.00018802293879853342 2.7990219793079367
target 0.0012221491021904673 0.0
targetloader 9.401146939926671e-05 0.0
taught 0.00018802293879853342 3.6463198396951406
tbm 0.00018802293879853342 1.377636298376776
tbody 0.0005640688163956002 0.044451762570833796
tbs 0.0002820344081978001 1.377636298376776
teach 0.0002820344081978001 3.6463198396951406
teacher 9.401146939926671e-05 3.6463198396951406
technology 0.00018802293879853342 0.7195804376281008
telecoms 9.401146939926671e-05 4.74493212836325
telenova 0.0002820344081978001 4.74493212836325
telephone 9.401146939926671e-05 0.0
template 0.0023502867349816676 0.0
templateargumentsize 9.401146939926671e-05 0.0
templatestyles 0.002256275265582401 0.017544309650909525
terms 0.00018802293879853342 0.0
terms_of_use 9.401146939926671e-05 0.0
tests 0.00018802293879853342 2.665490586683414
text 0.006486791388549403 0.0
text_of_the_creative_commons_attribution 9.401146939926671e-05 0.0
textbook 9.401146939926671e-05 3.1354942159291497
textbooks 9.401146939926671e-05 2.953172659135195
than 9.401146939926671e-05 0.6340582641899388
that 0.0015041835103882673 0.18058393689541388
the 0.00742690608254207 0.0
the_amazing_adventures_of_captain_comal_book_6 9.401146939926671e-05 4.74493212836325
the_story_of_comal 0.0002820344081978001 4.74493212836325
the_story_of_comal_6 0.00037604587759706683 4.74493212836325
their 9.401146939926671e-05 0.7559480817989758
themselves 9.401146939926671e-05 2.3470368555648795
then 0.00018802293879853342 0.6017974019717174
therefore 0.00018802293879853342 1.749199854809259
thesis 0.00018802293879853342 2.3470368555648795
they 0.00018802293879853342 0.7195804376281008
thing 0.00018802293879853342 2.4423470353692043
this 0.002914355551377268 0.0
thomas 0.00037604587759706683 2.1799827709017134
thornton 0.00047005734699633354 4.74493212836325
thornton_11 0.00018802293879853342 4.74493212836325
thumb 0.0005640688163956002 0.12981161152199053
thumbnail 9.401146939926671e-05 0.0
thus 0.00018802293879853342 1.0313600616589422
tiki 0.00018802293879853342 4.051784947803305
tiki_100 9.401146939926671e-05 4.74493212836325
time 0.0008461032245934004 0.0
timestamp 0.00018802293879853342 0.0
timeusage 9.401146939926671e-05 0.008733679968754631
timingprofile 9.401146939926671e-05 0.0
title 0.022938798533421078 0.0
titlebar 0.0007520917551941337 0.0
titleform 9.401146939926671e-05 0.0
toc 0.01024725016452007 0.0
today 0.0007520917551941337 1.9723434061234688
toggle 0.0008461032245934004 0.0
toggle_view_mobile 9.401146939926671e-05 0.0
tokens 9.401146939926671e-05 0.0
toolbar 0.0002820344081978001 0.0
tools 0.0008461032245934004 0.0
top 0.0009401146939926671 0.0
toronto 0.00018802293879853342 2.953172659135195
total 0.00018802293879853342 0.0
touch 0.00018802293879853342 0.0
trademark 9.401146939926671e-05 0.0
transclusion 9.401146939926671e-05 0.0
transientcontent 9.401146939926671e-05 0.0
transparent 0.0002820344081978001 0.06280090123903044
triggered 9.401146939926671e-05 0.0
true 0.002068252326783868 0.0
ttl 9.401146939926671e-05 0.0
turtle 0.00018802293879853342 4.74493212836325
turtle_graphics 9.401146939926671e-05 4.74493212836325
two 9.401146939926671e-05 0.6505875661411494
type 0.003290401428974335 0.0
type_system 9.401146939926671e-05 0.7746402148111283
typed 9.401146939926671e-05 1.0313600616589422
typed_programming_language 9.401146939926671e-05 3.1354942159291497
typing 9.401146939926671e-05 0.7018808605286999
uid 0.0002820344081978001 1.1073459686368643
ukrainian 9.401146939926671e-05 0.8131064956389242
uli 9.401146939926671e-05 1.3109449238781037
uls 0.00047005734699633354 0.0
under 0.00018802293879853342 0.0
uni 0.00018802293879853342 2.03688192726104
unicomal 0.00047005734699633354 4.74493212836325
unicomal_3 0.0009401146939926671 4.74493212836325
united 0.00018802293879853342 0.9837320126696876
university 0.0002820344081978001 0.8947845266531914
unix 0.0005640688163956002 1.449095262358921
unknown 0.00018802293879853342 0.26759531388504365
unpin 0.00018802293879853342 0.0
unpinned 0.00018802293879853342 0.0
unsourced 0.000658080285794867 1.3109449238781037
unstrip 0.00037604587759706683 0.0
unstructured 9.401146939926671e-05 3.3586377672433594
unsuccessful 9.401146939926671e-05 4.74493212836325
upload 0.0015041835103882673 0.0
upper 0.00037604587759706683 0.09097177820572679
url 0.0007520917551941337 0.0
usa 9.401146939926671e-05 2.03688192726104
usable 9.401146939926671e-05 2.953172659135195
usage 0.00037604587759706683 0.0
use 0.0007520917551941337 0.0
used 0.0002820344081978001 0.19105523676270922
uselang 9.401146939926671e-05 0.0
user 0.002538309673780201 0.0
useradd 0.00018802293879853342 0.0
userlogin 0.00018802293879853342 0.0
users 0.00018802293879853342 0.9382696385929302
using 9.401146939926671e-05 0.0
utc 9.401146939926671e-05 0.0
utf 9.401146939926671e-05 0.0
utm_campaign 9.401146939926671e-05 0.0
utm_medium 9.401146939926671e-05 0.0
utm_source 9.401146939926671e-05 0.0
value 0.0012221491021904673 0.0
var 0.00018802293879853342 0.0
variables 9.401146939926671e-05 1.0072625100798818
variant 9.401146939926671e-05 0.0
variants 0.0005640688163956002 0.0
vary 9.401146939926671e-05 0.10054122922187746
vector 0.024725016452007146 0.0
vendor 9.401146939926671e-05 2.665490586683414
verifiability 0.00018802293879853342 1.2185716037470886
verification 9.401146939926671e-05 1.6538896750049343
version 0.0005640688163956002 0.0
versions 0.0002820344081978001 1.0813704822336037
vertical 9.401146939926671e-05 0.6017974019717174
very 9.401146939926671e-05 0.9607424944449889
vevent 9.401146939926671e-05 0.22314355131420976
view 0.0008461032245934004 0.0
viewport 9.401146939926671e-05 0.0
views 0.0002820344081978001 0.0
visible 9.401146939926671e-05 0.09097177820572679
visit 0.00018802293879853342 0.0
visited 9.401146939926671e-05 0.0
visualeditor 0.00037604587759706683 0.0
volume 0.0002820344081978001 0.8329091229351039
vue 0.00018802293879853342 0.0
walltime 9.401146939926671e-05 0.0
warwick 9.401146939926671e-05 4.74493212836325
was 0.0021622637961831344 0.0
watchlist 9.401146939926671e-05 0.0
watchtoken 9.401146939926671e-05 0.0
way 9.401146939926671e-05 0.8947845266531914
wbc 9.401146939926671e-05 0.0
web 0.00018802293879853342 0.09097177820572679
website 9.401146939926671e-05 0.0
weight 0.00037604587759706683 0.05358424613410626
well 0.00018802293879853342 1.0560526742493137
were 0.00037604587759706683 0.6844891178168307
wgaction 9.401146939926671e-05 0.0
wgarticleid 9.401146939926671e-05 0.0
wgbackendresponsetime 9.401146939926671e-05 0.0
wgbreakframes 9.401146939926671e-05 0.0
wgcanonicalnamespace 9.401146939926671e-05 0.0
wgcanonicalspecialpagename 9.401146939926671e-05 0.0
wgcategories 9.401146939926671e-05 0.0
wgcentralauthmobiledomain 9.401146939926671e-05 0.0
wgcspnonce 9.401146939926671e-05 0.0
wgcurrevisionid 9.401146939926671e-05 0.0
wgdefaultdateformat 9.401146939926671e-05 0.0
wgdigittransformtable 9.401146939926671e-05 0.0
wgeditsubmitbuttonlabelpublish 9.401146939926671e-05 0.0
wgflaggedrevsparams 9.401146939926671e-05 0.0
wggestructuredtaskrejectionreasontextinputenabled 9.401146939926671e-05 0.0
wggetopicsmatchmodeenabled 9.401146939926671e-05 0.0
wghostname 9.401146939926671e-05 0.0
wgisarticle 9.401146939926671e-05 0.0
wgisprobablyeditable 9.401146939926671e-05 0.0
wgisredirect 9.401146939926671e-05 0.0
wgmediaviewerenabledbydefault 9.401146939926671e-05 0.0
wgmediavieweronclick 9.401146939926671e-05 0.0
wgmfdisplaywikibasedescriptions 9.401146939926671e-05 0.0
wgmonthnames 9.401146939926671e-05 0.0
wgnamespacenumber 9.401146939926671e-05 0.0
wgnoticeproject 9.401146939926671e-05 0.0
wgpagecontentlanguage 9.401146939926671e-05 0.0
wgpagecontentmodel 9.401146939926671e-05 0.0
wgpagename 9.401146939926671e-05 0.0
wgpageparsereport 9.401146939926671e-05 0.0
wgpopupsflags 9.401146939926671e-05 0.0
wgrelevantarticleid 9.401146939926671e-05 0.0
wgrelevantpageisprobablyeditable 9.401146939926671e-05 0.0
wgrelevantpagename 9.401146939926671e-05 0.0
wgrequestid 9.401146939926671e-05 0.0
wgrestrictionedit 9.401146939926671e-05 0.0
wgrestrictionmove 9.401146939926671e-05 0.0
wgrevisionid 9.401146939926671e-05 0.0
wgseparatortransformtable 9.401146939926671e-05 0.0
wgtitle 9.401146939926671e-05 0.0
wgulscurrentautonym 9.401146939926671e-05 0.0
wgulsiscompactlinksenabled 9.401146939926671e-05 0.0
wgulsislanguageselectorempty 9.401146939926671e-05 0.0
wgulsposition 9.401146939926671e-05 0.0
wgusergroups 9.401146939926671e-05 0.0
wgusername 9.401146939926671e-05 0.0
wgvector2022previewpages 9.401146939926671e-05 0.0
wgvisualeditor 9.401146939926671e-05 0.0
wgwikibaseitemid 9.401146939926671e-05 0.0
wgwmepagelength 9.401146939926671e-05 0.0
wgwmeschemaeditattemptstepoversample 9.401146939926671e-05 0.0
what 0.00037604587759706683 0.0
whatlinkshere 0.00018802293879853342 0.0
when 0.00047005734699633354 0.0
where 9.401146939926671e-05 0.9382696385929302
which 0.0008461032245934004 0.3022808718729337
white 0.00037604587759706683 0.12981161152199053
who 0.0002820344081978001 1.486835590341768
whom 9.401146939926671e-05 4.051784947803305
width 0.0030083670207765346 0.0
wiki 0.01626398420607314 0.0
wikibase 0.00037604587759706683 0.0
wikidata 0.001316160571589734 0.0
wikimedia 0.0036664473065714017 0.0
wikimediabadges 9.401146939926671e-05 0.0
wikimediaevents 9.401146939926671e-05 0.0
wikimediafoundation 0.00018802293879853342 0.0
wikipedia 0.009307135470527405 0.0
wikisource 9.401146939926671e-05 0.09097177820572679
wikitext 9.401146939926671e-05 0.0
win32 0.0002820344081978001 3.3586377672433594
window 0.0002820344081978001 0.0
windows 0.00037604587759706683 0.8329091229351039
windows_xp 0.00018802293879853342 4.051784947803305
wirth 0.00018802293879853342 2.3470368555648795
with 0.0037604587759706683 0.0
without 9.401146939926671e-05 0.9162907318741551
wmf 0.0002820344081978001 0.0
won 9.401146939926671e-05 2.7990219793079367
word 0.00018802293879853342 0.05358424613410626
wordmark 0.00018802293879853342 0.0
workbook 9.401146939926671e-05 4.051784947803305
worked 9.401146939926671e-05 2.26002547857525
works 9.401146939926671e-05 0.0
world 0.00018802293879853342 0.8737311174553593
worldcat 0.00018802293879853342 1.5260563034950492
worried 9.401146939926671e-05 4.74493212836325
would 0.0005640688163956002 1.1895840668738364
wpformidentifier 9.401146939926671e-05 0.0
wrap 0.00018802293879853342 0.06280090123903044
write 0.00018802293879853342 1.16141318990714
written 0.0002820344081978001 0.44086703515908027
wrote 9.401146939926671e-05 2.1799827709017134
www 0.0018802293879853342 0.0
xml 0.0002820344081978001 0.0
yes 9.401146939926671e-05 0.0
you 0.00047005734699633354 0.0
your 0.00018802293879853342 2.1799827709017134
z39 0.0012221491021904673 0.10054122922187746
z3988 0.0012221491021904673 0.10054122922187746
z80 0.00018802293879853342 3.3586377672433594
zilog 0.00018802293879853342 3.6463198396951406
zilog_z80 9.401146939926671e-05 3.6463198396951406
zx_spectrum 9.401146939926671e-05 4.051784947803305
українська 9.401146939926671e-05 0.8329091229351039
العربية 9.401146939926671e-05 1.16141318990714
برمجة 9.401146939926671e-05 2.1058747987479913
كومال 9.401146939926671e-05 4.74493212836325
لغة 9.401146939926671e-05 2.1058747987479913
