000 0.00012961762799740766 0.0
023a 6.480881399870383e-05 4.74493212836325
039 0.0002592352559948153 0.0
042 0.00012961762799740766 3.6463198396951406
073 0.00012961762799740766 3.6463198396951406
0_unported_license 6.480881399870383e-05 0.0
0px 6.480881399870383e-05 0.7375989431307791
100 0.002138690861957226 0.0
1000 6.480881399870383e-05 0.0
1000000 0.00012961762799740766 0.0
100px 6.480881399870383e-05 0.9837320126696876
1014080 6.480881399870383e-05 4.74493212836325
106 0.00012961762799740766 1.749199854809259
10px 0.00019442644199611146 0.454472687214859
110 6.480881399870383e-05 1.2791962255635234
1117214868 0.0004536616979909268 4.74493212836325
114 0.0003240440699935191 0.37548427589622857
115 6.480881399870383e-05 1.911718784307034
117 6.480881399870383e-05 0.0
1181 0.00012961762799740766 4.74493212836325
121 6.480881399870383e-05 1.449095262358921
121px 6.480881399870383e-05 1.911718784307034
124 6.480881399870383e-05 1.5668782980153044
125em 0.0003240440699935191 0.0
127 6.480881399870383e-05 0.09097177820572679
128 0.00012961762799740766 1.7004096906398272
12834298 0.00012961762799740766 4.74493212836325
129 0.00012961762799740766 2.3470368555648795
12px 6.480881399870383e-05 0.09097177820572679
12s5i 6.480881399870383e-05 0.0
12z 0.00012961762799740766 2.5477075510270306
130 0.00012961762799740766 2.3470368555648795
133 6.480881399870383e-05 0.08149303425118301
138 0.0002592352559948153 2.26002547857525
1449321055 0.0002592352559948153 4.74493212836325
150px 6.480881399870383e-05 3.1354942159291497
157 0.00012961762799740766 2.3470368555648795
15px 0.00019442644199611146 0.8531118302526235
160 0.001425793907971484 0.0
1617290626 0.0002592352559948153 4.74493212836325
16px 0.00012961762799740766 1.0072625100798818
175px 6.480881399870383e-05 1.6538896750049343
180 0.00012961762799740766 0.8947845266531914
1814400 0.00012961762799740766 0.5705448584676129
182px 6.480881399870383e-05 1.8545603704670854
185 0.00012961762799740766 0.9607424944449889
1934356784 0.0002592352559948153 4.74493212836325
19t03 0.00012961762799740766 4.74493212836325
1b44f11a9d29 6.480881399870383e-05 4.74493212836325
1em 0.0005832793259883344 0.02643325706815543
1px 0.0003240440699935191 0.2451224580329849
1x1 6.480881399870383e-05 0.0
20000 6.480881399870383e-05 1.749199854809259
2004 0.0011665586519766689 0.06280090123903044
2009 0.0006480881399870382 0.9382696385929302
2009_software 6.480881399870383e-05 4.051784947803305
200px 6.480881399870383e-05 3.3586377672433594
2010 0.0003240440699935191 0.8329091229351039
2011 0.0007777057679844458 0.6017974019717174
2012 0.0006480881399870382 0.9382696385929302
20120427060308 6.480881399870383e-05 4.74493212836325
2013 0.0002592352559948153 0.6844891178168307
20130815075924 6.480881399870383e-05 4.74493212836325
2014 0.00019442644199611146 0.8947845266531914
2015 6.480881399870383e-05 1.0072625100798818
2016 0.0003240440699935191 0.9837320126696876
2017 0.0003888528839922229 0.9837320126696876
2018 0.00012961762799740766 1.0072625100798818
2019 0.0002592352559948153 0.9162907318741551
2020 0.0005184705119896306 0.8329091229351039
2021 0.00012961762799740766 0.7746402148111283
2022 0.0007777057679844458 0.0
20230314220219 6.480881399870383e-05 4.74493212836325
20230314220221 0.00012961762799740766 4.74493212836325
2037801 6.480881399870383e-05 4.74493212836325
2078452 6.480881399870383e-05 4.74493212836325
2097152 0.0002592352559948153 0.0
20px 0.00019442644199611146 0.8531118302526235
20t14 0.00012961762799740766 4.051784947803305
210 0.00012961762799740766 2.953172659135195
2105 0.0002592352559948153 4.74493212836325
235 0.00012961762799740766 2.7990219793079367
23px 0.00012961762799740766 0.5254244231871433
242px 6.480881399870383e-05 2.26002547857525
255 6.480881399870383e-05 0.09097177820572679
25em 0.001490602721970188 0.035401927050916
27403236 0.00019442644199611146 4.74493212836325
2776 0.00012961762799740766 4.74493212836325
278 0.00012961762799740766 3.6463198396951406
27reilly 0.00012961762799740766 2.3470368555648795
27reilly_media 0.00012961762799740766 2.953172659135195
27s 6.480881399870383e-05 1.0813704822336037
282009 0.0003888528839922229 2.3470368555648795
285 0.00012961762799740766 2.953172659135195
28pc 6.480881399870383e-05 4.74493212836325
28px 6.480881399870383e-05 2.1058747987479913
2cicon 6.480881399870383e-05 0.0
2cstyles 6.480881399870383e-05 0.0
2cwikimediabadges 6.480881399870383e-05 0.6177977433181585
2em 0.0003888528839922229 0.06280090123903044
2f12 6.480881399870383e-05 2.3470368555648795
2f138 6.480881399870383e-05 4.74493212836325
2f2 6.480881399870383e-05 2.5477075510270306
2f2011 6.480881399870383e-05 2.26002547857525
2f2078452 6.480881399870383e-05 4.74493212836325
2f22 6.480881399870383e-05 3.1354942159291497
2f58184348742074368 6.480881399870383e-05 4.74493212836325
2f76e27c 6.480881399870383e-05 4.74493212836325
2farchive 6.480881399870383e-05 1.5668782980153044
2farticle 6.480881399870383e-05 2.3470368555648795
2fassetscoffeescript 6.480881399870383e-05 4.74493212836325
2fcoffee 6.480881399870383e-05 4.74493212836325
2fcoffeescript 0.00012961762799740766 4.74493212836325
2fdetails 6.480881399870383e-05 1.6538896750049343
2fdocumentation 6.480881399870383e-05 2.5477075510270306
2fdonatstudios 6.480881399870383e-05 4.74493212836325
2fdropbox 6.480881399870383e-05 4.74493212836325
2fen 0.0011665586519766689 0.10054122922187746
2ffmt 0.0011665586519766689 0.10054122922187746
2ffrontend 6.480881399870383e-05 4.74493212836325
2fgithub 6.480881399870383e-05 1.449095262358921
2fimplicit 6.480881399870383e-05 4.74493212836325
2fisbn_9781934356784 6.480881399870383e-05 4.74493212836325
2fjavascript 6.480881399870383e-05 4.74493212836325
2fjoshpeek 6.480881399870383e-05 4.74493212836325
2fjs2 6.480881399870383e-05 4.74493212836325
2flucumr 6.480881399870383e-05 4.74493212836325
2fmaxtaco 6.480881399870383e-05 4.74493212836325
2fpage 6.480881399870383e-05 2.665490586683414
2fpc 6.480881399870383e-05 3.6463198396951406
2fpixel 6.480881399870383e-05 4.74493212836325
2freviews 6.480881399870383e-05 3.3586377672433594
2fstatus 6.480881399870383e-05 3.6463198396951406
2fstyleguide 6.480881399870383e-05 4.051784947803305
2ftech 6.480881399870383e-05 3.3586377672433594
2fthe 6.480881399870383e-05 2.1058747987479913
2fturn 6.480881399870383e-05 4.74493212836325
2ftwitter 6.480881399870383e-05 4.051784947803305
2fwww 0.00019442644199611146 0.3382128810989969
2px 0.00019442644199611146 0.26759531388504365
300 6.480881399870383e-05 1.6094379124341003
30em 0.00012961762799740766 0.09097177820572679
3125em 6.480881399870383e-05 0.0
31px 0.00012961762799740766 0.9837320126696876
321 0.0002592352559948153 3.1354942159291497
350 0.00012961762799740766 3.1354942159291497
361 0.0002592352559948153 2.5477075510270306
368 0.00012961762799740766 3.3586377672433594
3a3 6.480881399870383e-05 0.09097177820572679
3abook 0.0008425145819831498 0.22314355131420976
3acoffeescript 0.0011665586519766689 4.74493212836325
3ajournal 0.0003240440699935191 0.3260915205666521
3akev 0.0011665586519766689 0.10054122922187746
3amtx 0.0011665586519766689 0.10054122922187746
3aofi 0.0011665586519766689 0.10054122922187746
3asid 0.0011665586519766689 0.10054122922187746
3cols 6.480881399870383e-05 0.21233263520999412
3d361 6.480881399870383e-05 4.74493212836325
3em 0.00019442644199611146 0.035401927050916
3fp 6.480881399870383e-05 2.953172659135195
3px 0.0003240440699935191 0.12981161152199053
400 0.00012961762799740766 0.0
42px 6.480881399870383e-05 2.03688192726104
432 0.00012961762799740766 3.1354942159291497
4493 0.0002592352559948153 3.3586377672433594
45z 0.00012961762799740766 2.7990219793079367
4c21 6.480881399870383e-05 4.74493212836325
4em 0.0002592352559948153 0.40112670650956617
500 0.00012961762799740766 0.0
5000000 0.00012961762799740766 0.0
512 0.00019442644199611146 0.6505875661411494
52428800 0.00012961762799740766 0.008733679968754631
564 0.00012961762799740766 2.953172659135195
56px 6.480881399870383e-05 2.1799827709017134
58184348742074368 6.480881399870383e-05 4.74493212836325
590 6.480881399870383e-05 3.1354942159291497
5em 0.0006480881399870382 0.0
637 0.00012961762799740766 4.74493212836325
6469 0.00012961762799740766 4.74493212836325
720px 0.00012961762799740766 0.0
724 0.00012961762799740766 3.6463198396951406
725 0.00012961762799740766 4.051784947803305
7cext 0.00019442644199611146 0.0
7cjquery 6.480881399870383e-05 0.41419878807691896
7cmediawiki 6.480881399870383e-05 0.0
7cskins 6.480881399870383e-05 0.0
7cwikibase 6.480881399870383e-05 0.0
7em 6.480881399870383e-05 0.41419878807691896
8125em 6.480881399870383e-05 0.0
82010 0.0002592352559948153 4.74493212836325
86762 0.00012961762799740766 4.74493212836325
8a_ 6.480881399870383e-05 2.7990219793079367
8e9d637985d2dc9b44922076ad54ffef7fa8e9c2 6.480881399870383e-05 4.74493212836325
92257 0.00012961762799740766 4.74493212836325
926 0.00012961762799740766 3.6463198396951406
978 0.0012961762799740765 0.9837320126696876
987007585904005171 6.480881399870383e-05 4.74493212836325
9em 6.480881399870383e-05 1.3437347467010947
9px 0.00019442644199611146 0.09097177820572679
_comparison_ 6.480881399870383e-05 2.1058747987479913
_history 6.480881399870383e-05 2.1058747987479913
_missing_periodical 6.480881399870383e-05 2.665490586683414
_timeline_ 6.480881399870383e-05 2.1058747987479913
a2a9b1 6.480881399870383e-05 0.27902400970866637
a435 6.480881399870383e-05 4.74493212836325
aaa 6.480881399870383e-05 1.2484245668967697
abbr 0.0012961762799740765 0.41419878807691896
about 0.000712896953985742 0.0
aboutsite 6.480881399870383e-05 0.0
above 0.00012961762799740766 0.1599646496926782
abovebelow 0.0003888528839922229 0.44086703515908027
absolute 6.480881399870383e-05 0.0
accelerated 0.00012961762799740766 2.7990219793079367
accessdate 0.0006480881399870382 0.2451224580329849
accesskey 0.0012313674659753726 0.0
account 0.0002592352559948153 0.0
ace 0.00012961762799740766 3.6463198396951406
ace_ 6.480881399870383e-05 4.74493212836325
across 6.480881399870383e-05 0.0
action 0.0020090732339598186 0.0
actions 6.480881399870383e-05 0.0
active 0.00012961762799740766 1.8004931491968095
active_server_pages 6.480881399870383e-05 4.051784947803305
ada 0.00012961762799740766 1.3109449238781037
ada_ 6.480881399870383e-05 1.4127276181880462
add 6.480881399870383e-05 0.0
addison 0.0002592352559948153 2.3470368555648795
additional 0.00012961762799740766 0.0
additions 0.0002592352559948153 2.1058747987479913
address 0.00012961762799740766 0.0
adds 0.00012961762799740766 1.7004096906398272
adoption 0.0004536616979909268 2.7990219793079367
after 0.0011665586519766689 0.0
ago 0.00012961762799740766 0.5108256237659907
agree 6.480881399870383e-05 0.0
aims 6.480881399870383e-05 2.665490586683414
ajax 0.00012961762799740766 2.953172659135195
ajax_ 6.480881399870383e-05 4.051784947803305
alemannisch 0.00012961762799740766 4.051784947803305
alert 0.0007777057679844458 0.0
alex 0.0002592352559948153 2.953172659135195
algol 0.00019442644199611146 1.3109449238781037
algorithm 0.00012961762799740766 1.9723434061234688
align 0.0009073233959818536 0.05358424613410626
all 0.0003240440699935191 0.0
all_articles_with_unsourced_statements 6.480881399870383e-05 1.749199854809259
allow 0.00012961762799740766 1.0313600616589422
allows 0.00019442644199611146 0.8329091229351039
almost 6.480881399870383e-05 1.8004931491968095
alpha 0.0002592352559948153 0.08149303425118301
alphabetical 6.480881399870383e-05 2.1058747987479913
als 0.00012961762799740766 4.051784947803305
also 0.0004536616979909268 0.19105523676270922
alt 0.0010369410239792613 0.0
alternate 0.00019442644199611146 0.0
alternative 6.480881399870383e-05 1.7004096906398272
alternatively 6.480881399870383e-05 3.1354942159291497
amber 0.00012961762799740766 4.74493212836325
amber_smalltalk 6.480881399870383e-05 4.74493212836325
amp 0.013350615683732988 0.0
analysis 0.00012961762799740766 1.5260563034950492
and 0.002592352559948153 0.0
angular 0.00012961762799740766 3.6463198396951406
angular_ 6.480881399870383e-05 3.6463198396951406
angularjs 0.00019442644199611146 3.6463198396951406
announced 0.00019442644199611146 2.1058747987479913
announcement 0.00012961762799740766 2.953172659135195
announcing 0.00012961762799740766 3.1354942159291497
anon 0.00012961762799740766 0.0
anoncontribs 6.480881399870383e-05 0.0
anontalk 6.480881399870383e-05 0.0
anonymous 6.480881399870383e-05 0.0
another 6.480881399870383e-05 0.09097177820572679
any 0.00019442644199611146 0.6844891178168307
apache 0.00012961762799740766 1.8545603704670854
apache_maven 6.480881399870383e-05 3.1354942159291497
api 6.480881399870383e-05 0.0
apl 0.00012961762799740766 1.9723434061234688
apl_ 6.480881399870383e-05 1.9723434061234688
appeared 6.480881399870383e-05 0.40112670650956617
apple 0.00012961762799740766 0.0
application 0.0003888528839922229 0.0
apply 6.480881399870383e-05 0.0
approximation 6.480881399870383e-05 3.3586377672433594
april 0.0003240440699935191 0.0
arabic 6.480881399870383e-05 1.16141318990714
archive 0.0002592352559948153 0.3504829736908114
archived 0.00012961762799740766 0.6017974019717174
are 0.0005184705119896306 0.0
argument 6.480881399870383e-05 0.0
aria 0.002138690861957226 0.0
armenian 6.480881399870383e-05 1.9723434061234688
arrays 6.480881399870383e-05 1.5260563034950492
article 0.000712896953985742 0.0
articles 0.001425793907971484 0.0
articles_with_j9u_identifiers 6.480881399870383e-05 1.3437347467010947
articles_with_lccn_identifiers 6.480881399870383e-05 1.3437347467010947
articles_with_short_description 6.480881399870383e-05 0.454472687214859
articles_with_unsourced_statements_from_january_2016 6.480881399870383e-05 4.74493212836325
articles_with_unsourced_statements_from_may_2019 6.480881399870383e-05 4.74493212836325
articles_with_unsourced_statements_from_september_2020 6.480881399870383e-05 4.74493212836325
ashkenas 0.0005832793259883344 4.74493212836325
asm 0.00019442644199611146 3.1354942159291497
assembly 0.00012961762799740766 1.2185716037470886
assembly_language 6.480881399870383e-05 1.8004931491968095
assemblyscript 0.00019442644199611146 4.74493212836325
assetscoffeescript 0.00019442644199611146 4.74493212836325
assignment 0.00012961762799740766 1.9723434061234688
associated 0.00012961762799740766 0.0
async 0.0005832793259883344 0.0
asynchronous 6.480881399870383e-05 2.7990219793079367
atitle 0.0003240440699935191 0.25629575863111026
atom 0.0006480881399870382 0.0
atom_ 0.00012961762799740766 3.1354942159291497
atscript 0.00019442644199611146 4.74493212836325
attracted 6.480881399870383e-05 3.3586377672433594
attribution 6.480881399870383e-05 0.0
aufirst 0.0006480881399870382 0.3629054936893685
august 0.00019442644199611146 0.0
aulast 0.0006480881399870382 0.3629054936893685
author 0.0002592352559948153 0.0
authorities 6.480881399870383e-05 1.3109449238781037
authority 0.00019442644199611146 1.16141318990714
authority_control 6.480881399870383e-05 1.1340142157190256
auto 0.0002592352559948153 0.0
autocapitalize 6.480881399870383e-05 0.0
autocollapse 0.00012961762799740766 0.9162907318741551
automatically 6.480881399870383e-05 1.486835590341768
autostart 6.480881399870383e-05 0.11020314013361425
available 0.00019442644199611146 0.0
avoid 0.00012961762799740766 0.09097177820572679
await 6.480881399870383e-05 4.74493212836325
azerbaijani 6.480881399870383e-05 2.03688192726104
azərbaycanca 6.480881399870383e-05 2.03688192726104
babel 0.00012961762799740766 4.051784947803305
babel_ 6.480881399870383e-05 4.74493212836325
back 6.480881399870383e-05 1.5668782980153044
backbone 0.00019442644199611146 4.051784947803305
background 0.0018794556059624108 0.017544309650909525
backlink 0.0015554115359688917 0.08149303425118301
bar 0.00012961762799740766 2.3470368555648795
base 6.480881399870383e-05 1.449095262358921
based 0.0005184705119896306 0.3504829736908114
based_programming 6.480881399870383e-05 3.1354942159291497
based_programming_languages 0.00012961762799740766 1.6094379124341003
based_source_code_editors 6.480881399870383e-05 4.74493212836325
basic 0.0005184705119896306 0.7195804376281008
bates 0.00012961762799740766 4.74493212836325
baz 6.480881399870383e-05 4.74493212836325
bday 0.00012961762799740766 0.41419878807691896
bdi 0.0006480881399870382 0.7375989431307791
because 6.480881399870383e-05 0.0
been 0.00019442644199611146 0.6844891178168307
before 0.0009721322099805574 0.0
below 6.480881399870383e-05 0.18058393689541388
block 0.0003888528839922229 0.18058393689541388
blocks 0.00012961762799740766 1.449095262358921
bmi 0.0003240440699935191 4.74493212836325
body 0.0010369410239792613 0.0
body_mass_index 6.480881399870383e-05 4.74493212836325
bodycontent 0.00012961762799740766 0.0
bold 0.00012961762799740766 0.2451224580329849
book 0.0009073233959818536 0.42744401482693967
bookshelf 0.00019442644199611146 3.6463198396951406
booksources 0.0006480881399870382 0.6673946844575306
bootstrap 6.480881399870383e-05 0.10054122922187746
border 0.0016202203499675956 0.0
borrows 6.480881399870383e-05 3.6463198396951406
both 6.480881399870383e-05 0.3022808718729337
bottom 0.00019442644199611146 0.05358424613410626
box 0.001490602721970188 0.0
boxtext 6.480881399870383e-05 0.41419878807691896
braces 0.00019442644199611146 3.3586377672433594
bracket 0.0012961762799740765 0.0
brackets 0.0002592352559948153 0.41419878807691896
brackets_ 6.480881399870383e-05 4.051784947803305
break 0.00019442644199611146 0.05358424613410626
brendan 0.0003888528839922229 4.051784947803305
brendan_eich 0.00012961762799740766 4.051784947803305
brendaneich 0.00012961762799740766 4.74493212836325
brevity 6.480881399870383e-05 3.6463198396951406
bring 6.480881399870383e-05 3.3586377672433594
browser 0.0004536616979909268 1.7004096906398272
browsing 6.480881399870383e-05 0.0
btitle 0.0008425145819831498 0.22314355131420976
btn 0.0003888528839922229 0.0
build 6.480881399870383e-05 1.8545603704670854
bundle 6.480881399870383e-05 3.3586377672433594
bundlers 6.480881399870383e-05 4.74493212836325
burnham 0.00012961762799740766 4.74493212836325
button 0.002138690861957226 0.0
buttons 6.480881399870383e-05 0.0
bytes 0.0002592352559948153 0.0
c13_en 6.480881399870383e-05 0.0
c_sharp_ 6.480881399870383e-05 1.377636298376776
cache 0.00012961762799740766 0.0
cached 6.480881399870383e-05 0.0
cachereport 6.480881399870383e-05 0.0
cactions 0.0003888528839922229 0.0
call 6.480881399870383e-05 1.1073459686368643
calls 0.00019442644199611146 0.0
campaigns 6.480881399870383e-05 0.0
can 0.0007777057679844458 0.17022114985986725
canonical 0.00012961762799740766 0.0
cantonese 6.480881399870383e-05 0.540239508972284
caps 6.480881399870383e-05 0.41419878807691896
caption 0.00012961762799740766 0.21233263520999412
cascading 0.00012961762799740766 4.051784947803305
cascading_style_sheets 6.480881399870383e-05 4.051784947803305
catalan 6.480881399870383e-05 1.5668782980153044
català 6.480881399870383e-05 1.6094379124341003
categorical 6.480881399870383e-05 2.03688192726104
categories 0.00012961762799740766 0.02643325706815543
category 0.002851587815942968 0.0
catlinks 0.0003888528839922229 0.0
cats 6.480881399870383e-05 0.0721032939013439
ccf 6.480881399870383e-05 0.454472687214859
ccg 0.00012961762799740766 4.74493212836325
ccg_24 0.00012961762799740766 4.74493212836325
cell 0.00012961762799740766 0.7195804376281008
center 0.0005832793259883344 0.017544309650909525
centered 0.00012961762799740766 3.1354942159291497
centralauth 0.00012961762799740766 0.0
centralautologin 0.00012961762799740766 0.0
centralnotice 0.00019442644199611146 0.0
chain 6.480881399870383e-05 2.7990219793079367
chained 6.480881399870383e-05 4.051784947803305
change 6.480881399870383e-05 0.0
changes 0.0002592352559948153 0.0
charinsert 6.480881399870383e-05 0.0
charset 6.480881399870383e-05 0.0
checkbox 0.00220349967595593 0.0
checks 6.480881399870383e-05 2.3470368555648795
child 0.0016202203499675956 0.06280090123903044
chinese 6.480881399870383e-05 0.8131064956389242
chris 0.00012961762799740766 2.5477075510270306
christ 0.00012961762799740766 4.74493212836325
christcenteredgamer 0.00012961762799740766 4.74493212836325
chrome 0.00012961762799740766 3.1354942159291497
chrome_ 6.480881399870383e-05 4.74493212836325
citation 0.00220349967595593 0.08149303425118301
citation_needed 0.00019442644199611146 1.749199854809259
cite 0.004536616979909268 0.0
cite_journal 6.480881399870383e-05 1.5260563034950492
cite_news 0.00012961762799740766 3.1354942159291497
cite_note 0.0031108230719377834 0.08149303425118301
cite_ref 0.0031108230719377834 0.08149303425118301
citerefalex_maccaw2012 6.480881399870383e-05 4.74493212836325
citerefbates2012 6.480881399870383e-05 4.74493212836325
citerefburnham2011 6.480881399870383e-05 4.74493212836325
citerefcullen 6.480881399870383e-05 4.74493212836325
citerefgoldstein2020 6.480881399870383e-05 4.74493212836325
citerefgrosenbach2011 6.480881399870383e-05 4.74493212836325
citerefheller2011 6.480881399870383e-05 4.74493212836325
citerefjosh_peek2011 6.480881399870383e-05 4.74493212836325
citereflee2014 6.480881399870383e-05 4.74493212836325
citerefmaccaw2012 6.480881399870383e-05 4.74493212836325
citerefsta_cruz 6.480881399870383e-05 4.74493212836325
citerefwheelermahkovecvarenhorst2012 6.480881399870383e-05 4.74493212836325
citethispage 6.480881399870383e-05 0.0
claim 0.00019442644199611146 1.5668782980153044
class 0.05871678548282566 0.0
classic 0.00012961762799740766 1.7004096906398272
classic_visual_basic 6.480881399870383e-05 2.1058747987479913
classname 0.00019442644199611146 0.0
clean 6.480881399870383e-05 3.1354942159291497
clear 0.0002592352559948153 0.11995931507897897
clicking 6.480881399870383e-05 3.3586377672433594
client 0.0003240440699935191 0.0
clojure 0.00019442644199611146 2.7990219793079367
clojurescript 0.00019442644199611146 4.051784947803305
closing 6.480881399870383e-05 2.5477075510270306
closure 0.00012961762799740766 2.665490586683414
cloud9 0.00012961762799740766 4.051784947803305
cloud9_ide 6.480881399870383e-05 4.051784947803305
cobol 0.00019442644199611146 1.7004096906398272
code 0.004601425793907972 0.035401927050916
codemirror 0.00019442644199611146 4.74493212836325
coffee 0.0005832793259883344 4.051784947803305
coffeescript 0.011471160077770578 4.74493212836325
coffescript 0.00012961762799740766 4.74493212836325
col 0.00019442644199611146 0.540239508972284
coll 0.0002592352559948153 0.0
collapse 6.480881399870383e-05 0.21233263520999412
collapsed 0.00019442644199611146 0.0
collapses 6.480881399870383e-05 0.0
collapsible 0.0008425145819831498 0.0
color 0.0012313674659753726 0.017544309650909525
colspan 0.0009073233959818536 0.14981227822866008
column 0.0003240440699935191 0.09097177820572679
columns 0.0003888528839922229 0.09097177820572679
com 0.0020090732339598186 0.11995931507897897
comment 0.00019442644199611146 1.377636298376776
comments 6.480881399870383e-05 2.1799827709017134
commit 0.0002592352559948153 4.051784947803305
committed 6.480881399870383e-05 4.051784947803305
common 0.00019442644199611146 0.8737311174553593
commonjs 0.0003888528839922229 3.6463198396951406
commons 0.0009073233959818536 0.0
community 6.480881399870383e-05 0.0
community_portal 6.480881399870383e-05 0.0
compactlinks 6.480881399870383e-05 0.0
comparison 0.0003888528839922229 0.7936884097818228
comparison_of_javascript 6.480881399870383e-05 4.74493212836325
comparison_of_javascript_frameworks 6.480881399870383e-05 4.051784947803305
comparison_of_programming_languages 6.480881399870383e-05 1.911718784307034
comparisons 6.480881399870383e-05 2.665490586683414
compatibility 6.480881399870383e-05 1.9723434061234688
compiler 0.0005184705119896306 0.5108256237659907
compilers 0.0004536616979909268 1.1340142157190256
compiles 0.0002592352559948153 2.1799827709017134
completely 6.480881399870383e-05 2.1799827709017134
complications 6.480881399870383e-05 0.0
comprehension 0.0002592352559948153 3.3586377672433594
compute 0.00019442644199611146 2.03688192726104
computer 0.00012961762799740766 0.12981161152199053
computer_science 0.00012961762799740766 0.5860490450035782
concepts 6.480881399870383e-05 1.486835590341768
condition 6.480881399870383e-05 1.9723434061234688
config 0.00012961762799740766 0.0
consequent 6.480881399870383e-05 4.74493212836325
console 6.480881399870383e-05 1.911718784307034
const 0.00019442644199611146 2.5477075510270306
contact 0.0002592352559948153 0.0
contact_us 0.00012961762799740766 0.0
contactpage 6.480881399870383e-05 0.0
container 0.0009073233959818536 0.0
containing 6.480881399870383e-05 0.0
content 0.005379131561892418 0.0
contentinfo 6.480881399870383e-05 0.0
contents 0.0008425145819831498 0.0
contentsub 6.480881399870383e-05 0.0
context 0.00012961762799740766 0.0
contribute 6.480881399870383e-05 0.0
contributions 6.480881399870383e-05 0.0
contributors 0.00019442644199611146 0.0
control 0.0003240440699935191 0.44086703515908027
controls 0.00012961762799740766 0.0
conversion 6.480881399870383e-05 0.0
cookie 0.0003240440699935191 0.0
cookie_statement 6.480881399870383e-05 0.0
cookiestatement 6.480881399870383e-05 0.0
copyright 0.00019442644199611146 0.0
copyrightico 6.480881399870383e-05 0.0
core 0.00019442644199611146 1.2791962255635234
could 6.480881399870383e-05 1.0813704822336037
count 0.00012961762799740766 0.0
counter 0.0002592352559948153 0.27902400970866637
cpu 6.480881399870383e-05 0.0
cputime 6.480881399870383e-05 0.0
create 0.0002592352559948153 0.0
createaccount 0.0002592352559948153 0.0
created 0.00019442644199611146 0.44086703515908027
creative 6.480881399870383e-05 0.0
creativecommons 0.00012961762799740766 0.0
criticized 6.480881399870383e-05 2.953172659135195
crockford 0.00012961762799740766 4.051784947803305
cross 0.0002592352559948153 0.0
crossorigin 6.480881399870383e-05 0.0
cruz 0.00012961762799740766 4.051784947803305
cs1 0.002527543745949449 0.09097177820572679
cs1_errors 0.00012961762799740766 2.665490586683414
csrftoken 6.480881399870383e-05 0.0
ctx_ver 0.0011665586519766689 0.10054122922187746
cullen 0.00012961762799740766 4.74493212836325
curly 6.480881399870383e-05 3.3586377672433594
current 0.00012961762799740766 0.0
current_events 6.480881399870383e-05 0.0
currentevents 6.480881399870383e-05 0.0
cursor 6.480881399870383e-05 0.38822330167365837
cycle 6.480881399870383e-05 0.6844891178168307
d33 0.00012961762799740766 0.09097177820572679
dahl 0.00012961762799740766 2.5477075510270306
dan 0.00012961762799740766 2.665490586683414
daniel 0.00012961762799740766 2.1058747987479913
dart 0.0005184705119896306 2.7990219793079367
dart_ 0.00012961762799740766 3.1354942159291497
data 0.005443940375891122 0.0
date 0.000712896953985742 0.08149303425118301
datemodified 0.00012961762799740766 0.0
datepublished 0.00012961762799740766 0.0
david 0.00012961762799740766 1.16141318990714
day 6.480881399870383e-05 1.911718784307034
ddf 6.480881399870383e-05 0.454472687214859
debug 6.480881399870383e-05 2.4423470353692043
debugger 0.00012961762799740766 2.4423470353692043
debuggers 6.480881399870383e-05 3.3586377672433594
dec 0.00012961762799740766 2.03688192726104
december 0.0003240440699935191 0.0
decent 6.480881399870383e-05 4.74493212836325
decimal 6.480881399870383e-05 0.09097177820572679
decoding 0.0005184705119896306 0.11020314013361425
decoration 0.00012961762799740766 0.41419878807691896
deduplicate 0.0004536616979909268 0.017544309650909525
deduplicated 0.0018794556059624108 0.06280090123903044
defer 6.480881399870383e-05 4.74493212836325
defined 6.480881399870383e-05 0.9162907318741551
deno 0.00012961762799740766 4.051784947803305
deno_ 6.480881399870383e-05 4.051784947803305
denote 6.480881399870383e-05 2.953172659135195
denoted 6.480881399870383e-05 3.3586377672433594
depth 0.00019442644199611146 0.0
described 6.480881399870383e-05 1.7004096906398272
description 0.0004536616979909268 0.0
design 6.480881399870383e-05 0.3141153295199365
designed 6.480881399870383e-05 0.3504829736908114
desktoparticletarget 0.00019442644199611146 0.0
destructuring 0.00012961762799740766 4.74493212836325
destructuring_assignment 6.480881399870383e-05 4.74493212836325
details 0.00012961762799740766 1.1340142157190256
detected 6.480881399870383e-05 3.1354942159291497
detection 6.480881399870383e-05 0.0
deutsch 6.480881399870383e-05 0.5254244231871433
developer 0.00019442644199611146 0.0
developers 0.00012961762799740766 0.0
development 0.0003888528839922229 0.38822330167365837
development_and_distribution 0.0002592352559948153 4.74493212836325
devtools 0.00019442644199611146 4.74493212836325
difficult 6.480881399870383e-05 2.26002547857525
dir 0.001101749837977965 0.0
directional 6.480881399870383e-05 3.3586377672433594
directly 0.00019442644199611146 1.1895840668738364
disabled 0.000712896953985742 0.0
disallows 6.480881399870383e-05 3.6463198396951406
discipline 6.480881399870383e-05 0.8131064956389242
disclaimers 0.00012961762799740766 0.0
discuss 0.0002592352559948153 0.0
discussion 0.00012961762799740766 0.0
display 0.001101749837977965 0.0
distribution 0.00019442644199611146 1.8545603704670854
div 0.018535320803629293 0.0
dives 0.00012961762799740766 4.74493212836325
divisor 0.00012961762799740766 3.6463198396951406
dmy 6.480881399870383e-05 0.0
dns 0.00012961762799740766 0.0
doc 6.480881399870383e-05 1.5260563034950492
doctype 6.480881399870383e-05 0.0
document 0.0005184705119896306 0.0
document_object_model 6.480881399870383e-05 4.74493212836325
documentation 0.00012961762799740766 1.2185716037470886
documentation_generator 6.480881399870383e-05 4.74493212836325
documented 6.480881399870383e-05 2.7990219793079367
documentelement 0.00019442644199611146 0.0
does 0.0002592352559948153 0.4682660093471948
donate 0.00019442644199611146 0.0
donating 6.480881399870383e-05 0.0
donatstudios 6.480881399870383e-05 4.74493212836325
double 6.480881399870383e-05 2.26002547857525
douglas 0.00012961762799740766 2.3470368555648795
douglas_crockford 6.480881399870383e-05 4.051784947803305
download 0.0002592352559948153 0.0
downloadaspdf 6.480881399870383e-05 0.0
dreams 0.00012961762799740766 4.74493212836325
dropbox 0.0005832793259883344 4.051784947803305
dropbox_ 6.480881399870383e-05 4.051784947803305
dropdown 0.0016202203499675956 0.0
dtstart 0.00012961762799740766 0.41419878807691896
dynamic 0.0003240440699935191 0.8947845266531914
dynamic_programming_languages 6.480881399870383e-05 2.7990219793079367
dynamic_typing 6.480881399870383e-05 2.1799827709017134
e28f47ce6f264033ac0d162ee27cee5f06da49ab 0.0002592352559948153 4.74493212836325
e6e6ff 6.480881399870383e-05 0.454472687214859
echo 6.480881399870383e-05 0.0
eclipse 6.480881399870383e-05 1.8545603704670854
ecmascript 0.00012961762799740766 2.26002547857525
edge 0.00012961762799740766 3.1354942159291497
edit 0.003953337653920933 0.0
editable 6.480881399870383e-05 0.0
edited 6.480881399870383e-05 0.0
editing 6.480881399870383e-05 0.0
edition 0.0002592352559948153 1.2484245668967697
editor 0.0005832793259883344 0.0
editors 0.0002592352559948153 0.0
editpage 6.480881399870383e-05 0.0
edits 0.00012961762799740766 0.0
editsection 0.0019442644199611147 0.0
edituri 6.480881399870383e-05 0.0
eee 0.00012961762799740766 0.48225225132193467
effort 6.480881399870383e-05 2.03688192726104
eich 0.0003888528839922229 4.051784947803305
element 0.0004536616979909268 0.0
eliminating 6.480881399870383e-05 4.74493212836325
ellipsis 0.00012961762799740766 0.0
elm 0.0002592352559948153 4.74493212836325
elm_ 0.00012961762799740766 4.74493212836325
else 6.480881399870383e-05 1.4127276181880462
elt 6.480881399870383e-05 0.0
ember 0.00019442644199611146 4.74493212836325
empty 0.00012961762799740766 0.0
emptyportlet 0.00012961762799740766 0.0
emscripten 0.00019442644199611146 4.74493212836325
enabled 0.000712896953985742 0.0
encouraged 0.0002592352559948153 0.0
encyclopedia 0.00012961762799740766 0.0
end 6.480881399870383e-05 0.0
engine 0.0002592352559948153 1.2185716037470886
engines 0.00019442644199611146 3.3586377672433594
english 0.0005184705119896306 0.0
enhance 6.480881399870383e-05 2.665490586683414
enhancements 6.480881399870383e-05 0.0721032939013439
enter 6.480881399870383e-05 3.1354942159291497
entities 6.480881399870383e-05 0.0
entity 0.0002592352559948153 0.0
entityaccesscount 6.480881399870383e-05 0.0
entitypage 0.00012961762799740766 0.0
entry 0.00012961762799740766 1.377636298376776
environment 0.00012961762799740766 0.7375989431307791
enwiki 6.480881399870383e-05 0.0
enwikimwclientprefs 6.480881399870383e-05 0.0
equivalent 6.480881399870383e-05 1.6538896750049343
era 6.480881399870383e-05 2.665490586683414
erlang 0.00012961762799740766 1.8545603704670854
erlang_ 6.480881399870383e-05 1.911718784307034
error 0.0003240440699935191 0.09097177820572679
errors 0.0003240440699935191 1.486835590341768
es6 0.00012961762799740766 0.0
esi 0.00012961762799740766 0.0
esitest 6.480881399870383e-05 0.0
eslint 0.00019442644199611146 4.74493212836325
español 6.480881399870383e-05 0.7195804376281008
established 6.480881399870383e-05 2.953172659135195
euclidean 0.00012961762799740766 4.051784947803305
euclidean_algorithm 6.480881399870383e-05 4.74493212836325
even 0.000712896953985742 0.40112670650956617
event 0.0006480881399870382 0.0
eventlogging 0.00012961762799740766 0.0
events 0.00012961762799740766 0.0
everything 6.480881399870383e-05 2.3470368555648795
exact 6.480881399870383e-05 0.0
example 0.0002592352559948153 0.4682660093471948
exist 6.480881399870383e-05 0.540239508972284
exists 6.480881399870383e-05 0.0
expand 0.00019442644199611146 0.0
expanded 0.000712896953985742 0.008733679968754631
expansion 0.00012961762799740766 0.0
expansiondepth 6.480881399870383e-05 0.0
expensive 6.480881399870383e-05 0.0
expensivefunctioncount 6.480881399870383e-05 0.0
expiry 0.00012961762799740766 0.0
export 6.480881399870383e-05 0.0
express 0.0003888528839922229 1.3109449238781037
expression 0.00012961762799740766 1.3437347467010947
expression_ 6.480881399870383e-05 2.953172659135195
expressions 6.480881399870383e-05 1.4127276181880462
ext 0.0018146467919637071 0.0
extension 0.00012961762799740766 0.7375989431307791
extensions 0.0005184705119896306 0.8131064956389242
external 0.0023331173039533378 0.0
external_links 0.0002592352559948153 0.19105523676270922
extra 6.480881399870383e-05 0.0
f7f7f7 6.480881399870383e-05 0.454472687214859
f9f9f9 6.480881399870383e-05 1.3437347467010947
fa8a495983347898 6.480881399870383e-05 0.0
fact 0.0002592352559948153 1.1340142157190256
fallbacksearchbutton 6.480881399870383e-05 0.0
false 0.0007777057679844458 0.0
family 0.00019442644199611146 0.7018808605286999
favicon 6.480881399870383e-05 0.0
fdfdfd 0.00019442644199611146 0.44086703515908027
feature 0.0013609850939727804 0.0
featurename 0.00019442644199611146 0.0
features 6.480881399870383e-05 0.38822330167365837
february 0.00012961762799740766 0.0
feed 0.00012961762799740766 0.0
file 0.001425793907971484 0.0
file_upload_wizard 0.00012961762799740766 0.0
filename 0.00012961762799740766 1.2484245668967697
filename_extension 6.480881399870383e-05 1.3109449238781037
files 6.480881399870383e-05 0.0
find 6.480881399870383e-05 0.6177977433181585
find_code 6.480881399870383e-05 1.3437347467010947
firefox 0.00019442644199611146 3.3586377672433594
first 0.0016850291639662995 0.0
firstheading 0.00019442644199611146 0.0
float 0.0003240440699935191 0.06280090123903044
flow 6.480881399870383e-05 1.0813704822336037
flush 0.0003240440699935191 0.0
following 6.480881399870383e-05 0.8131064956389242
font 0.0016202203499675956 0.017544309650909525
foo 0.0002592352559948153 2.3470368555648795
footer 0.0016850291639662995 0.0
for 0.0018146467919637071 0.0
form 0.0003240440699935191 0.0
format 0.00012961762799740766 0.0
forth 0.00012961762799740766 1.8545603704670854
forth_ 6.480881399870383e-05 2.03688192726104
fortran 0.00019442644199611146 1.5260563034950492
foundation 0.0005832793259883344 0.0
framework 0.0005184705119896306 1.1340142157190256
frameworks 0.0003888528839922229 2.1058747987479913
français 6.480881399870383e-05 0.6844891178168307
free 0.0007777057679844458 0.0
free_and_open 0.0004536616979909268 1.6538896750049343
free_software_projects 6.480881399870383e-05 4.051784947803305
french 6.480881399870383e-05 0.6673946844575306
from 0.0011665586519766689 0.0
frontend 6.480881399870383e-05 3.6463198396951406
full 0.0003888528839922229 0.044451762570833796
fulltext 6.480881399870383e-05 0.0
func 6.480881399870383e-05 1.2185716037470886
function 0.0007777057679844458 0.0
functional 0.00012961762799740766 1.2185716037470886
functional_programming 6.480881399870383e-05 1.6094379124341003
fundraiserredirector 6.480881399870383e-05 0.0
further 0.00019442644199611146 0.7375989431307791
further_reading 0.0002592352559948153 1.2484245668967697
future 6.480881399870383e-05 1.8004931491968095
gadget 0.0002592352559948153 0.0
game 0.0004536616979909268 1.6094379124341003
gaming 0.00012961762799740766 3.6463198396951406
gaps 6.480881399870383e-05 4.74493212836325
gcd 0.00012961762799740766 4.74493212836325
gehomepagesuggestededitsenabletopics 6.480881399870383e-05 0.0
general_disclaimer 6.480881399870383e-05 0.0
generational 0.00012961762799740766 2.1058747987479913
generational_list_of_programming_languages 6.480881399870383e-05 2.1058747987479913
generator 0.00012961762799740766 0.0
generators 6.480881399870383e-05 2.1058747987479913
genre 0.0011665586519766689 0.10054122922187746
geoffrey 0.00012961762799740766 4.051784947803305
geoip 6.480881399870383e-05 0.0
german 6.480881399870383e-05 0.5108256237659907
git 0.00012961762799740766 3.1354942159291497
git_ 6.480881399870383e-05 4.74493212836325
github 0.001490602721970188 1.0560526742493137
globalcssjs 0.00012961762799740766 0.0
go_ 6.480881399870383e-05 1.7004096906398272
goes 0.0002592352559948153 2.665490586683414
goldstein 0.00012961762799740766 3.6463198396951406
google 0.0002592352559948153 0.540239508972284
google_closure_compiler 6.480881399870383e-05 4.74493212836325
google_web_toolkit 6.480881399870383e-05 2.953172659135195
googpub 0.00012961762799740766 0.0
gov 6.480881399870383e-05 1.1340142157190256
granted 6.480881399870383e-05 2.7990219793079367
gray 6.480881399870383e-05 0.09097177820572679
great 0.0002592352559948153 2.3470368555648795
greatest 0.00012961762799740766 2.7990219793079367
greatest_common_divisor 6.480881399870383e-05 4.74493212836325
greek 0.00012961762799740766 0.09097177820572679
green 6.480881399870383e-05 0.09097177820572679
grosenbach 0.00012961762799740766 4.74493212836325
group 0.0032404406999351912 0.0
growthexperiments 6.480881399870383e-05 0.0
gsw 0.00012961762799740766 4.051784947803305
guidance 6.480881399870383e-05 0.0
guide 6.480881399870383e-05 1.1340142157190256
guides 6.480881399870383e-05 0.0
hack 0.0003888528839922229 0.0
hacker 0.0002592352559948153 3.1354942159291497
hacker_news 6.480881399870383e-05 4.051784947803305
had 0.00012961762799740766 1.0313600616589422
hallmark 6.480881399870383e-05 4.74493212836325
harmony 0.00012961762799740766 3.1354942159291497
has 0.0002592352559948153 0.0
haskell 0.0005184705119896306 1.5668782980153044
haskell_ 0.00012961762799740766 2.4423470353692043
haspopup 0.0003240440699935191 0.0
have 0.0003240440699935191 0.6340582641899388
haxe 0.0003888528839922229 4.051784947803305
head 0.00019442644199611146 0.0
header 0.0018146467919637071 0.0
heading 0.001490602721970188 0.0
headline 0.0007777057679844458 0.0
healthy 0.00012961762799740766 4.74493212836325
height 0.0020738820479585226 0.0
heller 0.00012961762799740766 3.6463198396951406
help 0.0007777057679844458 0.0
here 0.0003240440699935191 0.0
hidden 0.0009721322099805574 0.0
hide 0.00012961762799740766 0.0
high 0.0002592352559948153 0.8531118302526235
highest 6.480881399870383e-05 0.0
highlight 0.0018146467919637071 0.6177977433181585
his 6.480881399870383e-05 1.4127276181880462
history 0.0009721322099805574 0.0
history_of_programming_languages 6.480881399870383e-05 2.03688192726104
hits 6.480881399870383e-05 3.3586377672433594
hlist 0.005184705119896306 0.2905848321097423
hor 0.00012961762799740766 0.0
hosted 6.480881399870383e-05 0.0
hosting 0.0002592352559948153 2.4423470353692043
hosting_ 0.00012961762799740766 2.953172659135195
how 0.0003240440699935191 0.0
however 0.0003888528839922229 0.0
href 0.033700583279325985 0.0
hreflang 0.001425793907971484 0.11020314013361425
html 0.0005184705119896306 0.0
html5 0.00019442644199611146 2.953172659135195
http 0.001101749837977965 0.0
https 0.00524951393389501 0.0
hub 6.480881399870383e-05 0.0
iced 6.480881399870383e-05 4.051784947803305
icedcoffeescript 0.00012961762799740766 4.74493212836325
ico 6.480881399870383e-05 0.0
icon 0.002268308489954634 0.0
icons 0.0002592352559948153 0.0
ide 0.0002592352559948153 1.449095262358921
identifier 0.0006480881399870382 0.42744401482693967
identifiers 0.0004536616979909268 1.0813704822336037
idhash 6.480881399870383e-05 0.0
ignore 6.480881399870383e-05 4.051784947803305
image 0.0005832793259883344 0.0
imageobject 0.00012961762799740766 0.0
images 0.0007777057679844458 0.0
img 0.0009073233959818536 0.0
imperative 0.00012961762799740766 1.16141318990714
imperative_programming 6.480881399870383e-05 1.2791962255635234
implement 6.480881399870383e-05 0.0
implemented 6.480881399870383e-05 1.0072625100798818
implicit 0.0003240440699935191 1.8545603704670854
improvements 6.480881399870383e-05 0.0
inc 0.00019442644199611146 0.0
incidentally 6.480881399870383e-05 4.74493212836325
include 0.00019442644199611146 0.0
included 0.00012961762799740766 1.1340142157190256
increment 6.480881399870383e-05 0.26759531388504365
indentation 0.00019442644199611146 3.6463198396951406
indented 6.480881399870383e-05 3.3586377672433594
index 0.002268308489954634 0.0
indicating 6.480881399870383e-05 3.1354942159291497
indicators 6.480881399870383e-05 0.0
influence 6.480881399870383e-05 2.26002547857525
influenced 0.00012961762799740766 0.454472687214859
info 0.002657161373946857 0.0
infobox 0.002657161373946857 0.21233263520999412
infobox_programming_language 0.00012961762799740766 0.37548427589622857
infobox_software 0.00012961762799740766 1.0313600616589422
information 0.00019442644199611146 0.0
infoworld 0.0003888528839922229 2.3470368555648795
inherit 0.0008425145819831498 0.035401927050916
init 0.00019442644199611146 0.0
initial 0.00012961762799740766 1.377636298376776
initialization 0.0002592352559948153 3.3586377672433594
inline 0.002592352559948153 0.035401927050916
inner 0.0004536616979909268 0.0
input 0.0007777057679844458 0.0
inside 0.00012961762799740766 0.0721032939013439
inspector 0.00012961762799740766 3.6463198396951406
inspired 6.480881399870383e-05 1.749199854809259
installation 6.480881399870383e-05 2.665490586683414
instead 0.0002592352559948153 1.2484245668967697
integers 6.480881399870383e-05 1.8545603704670854
interaction 0.00019442644199611146 0.0
interface 0.00012961762799740766 0.0
interlanguage 0.0031756318859364873 0.0
internal 6.480881399870383e-05 1.16141318990714
interpolated 6.480881399870383e-05 3.6463198396951406
interpolation 6.480881399870383e-05 4.74493212836325
interval 6.480881399870383e-05 3.6463198396951406
interwiki 0.001425793907971484 0.11020314013361425
into 0.00019442644199611146 0.48225225132193467
introduced 6.480881399870383e-05 1.1895840668738364
introduction 0.00019442644199611146 0.0
isbn 0.0009721322099805574 0.6673946844575306
isbn_ 0.0003240440699935191 0.6673946844575306
isbn_9781934356784 0.00012961762799740766 4.74493212836325
israel 6.480881399870383e-05 1.3437347467010947
italian 6.480881399870383e-05 0.7559480817989758
italiano 6.480881399870383e-05 0.7746402148111283
italic 6.480881399870383e-05 0.5705448584676129
item 0.005897602073882048 0.0
items 6.480881399870383e-05 0.0
its 0.00012961762799740766 0.25629575863111026
ivan 0.00012961762799740766 4.74493212836325
j9u 0.00019442644199611146 1.3437347467010947
january 0.0005184705119896306 0.0
japanese 6.480881399870383e-05 0.9162907318741551
jashkenas 0.0003888528839922229 4.74493212836325
jasmine 0.00012961762799740766 4.74493212836325
jasmine_ 6.480881399870383e-05 4.74493212836325
java 0.0002592352559948153 0.8947845266531914
java_ 0.00012961762799740766 1.1073459686368643
javascript 0.00492546986390149 1.377636298376776
javascript_engine 0.00019442644199611146 3.3586377672433594
javascript_framework 0.00012961762799740766 4.74493212836325
javascript_library 6.480881399870383e-05 3.6463198396951406
javascript_programming_language_family 6.480881399870383e-05 4.051784947803305
javascript_syntax 6.480881399870383e-05 4.74493212836325
javascript_testing_framework 6.480881399870383e-05 4.74493212836325
jeremy 0.0005184705119896306 2.5477075510270306
jeremy_ashkenas 0.00019442644199611146 4.74493212836325
jest 0.00012961762799740766 4.74493212836325
jest_ 6.480881399870383e-05 4.74493212836325
joanna 6.480881399870383e-05 4.74493212836325
john 0.00012961762799740766 1.2185716037470886
john_resig 6.480881399870383e-05 4.051784947803305
josh 0.00012961762799740766 4.051784947803305
joshpeek 6.480881399870383e-05 4.74493212836325
journal 0.0003240440699935191 0.7195804376281008
jquery 0.0003888528839922229 0.0
js2 6.480881399870383e-05 4.74493212836325
js2coffee 0.00019442644199611146 4.74493212836325
js_logo 0.0004536616979909268 4.74493212836325
jsconf 0.00012961762799740766 4.74493212836325
jsdoc 0.00019442644199611146 4.051784947803305
jsgi 0.00019442644199611146 4.051784947803305
jshint 0.00019442644199611146 4.051784947803305
jslint 0.00019442644199611146 4.051784947803305
json 0.0003240440699935191 0.0
jtitle 0.0002592352559948153 0.3260915205666521
july 6.480881399870383e-05 0.0
jump 0.00012961762799740766 0.0
june 0.00012961762799740766 0.0
just 0.00012961762799740766 1.2484245668967697
kern 0.00012961762799740766 0.09097177820572679
key 6.480881399870383e-05 0.0
keyword 0.00019442644199611146 1.6094379124341003
keywords 6.480881399870383e-05 1.8545603704670854
know 6.480881399870383e-05 2.03688192726104
komodo 0.00012961762799740766 4.051784947803305
komodo_ide 6.480881399870383e-05 4.051784947803305
korean 6.480881399870383e-05 1.0813704822336037
kotlin 0.0002592352559948153 1.9723434061234688
kotlin_ 0.00012961762799740766 1.9723434061234688
label 0.0038237200259235255 0.0
labelledby 0.0002592352559948153 0.0
landmark 0.0002592352559948153 0.0
lang 0.003305249513933895 0.0
langlinks 0.00012961762799740766 0.0
language 0.004601425793907972 0.0
languages 0.0018794556059624108 0.0
last 0.0008425145819831498 0.0
lastmod 6.480881399870383e-05 0.0
latest 0.00019442644199611146 1.6538896750049343
latest_additions 0.0002592352559948153 4.74493212836325
lazy 0.00012961762799740766 0.0
lccn 0.00019442644199611146 1.3109449238781037
learn 0.0003240440699935191 0.0
lee 0.00012961762799740766 2.665490586683414
left 0.001101749837977965 0.0
level 0.0009721322099805574 0.0
level_programming_languages 6.480881399870383e-05 2.4423470353692043
level_sub 6.480881399870383e-05 4.74493212836325
levels 6.480881399870383e-05 0.0
libraries 0.00019442644199611146 0.9162907318741551
library 0.00019442644199611146 0.6340582641899388
license 0.000712896953985742 0.0
licenses 0.00012961762799740766 0.0
life 6.480881399870383e-05 0.6340582641899388
light 0.00012961762799740766 2.5477075510270306
light_table_ 6.480881399870383e-05 4.051784947803305
like 6.480881399870383e-05 0.41419878807691896
limit 0.000712896953985742 0.0
limited 0.0004536616979909268 0.0
limitreport 0.00019442644199611146 0.0
line 0.0002592352559948153 0.10054122922187746
linear 0.00012961762799740766 2.1799827709017134
linear_search 6.480881399870383e-05 4.74493212836325
linearsearch 6.480881399870383e-05 4.74493212836325
liner 6.480881399870383e-05 3.6463198396951406
link 0.006740116655865198 0.0
linked 6.480881399870383e-05 0.0
links 0.001425793907971484 0.0
lisp 0.00012961762799740766 1.2185716037470886
lisp_ 6.480881399870383e-05 1.3437347467010947
list 0.011406351263771873 0.0
list_comprehension 0.00012961762799740766 3.3586377672433594
list_of_eclipse_projects 6.480881399870383e-05 4.74493212836325
list_of_ecmascript_engines 6.480881399870383e-05 4.051784947803305
list_of_javascript_libraries 6.480881399870383e-05 4.051784947803305
list_of_programming_languages 0.00012961762799740766 2.1058747987479913
list_of_programming_languages_by_type 6.480881399870383e-05 2.1058747987479913
list_of_unit_testing_frameworks 6.480881399870383e-05 4.74493212836325
listbullet 0.00019442644199611146 0.0
listitem 0.0002592352559948153 0.2905848321097423
lists 6.480881399870383e-05 1.1073459686368643
litcoffee 0.00012961762799740766 4.74493212836325
literal 6.480881399870383e-05 2.26002547857525
literals 6.480881399870383e-05 2.3470368555648795
literate 0.00012961762799740766 4.051784947803305
literate_programming 6.480881399870383e-05 4.051784947803305
little 0.0002592352559948153 2.26002547857525
livescript 0.0003888528839922229 4.74493212836325
livescript_ 0.00019442644199611146 4.74493212836325
load 0.00019442644199611146 0.0
loaded 6.480881399870383e-05 0.0
loader 6.480881399870383e-05 0.0
loading 0.00019442644199611146 0.0
loc 0.00012961762799740766 0.0
local_base 6.480881399870383e-05 1.3109449238781037
lock 0.0007777057679844458 0.09097177820572679
lodash 0.00019442644199611146 4.74493212836325
log 0.0005184705119896306 0.0
logged 0.00012961762799740766 0.0
login 0.0003240440699935191 0.0
logo 0.001101749837977965 0.0
longer 6.480881399870383e-05 1.8545603704670854
look 0.00012961762799740766 1.749199854809259
looking 6.480881399870383e-05 3.6463198396951406
loop 0.00012961762799740766 1.2791962255635234
looping 0.00012961762799740766 2.665490586683414
lower 0.0003888528839922229 0.09097177820572679
ltr 0.0034348671419313025 0.0
lua 0.0002592352559948153 0.008733679968754631
lua_ 6.480881399870383e-05 1.911718784307034
lucumr 6.480881399870383e-05 4.74493212836325
mac 0.00012961762799740766 2.1058747987479913
maccaw 0.0002592352559948153 4.74493212836325
machine 0.00012961762799740766 0.6340582641899388
made 0.00019442644199611146 0.0
madness 0.0002592352559948153 4.74493212836325
mahkovec 0.00012961762799740766 4.74493212836325
main 0.0016202203499675956 0.0
main_page 0.00012961762799740766 0.0
mainentity 0.00012961762799740766 0.0
mainpage 6.480881399870383e-05 0.0
maint 6.480881399870383e-05 0.09097177820572679
makecollapsible 0.00019442644199611146 0.42744401482693967
maker 0.0003888528839922229 2.953172659135195
makes 0.00012961762799740766 1.377636298376776
making 6.480881399870383e-05 1.5668782980153044
malayalam 6.480881399870383e-05 1.911718784307034
manager 0.00012961762799740766 1.911718784307034
managers 6.480881399870383e-05 3.3586377672433594
mandatory 0.0002592352559948153 0.0
manning 0.00019442644199611146 3.6463198396951406
manning_publications 6.480881399870383e-05 4.051784947803305
many 6.480881399870383e-05 0.6673946844575306
maps 6.480881399870383e-05 2.665490586683414
march 6.480881399870383e-05 0.0
margin 0.0015554115359688917 0.017544309650909525
mark 0.00012961762799740766 1.486835590341768
markdown 0.0002592352559948153 4.74493212836325
martin 0.00012961762799740766 2.03688192726104
mass 0.0003888528839922229 4.051784947803305
match 6.480881399870383e-05 0.0
matches 0.00019442644199611146 1.2791962255635234
matching 0.00012961762799740766 1.911718784307034
matlab 0.00019442644199611146 1.911718784307034
maven 0.00019442644199611146 3.1354942159291497
max 0.00019442644199611146 0.0
maxtaco 6.480881399870383e-05 4.74493212836325
may 0.0007777057679844458 0.0
mean 0.00012961762799740766 3.3586377672433594
mean_ 6.480881399870383e-05 4.74493212836325
media 0.0005832793259883344 0.0
mediawiki 0.0005184705119896306 0.0
meen 6.480881399870383e-05 4.74493212836325
meet 0.00012961762799740766 2.03688192726104
member 0.00012961762799740766 2.1058747987479913
memory 6.480881399870383e-05 0.008733679968754631
memusage 6.480881399870383e-05 0.008733679968754631
menu 0.0064808813998703824 0.0
message 0.00012961762799740766 0.0
meta 0.0008425145819831498 0.0
meteor 0.00012961762799740766 4.74493212836325
meteor_ 6.480881399870383e-05 4.74493212836325
microsoft 0.0003240440699935191 0.8531118302526235
microsoft_edge 6.480881399870383e-05 4.74493212836325
microsoft_visual_studio 0.00012961762799740766 2.953172659135195
microsoft_visual_studio_express 6.480881399870383e-05 2.5477075510270306
middle 0.00012961762799740766 1.486835590341768
migrated 6.480881399870383e-05 3.1354942159291497
migration 0.0002592352559948153 3.1354942159291497
mihaela 6.480881399870383e-05 4.74493212836325
min 0.00012961762799740766 0.12981161152199053
minerva 0.0004536616979909268 0.13976194237515863
mini 0.0003240440699935191 0.41419878807691896
missing 0.00019442644199611146 1.9723434061234688
missing_periodical 6.480881399870383e-05 2.665490586683414
mit 0.0003240440699935191 1.2484245668967697
mit_license 6.480881399870383e-05 3.1354942159291497
ml_ 6.480881399870383e-05 1.7004096906398272
mmv 0.00012961762799740766 0.11020314013361425
mobile 0.00019442644199611146 0.0
mobileaction 6.480881399870383e-05 0.0
mobileview 6.480881399870383e-05 0.0
mocha 0.00012961762799740766 4.74493212836325
mocha_ 6.480881399870383e-05 4.74493212836325
modal 6.480881399870383e-05 3.6463198396951406
model 0.00012961762799740766 0.8737311174553593
modern 6.480881399870383e-05 1.449095262358921
module 0.00012961762799740766 0.0
modules 0.00019442644199611146 0.0
modulo 6.480881399870383e-05 3.3586377672433594
mongodb 0.00019442644199611146 4.74493212836325
months 6.480881399870383e-05 1.7004096906398272
moonscript 0.00019442644199611146 4.74493212836325
more 0.001101749837977965 0.0
morfik 0.00019442644199611146 3.6463198396951406
move 6.480881399870383e-05 0.0
moved 6.480881399870383e-05 0.0
multi 0.00019442644199611146 0.8329091229351039
mw1387 0.00012961762799740766 3.6463198396951406
mw1411 6.480881399870383e-05 3.6463198396951406
mycontributions 6.480881399870383e-05 0.0
mystery 0.00012961762799740766 4.74493212836325
mytalk 6.480881399870383e-05 0.0
name 0.00220349967595593 0.0
names 0.00012961762799740766 1.486835590341768
namespaces 6.480881399870383e-05 0.0
national 6.480881399870383e-05 0.8947845266531914
nav 0.0009073233959818536 0.0
navbar 0.0013609850939727804 0.06280090123903044
navbox 0.009332469215813351 0.454472687214859
navigation 0.0010369410239792613 0.0
navigationtiming 6.480881399870383e-05 0.0
nearby 6.480881399870383e-05 0.0
needed 0.0003888528839922229 1.1340142157190256
needs 0.0002592352559948153 1.0813704822336037
net 0.00012961762799740766 0.7195804376281008
new 0.00019442644199611146 0.14981227822866008
newpp 6.480881399870383e-05 0.0
news 0.0004536616979909268 0.5552773863368246
next 0.00019442644199611146 1.2484245668967697
nikolay 6.480881399870383e-05 4.74493212836325
nim 0.0002592352559948153 3.3586377672433594
nim_ 0.00012961762799740766 3.3586377672433594
nli 6.480881399870383e-05 1.3437347467010947
nlx10 6.480881399870383e-05 1.3437347467010947
node 0.0017498379779650032 0.0
nodejs 0.0003240440699935191 4.74493212836325
noexcerpt 6.480881399870383e-05 0.42744401482693967
nofollow 0.0020090732339598186 0.0
noicon 0.0003240440699935191 0.0
nojs 6.480881399870383e-05 0.0
nomobile 6.480881399870383e-05 0.4682660093471948
non 0.0003240440699935191 0.0
none 0.002851587815942968 0.0
noprint 0.000712896953985742 0.0
normal 0.0004536616979909268 0.0
noscript 0.0002592352559948153 0.0
nose 0.0002592352559948153 4.74493212836325
nosnippet 6.480881399870383e-05 0.0
not 0.0005832793259883344 0.0
notice 6.480881399870383e-05 0.0
november 0.00012961762799740766 0.0
noviewer 0.0002592352559948153 0.7018808605286999
nowrap 0.0010369410239792613 0.05358424613410626
nowraplinks 0.0002592352559948153 0.454472687214859
npm 0.0002592352559948153 3.6463198396951406
npm_ 0.00012961762799740766 3.6463198396951406
nstab 6.480881399870383e-05 0.0
null 0.0002592352559948153 0.0
numb 0.0006480881399870382 0.0
number 6.480881399870383e-05 0.0
numbers 0.00012961762799740766 1.16141318990714
object 0.0003240440699935191 0.5254244231871433
object_pascal 6.480881399870383e-05 1.911718784307034
objects 6.480881399870383e-05 1.0560526742493137
october 0.00019442644199611146 0.0
odd 0.0009073233959818536 0.454472687214859
off 0.00019442644199611146 1.449095262358921
official 0.0004536616979909268 0.8737311174553593
often 6.480881399870383e-05 1.486835590341768
oldid 0.00019442644199611146 0.0
omitted 0.00012961762799740766 2.3470368555648795
once 6.480881399870383e-05 2.03688192726104
one 0.0004536616979909268 0.42744401482693967
only 0.0002592352559948153 0.0
oojs_ui_icon_edit 0.0011665586519766689 0.8737311174553593
opa 0.0002592352559948153 4.74493212836325
opa_ 0.00012961762799740766 4.74493212836325
open 0.00012961762799740766 0.7018808605286999
opens 6.480881399870383e-05 3.6463198396951406
opensearch_desc 6.480881399870383e-05 0.0
opensearchdescription 6.480881399870383e-05 0.0
opera 0.00012961762799740766 4.74493212836325
opera_ 6.480881399870383e-05 4.74493212836325
operating 6.480881399870383e-05 0.41419878807691896
operating_system 6.480881399870383e-05 0.5108256237659907
options 0.0003240440699935191 0.0
org 0.008489954633830201 0.0
organiser 6.480881399870383e-05 0.9382696385929302
organization 0.0003240440699935191 0.0
origin 0.0003240440699935191 0.0
original 0.00012961762799740766 0.3022808718729337
orion 6.480881399870383e-05 4.74493212836325
other 0.00019442644199611146 0.0
out 0.00012961762799740766 0.0
outer 6.480881399870383e-05 2.665490586683414
output 0.009526895657809462 0.0
outside 0.00012961762799740766 1.9723434061234688
over 0.00019442644199611146 0.9162907318741551
overflow 0.00012961762799740766 0.0
overridden 6.480881399870383e-05 3.3586377672433594
p348 6.480881399870383e-05 3.1354942159291497
p856 6.480881399870383e-05 2.5477075510270306
package 0.00019442644199611146 1.486835590341768
package_manager 0.00012961762799740766 4.74493212836325
padding 0.00440699935191186 0.017544309650909525
page 0.003370058327932599 0.0
pagelanguagecode 6.480881399870383e-05 0.0
pagelanguagedir 6.480881399870383e-05 0.0
pageprop 6.480881399870383e-05 0.27902400970866637
pages 0.0008425145819831498 0.0
pagevariantfallbacks 6.480881399870383e-05 0.0
panel 0.0002592352559948153 0.0
paradigm 0.0003240440699935191 0.5705448584676129
parentheses 0.00012961762799740766 2.5477075510270306
parsed 6.480881399870383e-05 0.0
parser 0.009591704471808167 0.0
part 6.480881399870383e-05 0.7375989431307791
particular 6.480881399870383e-05 1.749199854809259
pascal 0.0002592352559948153 1.1073459686368643
pascal_ 6.480881399870383e-05 1.2791962255635234
past 6.480881399870383e-05 0.0
patrick 0.00012961762799740766 2.7990219793079367
patroltoken 6.480881399870383e-05 0.0
pattern 0.00012961762799740766 1.6538896750049343
pattern_matching 6.480881399870383e-05 2.665490586683414
patterns 6.480881399870383e-05 1.9723434061234688
pcache 6.480881399870383e-05 0.0
pdf 0.00012961762799740766 0.0
peek 0.00012961762799740766 4.051784947803305
peepcode 0.00019442644199611146 4.74493212836325
people 6.480881399870383e-05 1.0560526742493137
per 6.480881399870383e-05 2.03688192726104
periodical 0.00019442644199611146 2.665490586683414
perl 0.0005832793259883344 1.5260563034950492
permalink 6.480881399870383e-05 0.0
permanent 0.00012961762799740766 0.0
persian 6.480881399870383e-05 1.0313600616589422
person 0.0004536616979909268 2.4423470353692043
personal 0.0003240440699935191 0.0
personcheck 0.00019442644199611146 4.74493212836325
php 0.002657161373946857 0.0
phpstorm 0.00019442644199611146 4.051784947803305
picture 6.480881399870383e-05 2.953172659135195
pin 0.00012961762799740766 0.0
pinnable 0.0007777057679844458 0.0
pinned 0.0006480881399870382 0.0
pixel 0.0003240440699935191 2.7990219793079367
pixel_game_maker_mv 6.480881399870383e-05 4.74493212836325
placeholder 6.480881399870383e-05 0.0
places 0.0005832793259883344 0.0
plainlinks 0.00019442644199611146 0.20163734609324613
platform 0.0002592352559948153 0.5552773863368246
play 0.00012961762799740766 2.1799827709017134
play_framework 6.480881399870383e-05 4.74493212836325
playframework 0.0002592352559948153 4.74493212836325
plugin 0.00019442644199611146 2.4423470353692043
png 0.00220349967595593 0.0
pocoo 0.00012961762799740766 4.74493212836325
policy 0.00012961762799740766 0.0
polish 6.480881399870383e-05 0.9837320126696876
polski 6.480881399870383e-05 1.0560526742493137
popups 6.480881399870383e-05 0.0
portal 0.0003888528839922229 0.0
portalborder 0.00012961762799740766 1.6538896750049343
portalbox 0.0005184705119896306 1.6538896750049343
portalleft 6.480881399870383e-05 1.6538896750049343
portalright 0.00012961762799740766 1.6538896750049343
portals 6.480881399870383e-05 1.6094379124341003
portlet 0.0017498379779650032 0.0
portuguese 6.480881399870383e-05 0.8531118302526235
português 6.480881399870383e-05 0.8531118302526235
position 6.480881399870383e-05 0.0
positive 6.480881399870383e-05 3.1354942159291497
possible 6.480881399870383e-05 1.2791962255635234
post 0.00012961762799740766 0.0
posted 0.00012961762799740766 3.3586377672433594
postexpandincludesize 6.480881399870383e-05 0.0
postfix 6.480881399870383e-05 4.74493212836325
powered 6.480881399870383e-05 0.0
poweredby_mediawiki_132x47 6.480881399870383e-05 0.0
poweredby_mediawiki_176x62 6.480881399870383e-05 0.0
poweredby_mediawiki_88x31 6.480881399870383e-05 0.0
poweredbyico 6.480881399870383e-05 0.0
ppvisitednodes 6.480881399870383e-05 0.0
pragmatic 0.00019442644199611146 3.6463198396951406
pragmatic_bookshelf 6.480881399870383e-05 3.6463198396951406
pre 0.0018794556059624108 0.40112670650956617
preconnect 6.480881399870383e-05 0.11020314013361425
prefetch 0.00012961762799740766 0.0
preprocessor 6.480881399870383e-05 0.0
presentation 0.00012961762799740766 0.6177977433181585
preserving 6.480881399870383e-05 3.6463198396951406
preview 6.480881399870383e-05 0.0
principles 6.480881399870383e-05 2.26002547857525
print 0.00012961762799740766 0.0
print_export 0.00019442644199611146 0.0
printable 0.00019442644199611146 0.0
printfooter 6.480881399870383e-05 0.0
privacy 0.00019442644199611146 0.0
privacy_policy 0.00012961762799740766 0.0
problem 0.00012961762799740766 1.3109449238781037
procedural 0.0002592352559948153 1.0813704822336037
procedural_programming 0.00012961762799740766 1.5668782980153044
profit 6.480881399870383e-05 0.0
program 6.480881399870383e-05 0.41419878807691896
programming 0.005962410887880752 0.0
programming_language 0.002657161373946857 0.08149303425118301
programming_languages 0.0005184705119896306 1.2484245668967697
programming_languages_created_in_2009 6.480881399870383e-05 4.051784947803305
programming_paradigm 6.480881399870383e-05 0.5860490450035782
progressive 0.0013609850939727804 0.0
project 0.00012961762799740766 0.7936884097818228
projects 0.0004536616979909268 0.0
prolog 0.00019442644199611146 1.7004096906398272
prone 6.480881399870383e-05 3.1354942159291497
property 0.00019442644199611146 0.0
prototype 0.0004536616979909268 2.1799827709017134
provides 6.480881399870383e-05 0.9162907318741551
pub 0.0003888528839922229 0.41419878807691896
publication 6.480881399870383e-05 2.26002547857525
publications 0.00019442644199611146 1.5260563034950492
published 0.00012961762799740766 0.3504829736908114
publisher 0.00012961762799740766 0.0
pure 6.480881399870383e-05 2.03688192726104
purescript 0.0003888528839922229 4.74493212836325
push 0.00019442644199611146 0.0
pygments 0.00012961762799740766 0.6177977433181585
python 0.0005184705119896306 1.377636298376776
python_ 0.00019442644199611146 1.377636298376776
q1106819 0.0006480881399870382 4.74493212836325
quick 6.480881399870383e-05 0.0
quickly 6.480881399870383e-05 2.4423470353692043
quiet 0.0003888528839922229 0.0
qunit 0.00019442644199611146 4.74493212836325
quot 0.001425793907971484 0.9837320126696876
quote 6.480881399870383e-05 2.4423470353692043
quoted 0.00012961762799740766 2.665490586683414
quotes 6.480881399870383e-05 0.09097177820572679
r1011085734 6.480881399870383e-05 0.09097177820572679
r1061467846 0.0002592352559948153 0.454472687214859
r1063604349 0.00019442644199611146 0.41419878807691896
r1066479718 0.00012961762799740766 0.21233263520999412
r1129693374 0.0004536616979909268 0.2905848321097423
r1132942124 6.480881399870383e-05 1.6538896750049343
r1133582631 0.0011665586519766689 0.09097177820572679
rails 0.0002592352559948153 4.74493212836325
random 0.00012961762799740766 0.0
randomly 6.480881399870383e-05 0.0
randompage 6.480881399870383e-05 0.0
raw 6.480881399870383e-05 0.0
react 0.00019442644199611146 3.6463198396951406
read 0.00012961762799740766 0.0
readability 6.480881399870383e-05 2.5477075510270306
reading 0.00019442644199611146 1.16141318990714
ready 0.0013609850939727804 0.0
real 6.480881399870383e-05 0.0
reason 0.00012961762799740766 2.3470368555648795
reason_ 6.480881399870383e-05 4.74493212836325
reasoning 6.480881399870383e-05 2.5477075510270306
receiving 6.480881399870383e-05 3.6463198396951406
recent 0.00019442644199611146 0.0
recentchanges 0.00019442644199611146 0.0
recentchangeslinked 0.00012961762799740766 0.0
recursion 6.480881399870383e-05 0.0
red 6.480881399870383e-05 0.09097177820572679
redirect 0.0020090732339598186 0.008733679968754631
redlink 6.480881399870383e-05 0.7746402148111283
reduced 6.480881399870383e-05 0.0
reference 0.0037589112119248216 0.035401927050916
referenced 6.480881399870383e-05 2.3470368555648795
references 0.0008425145819831498 0.008733679968754631
referencetooltips 6.480881399870383e-05 0.0
referrer 0.00019442644199611146 0.0
reflist 0.0010369410239792613 0.09097177820572679
registered 6.480881399870383e-05 0.0
registration 0.0002592352559948153 0.08149303425118301
reilly 0.0002592352559948153 2.1799827709017134
rel 0.004990278677900194 0.0
related 0.00019442644199611146 0.0
release 0.0002592352559948153 0.49643688631389105
releases 0.00012961762799740766 1.449095262358921
reliable 0.00019442644199611146 0.8947845266531914
rely 6.480881399870383e-05 2.7990219793079367
remainder 6.480881399870383e-05 3.1354942159291497
rendering 6.480881399870383e-05 0.0
repeat 0.0002592352559948153 0.0721032939013439
replace 6.480881399870383e-05 0.0
replaced 0.00019442644199611146 1.8545603704670854
report 0.00012961762799740766 0.0
request 6.480881399870383e-05 1.1895840668738364
require 6.480881399870383e-05 0.0
required 6.480881399870383e-05 1.1895840668738364
requires 6.480881399870383e-05 1.5668782980153044
reset 6.480881399870383e-05 0.26759531388504365
resig 0.00012961762799740766 4.051784947803305
resourceloaderdynamicstyles 6.480881399870383e-05 0.0
rest 6.480881399870383e-05 2.1799827709017134
retrieved 0.0009073233959818536 0.0
return 0.00019442644199611146 1.1073459686368643
returnto 0.0002592352559948153 0.0
reviews 6.480881399870383e-05 3.1354942159291497
revision 0.00019442644199611146 0.0
revisions 6.480881399870383e-05 0.0
rewritten 6.480881399870383e-05 2.1799827709017134
rfr_id 0.0011665586519766689 0.10054122922187746
rft 0.006027219701879456 0.10054122922187746
rft_id 0.0008425145819831498 0.11020314013361425
rft_val_fmt 0.0011665586519766689 0.10054122922187746
rgba 6.480881399870383e-05 0.09097177820572679
rhino 0.00012961762799740766 3.3586377672433594
rhino_ 6.480881399870383e-05 3.6463198396951406
rico 0.00012961762799740766 4.051784947803305
right 0.0009073233959818536 0.0
rlconf 6.480881399870383e-05 0.0
rlpagemodules 6.480881399870383e-05 0.0
rlq 0.0003888528839922229 0.0
rlstate 6.480881399870383e-05 0.0
robots 6.480881399870383e-05 0.0
role 0.0012313674659753726 0.0
roman 0.0002592352559948153 0.09097177820572679
rootpage 6.480881399870383e-05 0.0
row 0.0020090732339598186 0.12981161152199053
rowspan 6.480881399870383e-05 1.911718784307034
rsd 0.00012961762799740766 0.0
ruby 0.000712896953985742 1.6094379124341003
ruby_ 0.00019442644199611146 1.7004096906398272
ruby_on_rails 6.480881399870383e-05 4.74493212836325
rule 0.00012961762799740766 1.486835590341768
rules 6.480881399870383e-05 1.8545603704670854
run 0.00019442644199611146 0.7018808605286999
russian 6.480881399870383e-05 0.6505875661411494
rust 0.00012961762799740766 1.749199854809259
rust_ 6.480881399870383e-05 1.8004931491968095
ryan 0.00012961762799740766 3.3586377672433594
ryan_dahl 6.480881399870383e-05 4.74493212836325
safari 0.00012961762799740766 4.051784947803305
safari_ 6.480881399870383e-05 4.051784947803305
said 6.480881399870383e-05 2.1799827709017134
sails 0.00019442644199611146 4.74493212836325
sameas 0.00012961762799740766 0.0
saved 6.480881399870383e-05 0.0
schema 0.00012961762799740766 0.0
science 0.00012961762799740766 0.3504829736908114
scope 0.0023331173039533378 0.11995931507897897
scope_ 6.480881399870383e-05 2.26002547857525
scoping 0.0004536616979909268 3.6463198396951406
scratch 0.00012961762799740766 1.8004931491968095
scratch_ 6.480881399870383e-05 1.9723434061234688
screen 0.00012961762799740766 0.0
scribunto 6.480881399870383e-05 0.008733679968754631
script 0.0012961762799740765 0.0
scripting 0.00012961762799740766 1.3109449238781037
scripting_language 6.480881399870383e-05 2.1799827709017134
scripts 6.480881399870383e-05 0.0
search 0.0018794556059624108 0.0
searchaux 6.480881399870383e-05 0.4682660093471948
searchbutton 0.0002592352559948153 0.0
searchform 6.480881399870383e-05 0.0
searchinput 6.480881399870383e-05 0.0
searchname 0.00012961762799740766 4.74493212836325
seconds 0.00019442644199611146 0.0
section 0.0012961762799740765 0.0
see 0.0002592352559948153 0.44086703515908027
see_also 0.0002592352559948153 0.6340582641899388
selected 0.0002592352559948153 0.0
selector 6.480881399870383e-05 0.0
self 0.0003888528839922229 1.749199854809259
selflink 0.0003240440699935191 0.08149303425118301
sentence 6.480881399870383e-05 3.1354942159291497
sentences 6.480881399870383e-05 0.0
september 0.0005184705119896306 0.0
server 0.0003888528839922229 1.3437347467010947
service 0.00012961762799740766 1.9723434061234688
services 6.480881399870383e-05 1.3437347467010947
set 0.00019442644199611146 0.0
several 6.480881399870383e-05 0.7195804376281008
sh2012001950 6.480881399870383e-05 4.74493212836325
sha1 6.480881399870383e-05 0.10054122922187746
shadow 0.0005832793259883344 0.5860490450035782
shadowing 0.00012961762799740766 3.6463198396951406
sharealike 6.480881399870383e-05 0.0
sharealike_3 6.480881399870383e-05 0.0
sharp 6.480881399870383e-05 1.3109449238781037
sheets 0.00012961762799740766 2.7990219793079367
shell 0.00012961762799740766 1.4127276181880462
shell_script 6.480881399870383e-05 1.9723434061234688
short 0.0003888528839922229 0.42744401482693967
short_description 0.00012961762799740766 0.5860490450035782
short_description_matches_wikidata 6.480881399870383e-05 1.3109449238781037
shortdescription 6.480881399870383e-05 0.4682660093471948
show 0.0002592352559948153 0.0
side 0.0003888528839922229 1.2791962255635234
side_javascript 6.480881399870383e-05 4.051784947803305
side_rule 6.480881399870383e-05 3.6463198396951406
sidebar 0.000712896953985742 0.0
simple 0.0005184705119896306 0.6017974019717174
simplesearch 6.480881399870383e-05 0.0
simplify 6.480881399870383e-05 2.7990219793079367
simula 0.00019442644199611146 1.6094379124341003
since 0.00012961762799740766 0.9162907318741551
single 6.480881399870383e-05 1.16141318990714
site 0.0005184705119896306 0.0
sitedir 6.480881399870383e-05 0.0
sitelinks 6.480881399870383e-05 0.0
sitenotice 0.00012961762799740766 0.0
sitesub 6.480881399870383e-05 0.0
sitesupport 6.480881399870383e-05 0.0
size 0.0011665586519766689 0.0
sizing 0.00012961762799740766 0.25629575863111026
skin 0.0008425145819831498 0.0
skins 0.0003888528839922229 0.0
small 6.480881399870383e-05 0.0721032939013439
smaller 6.480881399870383e-05 1.449095262358921
smalltalk 0.0003240440699935191 1.8545603704670854
smell 0.0003888528839922229 4.74493212836325
smell_3 0.00012961762799740766 4.74493212836325
snippet 0.00019442644199611146 3.1354942159291497
software 0.0018794556059624108 0.08149303425118301
software_bundle 6.480881399870383e-05 4.74493212836325
software_design 6.480881399870383e-05 0.5705448584676129
software_developer 6.480881399870383e-05 0.9382696385929302
software_framework 6.480881399870383e-05 3.3586377672433594
software_license 6.480881399870383e-05 1.0072625100798818
software_release_life_cycle 6.480881399870383e-05 0.7018808605286999
software_using_the_mit_license 6.480881399870383e-05 4.051784947803305
solid 0.0002592352559948153 0.2340726218464
some 6.480881399870383e-05 0.5108256237659907
something 6.480881399870383e-05 2.4423470353692043
source 0.001101749837977965 0.49643688631389105
source_compiler 6.480881399870383e-05 4.051784947803305
source_compilers 6.480881399870383e-05 3.3586377672433594
source_software 6.480881399870383e-05 1.486835590341768
source_software_logo_ 0.0003888528839922229 2.3470368555648795
sources 0.00019442644199611146 0.6177977433181585
space 0.0003888528839922229 0.11995931507897897
spacing 0.0003888528839922229 0.2905848321097423
span 0.06487362281270252 0.0
spanish 6.480881399870383e-05 0.7195804376281008
special 0.0020738820479585226 0.0
specialpages 0.00012961762799740766 0.0
specific 6.480881399870383e-05 0.9837320126696876
sql 0.00019442644199611146 1.377636298376776
squares 6.480881399870383e-05 4.051784947803305
src 0.0010369410239792613 0.0
srcset 0.0006480881399870382 0.0
sta 0.00012961762799740766 4.051784947803305
stable 0.00012961762799740766 0.7195804376281008
standard 0.00012961762799740766 0.0
start 0.00012961762799740766 0.0
startup 0.00012961762799740766 0.0
statement 6.480881399870383e-05 0.0
statements 0.0008425145819831498 0.9382696385929302
states 6.480881399870383e-05 1.0072625100798818
static 0.0009073233959818536 0.0
static_program_analysis 6.480881399870383e-05 4.74493212836325
statistics 6.480881399870383e-05 0.0
stats 6.480881399870383e-05 0.0
statslink 6.480881399870383e-05 0.0
status 0.00012961762799740766 0.0
sticky 0.00012961762799740766 0.0
stopmobileredirecttoggle 6.480881399870383e-05 0.0
string 6.480881399870383e-05 1.0313600616589422
strings 0.00012961762799740766 1.6538896750049343
structured 6.480881399870383e-05 0.0
studio 0.0005184705119896306 1.5260563034950492
style 0.010563836681788723 0.0
styleguide 0.0002592352559948153 4.051784947803305
styles 0.001101749837977965 0.0
stylesheet 0.00012961762799740766 0.0
subbox 6.480881399870383e-05 0.21233263520999412
subgroup 0.0003240440699935191 0.454472687214859
subheader 6.480881399870383e-05 0.21233263520999412
subject 6.480881399870383e-05 0.0
subjects 6.480881399870383e-05 1.3437347467010947
sublist 0.0006480881399870382 0.0
submit 0.00012961762799740766 0.0
subscription 0.00012961762799740766 0.09097177820572679
subset 0.00012961762799740766 1.9723434061234688
substituted 6.480881399870383e-05 3.3586377672433594
subtitle 6.480881399870383e-05 0.0
such 6.480881399870383e-05 0.454472687214859
sugar 0.00012961762799740766 2.665490586683414
suggestededitsession 6.480881399870383e-05 0.0
summary 6.480881399870383e-05 0.19105523676270922
sup 0.0034996759559300064 0.0721032939013439
superset 6.480881399870383e-05 2.26002547857525
supersets 6.480881399870383e-05 4.051784947803305
support 0.00012961762799740766 0.0
supporting 6.480881399870383e-05 1.8545603704670854
supports 6.480881399870383e-05 0.8531118302526235
sure 6.480881399870383e-05 4.051784947803305
svg 0.0037589112119248216 0.0
swift 0.00012961762799740766 1.8545603704670854
swift_ 6.480881399870383e-05 1.911718784307034
switch 6.480881399870383e-05 1.749199854809259
switcher 6.480881399870383e-05 0.0
symbol 6.480881399870383e-05 1.749199854809259
symbol_category_class 0.0003888528839922229 1.0072625100798818
symbol_list_class 0.0003888528839922229 1.6538896750049343
syntactic 0.00012961762799740766 1.911718784307034
syntactic_sugar 6.480881399870383e-05 2.665490586683414
syntax 0.0007777057679844458 0.540239508972284
system 0.00019442644199611146 0.11020314013361425
tab 0.0003240440699935191 0.0
tabindex 0.00012961762799740766 0.0
table 0.0013609850939727804 0.0
tabs 0.00012961762799740766 0.0
tag 0.00012961762799740766 1.486835590341768
tagged 6.480881399870383e-05 2.26002547857525
tagline 0.00019442644199611146 0.0
tags 6.480881399870383e-05 0.0
taken 6.480881399870383e-05 1.9723434061234688
talk 0.0006480881399870382 0.0
target 0.0015554115359688917 0.0
targetloader 6.480881399870383e-05 0.0
tatar 6.480881399870383e-05 3.3586377672433594
tatarça 6.480881399870383e-05 3.6463198396951406
tbody 0.0006480881399870382 0.044451762570833796
team 0.00019442644199611146 1.6538896750049343
team_services 6.480881399870383e-05 4.74493212836325
tech 0.0003240440699935191 2.1058747987479913
technologies 6.480881399870383e-05 1.486835590341768
technology 0.00012961762799740766 0.7195804376281008
telephone 6.480881399870383e-05 0.0
tell 6.480881399870383e-05 2.7990219793079367
template 0.003370058327932599 0.0
template_talk 0.00019442644199611146 0.41419878807691896
templateargumentsize 6.480881399870383e-05 0.0
templatestyles 0.0023331173039533378 0.017544309650909525
ten 6.480881399870383e-05 2.5477075510270306
term 6.480881399870383e-05 1.6094379124341003
terms 0.00012961762799740766 0.0
terms_of_use 6.480881399870383e-05 0.0
testing 0.0002592352559948153 2.03688192726104
text 0.00576798444588464 0.0
text_editor 0.0002592352559948153 2.5477075510270306
text_of_the_creative_commons_attribution 6.480881399870383e-05 0.0
than 6.480881399870383e-05 0.6340582641899388
that 0.0004536616979909268 0.18058393689541388
the 0.005897602073882048 0.0
their 0.00019442644199611146 0.7559480817989758
thelittlebookoncoffeescript 0.00012961762799740766 4.74493212836325
thelittlebookoncoffeescript_4 0.00012961762799740766 4.74493212836325
then 6.480881399870383e-05 0.6017974019717174
there 0.0002592352559948153 0.8737311174553593
these 0.00012961762799740766 0.6340582641899388
this 0.002657161373946857 0.0
though 6.480881399870383e-05 1.5668782980153044
thoughts 6.480881399870383e-05 3.3586377672433594
thumb 0.0015554115359688917 0.12981161152199053
thumbnail 6.480881399870383e-05 0.0
thus 6.480881399870383e-05 1.0313600616589422
time 0.0005184705119896306 0.0
timeline 0.00012961762799740766 1.4127276181880462
timeline_of_programming_languages 6.480881399870383e-05 2.03688192726104
timestamp 0.00012961762799740766 0.0
timeusage 6.480881399870383e-05 0.008733679968754631
timingprofile 6.480881399870383e-05 0.0
title 0.029228775113415425 0.0
titlebar 0.0005184705119896306 0.0
titleform 6.480881399870383e-05 0.0
toc 0.008230719377835385 0.0
toggle 0.0005832793259883344 0.0
toggle_view_mobile 6.480881399870383e-05 0.0
tokens 6.480881399870383e-05 0.0
toolbar 0.00019442644199611146 0.0
toolkit 0.00012961762799740766 1.9723434061234688
tools 0.0005832793259883344 0.0
top 0.0007777057679844458 0.0
total 0.00012961762799740766 0.0
touch 0.00012961762799740766 0.0
tracebacks 6.480881399870383e-05 4.74493212836325
trademark 6.480881399870383e-05 0.0
transclusion 6.480881399870383e-05 0.0
transcompiler 0.00012961762799740766 4.74493212836325
transientcontent 6.480881399870383e-05 0.0
translation 6.480881399870383e-05 2.1799827709017134
transparent 0.0009721322099805574 0.06280090123903044
transpilers 6.480881399870383e-05 4.051784947803305
treat 6.480881399870383e-05 3.1354942159291497
trevor 0.00012961762799740766 4.051784947803305
triggered 6.480881399870383e-05 0.0
true 0.001425793907971484 0.0
try 6.480881399870383e-05 2.3470368555648795
ttl 6.480881399870383e-05 0.0
turkish 6.480881399870383e-05 1.3437347467010947
turn 0.00019442644199611146 2.03688192726104
tweet 0.00012961762799740766 4.74493212836325
twitter 6.480881399870383e-05 3.3586377672433594
two 0.00012961762799740766 0.6505875661411494
type 0.0023331173039533378 0.0
type_system 6.480881399870383e-05 0.7746402148111283
typescript 0.0010369410239792613 3.1354942159291497
typing 0.00012961762799740766 0.7018808605286999
türkçe 6.480881399870383e-05 1.3437347467010947
uid 0.00019442644199611146 1.1073459686368643
ukrainian 6.480881399870383e-05 0.8131064956389242
uli 6.480881399870383e-05 1.3109449238781037
uls 0.0003240440699935191 0.0
undefined 0.00012961762799740766 2.665490586683414
under 6.480881399870383e-05 0.0
underscore 0.00019442644199611146 3.6463198396951406
unit 0.00019442644199611146 1.5668782980153044
unit_testing 6.480881399870383e-05 4.051784947803305
united 6.480881399870383e-05 0.9837320126696876
unknown 0.000712896953985742 0.26759531388504365
unnecessary 6.480881399870383e-05 3.6463198396951406
unpin 0.00012961762799740766 0.0
unpinned 0.00012961762799740766 0.0
unsourced 0.0007777057679844458 1.3109449238781037
unstrip 0.0002592352559948153 0.0
until 0.00012961762799740766 1.2791962255635234
unusual 6.480881399870383e-05 3.3586377672433594
updated 0.00012961762799740766 0.41419878807691896
upload 0.00220349967595593 0.0
upper 0.0002592352559948153 0.09097177820572679
url 0.0006480881399870382 0.0
usage 0.0002592352559948153 0.0
use 0.0003240440699935191 0.0
used 0.00012961762799740766 0.19105523676270922
uselang 0.00012961762799740766 0.0
user 0.0017498379779650032 0.0
useradd 0.00012961762799740766 0.0
userlogin 0.00012961762799740766 0.0
users 0.00012961762799740766 0.9382696385929302
uses 0.00019442644199611146 0.7746402148111283
using 0.0005832793259883344 0.0
usually 0.00012961762799740766 1.6538896750049343
utc 6.480881399870383e-05 0.0
utf 6.480881399870383e-05 0.0
utility 0.00012961762799740766 2.1799827709017134
utm_campaign 6.480881399870383e-05 0.0
utm_medium 6.480881399870383e-05 0.0
utm_source 6.480881399870383e-05 0.0
v3_1 0.00012961762799740766 4.051784947803305
v8_ 6.480881399870383e-05 4.051784947803305
value 0.0009721322099805574 0.0
values 6.480881399870383e-05 0.9837320126696876
var 0.00019442644199611146 0.0
varenhorst 0.00012961762799740766 4.74493212836325
variable 0.0003888528839922229 0.9382696385929302
variable_shadowing 6.480881399870383e-05 4.051784947803305
variant 0.00012961762799740766 0.0
variants 0.0003888528839922229 0.0
vary 6.480881399870383e-05 0.10054122922187746
vector 0.01795204147764096 0.0
version 0.0004536616979909268 0.0
versions 6.480881399870383e-05 1.0813704822336037
vertical 0.0003240440699935191 0.6017974019717174
vevent 6.480881399870383e-05 0.22314355131420976
view 0.0009721322099805574 0.0
viewport 6.480881399870383e-05 0.0
views 0.00019442644199611146 0.0
vim 0.00012961762799740766 3.6463198396951406
vim_ 6.480881399870383e-05 3.6463198396951406
visible 6.480881399870383e-05 0.09097177820572679
visit 0.00012961762799740766 0.0
visited 6.480881399870383e-05 0.0
visual 0.0007777057679844458 0.9607424944449889
visual_basic_ 6.480881399870383e-05 1.7004096906398272
visual_studio_code 6.480881399870383e-05 3.1354942159291497
visualeditor 0.0002592352559948153 0.0
vue 0.0003240440699935191 0.0
wakanda 0.00012961762799740766 4.051784947803305
wakanda_ 6.480881399870383e-05 4.051784947803305
walltime 6.480881399870383e-05 0.0
was 0.0005184705119896306 0.0
watchlist 6.480881399870383e-05 0.0
watchtoken 6.480881399870383e-05 0.0
way 0.00012961762799740766 0.8947845266531914
wayback 0.0003240440699935191 2.03688192726104
wayback_machine 6.480881399870383e-05 2.03688192726104
wbc 6.480881399870383e-05 0.0
wbr 6.480881399870383e-05 0.7195804376281008
web 0.001425793907971484 0.09097177820572679
web_browser 0.00012961762799740766 2.665490586683414
web_framework 0.00012961762799740766 3.6463198396951406
webarchive 0.00019442644199611146 2.03688192726104
webarchive_template_wayback_links 6.480881399870383e-05 2.03688192726104
webassembly 0.00019442644199611146 4.051784947803305
webauthn 0.00019442644199611146 4.74493212836325
webpack 0.00019442644199611146 4.74493212836325
websharper 0.00019442644199611146 4.74493212836325
website 0.0003888528839922229 0.0
weight 0.0005184705119896306 0.05358424613410626
were 6.480881399870383e-05 0.6844891178168307
wesley 0.0002592352559948153 2.4423470353692043
wgaction 6.480881399870383e-05 0.0
wgarticleid 6.480881399870383e-05 0.0
wgbackendresponsetime 6.480881399870383e-05 0.0
wgbreakframes 6.480881399870383e-05 0.0
wgcanonicalnamespace 6.480881399870383e-05 0.0
wgcanonicalspecialpagename 6.480881399870383e-05 0.0
wgcategories 6.480881399870383e-05 0.0
wgcentralauthmobiledomain 6.480881399870383e-05 0.0
wgcspnonce 6.480881399870383e-05 0.0
wgcurrevisionid 6.480881399870383e-05 0.0
wgdefaultdateformat 6.480881399870383e-05 0.0
wgdigittransformtable 6.480881399870383e-05 0.0
wgeditsubmitbuttonlabelpublish 6.480881399870383e-05 0.0
wgflaggedrevsparams 6.480881399870383e-05 0.0
wggestructuredtaskrejectionreasontextinputenabled 6.480881399870383e-05 0.0
wggetopicsmatchmodeenabled 6.480881399870383e-05 0.0
wghostname 6.480881399870383e-05 0.0
wgisarticle 6.480881399870383e-05 0.0
wgisprobablyeditable 6.480881399870383e-05 0.0
wgisredirect 6.480881399870383e-05 0.0
wgmediaviewerenabledbydefault 6.480881399870383e-05 0.0
wgmediavieweronclick 6.480881399870383e-05 0.0
wgmfdisplaywikibasedescriptions 6.480881399870383e-05 0.0
wgmonthnames 6.480881399870383e-05 0.0
wgnamespacenumber 6.480881399870383e-05 0.0
wgnoticeproject 6.480881399870383e-05 0.0
wgpagecontentlanguage 6.480881399870383e-05 0.0
wgpagecontentmodel 6.480881399870383e-05 0.0
wgpagename 6.480881399870383e-05 0.0
wgpageparsereport 6.480881399870383e-05 0.0
wgpopupsflags 6.480881399870383e-05 0.0
wgrelevantarticleid 6.480881399870383e-05 0.0
wgrelevantpageisprobablyeditable 6.480881399870383e-05 0.0
wgrelevantpagename 6.480881399870383e-05 0.0
wgrequestid 6.480881399870383e-05 0.0
wgrestrictionedit 6.480881399870383e-05 0.0
wgrestrictionmove 6.480881399870383e-05 0.0
wgrevisionid 6.480881399870383e-05 0.0
wgseparatortransformtable 6.480881399870383e-05 0.0
wgtitle 6.480881399870383e-05 0.0
wgulscurrentautonym 6.480881399870383e-05 0.0
wgulsiscompactlinksenabled 6.480881399870383e-05 0.0
wgulsislanguageselectorempty 6.480881399870383e-05 0.0
wgulsposition 6.480881399870383e-05 0.0
wgusergroups 6.480881399870383e-05 0.0
wgusername 6.480881399870383e-05 0.0
wgvector2022previewpages 6.480881399870383e-05 0.0
wgvisualeditor 6.480881399870383e-05 0.0
wgwikibaseitemid 6.480881399870383e-05 0.0
wgwmepagelength 6.480881399870383e-05 0.0
wgwmeschemaeditattemptstepoversample 6.480881399870383e-05 0.0
what 6.480881399870383e-05 0.0
whatlinkshere 0.00012961762799740766 0.0
wheeler 0.00012961762799740766 4.051784947803305
when 0.0003240440699935191 0.0
where 6.480881399870383e-05 0.9382696385929302
whereas 6.480881399870383e-05 2.1058747987479913
which 0.0006480881399870382 0.3022808718729337
while 0.0002592352559948153 0.7195804376281008
white 0.0003888528839922229 0.12981161152199053
whose 6.480881399870383e-05 2.1058747987479913
width 0.005379131561892418 0.0
wiki 0.023136746597537266 0.0
wikibase 0.0002592352559948153 0.0
wikidata 0.0016850291639662995 0.0
wikimedia 0.003694102397926118 0.0
wikimediabadges 6.480881399870383e-05 0.0
wikimediaevents 6.480881399870383e-05 0.0
wikimediafoundation 0.00012961762799740766 0.0
wikipedia 0.008554763447828904 0.0
wikisource 6.480881399870383e-05 0.09097177820572679
wikitext 6.480881399870383e-05 0.0
will 6.480881399870383e-05 0.9607424944449889
window 0.0002592352559948153 0.0
with 0.0034996759559300064 0.0
without 6.480881399870383e-05 0.9162907318741551
wittgenstein 6.480881399870383e-05 4.74493212836325
wmf 0.00019442644199611146 0.0
word 0.0002592352559948153 0.05358424613410626
wordmark 0.00012961762799740766 0.0
works 6.480881399870383e-05 0.0
would 6.480881399870383e-05 1.1895840668738364
wpformidentifier 6.480881399870383e-05 0.0
wrap 6.480881399870383e-05 0.06280090123903044
write 0.00012961762799740766 1.16141318990714
written 0.0003240440699935191 0.44086703515908027
www 0.0011665586519766689 0.0
xml 0.00019442644199611146 0.0
yaml 0.00019442644199611146 4.74493212836325
yarn 0.00012961762799740766 4.74493212836325
yarn_ 6.480881399870383e-05 4.74493212836325
ycombinator 0.00012961762799740766 4.74493212836325
years 6.480881399870383e-05 0.454472687214859
yes 6.480881399870383e-05 0.0
you 0.0004536616979909268 0.0
your 0.0002592352559948153 2.1799827709017134
yue 0.0002592352559948153 0.540239508972284
z39 0.0011665586519766689 0.10054122922187746
z3988 0.0011665586519766689 0.10054122922187746
ziga 0.00012961762799740766 4.74493212836325
русский 6.480881399870383e-05 0.6505875661411494
татарча 6.480881399870383e-05 3.6463198396951406
українська 6.480881399870383e-05 0.8329091229351039
հայերեն 6.480881399870383e-05 2.1799827709017134
اسکریپت 6.480881399870383e-05 3.6463198396951406
العربية 6.480881399870383e-05 1.16141318990714
سكريبت 6.480881399870383e-05 4.051784947803305
فارسی 6.480881399870383e-05 1.0313600616589422
كافي 6.480881399870383e-05 4.74493212836325
کافی 6.480881399870383e-05 4.74493212836325
മലയ 6.480881399870383e-05 1.911718784307034
日本語 6.480881399870383e-05 0.9382696385929302
커피스크립트 6.480881399870383e-05 4.74493212836325
한국어 6.480881399870383e-05 1.0813704822336037
