000 0.00012822156686754713 0.0
0000 0.0017309911527118862 3.6463198396951406
000000001991 6.411078343377356e-05 4.74493212836325
000000001992 0.00012822156686754713 4.74493212836325
000000001993 0.00012822156686754713 4.74493212836325
000000001995 0.00012822156686754713 4.74493212836325
000000001996 0.0001923323503013207 4.74493212836325
000000001997 0.0001923323503013207 4.74493212836325
000000001998 6.411078343377356e-05 4.74493212836325
000000001999 0.00012822156686754713 4.74493212836325
000000002000 6.411078343377356e-05 4.74493212836325
000000002001 6.411078343377356e-05 4.74493212836325
000000002002 0.00012822156686754713 4.74493212836325
000000002003 6.411078343377356e-05 4.74493212836325
000000002005 6.411078343377356e-05 4.74493212836325
000000002006 6.411078343377356e-05 4.74493212836325
000000002010 6.411078343377356e-05 4.74493212836325
000000002011 6.411078343377356e-05 4.74493212836325
000000002018 6.411078343377356e-05 4.74493212836325
000000002022 6.411078343377356e-05 4.74493212836325
039 0.00025644313373509426 0.0
03z 0.00012822156686754713 2.953172659135195
069 0.00012822156686754713 3.3586377672433594
06t07 0.00012822156686754713 4.051784947803305
077 0.00012822156686754713 3.6463198396951406
0_license 0.00012822156686754713 4.74493212836325
0_unported_license 6.411078343377356e-05 0.0
0px 6.411078343377356e-05 0.7375989431307791
100 0.0007693294012052828 0.0
1000 6.411078343377356e-05 0.0
1000000 0.00012822156686754713 0.0
103 6.411078343377356e-05 2.26002547857525
107 0.00012822156686754713 1.6538896750049343
111 0.00012822156686754713 2.1058747987479913
114 0.0001923323503013207 0.37548427589622857
1143169099 0.00044877548403641495 4.74493212836325
117 6.411078343377356e-05 0.0
1200 6.411078343377356e-05 1.1073459686368643
1200px 6.411078343377356e-05 1.749199854809259
121 0.0001923323503013207 1.449095262358921
121px 6.411078343377356e-05 1.911718784307034
124 6.411078343377356e-05 1.5668782980153044
125em 0.0003205539171688678 0.0
127 0.0001923323503013207 0.09097177820572679
12px 6.411078343377356e-05 0.09097177820572679
12s5i 6.411078343377356e-05 0.0
133 6.411078343377356e-05 0.08149303425118301
160 0.000576997050903962 0.0
161878 0.0001923323503013207 4.74493212836325
16px 0.00012822156686754713 1.0072625100798818
178 6.411078343377356e-05 2.953172659135195
17z 0.00012822156686754713 3.3586377672433594
180 0.00012822156686754713 0.8947845266531914
181 0.00012822156686754713 3.1354942159291497
182px 6.411078343377356e-05 1.8545603704670854
185 0.00012822156686754713 0.9607424944449889
1987 0.00044877548403641495 1.6538896750049343
1990 0.00012822156686754713 1.6538896750049343
1991 6.411078343377356e-05 1.4127276181880462
1992 0.00012822156686754713 1.6538896750049343
1993 0.00012822156686754713 1.4127276181880462
1995 0.00012822156686754713 1.377636298376776
1996 0.0001923323503013207 1.8004931491968095
1997 0.0001923323503013207 1.7004096906398272
1998 6.411078343377356e-05 1.377636298376776
1999 0.00012822156686754713 1.377636298376776
1em 0.0003846647006026414 0.02643325706815543
1px 0.0001923323503013207 0.2451224580329849
1x1 6.411078343377356e-05 0.0
2000 6.411078343377356e-05 1.0813704822336037
20000 6.411078343377356e-05 1.749199854809259
2001 6.411078343377356e-05 1.449095262358921
2002 0.00025644313373509426 1.0560526742493137
2003 6.411078343377356e-05 0.9837320126696876
2004 0.0008975509680728299 0.06280090123903044
2005 6.411078343377356e-05 0.8531118302526235
2006 6.411078343377356e-05 1.0072625100798818
2007 0.00012822156686754713 0.9382696385929302
2008 0.00025644313373509426 1.0313600616589422
2010 6.411078343377356e-05 0.8329091229351039
2011 0.00012822156686754713 0.6017974019717174
20110628185627 6.411078343377356e-05 4.74493212836325
2016 6.411078343377356e-05 0.9837320126696876
2018 0.0001923323503013207 1.0072625100798818
2019 0.00025644313373509426 0.9162907318741551
20190427194714 6.411078343377356e-05 4.74493212836325
20190505113256 6.411078343377356e-05 4.74493212836325
20190524121044 6.411078343377356e-05 4.74493212836325
2021 0.0001923323503013207 0.7746402148111283
2022 0.0006411078343377356 0.0
2023 0.0001923323503013207 0.7195804376281008
20230315050039 0.0001923323503013207 4.74493212836325
2097152 0.00025644313373509426 0.0
2174 0.00012822156686754713 4.74493212836325
23clean_3 6.411078343377356e-05 4.74493212836325
23px 0.00012822156686754713 0.5254244231871433
242px 6.411078343377356e-05 2.26002547857525
255 6.411078343377356e-05 0.09097177820572679
25em 0.0001923323503013207 0.035401927050916
2648 0.00012822156686754713 4.74493212836325
273 0.00012822156686754713 3.1354942159291497
27t00 0.00012822156686754713 4.051784947803305
28programming 0.001153994101807924 1.1340142157190256
28programming_language 0.001025772534940377 1.1340142157190256
29_logo 0.0008975509680728299 3.3586377672433594
2cicon 6.411078343377356e-05 0.0
2cstyles 6.411078343377356e-05 0.0
2cwikimediabadges 6.411078343377356e-05 0.6177977433181585
2em 0.00012822156686754713 0.06280090123903044
2f2008 6.411078343377356e-05 2.665490586683414
2f75a2b2ba6d 6.411078343377356e-05 4.74493212836325
2fclean 0.000576997050903962 4.051784947803305
2fclean07 6.411078343377356e-05 4.74493212836325
2fclean10 6.411078343377356e-05 4.74493212836325
2fclean13 6.411078343377356e-05 4.74493212836325
2fdocs 6.411078343377356e-05 1.5668782980153044
2fdownload_clean 6.411078343377356e-05 4.74493212836325
2fen 0.0009616617515066034 0.10054122922187746
2ffaq 6.411078343377356e-05 2.5477075510270306
2ffmt 0.0008975509680728299 0.10054122922187746
2fftp 0.0003205539171688678 3.6463198396951406
2findex 6.411078343377356e-05 1.5668782980153044
2fjanj08 6.411078343377356e-05 4.74493212836325
2flatest 6.411078343377356e-05 3.3586377672433594
2fold 0.00012822156686754713 4.74493212836325
2fpapers 6.411078343377356e-05 1.8004931491968095
2fpub 6.411078343377356e-05 2.665490586683414
2fpublications 6.411078343377356e-05 2.1799827709017134
2freadme 0.0001923323503013207 4.051784947803305
2freference 6.411078343377356e-05 2.5477075510270306
2frelease_history 6.411078343377356e-05 4.74493212836325
2fshootout 6.411078343377356e-05 4.74493212836325
2fsoftware 6.411078343377356e-05 2.1058747987479913
2fsun4 6.411078343377356e-05 4.74493212836325
2fu32 6.411078343377356e-05 4.74493212836325
2funiqueness 6.411078343377356e-05 4.74493212836325
2fwhich 6.411078343377356e-05 4.74493212836325
2fwiki 6.411078343377356e-05 2.03688192726104
2fwww 0.00012822156686754713 0.3382128810989969
2px 0.00012822156686754713 0.26759531388504365
30em 6.411078343377356e-05 0.09097177820572679
3125em 6.411078343377356e-05 0.0
31px 0.00012822156686754713 0.9837320126696876
320 6.411078343377356e-05 2.665490586683414
345 0.00012822156686754713 3.3586377672433594
356 6.411078343377356e-05 4.051784947803305
3a3 6.411078343377356e-05 0.09097177820572679
3abook 0.0003846647006026414 0.22314355131420976
3aclean 0.0008975509680728299 4.74493212836325
3adissertation 6.411078343377356e-05 2.953172659135195
3ajournal 0.00044877548403641495 0.3260915205666521
3akev 0.0008975509680728299 0.10054122922187746
3amtx 0.0008975509680728299 0.10054122922187746
3aofi 0.0008975509680728299 0.10054122922187746
3asid 0.0008975509680728299 0.10054122922187746
3cols 6.411078343377356e-05 0.21233263520999412
3em 0.00012822156686754713 0.035401927050916
3px 0.00012822156686754713 0.12981161152199053
400 0.0001923323503013207 0.0
41f4 6.411078343377356e-05 4.74493212836325
441 0.00012822156686754713 3.6463198396951406
45ce 6.411078343377356e-05 4.74493212836325
463 0.00012822156686754713 3.3586377672433594
491 0.00012822156686754713 3.6463198396951406
4em 0.00012822156686754713 0.40112670650956617
500 0.00012822156686754713 0.0
5000000 0.00012822156686754713 0.0
522 0.00012822156686754713 4.74493212836325
52428800 0.00012822156686754713 0.008733679968754631
5413127 0.00012822156686754713 4.74493212836325
597 0.00012822156686754713 4.051784947803305
5em 0.0003205539171688678 0.0
600 6.411078343377356e-05 2.26002547857525
61676 0.00012822156686754713 4.74493212836325
640 6.411078343377356e-05 1.0813704822336037
640px 6.411078343377356e-05 1.7004096906398272
669 0.00012822156686754713 4.051784947803305
67369 0.00012822156686754713 4.74493212836325
68040 0.00012822156686754713 4.74493212836325
720px 6.411078343377356e-05 0.0
763 0.00012822156686754713 3.3586377672433594
7cext 0.0001923323503013207 0.0
7cjquery 0.00012822156686754713 0.41419878807691896
7cmediawiki 6.411078343377356e-05 0.0
7cskins 6.411078343377356e-05 0.0
7cwikibase 6.411078343377356e-05 0.0
7em 6.411078343377356e-05 0.41419878807691896
800 6.411078343377356e-05 1.1340142157190256
800px 6.411078343377356e-05 1.749199854809259
8125em 6.411078343377356e-05 0.0
86400 0.00012822156686754713 0.8329091229351039
8d_ 6.411078343377356e-05 1.749199854809259
9003689 0.00025644313373509426 4.74493212836325
9347 6.411078343377356e-05 4.74493212836325
99_ 6.411078343377356e-05 4.051784947803305
9eff9e 0.005257084241569432 4.051784947803305
9px 0.0001923323503013207 0.09097177820572679
_bot 0.00012822156686754713 4.74493212836325
_comparison_ 6.411078343377356e-05 2.1058747987479913
_floating_point 6.411078343377356e-05 4.74493212836325
_history 6.411078343377356e-05 2.1058747987479913
_logo 6.411078343377356e-05 3.3586377672433594
_missing_periodical 6.411078343377356e-05 2.665490586683414
_original_url_status_unknown 0.00012822156686754713 4.74493212836325
_timeline_ 6.411078343377356e-05 2.1058747987479913
a255b991 6.411078343377356e-05 4.74493212836325
a2a9b1 6.411078343377356e-05 0.27902400970866637
aarch64 0.0003846647006026414 4.051784947803305
abbr 0.0005128862674701885 0.41419878807691896
abc 0.0007052186177715092 2.1799827709017134
about 0.000576997050903962 0.0
aboutsite 6.411078343377356e-05 0.0
above 6.411078343377356e-05 0.1599646496926782
abovebelow 0.0003846647006026414 0.44086703515908027
absolute 6.411078343377356e-05 0.0
abstract 0.00012822156686754713 1.449095262358921
abstraction 6.411078343377356e-05 2.1799827709017134
accessdate 0.0005128862674701885 0.2451224580329849
accesskey 0.0012181048852416977 0.0
according 6.411078343377356e-05 1.749199854809259
account 0.00025644313373509426 0.0
achp2007 0.00012822156686754713 4.74493212836325
across 6.411078343377356e-05 0.0
action 0.0018592127195794332 0.0
actions 6.411078343377356e-05 0.0
ada 0.00012822156686754713 1.3109449238781037
ada_ 6.411078343377356e-05 1.4127276181880462
add 6.411078343377356e-05 0.0
additional 6.411078343377356e-05 0.0
address 0.0001923323503013207 0.0
addresses 6.411078343377356e-05 2.3470368555648795
advantage 6.411078343377356e-05 2.03688192726104
after 0.0012181048852416977 0.0
ago 0.00012822156686754713 0.5108256237659907
agree 6.411078343377356e-05 0.0
alert 0.00025644313373509426 0.0
algebraic 0.00012822156686754713 2.26002547857525
algebraic_data_type 6.411078343377356e-05 3.3586377672433594
algol 0.0001923323503013207 1.3109449238781037
align 0.031670727016284136 0.05358424613410626
alioth 0.00012822156686754713 4.051784947803305
all 0.00025644313373509426 0.0
alpha 0.00025644313373509426 0.08149303425118301
alphabetical 6.411078343377356e-05 2.1058747987479913
also 6.411078343377356e-05 0.19105523676270922
alt 0.0007052186177715092 0.0
alternate 0.0001923323503013207 0.0
although 6.411078343377356e-05 1.1340142157190256
amp 0.00936017438133094 0.0
and 0.0017309911527118862 0.0
anon 0.00012822156686754713 0.0
anoncontribs 6.411078343377356e-05 0.0
anontalk 6.411078343377356e-05 0.0
anonymous 6.411078343377356e-05 0.0
another 6.411078343377356e-05 0.09097177820572679
any 6.411078343377356e-05 0.6844891178168307
api 6.411078343377356e-05 0.0
apl 0.00012822156686754713 1.9723434061234688
apl_ 6.411078343377356e-05 1.9723434061234688
appeared 0.00012822156686754713 0.40112670650956617
apple 0.00012822156686754713 0.0
application 0.0003846647006026414 0.0
apply 6.411078343377356e-05 0.0
april 6.411078343377356e-05 0.0
architectures 6.411078343377356e-05 2.665490586683414
archive 0.00025644313373509426 0.3504829736908114
archived 0.00025644313373509426 0.6017974019717174
are 0.0008334401846390563 0.0
argument 6.411078343377356e-05 0.0
arguments 0.00012822156686754713 1.377636298376776
aria 0.0019874342864469804 0.0
article 0.0005128862674701885 0.0
articles 6.411078343377356e-05 0.0
asic 6.411078343377356e-05 3.3586377672433594
assembly 0.00012822156686754713 1.2185716037470886
assembly_language 6.411078343377356e-05 1.8004931491968095
assertions 6.411078343377356e-05 3.6463198396951406
associated 0.00012822156686754713 0.0
associative 6.411078343377356e-05 2.7990219793079367
async 0.00025644313373509426 0.0
atitle 0.00044877548403641495 0.25629575863111026
atom 0.0001923323503013207 0.0
attribution 6.411078343377356e-05 0.0
aufirst 0.00012822156686754713 0.3629054936893685
august 6.411078343377356e-05 0.0
aulast 0.00012822156686754713 0.3629054936893685
author 0.00012822156686754713 0.0
auto 0.00025644313373509426 0.0
autocapitalize 6.411078343377356e-05 0.0
autostart 6.411078343377356e-05 0.11020314013361425
availability 6.411078343377356e-05 2.1058747987479913
available 0.00044877548403641495 0.0
avoid 0.00012822156686754713 0.09097177820572679
avoiding 6.411078343377356e-05 2.665490586683414
b0_ 6.411078343377356e-05 2.03688192726104
background 0.016797025259648674 0.017544309650909525
backlink 0.0009616617515066034 0.08149303425118301
based 0.0001923323503013207 0.3504829736908114
based_programming_languages 6.411078343377356e-05 1.6094379124341003
basic 0.000576997050903962 0.7195804376281008
bday 0.00012822156686754713 0.41419878807691896
bdi 0.00012822156686754713 0.7375989431307791
because 0.00012822156686754713 0.0
been 6.411078343377356e-05 0.6844891178168307
before 0.0009616617515066034 0.0
being 6.411078343377356e-05 0.8737311174553593
below 6.411078343377356e-05 0.18058393689541388
benchmark 0.00012822156686754713 2.7990219793079367
benchmarks 0.0003846647006026414 3.1354942159291497
benchmarks_11 0.00012822156686754713 4.74493212836325
between 6.411078343377356e-05 0.7375989431307791
block 0.00012822156686754713 0.18058393689541388
body 0.0008975509680728299 0.0
bodycontent 0.00012822156686754713 0.0
bold 6.411078343377356e-05 0.2451224580329849
booksources 0.00012822156686754713 0.6673946844575306
bootstrap 6.411078343377356e-05 0.10054122922187746
bootstrapping 6.411078343377356e-05 4.051784947803305
border 0.0009616617515066034 0.0
bot 0.0003205539171688678 3.6463198396951406
both 6.411078343377356e-05 0.3022808718729337
bottom 0.0003205539171688678 0.05358424613410626
box 0.0009616617515066034 0.0
boxtext 6.411078343377356e-05 0.41419878807691896
bracket 0.0012822156686754713 0.0
brackets 0.00012822156686754713 0.41419878807691896
break 0.0001923323503013207 0.05358424613410626
browsing 6.411078343377356e-05 0.0
bsd 0.00012822156686754713 2.3470368555648795
btitle 0.0003846647006026414 0.22314355131420976
btn 0.0003205539171688678 0.0
button 0.002307988203615848 0.0
buttons 6.411078343377356e-05 0.0
bytes 0.00025644313373509426 0.0
c13_en 6.411078343377356e-05 0.0
c_sharp_ 6.411078343377356e-05 1.377636298376776
cache 0.00012822156686754713 0.0
cached 6.411078343377356e-05 0.0
cachereport 6.411078343377356e-05 0.0
cactions 0.0003846647006026414 0.0
called 6.411078343377356e-05 0.6844891178168307
calls 6.411078343377356e-05 0.0
campaigns 6.411078343377356e-05 0.0
can 0.0001923323503013207 0.17022114985986725
canonical 0.00012822156686754713 0.0
cantonese 6.411078343377356e-05 0.540239508972284
caps 6.411078343377356e-05 0.41419878807691896
caption 0.00012822156686754713 0.21233263520999412
catalan 6.411078343377356e-05 1.5668782980153044
català 6.411078343377356e-05 1.6094379124341003
categorical 6.411078343377356e-05 2.03688192726104
categories 0.00012822156686754713 0.02643325706815543
category 0.0014104372355430183 0.0
catlinks 0.0003846647006026414 0.0
cats 6.411078343377356e-05 0.0721032939013439
ccf 6.411078343377356e-05 0.454472687214859
cefp07 0.00012822156686754713 4.74493212836325
center 0.016091806641877163 0.017544309650909525
centralauth 0.00012822156686754713 0.0
centralautologin 0.00012822156686754713 0.0
centralnotice 0.0001923323503013207 0.0
change 6.411078343377356e-05 0.0
changed 6.411078343377356e-05 1.7004096906398272
changes 0.00025644313373509426 0.0
channel 6.411078343377356e-05 2.5477075510270306
characters 6.411078343377356e-05 1.3437347467010947
charinsert 6.411078343377356e-05 0.0
charset 6.411078343377356e-05 0.0
checkbox 0.002179766636748301 0.0
child 0.001602769585844339 0.06280090123903044
children 6.411078343377356e-05 3.6463198396951406
chinese 6.411078343377356e-05 0.8131064956389242
citation 0.001602769585844339 0.08149303425118301
cite 0.003526093088857546 0.0
cite_journal 6.411078343377356e-05 1.5260563034950492
cite_note 0.0019874342864469804 0.08149303425118301
cite_ref 0.002051545069880754 0.08149303425118301
cite_web 0.0001923323503013207 0.4682660093471948
citerefjansenkoopmanplasmeijer2008 6.411078343377356e-05 4.74493212836325
citerefkoopman1990 6.411078343377356e-05 4.74493212836325
citethispage 6.411078343377356e-05 0.0
class 0.07988203615848186 0.0
classic 0.00012822156686754713 1.7004096906398272
classic_visual_basic 6.411078343377356e-05 2.1058747987479913
classname 0.0001923323503013207 0.0
clean 0.007308629311450186 3.1354942159291497
clean07 0.00012822156686754713 4.74493212836325
clean10 0.00012822156686754713 4.74493212836325
clean13 0.00012822156686754713 4.74493212836325
clean_ 0.002628542120784716 4.74493212836325
clean_3 0.001025772534940377 4.74493212836325
clean_programming_language 0.00012822156686754713 4.74493212836325
cleanhaskellguide 0.0001923323503013207 4.74493212836325
cleanhaskellguide_10 0.00025644313373509426 4.74493212836325
cleanhaskellquickguide 0.00012822156686754713 4.74493212836325
clear 0.00012822156686754713 0.11995931507897897
client 0.0003205539171688678 0.0
cloogle 0.00012822156686754713 4.74493212836325
close 6.411078343377356e-05 1.9723434061234688
cobol 0.0001923323503013207 1.7004096906398272
code 0.002051545069880754 0.035401927050916
col 6.411078343377356e-05 0.540239508972284
coll 0.00025644313373509426 0.0
collapse 6.411078343377356e-05 0.21233263520999412
collapsed 0.0001923323503013207 0.0
collapses 6.411078343377356e-05 0.0
collapsible 0.0007052186177715092 0.0
collection 0.00012822156686754713 1.3109449238781037
color 0.001025772534940377 0.017544309650909525
colspan 0.0009616617515066034 0.14981227822866008
column 0.0001923323503013207 0.09097177820572679
columns 0.0003846647006026414 0.09097177820572679
combined 6.411078343377356e-05 1.8004931491968095
comment 0.0001923323503013207 1.377636298376776
commons 0.0003205539171688678 0.0
community 6.411078343377356e-05 0.0
community_portal 6.411078343377356e-05 0.0
compactlinks 6.411078343377356e-05 0.0
company 6.411078343377356e-05 1.0072625100798818
comparison 0.0003846647006026414 0.7936884097818228
comparison_of_programming_languages 6.411078343377356e-05 1.911718784307034
comparison_to_haskell 0.0003205539171688678 4.74493212836325
compilation 0.0001923323503013207 1.7004096906398272
compiler 0.00012822156686754713 0.5108256237659907
compilers 0.0001923323503013207 1.1340142157190256
compiles 6.411078343377356e-05 2.1799827709017134
compiling 0.000576997050903962 2.03688192726104
completely 6.411078343377356e-05 2.1799827709017134
complications 6.411078343377356e-05 0.0
comprehension 0.00025644313373509426 3.3586377672433594
computation 6.411078343377356e-05 2.03688192726104
computer 0.00044877548403641495 0.12981161152199053
computer_programming_language 6.411078343377356e-05 3.3586377672433594
computer_science 6.411078343377356e-05 0.5860490450035782
computing 0.00025644313373509426 0.3504829736908114
concrete 6.411078343377356e-05 2.953172659135195
concurrent 6.411078343377356e-05 1.486835590341768
config 0.00012822156686754713 0.0
cons 0.0001923323503013207 3.1354942159291497
constants 6.411078343377356e-05 2.26002547857525
contact 0.00025644313373509426 0.0
contact_us 0.00012822156686754713 0.0
contactpage 6.411078343377356e-05 0.0
container 0.0008975509680728299 0.0
containing 6.411078343377356e-05 0.0
content 0.006154635209642262 0.0
contentinfo 6.411078343377356e-05 0.0
contents 0.0008334401846390563 0.0
contentsub 6.411078343377356e-05 0.0
context 0.00012822156686754713 0.0
contexts 6.411078343377356e-05 2.953172659135195
contrast 6.411078343377356e-05 1.911718784307034
contribute 6.411078343377356e-05 0.0
contributions 6.411078343377356e-05 0.0
contributors 0.00012822156686754713 0.0
control 6.411078343377356e-05 0.44086703515908027
controls 0.00025644313373509426 0.0
conversion 6.411078343377356e-05 0.0
converted 0.0001923323503013207 1.8545603704670854
cookie 0.0003205539171688678 0.0
cookie_statement 6.411078343377356e-05 0.0
cookiestatement 6.411078343377356e-05 0.0
copyright 0.0001923323503013207 0.0
copyrightico 6.411078343377356e-05 0.0
core 0.00025644313373509426 1.2791962255635234
could 6.411078343377356e-05 1.0813704822336037
count 0.00012822156686754713 0.0
counter 0.00025644313373509426 0.27902400970866637
cpu 6.411078343377356e-05 0.0
cputime 6.411078343377356e-05 0.0
create 0.00025644313373509426 0.0
createaccount 0.00025644313373509426 0.0
created 0.0001923323503013207 0.44086703515908027
creative 6.411078343377356e-05 0.0
creativecommons 0.00012822156686754713 0.0
cross 0.0005128862674701885 0.0
crossorigin 6.411078343377356e-05 0.0
cs1 0.0026926529042184894 0.09097177820572679
cs1_errors 0.00012822156686754713 2.665490586683414
cs1_maint 0.00012822156686754713 2.5477075510270306
csrftoken 6.411078343377356e-05 0.0
ctx_ver 0.0008975509680728299 0.10054122922187746
current 0.00012822156686754713 0.0
current_events 6.411078343377356e-05 0.0
currentevents 6.411078343377356e-05 0.0
currying 0.0001923323503013207 3.3586377672433594
cursor 6.411078343377356e-05 0.38822330167365837
cycle 6.411078343377356e-05 0.6844891178168307
czech 6.411078343377356e-05 1.3109449238781037
d33 0.00012822156686754713 0.09097177820572679
data 0.005641748942172073 0.0
date 0.0001923323503013207 0.08149303425118301
date_table_sorting 0.00012822156686754713 4.74493212836325
datemodified 0.00012822156686754713 0.0
datepublished 0.00012822156686754713 0.0
dcl 0.00012822156686754713 3.3586377672433594
ddf 6.411078343377356e-05 0.454472687214859
deals 6.411078343377356e-05 3.3586377672433594
debian 0.00012822156686754713 3.3586377672433594
december 0.00044877548403641495 0.0
decimal 6.411078343377356e-05 0.09097177820572679
declaration 6.411078343377356e-05 1.6094379124341003
decoding 0.0001923323503013207 0.11020314013361425
decoration 0.00012822156686754713 0.41419878807691896
dedicated 6.411078343377356e-05 2.665490586683414
deduplicate 0.0003846647006026414 0.017544309650909525
deduplicated 0.0009616617515066034 0.06280090123903044
defined 6.411078343377356e-05 0.9162907318741551
definition 6.411078343377356e-05 1.2185716037470886
department 0.00012822156686754713 2.1058747987479913
depending 6.411078343377356e-05 2.3470368555648795
depth 0.0001923323503013207 0.0
description 6.411078343377356e-05 0.0
design 6.411078343377356e-05 0.3141153295199365
designed 6.411078343377356e-05 0.3504829736908114
desktoparticletarget 0.0001923323503013207 0.0
destructive 6.411078343377356e-05 4.74493212836325
destructive_update 6.411078343377356e-05 4.74493212836325
detection 6.411078343377356e-05 0.0
deutsch 6.411078343377356e-05 0.5254244231871433
developed 6.411078343377356e-05 0.540239508972284
developer 6.411078343377356e-05 0.0
developers 0.00012822156686754713 0.0
development 0.0001923323503013207 0.38822330167365837
differences 0.00025644313373509426 1.911718784307034
dir 0.0013463264521092447 0.0
disabled 0.0007052186177715092 0.0
discipline 6.411078343377356e-05 0.8131064956389242
disclaimers 0.00012822156686754713 0.0
discuss 0.00012822156686754713 0.0
discussion 0.00012822156686754713 0.0
display 0.0007693294012052828 0.0
distribution 6.411078343377356e-05 1.8545603704670854
div 0.014873701756635466 0.0
dmy 6.411078343377356e-05 0.0
dns 0.00012822156686754713 0.0
docs 6.411078343377356e-05 1.1073459686368643
doctype 6.411078343377356e-05 0.0
document 0.00025644313373509426 0.0
documentelement 0.0001923323503013207 0.0
does 0.00025644313373509426 0.4682660093471948
donate 0.0001923323503013207 0.0
donating 6.411078343377356e-05 0.0
down 6.411078343377356e-05 1.6094379124341003
download 0.0003846647006026414 0.0
download_clean 6.411078343377356e-05 4.74493212836325
downloadaspdf 6.411078343377356e-05 0.0
dropdown 0.001602769585844339 0.0
dtstart 0.00012822156686754713 0.41419878807691896
during 6.411078343377356e-05 1.0560526742493137
dutch 6.411078343377356e-05 1.3437347467010947
dynamic 0.00012822156686754713 0.8947845266531914
dynamic_typing 6.411078343377356e-05 2.1799827709017134
dynamics 6.411078343377356e-05 4.051784947803305
e6e6ff 6.411078343377356e-05 0.454472687214859
each 6.411078343377356e-05 0.8531118302526235
earlier 6.411078343377356e-05 2.1058747987479913
easier 6.411078343377356e-05 2.1058747987479913
echo 6.411078343377356e-05 0.0
edit 0.0032696499551224515 0.0
editable 6.411078343377356e-05 0.0
edited 6.411078343377356e-05 0.0
editing 6.411078343377356e-05 0.0
editor 0.00012822156686754713 0.0
editors 0.00012822156686754713 0.0
editpage 6.411078343377356e-05 0.0
edits 0.00012822156686754713 0.0
editsection 0.0019233235030132068 0.0
edituri 6.411078343377356e-05 0.0
eee 0.00012822156686754713 0.48225225132193467
efficient 0.00012822156686754713 1.8545603704670854
element 0.00044877548403641495 0.0
elements 6.411078343377356e-05 1.2791962255635234
ellipsis 0.00012822156686754713 0.0
else 6.411078343377356e-05 1.4127276181880462
elt 6.411078343377356e-05 0.0
empty 0.00025644313373509426 0.0
emptyportlet 0.00012822156686754713 0.0
enabled 0.0007052186177715092 0.0
encouraged 0.00025644313373509426 0.0
encyclopedia 0.00012822156686754713 0.0
end 6.411078343377356e-05 0.0
engine 6.411078343377356e-05 1.2185716037470886
english 0.0003846647006026414 0.0
enhancements 6.411078343377356e-05 0.0721032939013439
entities 6.411078343377356e-05 0.0
entity 0.00025644313373509426 0.0
entityaccesscount 6.411078343377356e-05 0.0
entitypage 0.00012822156686754713 0.0
environment 0.00012822156686754713 0.7375989431307791
enwiki 6.411078343377356e-05 0.0
enwikimwclientprefs 6.411078343377356e-05 0.0
equally 6.411078343377356e-05 4.051784947803305
equivalent 6.411078343377356e-05 1.6538896750049343
erlang 0.00012822156686754713 1.8545603704670854
erlang_ 6.411078343377356e-05 1.911718784307034
error 0.00025644313373509426 0.09097177820572679
errors 0.00025644313373509426 1.486835590341768
es6 6.411078343377356e-05 0.0
esi 0.00012822156686754713 0.0
esitest 6.411078343377356e-05 0.0
etc 0.00012822156686754713 1.377636298376776
evaluation 0.00012822156686754713 1.7004096906398272
even 6.411078343377356e-05 0.40112670650956617
event 0.0006411078343377356 0.0
eventlogging 0.00012822156686754713 0.0
events 0.00012822156686754713 0.0
every 6.411078343377356e-05 1.5260563034950492
exact 6.411078343377356e-05 0.0
examples 0.00044877548403641495 1.2185716037470886
executable 0.00025644313373509426 1.6538896750049343
executed 6.411078343377356e-05 1.449095262358921
execution 6.411078343377356e-05 0.9607424944449889
exist 0.00025644313373509426 0.540239508972284
exists 6.411078343377356e-05 0.0
expand 0.0003205539171688678 0.0
expanded 0.000576997050903962 0.008733679968754631
expansion 0.00012822156686754713 0.0
expansiondepth 6.411078343377356e-05 0.0
expensive 6.411078343377356e-05 0.0
expensivefunctioncount 6.411078343377356e-05 0.0
experimental 6.411078343377356e-05 2.1799827709017134
expiry 0.00012822156686754713 0.0
export 6.411078343377356e-05 0.0
ext 0.0017951019361456598 0.0
extension 6.411078343377356e-05 0.7375989431307791
extensions 6.411078343377356e-05 0.8131064956389242
external 0.0016668803692781126 0.0
external_links 0.00025644313373509426 0.19105523676270922
extra 6.411078343377356e-05 0.0
f7f7f7 6.411078343377356e-05 0.454472687214859
fa8a495983347898 6.411078343377356e-05 0.0
fac 0.0005128862674701885 4.74493212836325
factorial 0.0001923323503013207 4.051784947803305
fallbacksearchbutton 6.411078343377356e-05 0.0
false 0.0006411078343377356 0.0
faq 0.0001923323503013207 1.911718784307034
fast 6.411078343377356e-05 1.7004096906398272
fastest 0.00025644313373509426 3.1354942159291497
favicon 6.411078343377356e-05 0.0
fdfdfd 0.0001923323503013207 0.44086703515908027
feature 0.0014104372355430183 0.0
featurename 0.0001923323503013207 0.0
features 0.00044877548403641495 0.38822330167365837
february 0.00012822156686754713 0.0
feed 0.00012822156686754713 0.0
ffc7c7 0.010321836132837544 3.6463198396951406
fib 0.0006411078343377356 3.3586377672433594
fibonacci 0.00012822156686754713 3.3586377672433594
fibonacci_sequence 6.411078343377356e-05 4.74493212836325
fibs 0.00025644313373509426 4.74493212836325
file 0.0006411078343377356 0.0
file_upload_wizard 0.00012822156686754713 0.0
filename 0.00012822156686754713 1.2484245668967697
filename_extension 6.411078343377356e-05 1.3109449238781037
files 0.0003205539171688678 0.0
finnish 6.411078343377356e-05 1.5668782980153044
first 0.0009616617515066034 0.0
firstheading 0.0001923323503013207 0.0
float 0.0001923323503013207 0.06280090123903044
flow 6.411078343377356e-05 1.0813704822336037
flush 0.0003205539171688678 0.0
foldoc 6.411078343377356e-05 4.051784947803305
font 0.001153994101807924 0.017544309650909525
footer 0.0016668803692781126 0.0
for 0.0010898833183741504 0.0
form 0.0003205539171688678 0.0
format 0.0001923323503013207 0.0
formulas 6.411078343377356e-05 3.3586377672433594
forth 0.00012822156686754713 1.8545603704670854
forth_ 6.411078343377356e-05 2.03688192726104
fortran 0.0001923323503013207 1.5260563034950492
foundation 0.000576997050903962 0.0
founded 6.411078343377356e-05 2.7990219793079367
free 0.0007052186177715092 0.0
free_compilers_and_interpreters 6.411078343377356e-05 3.6463198396951406
from 0.0008975509680728299 0.0
ftp 0.0008975509680728299 2.953172659135195
full 0.0003846647006026414 0.044451762570833796
fulltext 6.411078343377356e-05 0.0
fun 0.00012822156686754713 3.1354942159291497
function 0.00044877548403641495 0.0
functional 0.0007052186177715092 1.2185716037470886
functional_languages 6.411078343377356e-05 2.1799827709017134
functional_programming 6.411078343377356e-05 1.6094379124341003
functions 0.0001923323503013207 0.7018808605286999
fundraiserredirector 6.411078343377356e-05 0.0
gadget 0.00025644313373509426 0.0
game 0.00025644313373509426 1.6094379124341003
gap 6.411078343377356e-05 2.7990219793079367
garbage 0.00012822156686754713 1.749199854809259
garbage_collection_ 6.411078343377356e-05 1.9723434061234688
gehomepagesuggestededitsenabletopics 6.411078343377356e-05 0.0
general 0.00025644313373509426 0.6844891178168307
general_disclaimer 6.411078343377356e-05 0.0
generate 6.411078343377356e-05 1.377636298376776
generating 6.411078343377356e-05 2.953172659135195
generation 6.411078343377356e-05 1.486835590341768
generational 0.00012822156686754713 2.1058747987479913
generational_list_of_programming_languages 6.411078343377356e-05 2.1058747987479913
generator 6.411078343377356e-05 0.0
genre 0.0008334401846390563 0.10054122922187746
geoip 6.411078343377356e-05 0.0
german 6.411078343377356e-05 0.5108256237659907
ghc 6.411078343377356e-05 4.051784947803305
glasgow 6.411078343377356e-05 4.051784947803305
glasgow_haskell_compiler 6.411078343377356e-05 4.051784947803305
globalcssjs 0.00012822156686754713 0.0
go_ 6.411078343377356e-05 1.7004096906398272
googpub 0.00012822156686754713 0.0
graph 0.0006411078343377356 2.1799827709017134
graph_reduction 6.411078343377356e-05 4.051784947803305
graph_rewriting 0.00012822156686754713 4.74493212836325
graphs 6.411078343377356e-05 3.6463198396951406
gray 6.411078343377356e-05 0.09097177820572679
greek 0.00012822156686754713 0.09097177820572679
green 6.411078343377356e-05 0.09097177820572679
group 0.0007693294012052828 0.0
growthexperiments 6.411078343377356e-05 0.0
guard 6.411078343377356e-05 3.1354942159291497
guard_ 6.411078343377356e-05 4.051784947803305
guards 6.411078343377356e-05 3.1354942159291497
guidance 6.411078343377356e-05 0.0
guides 6.411078343377356e-05 0.0
hack 0.0003846647006026414 0.0
has 0.0005128862674701885 0.0
haskell 0.0016668803692781126 1.5668782980153044
haskell_ 0.00025644313373509426 2.4423470353692043
haspopup 0.0003205539171688678 0.0
head 0.0001923323503013207 0.0
header 0.0017951019361456598 0.0
heading 0.001474548018976792 0.0
headline 0.0007693294012052828 0.0
height 0.0012181048852416977 0.0
hello 0.0001923323503013207 1.1340142157190256
hello_world_program 6.411078343377356e-05 2.665490586683414
help 0.0006411078343377356 0.0
here 6.411078343377356e-05 0.0
hidden 0.0009616617515066034 0.0
hide 0.00012822156686754713 0.0
high 0.00012822156686754713 0.8531118302526235
higher 0.00012822156686754713 1.486835590341768
higher_order_functions 6.411078343377356e-05 4.74493212836325
highest 6.411078343377356e-05 0.0
highlight 0.002307988203615848 0.6177977433181585
history 0.0006411078343377356 0.0
history_of_programming_languages 6.411078343377356e-05 2.03688192726104
hlist 0.0037184254391588664 0.2905848321097423
hold 6.411078343377356e-05 1.911718784307034
holds 0.0001923323503013207 3.6463198396951406
home 0.00012822156686754713 1.4127276181880462
hor 0.00012822156686754713 0.0
hosted 6.411078343377356e-05 0.0
how 0.0005128862674701885 0.0
how_clean_works 0.00025644313373509426 4.74493212836325
however 0.0003205539171688678 0.0
href 0.021925887934350557 0.0
hreflang 0.0008975509680728299 0.11020314013361425
html 0.00044877548403641495 0.0
http 0.0007693294012052828 0.0
https 0.004295422490062829 0.0
hub 6.411078343377356e-05 0.0
i80386 0.0007693294012052828 4.74493212836325
icl 0.00012822156686754713 2.953172659135195
ico 6.411078343377356e-05 0.0
icon 0.002628542120784716 0.0
icons 0.00025644313373509426 0.0
ide 6.411078343377356e-05 1.449095262358921
identifier 0.00012822156686754713 0.42744401482693967
idhash 6.411078343377356e-05 0.0
idris 0.0003846647006026414 3.6463198396951406
idris_ 6.411078343377356e-05 3.6463198396951406
image 0.001025772534940377 0.0
imageobject 0.00012822156686754713 0.0
images 0.0007693294012052828 0.0
img 0.000576997050903962 0.0
imperative 0.00012822156686754713 1.16141318990714
imperative_programming 6.411078343377356e-05 1.2791962255635234
implement 6.411078343377356e-05 0.0
implemented 6.411078343377356e-05 1.0072625100798818
improvements 6.411078343377356e-05 0.0
inc 0.0001923323503013207 0.0
include 0.00012822156686754713 0.0
included 6.411078343377356e-05 1.1340142157190256
increment 6.411078343377356e-05 0.26759531388504365
independent 6.411078343377356e-05 1.377636298376776
index 0.002307988203615848 0.0
indicators 6.411078343377356e-05 0.0
infix 0.0001923323503013207 3.6463198396951406
infix_notation 6.411078343377356e-05 4.74493212836325
infixr 6.411078343377356e-05 4.74493212836325
influenced 0.00012822156686754713 0.454472687214859
info 0.0021156558533145277 0.0
infobox 0.002500320553917169 0.21233263520999412
infobox_programming_language 0.00012822156686754713 0.37548427589622857
infobox_software 0.00012822156686754713 1.0313600616589422
information 0.0001923323503013207 0.0
inherit 0.0006411078343377356 0.035401927050916
init 0.0001923323503013207 0.0
inline 0.001474548018976792 0.035401927050916
inner 0.00025644313373509426 0.0
input 0.0007693294012052828 0.0
inside 0.00012822156686754713 0.0721032939013439
inst 6.411078343377356e-05 2.953172659135195
int 0.0008975509680728299 1.6538896750049343
integers 6.411078343377356e-05 1.8545603704670854
integrated 0.00012822156686754713 1.0560526742493137
integrated_development_environment 6.411078343377356e-05 1.7004096906398272
interaction 0.0001923323503013207 0.0
interface 0.00012822156686754713 0.0
interlanguage 0.0021156558533145277 0.0
intermediate 0.00012822156686754713 2.1058747987479913
interpretation 0.00012822156686754713 2.4423470353692043
interpretationtocompilation 0.00012822156686754713 4.74493212836325
interpreters 0.0001923323503013207 2.5477075510270306
interwiki 0.0008975509680728299 0.11020314013361425
into 0.00025644313373509426 0.48225225132193467
introduced 6.411078343377356e-05 1.1895840668738364
introduction 0.0001923323503013207 0.0
isbn 0.0001923323503013207 0.6673946844575306
isbn_ 6.411078343377356e-05 0.6673946844575306
isodd 0.00012822156686754713 4.74493212836325
issues 6.411078343377356e-05 1.3109449238781037
item 0.0050647518912681115 0.0
items 6.411078343377356e-05 0.0
its 6.411078343377356e-05 0.25629575863111026
itself 6.411078343377356e-05 1.2185716037470886
jan 0.00012822156686754713 2.26002547857525
janj08 6.411078343377356e-05 4.74493212836325
jansen 0.00012822156686754713 4.74493212836325
january 0.00044877548403641495 0.0
japanese 6.411078343377356e-05 0.9162907318741551
java 0.00012822156686754713 0.8947845266531914
java_ 6.411078343377356e-05 1.1073459686368643
javascript 0.00025644313373509426 1.377636298376776
journal 0.0003205539171688678 0.7195804376281008
jquery 0.0003205539171688678 0.0
json 0.00012822156686754713 0.0
jtitle 0.0003846647006026414 0.3260915205666521
july 0.0003205539171688678 0.0
jump 0.00012822156686754713 0.0
june 0.0001923323503013207 0.0
just 6.411078343377356e-05 1.2484245668967697
katholieke 0.00012822156686754713 4.051784947803305
kern 0.00012822156686754713 0.09097177820572679
key 6.411078343377356e-05 0.0
knows 6.411078343377356e-05 3.1354942159291497
koopman 0.00025644313373509426 4.74493212836325
korean 6.411078343377356e-05 1.0813704822336037
kotlin 0.00012822156686754713 1.9723434061234688
kotlin_ 6.411078343377356e-05 1.9723434061234688
label 0.0035902038722913196 0.0
labelledby 0.00012822156686754713 0.0
landmark 0.00025644313373509426 0.0
lang 0.003205539171688678 0.0
langlinks 0.00012822156686754713 0.0
language 0.005321195025003205 0.0
languages 0.0017951019361456598 0.0
last 0.0008334401846390563 0.0
lastmod 6.411078343377356e-05 0.0
later 6.411078343377356e-05 0.8531118302526235
latest 6.411078343377356e-05 1.6538896750049343
lazy 0.00025644313373509426 0.0
lazy_evaluation 6.411078343377356e-05 2.7990219793079367
lean 0.00012822156686754713 3.6463198396951406
learn 0.0003205539171688678 0.0
left 0.0009616617515066034 0.0
level 0.0007693294012052828 0.0
levels 6.411078343377356e-05 0.0
libraries 6.411078343377356e-05 0.9162907318741551
library 6.411078343377356e-05 0.6340582641899388
license 0.00044877548403641495 0.0
licenses 0.00012822156686754713 0.0
life 6.411078343377356e-05 0.6340582641899388
like 6.411078343377356e-05 0.41419878807691896
limbaj 6.411078343377356e-05 2.665490586683414
limbaj_de_programare 6.411078343377356e-05 2.7990219793079367
limit 0.0007052186177715092 0.0
limited 0.0003846647006026414 0.0
limitreport 0.0001923323503013207 0.0
line 0.0001923323503013207 0.10054122922187746
link 0.00468008719066547 0.0
linked 0.0001923323503013207 0.0
linker 0.0001923323503013207 2.665490586683414
linker_ 6.411078343377356e-05 3.1354942159291497
links 0.0012181048852416977 0.0
linux 0.0003846647006026414 1.0313600616589422
lisp 0.00012822156686754713 1.2185716037470886
lisp_ 6.411078343377356e-05 1.3437347467010947
list 0.00756507244518528 0.0
list_comprehension 0.00012822156686754713 3.3586377672433594
list_of_programming_languages 0.00012822156686754713 2.1058747987479913
list_of_programming_languages_by_type 6.411078343377356e-05 2.1058747987479913
listbullet 0.0001923323503013207 0.0
listitem 0.00025644313373509426 0.2905848321097423
lists 6.411078343377356e-05 1.1073459686368643
load 0.0001923323503013207 0.0
loaded 6.411078343377356e-05 0.0
loader 6.411078343377356e-05 0.0
loading 0.0001923323503013207 0.0
loc 6.411078343377356e-05 0.0
lock 0.0007052186177715092 0.09097177820572679
log 0.00044877548403641495 0.0
logged 0.00012822156686754713 0.0
login 0.0003205539171688678 0.0
logo 0.000576997050903962 0.0
lower 0.0003846647006026414 0.09097177820572679
ltr 0.002756763687652263 0.0
lua 0.00025644313373509426 0.008733679968754631
lua_ 6.411078343377356e-05 1.911718784307034
machine 0.0006411078343377356 0.6340582641899388
machine_code 6.411078343377356e-05 2.4423470353692043
macos 0.0003846647006026414 1.8545603704670854
made 6.411078343377356e-05 0.0
main 0.001602769585844339 0.0
main_page 0.00012822156686754713 0.0
mainentity 0.00012822156686754713 0.0
mainpage 6.411078343377356e-05 0.0
maint 0.00044877548403641495 0.09097177820572679
makecollapsible 0.0001923323503013207 0.42744401482693967
makes 6.411078343377356e-05 1.377636298376776
mandatory 0.00025644313373509426 0.0
many 6.411078343377356e-05 0.6673946844575306
march 0.0001923323503013207 0.0
margin 0.0012181048852416977 0.017544309650909525
martin 0.00012822156686754713 2.03688192726104
match 6.411078343377356e-05 0.0
matching 0.00012822156686754713 1.911718784307034
matlab 0.0001923323503013207 1.911718784307034
max 0.00012822156686754713 0.0
may 0.0005128862674701885 0.0
mbsd 0.00012822156686754713 4.74493212836325
media 0.00012822156686754713 0.0
mediawiki 0.0005128862674701885 0.0
memory 0.0001923323503013207 0.008733679968754631
memory_address 6.411078343377356e-05 4.051784947803305
memory_models 6.411078343377356e-05 4.74493212836325
memusage 6.411078343377356e-05 0.008733679968754631
menu 0.006346967559943582 0.0
message 0.00012822156686754713 0.0
meta 0.0014104372355430183 0.0
microsoft 0.00025644313373509426 0.8531118302526235
microsoft_windows 0.00012822156686754713 1.6538896750049343
middle 0.015578920374406975 1.486835590341768
min 6.411078343377356e-05 0.12981161152199053
minerva 0.00044877548403641495 0.13976194237515863
mini 0.0001923323503013207 0.41419878807691896
miranda 0.00012822156686754713 4.051784947803305
miranda_ 6.411078343377356e-05 4.74493212836325
miscellaneous 6.411078343377356e-05 2.665490586683414
missing 0.0001923323503013207 1.9723434061234688
missing_periodical 6.411078343377356e-05 2.665490586683414
ml_ 6.411078343377356e-05 1.7004096906398272
mmv 0.00012822156686754713 0.11020314013361425
mobile 0.0001923323503013207 0.0
mobileaction 6.411078343377356e-05 0.0
mobileview 6.411078343377356e-05 0.0
model 6.411078343377356e-05 0.8737311174553593
module 0.00012822156686754713 0.0
modules 0.0001923323503013207 0.0
monads 0.00012822156686754713 4.74493212836325
monads_in_functional_programming 6.411078343377356e-05 4.74493212836325
months 6.411078343377356e-05 1.7004096906398272
more 0.001153994101807924 0.0
motorola 0.00012822156686754713 2.7990219793079367
motorola_68040 6.411078343377356e-05 4.74493212836325
move 6.411078343377356e-05 0.0
moved 6.411078343377356e-05 0.0
much 0.00012822156686754713 1.2484245668967697
multiple 6.411078343377356e-05 0.7936884097818228
mutable 6.411078343377356e-05 3.3586377672433594
mw1391 6.411078343377356e-05 4.051784947803305
mw2385 0.00012822156686754713 3.3586377672433594
mycontributions 6.411078343377356e-05 0.0
mytalk 6.411078343377356e-05 0.0
name 0.0019874342864469804 0.0
namespaces 6.411078343377356e-05 0.0
native 0.00012822156686754713 1.3437347467010947
nav 0.0008975509680728299 0.0
navbar 0.0010898833183741504 0.06280090123903044
navbox 0.0032696499551224515 0.454472687214859
navigation 0.0007693294012052828 0.0
navigationtiming 6.411078343377356e-05 0.0
nearby 6.411078343377356e-05 0.0
necessary 6.411078343377356e-05 2.03688192726104
nederlands 6.411078343377356e-05 1.4127276181880462
needed 6.411078343377356e-05 1.1340142157190256
net 0.00012822156686754713 0.7195804376281008
new 0.0001923323503013207 0.14981227822866008
newpp 6.411078343377356e-05 0.0
nijmegen 0.00044877548403641495 4.051784947803305
node 0.000576997050903962 0.0
nodes 0.00012822156686754713 3.3586377672433594
nofollow 0.001474548018976792 0.0
noicon 0.0003205539171688678 0.0
nojs 6.411078343377356e-05 0.0
non 0.00025644313373509426 0.0
none 0.0015386588024105655 0.0
noprint 0.0003205539171688678 0.0
normal 0.0005128862674701885 0.0
noscript 0.00025644313373509426 0.0
nosnippet 6.411078343377356e-05 0.0
not 0.0006411078343377356 0.0
notable 6.411078343377356e-05 1.8004931491968095
notation 6.411078343377356e-05 1.749199854809259
notice 6.411078343377356e-05 0.0
november 0.00012822156686754713 0.0
noviewer 0.00012822156686754713 0.7018808605286999
nowrap 0.0024362097704833953 0.05358424613410626
nowraplinks 6.411078343377356e-05 0.454472687214859
nstab 6.411078343377356e-05 0.0
null 6.411078343377356e-05 0.0
numb 0.0006411078343377356 0.0
number 6.411078343377356e-05 0.0
numbers 0.00012822156686754713 1.16141318990714
object 0.00025644313373509426 0.5254244231871433
object_pascal 6.411078343377356e-05 1.911718784307034
objectio 0.0001923323503013207 4.74493212836325
october 0.0003205539171688678 0.0
odd 0.00012822156686754713 0.454472687214859
off 6.411078343377356e-05 1.449095262358921
ohjelmointikieli 0.00012822156686754713 2.665490586683414
old 0.00025644313373509426 1.6538896750049343
oldid 0.0001923323503013207 0.0
one 6.411078343377356e-05 0.42744401482693967
only 0.00044877548403641495 0.0
ontrol 6.411078343377356e-05 4.74493212836325
opensearch_desc 6.411078343377356e-05 0.0
opensearchdescription 6.411078343377356e-05 0.0
operating 6.411078343377356e-05 0.41419878807691896
operating_system 6.411078343377356e-05 0.5108256237659907
operator 0.00025644313373509426 1.2791962255635234
opposed 6.411078343377356e-05 2.665490586683414
options 0.0003205539171688678 0.0
oracle 0.00012822156686754713 2.4423470353692043
oracle_solaris 6.411078343377356e-05 4.74493212836325
order 0.00012822156686754713 1.1073459686368643
org 0.006346967559943582 0.0
organization 0.0003205539171688678 0.0
origin 0.0003205539171688678 0.0
original 0.000576997050903962 0.3022808718729337
other 0.00012822156686754713 0.0
out 0.00012822156686754713 0.0
output 0.008975509680728298 0.0
overflow 0.00012822156686754713 0.0
packages 0.00012822156686754713 1.911718784307034
padding 0.0008975509680728299 0.017544309650909525
page 0.0031414283882549043 0.0
pagelanguagecode 6.411078343377356e-05 0.0
pagelanguagedir 6.411078343377356e-05 0.0
pageprop 6.411078343377356e-05 0.27902400970866637
pages 0.00044877548403641495 0.0
pagevariantfallbacks 6.411078343377356e-05 0.0
panel 0.00025644313373509426 0.0
papers 0.0001923323503013207 1.3437347467010947
paradigm 0.00012822156686754713 0.5705448584676129
parsed 6.411078343377356e-05 0.0
parser 0.009039620464162072 0.0
pascal 0.00025644313373509426 1.1073459686368643
pascal_ 6.411078343377356e-05 1.2791962255635234
past 6.411078343377356e-05 0.0
patroltoken 6.411078343377356e-05 0.0
pattern 0.00012822156686754713 1.6538896750049343
pattern_matching 6.411078343377356e-05 2.665490586683414
patterns 6.411078343377356e-05 1.9723434061234688
pcache 6.411078343377356e-05 0.0
pdf 0.00044877548403641495 0.0
per 6.411078343377356e-05 2.03688192726104
performs 6.411078343377356e-05 2.7990219793079367
periodical 0.0001923323503013207 2.665490586683414
perl 0.0001923323503013207 1.5260563034950492
permalink 6.411078343377356e-05 0.0
permanent 0.00012822156686754713 0.0
personal 0.0003205539171688678 0.0
phd 6.411078343377356e-05 2.665490586683414
php 0.002756763687652263 0.0
pieter 0.00025644313373509426 4.051784947803305
pin 0.00012822156686754713 0.0
pinnable 0.0007693294012052828 0.0
pinned 0.0006411078343377356 0.0
place 6.411078343377356e-05 0.8737311174553593
placeholder 6.411078343377356e-05 0.0
places 0.000576997050903962 0.0
plainlinks 6.411078343377356e-05 0.20163734609324613
plasmeijer 0.00012822156686754713 4.74493212836325
platform 0.0005128862674701885 0.5552773863368246
platform_free_software 6.411078343377356e-05 2.7990219793079367
platforms 0.0005128862674701885 1.3437347467010947
png 0.0014104372355430183 0.0
point 6.411078343377356e-05 0.9162907318741551
policy 0.00012822156686754713 0.0
popups 6.411078343377356e-05 0.0
portal 0.0001923323503013207 0.0
portlet 0.0017309911527118862 0.0
portuguese 6.411078343377356e-05 0.8531118302526235
português 6.411078343377356e-05 0.8531118302526235
position 6.411078343377356e-05 0.0
post 0.00012822156686754713 0.0
postexpandincludesize 6.411078343377356e-05 0.0
powered 6.411078343377356e-05 0.0
poweredby_mediawiki_132x47 6.411078343377356e-05 0.0
poweredby_mediawiki_176x62 6.411078343377356e-05 0.0
poweredby_mediawiki_88x31 6.411078343377356e-05 0.0
poweredbyico 6.411078343377356e-05 0.0
powerpc 0.0001923323503013207 3.3586377672433594
ppvisitednodes 6.411078343377356e-05 0.0
pre 0.0023720989870496217 0.40112670650956617
preconnect 6.411078343377356e-05 0.11020314013361425
prefetch 0.00012822156686754713 0.0
preprocessor 6.411078343377356e-05 0.0
preview 6.411078343377356e-05 0.0
print 0.0001923323503013207 0.0
print_export 0.0001923323503013207 0.0
printable 0.0001923323503013207 0.0
printed 0.00012822156686754713 2.665490586683414
printfooter 6.411078343377356e-05 0.0
prints 6.411078343377356e-05 2.4423470353692043
priority 6.411078343377356e-05 3.6463198396951406
privacy 0.0001923323503013207 0.0
privacy_policy 0.00012822156686754713 0.0
prod 6.411078343377356e-05 3.6463198396951406
product 6.411078343377356e-05 1.4127276181880462
profit 6.411078343377356e-05 0.0
program 0.0001923323503013207 0.41419878807691896
programare 6.411078343377356e-05 2.5477075510270306
programmeertaal 0.00012822156686754713 2.7990219793079367
programmiersprache 0.00012822156686754713 1.8004931491968095
programming 0.004295422490062829 0.0
programming_language 0.004167200923195282 0.08149303425118301
programming_languages 0.0003846647006026414 1.2484245668967697
programming_languages_created_in_1987 6.411078343377356e-05 4.74493212836325
programming_paradigm 6.411078343377356e-05 0.5860490450035782
programs 0.0001923323503013207 0.6340582641899388
progressive 0.0001923323503013207 0.0
projects 0.00012822156686754713 0.0
prolog 0.0001923323503013207 1.7004096906398272
properties 6.411078343377356e-05 1.911718784307034
property 0.0007693294012052828 0.0
pub 0.0001923323503013207 0.41419878807691896
public 6.411078343377356e-05 0.9162907318741551
publications 0.0001923323503013207 1.5260563034950492
published 0.00012822156686754713 0.3504829736908114
publisher 0.00012822156686754713 0.0
purely 0.00012822156686754713 2.26002547857525
purely_functional_language 6.411078343377356e-05 4.74493212836325
purpose 0.00012822156686754713 1.16141318990714
purpose_programming_language 6.411078343377356e-05 2.5477075510270306
push 0.0001923323503013207 0.0
pygments 0.00012822156686754713 0.6177977433181585
python 0.00012822156686754713 1.377636298376776
python_ 6.411078343377356e-05 1.377636298376776
q377986 0.00044877548403641495 4.74493212836325
quick 6.411078343377356e-05 0.0
quiet 0.0003846647006026414 0.0
quot 0.00012822156686754713 0.9837320126696876
quotes 6.411078343377356e-05 0.09097177820572679
r1011085734 6.411078343377356e-05 0.09097177820572679
r1061467846 6.411078343377356e-05 0.454472687214859
r1063604349 6.411078343377356e-05 0.41419878807691896
r1066479718 0.00012822156686754713 0.21233263520999412
r1129693374 0.00012822156686754713 0.2905848321097423
r1133582631 0.0008975509680728299 0.09097177820572679
radboud 0.0003846647006026414 4.74493212836325
radboud_university 6.411078343377356e-05 4.74493212836325
radboud_university_nijmegen 6.411078343377356e-05 4.74493212836325
random 0.00012822156686754713 0.0
randomly 6.411078343377356e-05 0.0
randompage 6.411078343377356e-05 0.0
raw 6.411078343377356e-05 0.0
read 0.00012822156686754713 0.0
readme 0.0007693294012052828 3.1354942159291497
ready 0.0012822156686754713 0.0
real 6.411078343377356e-05 0.0
reals 6.411078343377356e-05 4.74493212836325
recent 0.0001923323503013207 0.0
recentchanges 0.0001923323503013207 0.0
recentchangeslinked 0.00012822156686754713 0.0
recursion 6.411078343377356e-05 0.0
red 6.411078343377356e-05 0.09097177820572679
redirect 0.001602769585844339 0.008733679968754631
redlink 0.0001923323503013207 0.7746402148111283
reduced 6.411078343377356e-05 0.0
reduction 0.00012822156686754713 2.953172659135195
refer 6.411078343377356e-05 2.1799827709017134
reference 0.002628542120784716 0.035401927050916
references 0.0007052186177715092 0.008733679968754631
referencetooltips 6.411078343377356e-05 0.0
referential 0.00012822156686754713 3.3586377672433594
referential_transparency 6.411078343377356e-05 4.051784947803305
referrer 0.0001923323503013207 0.0
reflist 0.0009616617515066034 0.09097177820572679
registered 6.411078343377356e-05 0.0
registration 0.00012822156686754713 0.08149303425118301
registry 6.411078343377356e-05 4.051784947803305
rel 0.003526093088857546 0.0
related 0.00012822156686754713 0.0
relatively 0.00012822156686754713 2.3470368555648795
release 0.0003205539171688678 0.49643688631389105
release_history 6.411078343377356e-05 3.6463198396951406
remarks 6.411078343377356e-05 3.6463198396951406
rendering 6.411078343377356e-05 0.0
repeat 0.00025644313373509426 0.0721032939013439
replace 6.411078343377356e-05 0.0
report 0.00012822156686754713 0.0
require 6.411078343377356e-05 0.0
requires 6.411078343377356e-05 1.5668782980153044
research 6.411078343377356e-05 0.7018808605286999
researchers 0.00012822156686754713 2.5477075510270306
reset 6.411078343377356e-05 0.26759531388504365
resourceloaderdynamicstyles 6.411078343377356e-05 0.0
retrieved 0.000576997050903962 0.0
return 6.411078343377356e-05 1.1073459686368643
returnto 0.00025644313373509426 0.0
revision 0.0001923323503013207 0.0
revisions 6.411078343377356e-05 0.0
rewriting 0.0005128862674701885 2.7990219793079367
rewriting_programming_languages 6.411078343377356e-05 4.74493212836325
rewritten 0.00025644313373509426 2.1799827709017134
rfr_id 0.0008975509680728299 0.10054122922187746
rft 0.002756763687652263 0.10054122922187746
rft_id 0.0008334401846390563 0.11020314013361425
rft_val_fmt 0.0008975509680728299 0.10054122922187746
rgba 6.411078343377356e-05 0.09097177820572679
rgument 6.411078343377356e-05 4.74493212836325
right 0.0008334401846390563 0.0
rinus 0.00012822156686754713 4.74493212836325
rlconf 6.411078343377356e-05 0.0
rlpagemodules 6.411078343377356e-05 0.0
rlq 0.0003846647006026414 0.0
rlstate 6.411078343377356e-05 0.0
robots 6.411078343377356e-05 0.0
role 0.0009616617515066034 0.0
roman 0.00025644313373509426 0.09097177820572679
romanian 6.411078343377356e-05 1.5260563034950492
română 6.411078343377356e-05 1.5260563034950492
root 0.00012822156686754713 1.8545603704670854
rootpage 6.411078343377356e-05 0.0
roughly 6.411078343377356e-05 3.1354942159291497
row 0.000576997050903962 0.12981161152199053
rowspan 0.0001923323503013207 1.911718784307034
rsd 0.00012822156686754713 0.0
ruby 0.00012822156686754713 1.6094379124341003
ruby_ 6.411078343377356e-05 1.7004096906398272
rule 6.411078343377356e-05 1.486835590341768
run 6.411078343377356e-05 0.7018808605286999
runtime 0.0001923323503013207 1.1340142157190256
runtime_system 6.411078343377356e-05 3.6463198396951406
russian 6.411078343377356e-05 0.6505875661411494
rust 0.00012822156686754713 1.749199854809259
rust_ 6.411078343377356e-05 1.8004931491968095
sameas 0.00012822156686754713 0.0
sapl 0.0001923323503013207 4.74493212836325
saved 6.411078343377356e-05 0.0
schema 0.00012822156686754713 0.0
science 0.0001923323503013207 0.3504829736908114
scope 0.0006411078343377356 0.11995931507897897
scratch 0.00012822156686754713 1.8004931491968095
scratch_ 6.411078343377356e-05 1.9723434061234688
screen 0.00012822156686754713 0.0
scribunto 6.411078343377356e-05 0.008733679968754631
script 0.0009616617515066034 0.0
scripts 6.411078343377356e-05 0.0
search 0.0018592127195794332 0.0
searchbutton 0.00025644313373509426 0.0
searchform 6.411078343377356e-05 0.0
searchinput 6.411078343377356e-05 0.0
seconds 0.0001923323503013207 0.0
section 0.0012822156686754713 0.0
selected 0.00025644313373509426 0.0
selector 6.411078343377356e-05 0.0
selflink 6.411078343377356e-05 0.08149303425118301
sentences 6.411078343377356e-05 0.0
separate 6.411078343377356e-05 1.3109449238781037
september 0.00025644313373509426 0.0
sequence 0.00012822156686754713 1.8545603704670854
set 0.0001923323503013207 0.0
sha1 6.411078343377356e-05 0.10054122922187746
shadow 0.0001923323503013207 0.5860490450035782
sharealike 6.411078343377356e-05 0.0
sharealike_3 6.411078343377356e-05 0.0
shares 6.411078343377356e-05 3.1354942159291497
sharp 6.411078343377356e-05 1.3109449238781037
shell 0.00012822156686754713 1.4127276181880462
shell_script 6.411078343377356e-05 1.9723434061234688
shootout 6.411078343377356e-05 4.74493212836325
show 0.00025644313373509426 0.0
showed 6.411078343377356e-05 4.74493212836325
sibling 6.411078343377356e-05 3.6463198396951406
sidebar 0.0007052186177715092 0.0
similar 6.411078343377356e-05 0.9162907318741551
simple 0.00012822156686754713 0.6017974019717174
simplesearch 6.411078343377356e-05 0.0
simplified 0.00012822156686754713 2.03688192726104
simplified_bsd_license 6.411078343377356e-05 4.74493212836325
simula 0.0001923323503013207 1.6094379124341003
since 6.411078343377356e-05 0.9162907318741551
site 0.0003205539171688678 0.0
sitedir 6.411078343377356e-05 0.0
sitelinks 6.411078343377356e-05 0.0
sitenotice 0.00012822156686754713 0.0
sitesub 6.411078343377356e-05 0.0
sitesupport 6.411078343377356e-05 0.0
size 0.0009616617515066034 0.0
sizing 6.411078343377356e-05 0.25629575863111026
skin 0.0008334401846390563 0.0
skins 0.0003846647006026414 0.0
slowed 6.411078343377356e-05 4.74493212836325
small 0.00025644313373509426 0.0721032939013439
smalltalk 0.0001923323503013207 1.8545603704670854
software 0.001025772534940377 0.08149303425118301
software_design 6.411078343377356e-05 0.5705448584676129
software_license 6.411078343377356e-05 1.0072625100798818
software_release_life_cycle 6.411078343377356e-05 0.7018808605286999
solaris 0.00012822156686754713 1.911718784307034
solid 0.0001923323503013207 0.2340726218464
some 0.0001923323503013207 0.5108256237659907
sort 0.0017309911527118862 1.911718784307034
sortable 6.411078343377356e-05 3.3586377672433594
source 6.411078343377356e-05 0.49643688631389105
space 0.0019233235030132068 0.11995931507897897
spacing 0.0001923323503013207 0.2905848321097423
span 0.09225541736120016 0.0
sparc 0.0009616617515066034 2.665490586683414
special 0.0015386588024105655 0.0
specialpages 0.00012822156686754713 0.0
specifications 0.00012822156686754713 2.665490586683414
spin 6.411078343377356e-05 3.3586377672433594
sql 0.0001923323503013207 1.377636298376776
src 0.0007052186177715092 0.0
srcset 0.0003205539171688678 0.0
stable 6.411078343377356e-05 0.7195804376281008
stack 0.00025644313373509426 1.5260563034950492
standard 0.00012822156686754713 0.0
start 0.0005128862674701885 0.0
start_date_and_age 0.00012822156686754713 2.5477075510270306
startup 0.00012822156686754713 0.0
state 6.411078343377356e-05 1.3437347467010947
statement 6.411078343377356e-05 0.0
states 0.00012822156686754713 1.0072625100798818
static 0.0009616617515066034 0.0
static_typing 6.411078343377356e-05 1.911718784307034
statistics 6.411078343377356e-05 0.0
stats 6.411078343377356e-05 0.0
statslink 6.411078343377356e-05 0.0
status 0.0003846647006026414 0.0
stdenv 0.0001923323503013207 4.74493212836325
step 6.411078343377356e-05 1.6094379124341003
sticky 0.00012822156686754713 0.0
still 6.411078343377356e-05 1.1895840668738364
stopmobileredirecttoggle 6.411078343377356e-05 0.0
store 0.0001923323503013207 1.377636298376776
strictly 6.411078343377356e-05 2.5477075510270306
strong 0.00012822156686754713 0.8737311174553593
strong_typing 6.411078343377356e-05 1.911718784307034
structured 6.411078343377356e-05 0.0
style 0.020900115399410182 0.0
styles 0.001025772534940377 0.0
stylesheet 0.00012822156686754713 0.0
subbox 6.411078343377356e-05 0.21233263520999412
subgroup 0.0003205539171688678 0.454472687214859
subheader 6.411078343377356e-05 0.21233263520999412
subject 6.411078343377356e-05 0.0
sublist 0.0007693294012052828 0.0
submit 0.00012822156686754713 0.0
subscription 0.00012822156686754713 0.09097177820572679
subsection 0.00012822156686754713 0.7195804376281008
subtitle 6.411078343377356e-05 0.0
such 6.411078343377356e-05 0.454472687214859
sugar 0.00012822156686754713 2.665490586683414
suggestededitsession 6.411078343377356e-05 0.0
summary 6.411078343377356e-05 0.19105523676270922
sun4 0.00012822156686754713 4.74493212836325
sunos 0.0007693294012052828 3.6463198396951406
suomi 6.411078343377356e-05 1.5668782980153044
sup 0.002307988203615848 0.0721032939013439
support 6.411078343377356e-05 0.0
svg 0.002179766636748301 0.0
swift 0.00012822156686754713 1.8545603704670854
swift_ 6.411078343377356e-05 1.911718784307034
switcher 6.411078343377356e-05 0.0
symbol_category_class 0.0003846647006026414 1.0072625100798818
symbol_list_class 0.0003846647006026414 1.6538896750049343
syntactic 0.0003205539171688678 1.911718784307034
syntactic_differences 0.00025644313373509426 4.74493212836325
syntactic_sugar 6.411078343377356e-05 2.665490586683414
syntax 0.00012822156686754713 0.540239508972284
system 0.0007693294012052828 0.11020314013361425
t800 6.411078343377356e-05 4.74493212836325
tab 0.0003205539171688678 0.0
tabindex 0.00012822156686754713 0.0
table 0.016668803692781127 0.0
tablesorter 0.0001923323503013207 3.3586377672433594
tabs 0.00012822156686754713 0.0
tagline 0.0001923323503013207 0.0
tags 6.411078343377356e-05 0.0
tajik 6.411078343377356e-05 2.1799827709017134
takes 6.411078343377356e-05 1.7004096906398272
talk 0.0003846647006026414 0.0
target 0.0010898833183741504 0.0
targetloader 6.411078343377356e-05 0.0
tbody 0.0007693294012052828 0.044451762570833796
technology 0.0001923323503013207 0.7195804376281008
telephone 6.411078343377356e-05 0.0
template 0.0019874342864469804 0.0
template_talk 6.411078343377356e-05 0.41419878807691896
templateargumentsize 6.411078343377356e-05 0.0
templatestyles 0.0013463264521092447 0.017544309650909525
term 0.00025644313373509426 1.6094379124341003
terms 0.00012822156686754713 0.0
terms_of_use 6.411078343377356e-05 0.0
text 0.019553788947300935 0.0
text_of_the_creative_commons_attribution 6.411078343377356e-05 0.0
thai 6.411078343377356e-05 2.4423470353692043
than 6.411078343377356e-05 0.6340582641899388
that 0.0005128862674701885 0.18058393689541388
the 0.0040389793563277345 0.0
the_abc_machine 0.00025644313373509426 4.74493212836325
the_computer_language_benchmarks_game 6.411078343377356e-05 4.051784947803305
then 0.00012822156686754713 0.6017974019717174
therefore 6.411078343377356e-05 1.749199854809259
these 6.411078343377356e-05 0.6340582641899388
thesis 6.411078343377356e-05 2.3470368555648795
this 0.0017951019361456598 0.0
through 6.411078343377356e-05 0.8531118302526235
thumb 0.0007693294012052828 0.12981161152199053
thumbnail 6.411078343377356e-05 0.0
thus 6.411078343377356e-05 1.0313600616589422
time 0.0003205539171688678 0.0
timeline 0.00012822156686754713 1.4127276181880462
timeline_of_programming_languages 6.411078343377356e-05 2.03688192726104
timestamp 0.00012822156686754713 0.0
timeusage 6.411078343377356e-05 0.008733679968754631
timingprofile 6.411078343377356e-05 0.0
title 0.01923323503013207 0.0
titlebar 0.0005128862674701885 0.0
titleform 6.411078343377356e-05 0.0
toc 0.00827029106295679 0.0
toggle 0.0008334401846390563 0.0
toggle_view_mobile 6.411078343377356e-05 0.0
tokens 6.411078343377356e-05 0.0
toolbar 0.0001923323503013207 0.0
tools 0.000576997050903962 0.0
top 0.0007052186177715092 0.0
total 0.00012822156686754713 0.0
touch 0.00012822156686754713 0.0
trademark 6.411078343377356e-05 0.0
transclusion 6.411078343377356e-05 0.0
transientcontent 6.411078343377356e-05 0.0
translated 6.411078343377356e-05 2.1058747987479913
transparency 0.00012822156686754713 3.1354942159291497
transparent 0.0003846647006026414 0.06280090123903044
transputer 0.0001923323503013207 4.74493212836325
tree 0.0003846647006026414 2.1058747987479913
triggered 6.411078343377356e-05 0.0
true 0.0015386588024105655 0.0
ttl 6.411078343377356e-05 0.0
type 0.0026926529042184894 0.0
type_system 6.411078343377356e-05 0.7746402148111283
types 0.00025644313373509426 0.7375989431307791
typing 0.0003205539171688678 0.7018808605286999
u32 6.411078343377356e-05 4.74493212836325
uls 0.0003205539171688678 0.0
uncommon 6.411078343377356e-05 4.74493212836325
under 6.411078343377356e-05 0.0
unique 0.00012822156686754713 2.1799827709017134
uniqueness 0.0003846647006026414 3.6463198396951406
uniqueness_type 6.411078343377356e-05 4.74493212836325
universiteit 0.00012822156686754713 3.3586377672433594
university 0.0003846647006026414 0.8947845266531914
unknown 0.0010898833183741504 0.26759531388504365
unpin 0.00012822156686754713 0.0
unpinned 0.00012822156686754713 0.0
unstrip 0.00025644313373509426 0.0
until 6.411078343377356e-05 1.2791962255635234
update 6.411078343377356e-05 1.8004931491968095
updated 0.00012822156686754713 0.41419878807691896
upload 0.0015386588024105655 0.0
upper 0.00025644313373509426 0.09097177820572679
url 0.0008975509680728299 0.0
usage 0.00025644313373509426 0.0
use 0.0003846647006026414 0.0
used 6.411078343377356e-05 0.19105523676270922
uselang 6.411078343377356e-05 0.0
user 0.0017309911527118862 0.0
useradd 0.00012822156686754713 0.0
userlogin 0.00012822156686754713 0.0
uses 6.411078343377356e-05 0.7746402148111283
using 0.0003205539171688678 0.0
utc 6.411078343377356e-05 0.0
utf 6.411078343377356e-05 0.0
utm_campaign 6.411078343377356e-05 0.0
utm_medium 6.411078343377356e-05 0.0
utm_source 6.411078343377356e-05 0.0
valign 0.00012822156686754713 4.051784947803305
value 0.002756763687652263 0.0
values 6.411078343377356e-05 0.9837320126696876
var 0.00012822156686754713 0.0
variant 0.0001923323503013207 0.0
variants 0.0003846647006026414 0.0
varies 6.411078343377356e-05 4.74493212836325
vary 6.411078343377356e-05 0.10054122922187746
vector 0.017758687011155277 0.0
version 0.00025644313373509426 0.0
versions 6.411078343377356e-05 1.0813704822336037
vertical 0.015578920374406975 0.6017974019717174
very 6.411078343377356e-05 0.9607424944449889
vevent 6.411078343377356e-05 0.22314355131420976
view 0.0007052186177715092 0.0
viewport 6.411078343377356e-05 0.0
views 0.0001923323503013207 0.0
visible 6.411078343377356e-05 0.09097177820572679
visit 0.00012822156686754713 0.0
visited 6.411078343377356e-05 0.0
visual 0.00025644313373509426 0.9607424944449889
visual_basic_ 6.411078343377356e-05 1.7004096906398272
visualeditor 0.00025644313373509426 0.0
vue 0.00012822156686754713 0.0
walltime 6.411078343377356e-05 0.0
was 0.00025644313373509426 0.0
watchlist 6.411078343377356e-05 0.0
watchtoken 6.411078343377356e-05 0.0
way 6.411078343377356e-05 0.8947845266531914
wbc 6.411078343377356e-05 0.0
wbr 0.0001923323503013207 0.7195804376281008
web 0.0014104372355430183 0.09097177820572679
website 0.00012822156686754713 0.0
weight 0.0003205539171688678 0.05358424613410626
well 0.0001923323503013207 1.0560526742493137
were 6.411078343377356e-05 0.6844891178168307
wgaction 6.411078343377356e-05 0.0
wgarticleid 6.411078343377356e-05 0.0
wgbackendresponsetime 6.411078343377356e-05 0.0
wgbreakframes 6.411078343377356e-05 0.0
wgcanonicalnamespace 6.411078343377356e-05 0.0
wgcanonicalspecialpagename 6.411078343377356e-05 0.0
wgcategories 6.411078343377356e-05 0.0
wgcentralauthmobiledomain 6.411078343377356e-05 0.0
wgcspnonce 6.411078343377356e-05 0.0
wgcurrevisionid 6.411078343377356e-05 0.0
wgdefaultdateformat 6.411078343377356e-05 0.0
wgdigittransformtable 6.411078343377356e-05 0.0
wgeditsubmitbuttonlabelpublish 6.411078343377356e-05 0.0
wgflaggedrevsparams 6.411078343377356e-05 0.0
wggestructuredtaskrejectionreasontextinputenabled 6.411078343377356e-05 0.0
wggetopicsmatchmodeenabled 6.411078343377356e-05 0.0
wghostname 6.411078343377356e-05 0.0
wgisarticle 6.411078343377356e-05 0.0
wgisprobablyeditable 6.411078343377356e-05 0.0
wgisredirect 6.411078343377356e-05 0.0
wgmediaviewerenabledbydefault 6.411078343377356e-05 0.0
wgmediavieweronclick 6.411078343377356e-05 0.0
wgmfdisplaywikibasedescriptions 6.411078343377356e-05 0.0
wgmonthnames 6.411078343377356e-05 0.0
wgnamespacenumber 6.411078343377356e-05 0.0
wgnoticeproject 6.411078343377356e-05 0.0
wgpagecontentlanguage 6.411078343377356e-05 0.0
wgpagecontentmodel 6.411078343377356e-05 0.0
wgpagename 6.411078343377356e-05 0.0
wgpageparsereport 6.411078343377356e-05 0.0
wgpopupsflags 6.411078343377356e-05 0.0
wgrelevantarticleid 6.411078343377356e-05 0.0
wgrelevantpageisprobablyeditable 6.411078343377356e-05 0.0
wgrelevantpagename 6.411078343377356e-05 0.0
wgrequestid 6.411078343377356e-05 0.0
wgrestrictionedit 6.411078343377356e-05 0.0
wgrestrictionmove 6.411078343377356e-05 0.0
wgrevisionid 6.411078343377356e-05 0.0
wgseparatortransformtable 6.411078343377356e-05 0.0
wgtitle 6.411078343377356e-05 0.0
wgulscurrentautonym 6.411078343377356e-05 0.0
wgulsiscompactlinksenabled 6.411078343377356e-05 0.0
wgulsislanguageselectorempty 6.411078343377356e-05 0.0
wgulsposition 6.411078343377356e-05 0.0
wgusergroups 6.411078343377356e-05 0.0
wgusername 6.411078343377356e-05 0.0
wgvector2022previewpages 6.411078343377356e-05 0.0
wgvisualeditor 6.411078343377356e-05 0.0
wgwikibaseitemid 6.411078343377356e-05 0.0
wgwmepagelength 6.411078343377356e-05 0.0
wgwmeschemaeditattemptstepoversample 6.411078343377356e-05 0.0
what 6.411078343377356e-05 0.0
whatlinkshere 0.00012822156686754713 0.0
when 0.00025644313373509426 0.0
which 0.000576997050903962 0.3022808718729337
while 6.411078343377356e-05 0.7195804376281008
white 0.0019233235030132068 0.12981161152199053
whole 6.411078343377356e-05 2.26002547857525
width 0.0019874342864469804 0.0
wiki 0.014168483138863958 0.0
wikibase 0.00025644313373509426 0.0
wikidata 0.0005128862674701885 0.0
wikimedia 0.0031414283882549043 0.0
wikimediabadges 6.411078343377356e-05 0.0
wikimediaevents 6.411078343377356e-05 0.0
wikimediafoundation 0.00012822156686754713 0.0
wikipedia 0.006475189126811129 0.0
wikisource 6.411078343377356e-05 0.09097177820572679
wikitable 0.00012822156686754713 1.6094379124341003
wikitext 6.411078343377356e-05 0.0
window 0.0001923323503013207 0.0
windows 0.0007693294012052828 0.8329091229351039
with 0.0007693294012052828 0.0
wmf 0.0001923323503013207 0.0
word 0.00025644313373509426 0.05358424613410626
wordmark 0.00012822156686754713 0.0
working 6.411078343377356e-05 1.1895840668738364
works 0.00025644313373509426 0.0
world 0.0001923323503013207 0.8737311174553593
wpformidentifier 6.411078343377356e-05 0.0
wrap 0.00012822156686754713 0.06280090123903044
write 6.411078343377356e-05 1.16141318990714
written 0.00012822156686754713 0.44086703515908027
www 0.0007693294012052828 0.0
x86 0.001153994101807924 2.1799827709017134
x_1 0.0001923323503013207 4.74493212836325
x_2 0.0001923323503013207 4.74493212836325
xml 0.0001923323503013207 0.0
years 6.411078343377356e-05 0.454472687214859
yes 0.010578279266572637 0.0
you 0.0003205539171688678 0.0
younger 6.411078343377356e-05 4.74493212836325
yue 0.00025644313373509426 0.540239508972284
z39 0.0008975509680728299 0.10054122922187746
z3988 0.0008975509680728299 0.10054122922187746
čeština 6.411078343377356e-05 1.377636298376776
русский 6.411078343377356e-05 0.6505875661411494
тоҷикӣ 6.411078343377356e-05 2.1799827709017134
ภาษาโปรแกรม 6.411078343377356e-05 4.051784947803305
ไทย 6.411078343377356e-05 2.4423470353692043
日本語 6.411078343377356e-05 0.9382696385929302
程式語言 6.411078343377356e-05 2.26002547857525
编程语言 6.411078343377356e-05 3.1354942159291497
프로그래밍 6.411078343377356e-05 2.1058747987479913
한국어 6.411078343377356e-05 1.0813704822336037
